	65	70	75	65	70	75	
300	34.335	32.473	31.108	37.511	37.209	37.514	
301	34.148	32.248	30.853	37.295	36.907	37.453	
302	33.975	32.039	30.616	37.087	36.772	37.279	
303	33.811	31.842	30.393	37.019	36.553	37.024	
304	33.658	31.658	30.184	36.99	36.489	37.052	
305	33.516	31.486	29.989	36.884	36.423	36.867	
306	33.382	31.324	29.804	36.614	36.185	36.77	
307	33.256	31.171	29.629	36.511	36.277	36.641	
308	33.138	31.027	29.464	36.334	36.128	36.541	
309	33.026	30.891	29.307	36.365	35.959	36.377	
310	32.921	30.761	29.157	36.171	35.873	36.379	
311	32.822	30.639	29.014	36.159	35.715	36.319	
312	32.727	30.523	28.877	36.209	35.719	36.207	
313	32.638	30.411	28.745	35.89	35.526	36.139	
314	32.553	30.305	28.619	35.955	35.547	35.953	
315	32.472	30.203	28.497	35.892	35.364	35.909	
316	32.395	30.106	28.378	35.798	35.418	35.815	
317	32.321	30.012	28.264	35.661	35.298	35.754	
318	32.251	29.921	28.153	35.561	35.153	35.59	
319	32.183	29.834	28.045	35.518	35.053	35.611	
320	32.119	29.751	27.94	35.535	35.035	35.459	
321	32.057	29.67	27.838	35.427	34.977	35.375	
322	31.998	29.591	27.738	35.393	34.901	35.332	
323	31.941	29.516	27.64	35.355	34.78	35.278	
324	31.886	29.443	27.546	35.23	34.786	35.152	
325	31.833	29.372	27.453	35.241	34.578	35.091	
326	31.783	29.304	27.363	35.155	34.568	35.032	
327	31.735	29.238	27.275	35.062	34.546	34.927	
328	31.689	29.174	27.189	35.028	34.498	34.847	
329	31.645	29.113	27.105	34.999	34.432	34.774	
330	31.603	29.055	27.024	35.011	34.459	34.767	
331	31.564	28.998	26.945	34.888	34.365	34.712	
332	31.526	28.944	26.868	34.842	34.23	34.555	
333	31.491	28.893	26.794	34.885	34.182	34.577	
334	31.458	28.844	26.722	34.798	34.161	34.525	
335	31.428	28.798	26.653	34.731	34.097	34.447	
336	31.399	28.754	26.586	34.609	34.041	34.358	
337	31.374	28.713	26.523	34.687	34.006	34.353	
338	31.351	28.676	26.462	34.632	33.962	34.303	
339	31.331	28.641	26.403	34.529	33.832	34.23	
340	31.313	28.609	26.348	34.579	33.724	34.179	
341	31.298	28.581	26.296	34.486	33.766	34.165	
342	31.287	28.556	26.247	34.466	33.725	34.1	
343	31.278	28.534	26.202	34.549	33.733	34.023	
344	31.273	28.517	26.159	34.521	33.702	33.95	
345	31.271	28.503	26.121	34.424	33.661	33.933	
346	31.273	28.493	26.086	34.455	33.622	33.892	
347	31.279	28.487	26.055	34.458	33.593	33.865	
348	31.289	28.486	26.029	34.377	33.616	33.812	
349	31.304	28.49	26.007	34.389	33.625	33.81	
350	31.323	28.5	25.99	34.388	33.625	33.767	
351	31.349	28.515	25.979	34.35	33.524	33.743	
352	31.38	28.538	25.974	34.396	33.574	33.8	
353	31.417	28.567	25.974	34.351	33.52	33.614	
354	31.462	28.603	25.981	34.458	33.583	33.722	
355	31.514	28.647	25.993	34.599	33.444	33.575	
356	31.572	28.697	26.008	34.579	33.535	33.58	
357	31.636	28.753	26.026	34.514	33.694	33.653	
358	31.703	28.81	26.042	34.45	33.599	33.561	
359	31.772	28.867	26.051	34.557	33.626	33.604	
360	31.838	28.918	26.049	34.568	33.602	33.533	
361	31.896	28.958	26.03	34.519	33.534	33.614	
362	31.943	28.982	25.987	34.468	33.471	33.318	
363	31.973	28.984	25.915	34.502	33.373	33.27	
364	31.983	28.961	25.81	34.485	33.406	33.141	
365	31.97	28.908	25.67	34.48	33.239	33.257	
366	31.933	28.826	25.493	34.43	33.18	32.916	
367	31.87	28.713	25.28	34.217	33.026	32.627	
368	31.783	28.571	25.033	34.2	33.006	32.484	
369	31.67	28.398	24.753	34.034	32.568	32.257	
370	31.534	28.2	24.446	33.841	32.395	31.955	
371	31.381	27.981	24.118	33.737	32.227	31.762	
372	31.214	27.747	23.776	33.555	32.089	31.437	
373	31.035	27.5	23.423	33.39	31.779	31.262	
374	30.847	27.244	23.064	33.076	31.523	30.992	
375	30.653	26.983	22.703	32.972	31.289	30.557	
376	30.455	26.718	22.341	32.744	31.026	30.281	
377	30.255	26.452	21.982	32.512	30.758	29.935	
378	30.054	26.187	21.629	32.361	30.452	29.755	
379	29.854	25.925	21.283	32.152	30.302	29.525	
380	29.655	25.666	20.945	31.847	30.094	29.22	
381	29.459	25.411	20.615	31.78	29.805	28.874	
382	29.265	25.16	20.293	31.618	29.702	28.718	
383	29.074	24.914	19.979	31.407	29.37	28.494	
384	28.886	24.673	19.673	31.178	29.194	28.195	
385	28.702	24.438	19.378	31.074	29.021	28.069	
386	28.523	24.21	19.094	30.864	28.789	27.848	
387	28.348	23.987	18.819	30.652	28.633	27.637	
388	28.176	23.77	18.552	30.583	28.41	27.476	
389	28.009	23.559	18.295	30.461	28.307	27.256	
390	27.846	23.354	18.046	30.26	28.108	27.05	
391	27.689	23.157	17.808	30.191	27.915	26.895	
392	27.536	22.966	17.58	29.981	27.735	26.665	
393	27.388	22.781	17.36	29.878	27.587	26.582	
394	27.244	22.602	17.148	29.682	27.397	26.4	
395	27.105	22.428	16.944	29.63	27.355	26.298	
396	26.971	22.262	16.749	29.422	27.142	26.077	
397	26.841	22.101	16.562	29.335	27.036	25.925	
398	26.716	21.946	16.381	29.275	26.882	25.776	
399	26.594	21.795	16.206	29.093	26.69	25.637	
400	26.475	21.649	16.037	29.072	26.6	25.423	
401	26.362	21.509	15.876	28.922	26.451	25.337	
402	26.252	21.373	15.72	28.768	26.379	25.181	
403	26.144	21.24	15.567	28.682	26.196	25.041	
404	26.039	21.11	15.418	28.573	26.143	24.894	
405	25.938	20.986	15.275	28.511	25.929	24.83	
406	25.839	20.864	15.136	28.418	25.831	24.647	
407	25.743	20.744	14.999	28.306	25.691	24.585	
408	25.648	20.627	14.865	28.204	25.67	24.441	
409	25.556	20.513	14.734	28.091	25.533	24.21	
410	25.465	20.402	14.607	28.031	25.423	24.179	
411	25.376	20.292	14.481	27.868	25.362	24.088	
412	25.289	20.184	14.358	27.819	25.199	23.977	
413	25.203	20.079	14.237	27.751	25.068	23.815	
414	25.119	19.975	14.119	27.647	25.046	23.779	
415	25.036	19.872	14.002	27.567	24.906	23.666	
416	24.955	19.771	13.887	27.436	24.81	23.564	
417	24.875	19.673	13.774	27.395	24.667	23.442	
418	24.796	19.575	13.663	27.242	24.576	23.314	
419	24.717	19.479	13.553	27.24	24.539	23.278	
420	24.641	19.384	13.446	27.177	24.391	23.051	
421	24.565	19.291	13.34	26.993	24.277	23.05	
422	24.49	19.198	13.235	27.016	24.164	22.99	
423	24.416	19.107	13.132	26.934	24.088	22.879	
424	24.344	19.018	13.03	26.867	24.049	22.714	
425	24.272	18.929	12.93	26.755	23.89	22.644	
426	24.201	18.841	12.831	26.651	23.86	22.58	
427	24.131	18.755	12.735	26.553	23.755	22.538	
428	24.062	18.67	12.639	26.479	23.663	22.372	
429	23.993	18.586	12.544	26.519	23.569	22.282	
430	23.926	18.503	12.451	26.369	23.426	22.284	
431	23.859	18.421	12.359	26.264	23.503	22.162	
432	23.793	18.339	12.268	26.276	23.311	21.984	
433	23.728	18.26	12.179	26.141	23.339	21.941	
434	23.664	18.18	12.091	26.086	23.175	21.795	
435	23.6	18.102	12.004	26.006	23.033	21.804	
436	23.537	18.025	11.918	25.973	22.899	21.543	
437	23.475	17.949	11.834	25.893	22.922	21.617	
438	23.413	17.873	11.75	25.872	22.893	21.469	
439	23.353	17.799	11.668	25.71	22.818	21.435	
440	23.293	17.725	11.587	25.695	22.639	21.343	
441	23.233	17.652	11.507	25.63	22.648	21.261	
442	23.175	17.581	11.428	25.588	22.648	21.104	
443	23.116	17.509	11.35	25.507	22.442	21.184	
444	23.059	17.439	11.273	25.556	22.424	20.985	
445	23.002	17.37	11.197	25.392	22.277	20.91	
446	22.946	17.301	11.122	25.234	22.293	20.863	
447	22.891	17.233	11.049	25.292	22.112	20.749	
448	22.836	17.166	10.976	25.195	22.141	20.723	
449	22.781	17.1	10.904	25.183	22.026	20.627	
450	22.728	17.034	10.833	25.118	21.916	20.654	
451	22.674	16.969	10.763	25.118	21.857	20.554	
452	22.622	16.905	10.694	25.026	21.784	20.444	
453	22.57	16.842	10.626	24.922	21.755	20.443	
454	22.519	16.779	10.559	24.835	21.684	20.273	
455	22.468	16.717	10.493	24.769	21.671	20.279	
456	22.417	16.656	10.427	24.72	21.58	20.095	
457	22.368	16.595	10.363	24.709	21.546	20.092	
458	22.319	16.535	10.299	24.66	21.441	20.062	
459	22.27	16.476	10.236	24.663	21.481	19.975	
460	22.222	16.418	10.174	24.545	21.331	19.906	
461	22.174	16.359	10.113	24.62	21.233	19.818	
462	22.127	16.302	10.052	24.431	21.183	19.772	
463	22.08	16.245	9.9926	24.46	21.21	19.722	
464	22.034	16.19	9.9338	24.327	21.031	19.609	
465	21.989	16.134	9.8757	24.36	21.017	19.608	
466	21.943	16.079	9.8182	24.267	20.954	19.454	
467	21.899	16.025	9.7617	24.206	20.854	19.484	
468	21.854	15.971	9.7056	24.17	20.799	19.396	
469	21.811	15.918	9.6506	24.092	20.77	19.34	
470	21.768	15.866	9.596	24.061	20.699	19.193	
471	21.725	15.814	9.5423	24.012	20.652	19.217	
472	21.683	15.763	9.4892	23.934	20.679	19.142	
473	21.641	15.712	9.4367	23.947	20.517	19.035	
474	21.599	15.662	9.385	23.908	20.509	19.076	
475	21.558	15.612	9.3337	23.846	20.472	18.955	
476	21.518	15.563	9.2834	23.824	20.439	18.928	
477	21.477	15.514	9.2333	23.74	20.279	18.806	
478	21.438	15.466	9.1842	23.684	20.28	18.775	
479	21.398	15.418	9.1354	23.667	20.197	18.72	
480	21.359	15.371	9.0875	23.599	20.142	18.638	
481	21.321	15.325	9.04	23.572	20.093	18.615	
482	21.283	15.278	8.9931	23.495	20.1	18.561	
483	21.245	15.233	8.9468	23.543	20.037	18.524	
484	21.208	15.188	8.901	23.447	19.952	18.437	
485	21.171	15.143	8.8558	23.405	19.904	18.479	
486	21.134	15.099	8.811	23.388	19.787	18.36	
487	21.098	15.055	8.7669	23.308	19.783	18.254	
488	21.062	15.011	8.7231	23.318	19.714	18.213	
489	21.026	14.968	8.6801	23.228	19.691	18.178	
490	20.991	14.926	8.6373	23.239	19.606	18.185	
491	20.956	14.884	8.5953	23.162	19.598	18.078	
492	20.922	14.842	8.5535	23.125	19.513	18.036	
493	20.888	14.801	8.5125	23.098	19.505	17.975	
494	20.854	14.76	8.4715	23.049	19.475	17.976	
495	20.821	14.72	8.4314	23.039	19.452	17.877	
496	20.787	14.679	8.3914	22.991	19.38	17.876	
497	20.755	14.64	8.3522	22.952	19.303	17.874	
498	20.722	14.6	8.3131	22.922	19.281	17.787	
499	20.69	14.562	8.2748	22.888	19.204	17.73	
500	20.658	14.523	8.2365	22.873	19.164	17.653	
501	20.626	14.485	8.199	22.799	19.155	17.607	
502	20.595	14.447	8.1615	22.748	19.072	17.553	
503	20.564	14.41	8.1248	22.745	19.08	17.515	
504	20.533	14.373	8.0881	22.67	18.989	17.461	
505	20.503	14.336	8.0521	22.66	18.966	17.426	
506	20.473	14.299	8.0163	22.59	18.9	17.357	
507	20.443	14.264	7.981	22.573	18.858	17.36	
508	20.413	14.228	7.9459	22.544	18.831	17.264	
509	20.384	14.192	7.9113	22.54	18.784	17.234	
510	20.355	14.157	7.8769	22.464	18.744	17.185	
511	20.326	14.123	7.843	22.441	18.672	17.172	
512	20.298	14.088	7.8094	22.411	18.653	17.095	
513	20.27	14.054	7.7761	22.38	18.604	17.039	
514	20.242	14.02	7.7431	22.329	18.581	17.008	
515	20.214	13.986	7.7105	22.323	18.521	16.956	
516	20.186	13.953	7.6782	22.272	18.488	16.925	
517	20.159	13.92	7.6461	22.233	18.453	16.889	
518	20.132	13.888	7.6144	22.213	18.429	16.8	
519	20.105	13.855	7.5829	22.156	18.383	16.8	
520	20.079	13.823	7.5519	22.155	18.329	16.783	
521	20.052	13.791	7.5209	22.107	18.281	16.705	
522	20.026	13.759	7.4905	22.082	18.236	16.682	
523	20	13.728	7.4601	22.044	18.197	16.633	
524	19.974	13.697	7.4302	22.008	18.175	16.576	
525	19.949	13.666	7.4004	21.973	18.11	16.541	
526	19.924	13.636	7.371	21.948	18.101	16.479	
527	19.899	13.605	7.3418	21.919	18.041	16.467	
528	19.874	13.575	7.3128	21.871	18.015	16.444	
529	19.849	13.545	7.2842	21.848	17.935	16.346	
530	19.825	13.516	7.2557	21.807	17.963	16.332	
531	19.8	13.486	7.2276	21.787	17.894	16.282	
532	19.776	13.457	7.1996	21.792	17.872	16.249	
533	19.752	13.428	7.172	21.715	17.836	16.21	
534	19.729	13.399	7.1445	21.688	17.765	16.173	
535	19.705	13.371	7.1173	21.675	17.736	16.118	
536	19.682	13.343	7.0903	21.642	17.728	16.071	
537	19.659	13.315	7.0635	21.635	17.67	16.051	
538	19.636	13.287	7.037	21.595	17.649	16.008	
539	19.613	13.259	7.0106	21.569	17.626	15.99	
540	19.59	13.232	6.9846	21.55	17.587	15.938	
541	19.568	13.204	6.9586	21.51	17.537	15.923	
542	19.546	13.177	6.933	21.482	17.509	15.858	
543	19.524	13.151	6.9075	21.476	17.461	15.814	
544	19.501	13.124	6.8822	21.431	17.422	15.773	
545	19.48	13.098	6.8572	21.41	17.437	15.761	
546	19.458	13.071	6.8323	21.352	17.352	15.71	
547	19.437	13.045	6.8077	21.367	17.317	15.707	
548	19.415	13.019	6.7832	21.329	17.285	15.648	
549	19.394	12.994	6.7589	21.326	17.238	15.622	
550	19.373	12.968	6.7349	21.261	17.228	15.591	
551	19.352	12.943	6.711	21.239	17.193	15.54	
552	19.332	12.918	6.6874	21.241	17.157	15.508	
553	19.311	12.893	6.6638	21.207	17.129	15.477	
554	19.291	12.868	6.6405	21.168	17.077	15.44	
555	19.271	12.843	6.6174	21.16	17.056	15.395	
556	19.25	12.819	6.5944	21.131	17.016	15.362	
557	19.23	12.795	6.5717	21.103	16.947	15.317	
558	19.211	12.771	6.5491	21.084	16.962	15.3	
559	19.191	12.747	6.5266	21.046	16.928	15.278	
560	19.171	12.723	6.5044	21.019	16.886	15.228	
561	19.152	12.699	6.4823	21.007	16.84	15.186	
562	19.133	12.676	6.4604	21	16.812	15.184	
563	19.114	12.653	6.4387	20.961	16.801	15.133	
564	19.094	12.629	6.417	20.944	16.75	15.126	
565	19.076	12.606	6.3957	20.9	16.721	15.064	
566	19.057	12.584	6.3744	20.879	16.684	15.074	
567	19.038	12.561	6.3533	20.845	16.66	15.01	
568	19.02	12.538	6.3324	20.818	16.626	14.969	
569	19.001	12.516	6.3115	20.805	16.591	14.939	
570	18.983	12.494	6.291	20.791	16.566	14.891	
571	18.965	12.472	6.2704	20.756	16.54	14.877	
572	18.947	12.45	6.2501	20.734	16.528	14.866	
573	18.929	12.428	6.23	20.719	16.489	14.815	
574	18.911	12.406	6.2099	20.685	16.473	14.755	
575	18.894	12.385	6.1901	20.662	16.434	14.74	
576	18.876	12.363	6.1703	20.631	16.404	14.719	
577	18.859	12.342	6.1507	20.644	16.385	14.694	
578	18.841	12.321	6.1313	20.618	16.331	14.681	
579	18.824	12.3	6.1119	20.576	16.316	14.62	
580	18.807	12.279	6.0928	20.577	16.277	14.621	
581	18.79	12.259	6.0738	20.535	16.251	14.584	
582	18.773	12.238	6.0548	20.524	16.22	14.522	
583	18.756	12.217	6.0361	20.504	16.18	14.507	
584	18.74	12.197	6.0175	20.492	16.17	14.517	
585	18.723	12.177	5.9989	20.442	16.155	14.449	
586	18.707	12.157	5.9806	20.431	16.123	14.417	
587	18.69	12.137	5.9624	20.436	16.098	14.362	
588	18.674	12.117	5.9443	20.408	16.07	14.357	
589	18.658	12.097	5.9263	20.364	16.041	14.332	
590	18.642	12.078	5.9084	20.345	16.005	14.287	
591	18.626	12.058	5.8907	20.333	15.99	14.25	
592	18.61	12.039	5.8731	20.31	15.918	14.221	
593	18.594	12.02	5.8556	20.296	15.969	14.198	
594	18.579	12.001	5.8383	20.283	15.892	14.209	
595	18.563	11.982	5.8211	20.24	15.88	14.155	
596	18.548	11.963	5.8039	20.22	15.879	14.124	
597	18.532	11.944	5.787	20.21	15.839	14.089	
598	18.517	11.925	5.7701	20.202	15.8	14.07	
599	18.502	11.907	5.7533	20.184	15.748	14.033	
600	18.487	11.888	5.7367	20.146	15.774	14.024	
601	18.472	11.87	5.7201	20.111	15.734	13.982	
602	18.457	11.852	5.7037	20.089	15.676	13.946	
603	18.442	11.834	5.6874	20.073	15.681	13.918	
604	18.427	11.816	5.6712	20.062	15.645	13.915	
605	18.412	11.798	5.6551	20.041	15.608	13.859	
606	18.398	11.78	5.6392	20.03	15.616	13.815	
607	18.384	11.762	5.6233	19.998	15.592	13.779	
608	18.369	11.744	5.6075	20.014	15.535	13.804	
609	18.355	11.727	5.5919	19.982	15.547	13.748	
610	18.341	11.71	5.5763	19.959	15.505	13.733	
611	18.326	11.692	5.5608	19.939	15.468	13.708	
612	18.312	11.675	5.5455	19.937	15.48	13.705	
613	18.298	11.658	5.5303	19.905	15.44	13.625	
614	18.284	11.641	5.5151	19.873	15.416	13.633	
615	18.271	11.624	5.5001	19.872	15.373	13.599	
616	18.257	11.607	5.4852	19.848	15.366	13.567	
617	18.243	11.59	5.4703	19.833	15.339	13.548	
618	18.23	11.574	5.4556	19.81	15.324	13.544	
619	18.216	11.557	5.441	19.793	15.289	13.484	
620	18.203	11.541	5.4264	19.769	15.26	13.464	
621	18.189	11.525	5.412	19.744	15.245	13.463	
622	18.176	11.508	5.3976	19.758	15.223	13.435	
623	18.163	11.492	5.3833	19.727	15.19	13.375	
624	18.15	11.476	5.3692	19.705	15.17	13.372	
625	18.137	11.46	5.3551	19.678	15.168	13.392	
626	18.124	11.444	5.3411	19.681	15.12	13.311	
627	18.111	11.428	5.3273	19.667	15.098	13.304	
628	18.098	11.413	5.3135	19.638	15.06	13.283	
629	18.085	11.397	5.2998	19.635	15.075	13.294	
630	18.073	11.381	5.2861	19.57	15.013	13.233	
631	18.06	11.366	5.2726	19.565	15.066	13.236	
632	18.047	11.35	5.2592	19.575	15.011	13.141	
633	18.035	11.335	5.2458	19.564	14.965	13.12	
634	18.023	11.32	5.2326	19.51	14.954	13.069	
635	18.01	11.305	5.2194	19.493	14.942	13.106	
636	17.998	11.29	5.2062	19.49	14.951	13.106	
637	17.986	11.275	5.1933	19.498	14.872	13.056	
638	17.974	11.26	5.1803	19.454	14.846	13.046	
639	17.961	11.245	5.1674	19.459	14.818	13.027	
640	17.95	11.23	5.1547	19.425	14.799	13.018	
641	17.938	11.216	5.142	19.452	14.778	12.939	
642	17.926	11.201	5.1294	19.402	14.772	12.986	
643	17.914	11.186	5.1169	19.387	14.721	12.945	
644	17.902	11.172	5.1044	19.404	14.727	12.899	
645	17.89	11.158	5.0921	19.385	14.71	12.869	
646	17.879	11.143	5.0798	19.341	14.67	12.857	
647	17.867	11.129	5.0676	19.34	14.697	12.832	
648	17.856	11.115	5.0554	19.298	14.644	12.833	
649	17.844	11.101	5.0434	19.29	14.633	12.793	
650	17.833	11.087	5.0314	19.268	14.571	12.757	
651	17.822	11.073	5.0195	19.249	14.593	12.771	
652	17.81	11.059	5.0077	19.245	14.544	12.718	
653	17.799	11.045	4.9959	19.224	14.556	12.69	
654	17.788	11.032	4.9842	19.213	14.505	12.636	
655	17.777	11.018	4.9726	19.188	14.528	12.643	
656	17.766	11.004	4.9611	19.173	14.551	12.655	
657	17.755	10.991	4.9496	19.182	14.495	12.58	
658	17.744	10.977	4.9382	19.145	14.451	12.585	
659	17.733	10.964	4.9269	19.135	14.393	12.576	
660	17.722	10.951	4.9156	19.131	14.406	12.557	
661	17.711	10.938	4.9045	19.149	14.366	12.521	
662	17.701	10.924	4.8934	19.141	14.38	12.487	
663	17.69	10.911	4.8823	19.085	14.354	12.478	
664	17.68	10.898	4.8713	19.067	14.358	12.46	
665	17.669	10.885	4.8604	19.05	14.329	12.422	
666	17.658	10.872	4.8496	19.037	14.283	12.4	
667	17.648	10.859	4.8388	19.049	14.264	12.403	
668	17.638	10.847	4.8281	19.03	14.28	12.379	
669	17.627	10.834	4.8174	19.015	14.24	12.357	
670	17.617	10.821	4.8069	18.996	14.227	12.341	
671	17.607	10.809	4.7963	18.983	14.189	12.272	
672	17.597	10.796	4.7859	18.968	14.151	12.307	
673	17.587	10.784	4.7755	18.924	14.153	12.286	
674	17.576	10.771	4.7652	18.939	14.161	12.278	
675	17.567	10.759	4.7549	18.916	14.153	12.296	
676	17.557	10.747	4.7448	18.918	14.072	12.203	
677	17.547	10.735	4.7346	18.905	14.111	12.199	
678	17.537	10.722	4.7245	18.877	14.073	12.219	
679	17.527	10.71	4.7145	18.874	14.028	12.143	
680	17.517	10.698	4.7046	18.865	14.013	12.153	
681	17.507	10.686	4.6947	18.846	13.999	12.088	
682	17.498	10.674	4.6848	18.845	14.005	12.109	
683	17.488	10.663	4.6751	18.808	13.954	12.072	
684	17.479	10.651	4.6654	18.784	13.945	12.093	
685	17.469	10.639	4.6557	18.793	13.961	12.052	
686	17.46	10.627	4.6461	18.775	13.924	12.002	
687	17.45	10.616	4.6366	18.777	13.89	11.991	
688	17.441	10.604	4.6271	18.772	13.868	11.962	
689	17.431	10.592	4.6177	18.761	13.903	11.957	
690	17.422	10.581	4.6083	18.716	13.875	11.965	
691	17.413	10.57	4.599	18.724	13.843	11.91	
692	17.404	10.558	4.5897	18.709	13.782	11.94	
693	17.394	10.547	4.5805	18.696	13.781	11.891	
694	17.385	10.536	4.5714	18.682	13.775	11.898	
695	17.376	10.524	4.5623	18.653	13.738	11.859	
696	17.367	10.513	4.5533	18.654	13.704	11.854	
697	17.358	10.502	4.5443	18.647	13.742	11.818	
698	17.349	10.491	4.5354	18.656	13.697	11.76	
699	17.34	10.48	4.5265	18.615	13.678	11.745	
700	17.331	10.469	4.5176	18.603	13.714	11.763	
701	17.323	10.458	4.5089	18.616	13.601	11.754	
702	17.314	10.447	4.5002	18.605	13.677	11.742	
703	17.305	10.437	4.4915	18.55	13.664	11.695	
704	17.296	10.426	4.4829	18.548	13.616	11.689	
705	17.288	10.415	4.4743	18.593	13.586	11.663	
706	17.279	10.404	4.4658	18.539	13.595	11.627	
707	17.271	10.394	4.4573	18.519	13.587	11.625	
708	17.262	10.383	4.4489	18.499	13.513	11.634	
709	17.254	10.373	4.4405	18.52	13.555	11.58	
710	17.245	10.362	4.4322	18.509	13.487	11.628	
711	17.237	10.352	4.424	18.491	13.491	11.511	
712	17.228	10.342	4.4157	18.46	13.43	11.505	
713	17.22	10.331	4.4075	18.443	13.501	11.532	
714	17.212	10.321	4.3994	18.434	13.419	11.487	
715	17.203	10.311	4.3914	18.397	13.433	11.469	
716	17.195	10.301	4.3833	18.418	13.356	11.374	
717	17.187	10.29	4.3753	18.408	13.398	11.468	
718	17.179	10.28	4.3674	18.389	13.347	11.371	
719	17.171	10.27	4.3595	18.416	13.365	11.461	
720	17.163	10.26	4.3517	18.332	13.336	11.414	
721	17.155	10.25	4.3439	18.377	13.311	11.389	
722	17.147	10.24	4.3361	18.373	13.341	11.365	
723	17.139	10.231	4.3284	18.316	13.339	11.362	
724	17.131	10.221	4.3207	18.348	13.267	11.357	
725	17.123	10.211	4.3131	18.293	13.366	11.278	
726	17.115	10.201	4.3055	18.343	13.2	11.279	
727	17.107	10.192	4.298	18.3	13.25	11.255	
728	17.099	10.182	4.2905	18.318	13.194	11.255	
729	17.092	10.172	4.2831	18.272	13.178	11.254	
730	17.084	10.163	4.2757	18.26	13.183	11.173	
731	17.076	10.153	4.2683	18.22	13.167	11.208	
732	17.069	10.144	4.261	18.247	13.116	11.197	
733	17.061	10.134	4.2537	18.236	13.152	11.165	
734	17.053	10.125	4.2465	18.263	13.117	11.143	
735	17.046	10.116	4.2393	18.212	13.131	11.119	
736	17.038	10.106	4.2321	18.211	13.114	11.12	
737	17.031	10.097	4.225	18.221	13.084	11.153	
738	17.023	10.088	4.2179	18.175	13.091	11.076	
739	17.016	10.079	4.2109	18.168	13.067	11.094	
740	17.009	10.07	4.2039	18.198	13.06	11.074	
741	17.001	10.06	4.197	18.146	13.012	11.072	
742	16.994	10.051	4.1901	18.159	13.021	11.016	
743	16.987	10.042	4.1832	18.16	13.027	10.987	
744	16.979	10.033	4.1764	18.128	13	11.023	
745	16.972	10.024	4.1696	18.098	13.023	11.013	
746	16.965	10.015	4.1628	18.113	12.97	10.981	
747	16.958	10.006	4.1561	18.112	13.001	10.944	
748	16.951	9.9977	4.1494	18.09	12.967	10.93	
749	16.944	9.9889	4.1428	18.087	12.928	10.902	
750	16.937	9.9801	4.1362	18.026	12.909	10.938	
751	16.929	9.9714	4.1296	18.064	12.892	10.873	
752	16.922	9.9627	4.1231	18.016	12.923	10.846	
753	16.916	9.9541	4.1166	18.042	12.881	10.845	
754	16.909	9.9455	4.1102	18.033	12.862	10.87	
755	16.902	9.9369	4.1037	17.998	12.896	10.794	
756	16.895	9.9283	4.0974	18.017	12.83	10.84	
757	16.888	9.9198	4.091	18.016	12.778	10.837	
758	16.881	9.9114	4.0847	17.993	12.814	10.794	
759	16.874	9.9029	4.0784	17.991	12.817	10.766	
760	16.868	9.8945	4.0722	17.965	12.743	10.723	
761	16.861	9.8861	4.066	17.94	12.757	10.727	
762	16.854	9.8778	4.0598	17.968	12.744	10.685	
763	16.847	9.8695	4.0537	17.942	12.757	10.67	
764	16.841	9.8612	4.0476	17.942	12.75	10.703	
765	16.834	9.853	4.0415	17.928	12.723	10.649	
766	16.828	9.8448	4.0355	17.945	12.732	10.659	
767	16.821	9.8367	4.0295	17.932	12.689	10.658	
768	16.814	9.8285	4.0235	17.898	12.676	10.604	
769	16.808	9.8204	4.0176	17.901	12.684	10.63	
770	16.801	9.8123	4.0117	17.88	12.632	10.573	
771	16.795	9.8043	4.0058	17.839	12.621	10.567	
772	16.789	9.7964	4	17.837	12.664	10.567	
773	16.782	9.7884	3.9942	17.851	12.613	10.567	
774	16.776	9.7805	3.9884	17.831	12.605	10.51	
775	16.769	9.7725	3.9827	17.81	12.584	10.517	
776	16.763	9.7647	3.977	17.872	12.563	10.49	
777	16.757	9.7569	3.9713	17.813	12.541	10.499	
778	16.751	9.7491	3.9657	17.814	12.507	10.516	
779	16.744	9.7413	3.9601	17.771	12.515	10.473	
780	16.738	9.7335	3.9545	17.769	12.529	10.484	
781	16.732	9.7259	3.9489	17.816	12.552	10.405	
782	16.726	9.7182	3.9434	17.788	12.453	10.414	
783	16.72	9.7105	3.9379	17.766	12.44	10.413	
784	16.713	9.7029	3.9325	17.747	12.468	10.369	
785	16.707	9.6953	3.927	17.727	12.424	10.347	
786	16.701	9.6878	3.9217	17.72	12.435	10.349	
787	16.695	9.6803	3.9163	17.725	12.412	10.345	
788	16.689	9.6728	3.9109	17.722	12.394	10.324	
789	16.683	9.6653	3.9056	17.703	12.376	10.317	
790	16.677	9.6578	3.9004	17.705	12.403	10.277	
791	16.671	9.6505	3.8951	17.675	12.368	10.278	
792	16.665	9.6431	3.8899	17.689	12.361	10.267	
793	16.659	9.6358	3.8847	17.679	12.381	10.266	
794	16.654	9.6284	3.8795	17.66	12.327	10.239	
795	16.648	9.6211	3.8744	17.659	12.309	10.224	
796	16.642	9.6139	3.8693	17.662	12.313	10.213	
797	16.636	9.6067	3.8642	17.654	12.325	10.176	
798	16.63	9.5995	3.8592	17.666	12.323	10.181	
799	16.625	9.5923	3.8541	17.647	12.261	10.206	
800	16.619	9.5851	3.8491	17.62	12.266	10.135	
801	16.613	9.578	3.8442	17.605	12.279	10.152	
802	16.607	9.571	3.8392	17.648	12.257	10.122	
803	16.602	9.5639	3.8343	17.585	12.228	10.092	
804	16.596	9.5569	3.8294	17.575	12.219	10.133	
805	16.59	9.5498	3.8246	17.566	12.198	10.093	
806	16.585	9.5429	3.8197	17.583	12.17	10.084	
807	16.579	9.536	3.8149	17.566	12.126	10.115	
808	16.574	9.529	3.8101	17.569	12.174	10.024	
809	16.568	9.5221	3.8054	17.516	12.099	10.047	
810	16.563	9.5152	3.8006	17.556	12.165	10.014	
811	16.557	9.5084	3.7959	17.537	12.131	9.9973	
812	16.552	9.5016	3.7913	17.532	12.176	10.005	
813	16.546	9.4948	3.7866	17.542	12.077	9.9926	
814	16.541	9.4881	3.782	17.52	12.11	10.013	
815	16.535	9.4813	3.7774	17.499	12.091	9.9656	
816	16.53	9.4745	3.7728	17.51	12.082	9.9131	
817	16.525	9.4679	3.7682	17.487	12.062	9.9298	
818	16.519	9.4613	3.7637	17.492	12.059	9.9034	
819	16.514	9.4546	3.7592	17.483	12.042	9.9129	
820	16.509	9.448	3.7547	17.46	12.018	9.8719	
821	16.503	9.4414	3.7503	17.453	12.005	9.8656	
822	16.498	9.4348	3.7458	17.45	12.012	9.8616	
823	16.493	9.4283	3.7414	17.451	12.006	9.8525	
824	16.488	9.4218	3.737	17.443	12.007	9.8497	
825	16.483	9.4153	3.7327	17.437	11.988	9.8449	
826	16.477	9.4088	3.7283	17.433	11.98	9.8362	
827	16.472	9.4024	3.724	17.43	11.974	9.8144	
828	16.467	9.396	3.7197	17.419	11.964	9.8087	
829	16.462	9.3897	3.7154	17.407	11.95	9.7941	
830	16.457	9.3833	3.7112	17.407	11.946	9.8031	
831	16.452	9.3769	3.707	17.4	11.919	9.7859	
832	16.447	9.3706	3.7028	17.384	11.91	9.7662	
833	16.442	9.3643	3.6986	17.379	11.905	9.7353	
834	16.437	9.3581	3.6944	17.367	11.897	9.7158	
835	16.432	9.3518	3.6903	17.36	11.889	9.7177	
836	16.427	9.3456	3.6862	17.358	11.888	9.6974	
837	16.422	9.3394	3.6821	17.35	11.861	9.7024	
838	16.417	9.3332	3.678	17.356	11.846	9.6741	
839	16.412	9.3271	3.674	17.339	11.835	9.6728	
840	16.407	9.321	3.67	17.323	11.851	9.6213	
841	16.402	9.3149	3.6659	17.338	11.799	9.6059	
842	16.397	9.3088	3.662	17.35	11.812	9.6524	
843	16.392	9.3027	3.658	17.333	11.79	9.6237	
844	16.387	9.2966	3.6541	17.328	11.8	9.6135	
845	16.383	9.2907	3.6501	17.337	11.83	9.5864	
846	16.378	9.2847	3.6462	17.25	11.762	9.5728	
847	16.373	9.2787	3.6424	17.316	11.671	9.6306	
848	16.368	9.2727	3.6385	17.299	11.801	9.6341	
849	16.364	9.2668	3.6347	17.296	11.713	9.5251	
850	16.359	9.2609	3.6309	17.278	11.74	9.5683	
851	16.354	9.255	3.6271	17.254	11.712	9.5872	
852	16.349	9.2492	3.6233	17.249	11.723	9.4661	
853	16.345	9.2433	3.6195	17.279	11.658	9.4759	
854	16.34	9.2375	3.6158	17.228	11.704	9.4325	
855	16.335	9.2317	3.6121	17.23	11.626	9.478	
856	16.331	9.2259	3.6084	17.202	11.678	9.4881	
857	16.326	9.2202	3.6047	17.234	11.659	9.4508	
858	16.322	9.2145	3.601	17.248	11.682	9.4151	
859	16.317	9.2087	3.5974	17.26	11.629	9.461	
860	16.313	9.203	3.5938	17.206	11.667	9.4684	
861	16.308	9.1973	3.5902	17.177	11.615	9.3825	
862	16.303	9.1917	3.5866	17.215	11.595	9.3837	
863	16.299	9.1861	3.583	17.205	11.644	9.3907	
864	16.295	9.1805	3.5795	17.208	11.589	9.387	
865	16.29	9.1749	3.5759	17.157	11.577	9.3165	
866	16.286	9.1693	3.5724	17.167	11.563	9.3468	
867	16.281	9.1637	3.569	17.147	11.513	9.3459	
868	16.277	9.1582	3.5655	17.118	11.543	9.3501	
869	16.272	9.1527	3.562	17.15	11.508	9.2901	
870	16.268	9.1472	3.5586	17.159	11.516	9.3057	
871	16.264	9.1418	3.5552	17.146	11.508	9.2767	
872	16.259	9.1363	3.5518	17.131	11.512	9.3136	
873	16.255	9.1308	3.5484	17.157	11.469	9.267	
874	16.251	9.1254	3.545	17.129	11.488	9.2504	
875	16.246	9.12	3.5417	17.111	11.474	9.2559	
876	16.242	9.1147	3.5383	17.115	11.465	9.2204	
877	16.238	9.1093	3.535	17.112	11.46	9.2537	
878	16.233	9.104	3.5317	17.083	11.444	9.2191	
879	16.229	9.0986	3.5285	17.079	11.432	9.1998	
880	16.225	9.0933	3.5252	17.071	11.421	9.1926	
881	16.221	9.0881	3.522	17.069	11.417	9.1849	
882	16.217	9.0828	3.5187	17.067	11.412	9.1889	
883	16.212	9.0776	3.5155	17.063	11.408	9.1794	
884	16.208	9.0723	3.5123	17.061	11.404	9.1718	
885	16.204	9.0671	3.5091	17.061	11.396	9.1709	
886	16.2	9.0619	3.506	17.056	11.388	9.1566	
887	16.196	9.0568	3.5028	17.046	11.371	9.1428	
888	16.192	9.0516	3.4997	17.044	11.364	9.1243	
889	16.188	9.0465	3.4966	17.031	11.351	9.1119	
890	16.183	9.0414	3.4935	17.018	11.337	9.0964	
891	16.179	9.0363	3.4904	17.012	11.328	9.0812	
892	16.175	9.0312	3.4874	17.01	11.316	9.0788	
893	16.171	9.0261	3.4843	17.003	11.31	9.0602	
894	16.167	9.0211	3.4813	16.991	11.308	9.0486	
895	16.163	9.0161	3.4783	16.999	11.303	9.0533	
896	16.159	9.0111	3.4752	16.989	11.29	9.0498	
897	16.155	9.0061	3.4723	16.989	11.285	9.0476	
898	16.151	9.0011	3.4693	16.987	11.282	9.0195	
899	16.147	8.9961	3.4663	16.979	11.268	9.0175	
900	16.143	8.9912	3.4634	16.966	11.258	8.9949	
901	16.139	8.9863	3.4605	16.947	11.247	8.9733	
902	16.136	8.9814	3.4576	16.948	11.229	8.9685	
903	16.132	8.9765	3.4547	16.945	11.226	8.9618	
904	16.128	8.9716	3.4518	16.94	11.217	8.9595	
905	16.124	8.9667	3.4489	16.932	11.215	8.9576	
906	16.12	8.9619	3.4461	16.934	11.21	8.9517	
907	16.116	8.9571	3.4432	16.929	11.206	8.9528	
908	16.112	8.9523	3.4404	16.931	11.194	8.9288	
909	16.108	8.9475	3.4376	16.916	11.183	8.9209	
910	16.105	8.9427	3.4348	16.902	11.167	8.91	
911	16.101	8.9379	3.432	16.906	11.155	8.9055	
912	16.097	8.9332	3.4293	16.894	11.128	8.8691	
913	16.093	8.9285	3.4265	16.881	11.137	8.8493	
914	16.09	8.9238	3.4238	16.883	11.127	8.8511	
915	16.086	8.9191	3.421	16.876	11.114	8.8449	
916	16.082	8.9144	3.4183	16.869	11.119	8.8435	
917	16.078	8.9097	3.4156	16.869	11.116	8.8377	
918	16.075	8.9051	3.413	16.872	11.111	8.8326	
919	16.071	8.9004	3.4103	16.868	11.102	8.8198	
920	16.067	8.8958	3.4076	16.862	11.094	8.8106	
921	16.064	8.8913	3.405	16.852	11.081	8.8013	
922	16.06	8.8867	3.4023	16.848	11.073	8.8045	
923	16.056	8.8821	3.3997	16.851	11.066	8.7956	
924	16.053	8.8775	3.3971	16.835	11.037	8.7695	
925	16.049	8.873	3.3946	16.832	11.054	8.7564	
926	16.045	8.8685	3.392	16.815	11.035	8.7417	
927	16.042	8.864	3.3894	16.816	11.041	8.7315	
928	16.038	8.8595	3.3869	16.814	11.034	8.7362	
929	16.035	8.855	3.3843	16.797	10.994	8.7477	
930	16.031	8.8506	3.3818	16.793	10.972	8.7269	
931	16.028	8.8461	3.3793	16.805	11.016	8.7154	
932	16.024	8.8416	3.3768	16.812	10.951	8.6826	
933	16.021	8.8372	3.3743	16.782	11.008	8.6791	
934	16.017	8.8329	3.3718	16.775	10.976	8.695	
935	16.014	8.8285	3.3694	16.773	10.978	8.6554	
936	16.01	8.8241	3.3669	16.753	10.941	8.6501	
937	16.007	8.8198	3.3645	16.753	10.935	8.6851	
938	16.003	8.8154	3.362	16.783	10.944	8.6069	
939	16	8.811	3.3596	16.761	10.933	8.6336	
940	15.996	8.8067	3.3572	16.766	10.894	8.6504	
941	15.993	8.8024	3.3548	16.76	10.92	8.6114	
942	15.99	8.7982	3.3525	16.739	10.886	8.5574	
943	15.986	8.7939	3.3501	16.715	10.91	8.5951	
944	15.983	8.7896	3.3477	16.717	10.929	8.5787	
945	15.979	8.7854	3.3454	16.744	10.893	8.5827	
946	15.976	8.7811	3.3431	16.743	10.888	8.5713	
947	15.973	8.7769	3.3408	16.722	10.888	8.5569	
948	15.969	8.7727	3.3384	16.718	10.861	8.5456	
949	15.966	8.7686	3.3361	16.708	10.84	8.5238	
950	15.963	8.7644	3.3339	16.702	10.832	8.5213	
951	15.959	8.7602	3.3316	16.691	10.851	8.5259	
952	15.956	8.7561	3.3293	16.683	10.844	8.5209	
953	15.953	8.7519	3.3271	16.694	10.825	8.4986	
954	15.949	8.7477	3.3249	16.695	10.819	8.5124	
955	15.946	8.7437	3.3226	16.682	10.807	8.4784	
956	15.943	8.7396	3.3204	16.663	10.812	8.4848	
957	15.94	8.7355	3.3182	16.664	10.803	8.5324	
958	15.936	8.7315	3.316	16.644	10.785	8.4534	
959	15.933	8.7274	3.3138	16.666	10.771	8.4791	
960	15.93	8.7233	3.3116	16.678	10.753	8.4078	
961	15.927	8.7193	3.3095	16.673	10.778	8.3952	
962	15.924	8.7153	3.3073	16.661	10.689	8.3687	
963	15.92	8.7113	3.3052	16.62	10.712	8.4149	
964	15.917	8.7073	3.303	16.649	10.748	8.3485	
965	15.914	8.7034	3.3009	16.617	10.733	8.3817	
966	15.911	8.6994	3.2988	16.628	10.753	8.359	
967	15.908	8.6954	3.2967	16.623	10.733	8.3919	
968	15.905	8.6915	3.2946	16.627	10.745	8.3832	
969	15.901	8.6875	3.2926	16.611	10.709	8.3707	
970	15.898	8.6836	3.2905	16.625	10.692	8.3925	
971	15.895	8.6798	3.2884	16.613	10.68	8.3706	
972	15.892	8.6759	3.2864	16.61	10.702	8.3492	
973	15.889	8.672	3.2843	16.61	10.685	8.3224	
974	15.886	8.6681	3.2823	16.594	10.661	8.3374	
975	15.883	8.6643	3.2803	16.588	10.668	8.2816	
976	15.88	8.6604	3.2783	16.58	10.653	8.2972	
977	15.877	8.6566	3.2763	16.575	10.641	8.2843	
978	15.874	8.6528	3.2743	16.572	10.632	8.2858	
979	15.871	8.649	3.2723	16.57	10.638	8.2719	
980	15.868	8.6452	3.2703	16.575	10.628	8.2724	
981	15.865	8.6414	3.2684	16.572	10.626	8.2804	
982	15.862	8.6377	3.2664	16.566	10.621	8.2707	
983	15.859	8.6339	3.2645	16.562	10.623	8.2828	
984	15.856	8.6301	3.2625	16.548	10.613	8.2676	
985	15.853	8.6264	3.2606	16.546	10.617	8.2362	
986	15.85	8.6227	3.2587	16.573	10.595	8.2584	
987	15.847	8.619	3.2568	16.537	10.591	8.2149	
988	15.844	8.6153	3.2549	16.532	10.56	8.1936	
989	15.841	8.6116	3.253	16.524	10.566	8.1933	
990	15.838	8.608	3.2511	16.52	10.547	8.1876	
991	15.835	8.6043	3.2493	16.519	10.55	8.1676	
992	15.832	8.6006	3.2474	16.52	10.545	8.1802	
993	15.83	8.597	3.2455	16.509	10.544	8.1739	
994	15.827	8.5934	3.2437	16.517	10.548	8.1768	
995	15.824	8.5898	3.2419	16.503	10.54	8.1619	
996	15.821	8.5862	3.24	16.496	10.533	8.1554	
997	15.818	8.5826	3.2382	16.504	10.529	8.1444	
998	15.815	8.579	3.2364	16.493	10.516	8.1417	
999	15.812	8.5754	3.2346	16.483	10.502	8.1776	
1000	15.81	8.5718	3.2328	16.5	10.478	8.1157	
1001	15.807	8.5683	3.2311	16.464	10.53	8.0949	
1002	15.804	8.5648	3.2293	16.485	10.51	8.0982	
1003	15.801	8.5613	3.2275	16.476	10.477	8.0989	
1004	15.798	8.5578	3.2257	16.475	10.443	8.0759	
1005	15.796	8.5543	3.224	16.439	10.542	8.1117	
1006	15.793	8.5508	3.2223	16.467	10.428	8.1096	
1007	15.79	8.5472	3.2205	16.465	10.492	8.0327	
1008	15.787	8.5437	3.2188	16.449	10.484	8.0563	
1009	15.785	8.5403	3.2171	16.429	10.432	8.0496	
1010	15.782	8.5369	3.2154	16.466	10.451	8.0414	
1011	15.779	8.5335	3.2137	16.433	10.444	8.0428	
1012	15.776	8.53	3.212	16.438	10.431	8.0143	
1013	15.774	8.5266	3.2103	16.434	10.414	8.0082	
1014	15.771	8.5232	3.2086	16.435	10.394	8.0042	
1015	15.768	8.5198	3.207	16.437	10.4	7.9932	
1016	15.766	8.5164	3.2053	16.413	10.402	8.087	
1017	15.763	8.513	3.2037	16.395	10.365	7.9546	
1018	15.76	8.5097	3.202	16.391	10.366	7.9748	
1019	15.758	8.5063	3.2004	16.377	10.349	7.938	
1020	15.755	8.503	3.1988	16.428	10.409	7.9076	
1021	15.752	8.4997	3.1971	16.344	10.406	7.9482	
1022	15.75	8.4963	3.1955	16.399	10.335	7.9468	
1023	15.747	8.493	3.1939	16.418	10.322	7.9437	
1024	15.744	8.4897	3.1923	16.374	10.301	7.9785	
1025	15.742	8.4864	3.1908	16.416	10.31	7.9159	
1026	15.739	8.4831	3.1892	16.38	10.359	7.8728	
1027	15.737	8.4799	3.1876	16.414	10.241	7.8987	
1028	15.734	8.4766	3.186	16.371	10.339	7.8451	
1029	15.732	8.4734	3.1845	16.355	10.283	7.8299	
1030	15.729	8.4701	3.1829	16.359	10.328	7.903	
1031	15.726	8.4669	3.1814	16.422	10.333	7.9249	
1032	15.724	8.4636	3.1798	16.316	10.327	7.8632	
1033	15.721	8.4604	3.1783	16.382	10.287	7.887	
1034	15.719	8.4572	3.1768	16.356	10.309	7.8533	
1035	15.716	8.454	3.1752	16.379	10.251	7.9231	
1036	15.714	8.4508	3.1737	16.253	10.285	7.8388	
1037	15.711	8.4477	3.1722	16.397	10.175	7.8035	
1038	15.709	8.4445	3.1707	16.319	10.24	7.9786	
1039	15.706	8.4414	3.1692	16.361	10.29	7.9209	
1040	15.704	8.4382	3.1678	16.298	10.088	7.8087	
1041	15.701	8.435	3.1663	16.335	10.216	7.8567	
1042	15.699	8.4319	3.1648	16.445	10.238	7.6434	
1043	15.696	8.4288	3.1634	16.412	10.176	7.6925	
1044	15.694	8.4257	3.1619	16.267	10.268	7.7417	
1045	15.691	8.4226	3.1604	16.308	10.204	7.7873	
1046	15.689	8.4195	3.159	16.204	10.35	7.5825	
1047	15.686	8.4165	3.1576	16.266	10.039	7.7932	
1048	15.684	8.4134	3.1561	16.229	10.157	7.8069	
1049	15.682	8.4103	3.1547	16.299	10.171	7.7236	
1050	15.679	8.4072	3.1533	16.276	10.083	7.8107	
1051	15.677	8.4042	3.1519	16.278	10.17	7.7396	
1052	15.674	8.4012	3.1505	16.273	10.161	7.7044	
1053	15.672	8.3981	3.1491	16.277	10.167	7.7231	
1054	15.67	8.3951	3.1477	16.277	10.148	7.7089	
1055	15.667	8.3921	3.1463	16.277	10.167	7.6972	
1056	15.665	8.3891	3.1449	16.273	10.135	7.687	
1057	15.662	8.3861	3.1436	16.269	10.153	7.6997	
1058	15.66	8.3832	3.1422	16.262	10.142	7.6709	
1059	15.658	8.3802	3.1408	16.247	10.134	7.6933	
1060	15.655	8.3772	3.1395	16.254	10.134	7.6648	
1061	15.653	8.3742	3.1381	16.263	10.116	7.6747	
1062	15.651	8.3713	3.1368	16.239	10.115	7.6648	
1063	15.648	8.3684	3.1355	16.235	10.098	7.6667	
1064	15.646	8.3655	3.1341	16.233	10.093	7.6472	
1065	15.644	8.3626	3.1328	16.225	10.087	7.629	
1066	15.642	8.3596	3.1315	16.232	10.086	7.618	
1067	15.639	8.3567	3.1302	16.223	10.089	7.6219	
1068	15.637	8.3538	3.1289	16.218	10.078	7.6284	
1069	15.635	8.3509	3.1276	16.223	10.054	7.6005	
1070	15.632	8.348	3.1263	16.22	10.079	7.5985	
1071	15.63	8.3452	3.125	16.218	10.063	7.599	
1072	15.628	8.3424	3.1237	16.202	10.065	7.5925	
1073	15.626	8.3395	3.1224	16.215	10.029	7.5661	
1074	15.623	8.3367	3.1211	16.199	10.044	7.5808	
1075	15.621	8.3338	3.1199	16.193	10.033	7.5517	
1076	15.619	8.331	3.1186	16.201	10.022	7.5548	
1077	15.617	8.3282	3.1174	16.189	10.024	7.5511	
1078	15.614	8.3253	3.1161	16.185	10.008	7.5417	
1079	15.612	8.3225	3.1149	16.186	10.022	7.5314	
1080	15.61	8.3198	3.1136	16.186	10.011	7.5387	
1081	15.608	8.317	3.1124	16.179	10.01	7.5348	
1082	15.606	8.3142	3.1112	16.172	10.007	7.5257	
1083	15.603	8.3115	3.1099	16.18	9.9947	7.5117	
1084	15.601	8.3087	3.1087	16.172	9.995	7.5129	
1085	15.599	8.306	3.1075	16.166	9.9914	7.5014	
1086	15.597	8.3032	3.1063	16.171	9.9923	7.5038	
1087	15.595	8.3004	3.1051	16.156	9.9873	7.4945	
1088	15.593	8.2977	3.1039	16.166	9.9817	7.4997	
1089	15.59	8.295	3.1027	16.159	9.9779	7.4821	
1090	15.588	8.2923	3.1015	16.158	9.9803	7.4881	
1091	15.586	8.2896	3.1003	16.153	9.9785	7.4853	
1092	15.584	8.2869	3.0992	16.144	9.9565	7.4715	
1093	15.582	8.2842	3.098	16.148	9.9506	7.4729	
1094	15.58	8.2816	3.0968	16.141	9.9601	7.4722	
1095	15.578	8.2789	3.0957	16.15	9.9318	7.4483	
1096	15.576	8.2762	3.0945	16.144	9.9407	7.4519	
1097	15.573	8.2735	3.0934	16.13	9.9283	7.4383	
1098	15.571	8.2709	3.0922	16.124	9.9234	7.4168	
1099	15.569	8.2682	3.0911	16.123	9.9232	7.4195	
1100	15.567	8.2656	3.0899	16.113	9.9178	7.4139	
1101	15.565	8.263	3.0888	16.124	9.9056	7.3964	
1102	15.563	8.2604	3.0877	16.116	9.8945	7.3888	
1103	15.561	8.2578	3.0865	16.109	9.8791	7.3797	
1104	15.559	8.2552	3.0854	16.105	9.888	7.3786	
1105	15.557	8.2526	3.0843	16.097	9.8862	7.3711	
1106	15.555	8.25	3.0832	16.101	9.8753	7.3644	
1107	15.553	8.2474	3.0821	16.09	9.8672	7.3615	
1108	15.551	8.2448	3.081	16.098	9.873	7.3533	
1109	15.549	8.2423	3.0799	16.089	9.8628	7.35	
1110	15.547	8.2397	3.0788	16.087	9.8562	7.3493	
1111	15.545	8.2372	3.0777	16.086	9.8575	7.3426	
1112	15.543	8.2346	3.0766	16.085	9.8439	7.3361	
1113	15.541	8.2321	3.0755	16.085	9.8491	7.3346	
1114	15.539	8.2296	3.0745	16.08	9.8466	7.3305	
1115	15.537	8.227	3.0734	16.077	9.8484	7.3291	
1116	15.535	8.2245	3.0724	16.078	9.8409	7.3321	
1117	15.533	8.2219	3.0713	16.079	9.8416	7.3209	
1118	15.531	8.2195	3.0702	16.072	9.8334	7.3214	
1119	15.529	8.217	3.0692	16.06	9.8347	7.3015	
1120	15.527	8.2145	3.0681	16.068	9.8313	7.2924	
1121	15.525	8.212	3.0671	16.067	9.8176	7.2878	
1122	15.523	8.2096	3.066	16.06	9.8063	7.2978	
1123	15.521	8.2071	3.065	16.048	9.8069	7.2903	
1124	15.519	8.2046	3.064	16.063	9.8076	7.2673	
1125	15.517	8.2022	3.063	16.054	9.7979	7.2623	
1126	15.515	8.1997	3.0619	16.058	9.8085	7.2676	
1127	15.513	8.1972	3.0609	16.033	9.7894	7.2435	
1128	15.511	8.1948	3.0599	16.033	9.7801	7.246	
1129	15.51	8.1924	3.0589	16.039	9.78	7.2589	
1130	15.508	8.19	3.0579	16.029	9.784	7.2303	
1131	15.506	8.1876	3.0569	16.028	9.7661	7.2327	
1132	15.504	8.1852	3.0559	16.029	9.7641	7.2224	
1133	15.502	8.1828	3.0549	16.022	9.7746	7.22	
1134	15.5	8.1804	3.0539	16.013	9.7404	7.2208	
1135	15.498	8.178	3.0529	16.016	9.7516	7.1929	
1136	15.496	8.1756	3.0519	16.019	9.733	7.2045	
1137	15.494	8.1732	3.051	16.012	9.7186	7.2018	
1138	15.493	8.1709	3.05	16.011	9.7314	7.1817	
1139	15.491	8.1685	3.049	16.007	9.7294	7.188	
1140	15.489	8.1662	3.048	16	9.711	7.1734	
1141	15.487	8.1639	3.0471	16.013	9.7229	7.1701	
1142	15.485	8.1616	3.0461	16.009	9.7157	7.1425	
1143	15.483	8.1592	3.0451	15.991	9.7047	7.1754	
1144	15.482	8.1569	3.0442	15.991	9.6948	7.1627	
1145	15.48	8.1546	3.0432	15.994	9.7082	7.1617	
1146	15.478	8.1522	3.0423	15.991	9.6734	7.1488	
1147	15.476	8.1499	3.0414	15.987	9.6773	7.1375	
1148	15.474	8.1476	3.0405	15.993	9.6824	7.1398	
1149	15.472	8.1453	3.0395	15.982	9.6859	7.1336	
1150	15.471	8.143	3.0386	15.971	9.6696	7.1285	
1151	15.469	8.1408	3.0376	15.973	9.6557	7.1144	
1152	15.467	8.1385	3.0367	15.974	9.6664	7.1066	
1153	15.465	8.1362	3.0358	15.967	9.6521	7.0941	
1154	15.464	8.134	3.0349	15.961	9.6519	7.0958	
1155	15.462	8.1317	3.034	15.966	9.6506	7.0979	
1156	15.46	8.1295	3.0331	15.955	9.6498	7.0837	
1157	15.458	8.1272	3.0322	15.955	9.6421	7.0727	
1158	15.456	8.1249	3.0313	15.956	9.6421	7.0731	
1159	15.455	8.1227	3.0304	15.96	9.6267	7.0708	
1160	15.453	8.1205	3.0295	15.957	9.628	7.0722	
1161	15.451	8.1183	3.0286	15.947	9.6061	7.0769	
1162	15.449	8.1161	3.0277	15.943	9.6372	7.0503	
1163	15.448	8.1139	3.0268	15.932	9.6109	7.0423	
1164	15.446	8.1117	3.0259	15.933	9.5892	7.0355	
1165	15.444	8.1095	3.025	15.926	9.6021	7.0251	
1166	15.443	8.1073	3.0242	15.934	9.5923	7.0232	
1167	15.441	8.1051	3.0233	15.935	9.6092	7.0307	
1168	15.439	8.1029	3.0224	15.925	9.5875	7.0159	
1169	15.437	8.1007	3.0216	15.919	9.579	7.0094	
1170	15.436	8.0985	3.0207	15.923	9.5874	6.9969	
1171	15.434	8.0964	3.0198	15.918	9.5745	6.9927	
1172	15.432	8.0943	3.019	15.915	9.5753	6.9904	
1173	15.431	8.0921	3.0181	15.913	9.572	6.9898	
1174	15.429	8.09	3.0173	15.912	9.5717	6.9855	
1175	15.427	8.0879	3.0164	15.911	9.5671	6.9893	
1176	15.426	8.0857	3.0156	15.909	9.5553	6.9753	
1177	15.424	8.0836	3.0147	15.913	9.5548	6.9734	
1178	15.422	8.0815	3.0139	15.902	9.5491	6.9642	
1179	15.421	8.0793	3.0131	15.902	9.5544	6.9693	
1180	15.419	8.0772	3.0123	15.901	9.5467	6.9584	
1181	15.417	8.0751	3.0115	15.901	9.5467	6.9598	
1182	15.416	8.073	3.0106	15.894	9.5385	6.9547	
1183	15.414	8.0709	3.0098	15.897	9.537	6.95	
1184	15.412	8.0688	3.009	15.892	9.532	6.9421	
1185	15.411	8.0668	3.0081	15.883	9.531	6.946	
1186	15.409	8.0647	3.0073	15.885	9.5219	6.9289	
1187	15.407	8.0626	3.0065	15.884	9.5224	6.9354	
1188	15.406	8.0606	3.0057	15.877	9.523	6.9241	
1189	15.404	8.0585	3.0049	15.882	9.5084	6.9071	
1190	15.403	8.0564	3.0041	15.876	9.5137	6.9197	
1191	15.401	8.0544	3.0033	15.87	9.5099	6.9094	
1192	15.399	8.0523	3.0026	15.871	9.4961	6.8957	
1193	15.398	8.0503	3.0018	15.868	9.4961	6.8932	
1194	15.396	8.0483	3.001	15.862	9.5027	6.9035	
1195	15.395	8.0462	3.0002	15.874	9.474	6.8908	
1196	15.393	8.0442	2.9994	15.86	9.4905	6.8699	
1197	15.391	8.0422	2.9986	15.862	9.4762	6.8911	
1198	15.39	8.0402	2.9978	15.852	9.4631	6.8864	
1199	15.388	8.0382	2.997	15.851	9.477	6.8633	
1200	15.387	8.0362	2.9963	15.858	9.4625	6.8505	
1201	15.385	8.0342	2.9955	15.861	9.4796	6.8706	
1202	15.384	8.0322	2.9948	15.841	9.4636	6.8566	
1203	15.382	8.0302	2.994	15.848	9.4582	6.8337	
1204	15.38	8.0282	2.9933	15.851	9.4464	6.8183	
1205	15.379	8.0262	2.9925	15.832	9.4472	6.8323	
1206	15.377	8.0243	2.9917	15.836	9.466	6.8321	
1207	15.376	8.0223	2.991	15.846	9.4633	6.8204	
1208	15.374	8.0204	2.9902	15.832	9.4402	6.8124	
1209	15.373	8.0184	2.9895	15.836	9.4279	6.8174	
1210	15.371	8.0165	2.9887	15.829	9.4198	6.7981	
1211	15.37	8.0145	2.988	15.824	9.4014	6.7811	
1212	15.368	8.0126	2.9872	15.822	9.4159	6.7865	
1213	15.367	8.0106	2.9865	15.831	9.4125	6.7945	
1214	15.365	8.0087	2.9858	15.818	9.422	6.771	
1215	15.364	8.0067	2.9851	15.827	9.4065	6.7776	
1216	15.362	8.0048	2.9843	15.816	9.3902	6.7962	
1217	15.361	8.0029	2.9836	15.82	9.3945	6.7799	
1218	15.359	8.001	2.9829	15.792	9.3676	6.7812	
1219	15.358	7.9991	2.9822	15.814	9.3787	6.7488	
1220	15.356	7.9972	2.9814	15.812	9.3724	6.7566	
1221	15.355	7.9953	2.9807	15.792	9.3678	6.7577	
1222	15.353	7.9934	2.98	15.806	9.4041	6.7482	
1223	15.352	7.9915	2.9793	15.808	9.3612	6.7497	
1224	15.35	7.9896	2.9786	15.802	9.3661	6.7322	
1225	15.349	7.9878	2.9779	15.793	9.3623	6.7376	
1226	15.347	7.9859	2.9772	15.803	9.3763	6.7294	
1227	15.346	7.984	2.9765	15.81	9.3589	6.7325	
1228	15.344	7.9821	2.9758	15.774	9.3448	6.7237	
1229	15.343	7.9803	2.9751	15.767	9.3236	6.7278	
1230	15.341	7.9784	2.9744	15.774	9.3573	6.7086	
1231	15.34	7.9766	2.9737	15.796	9.3605	6.676	
1232	15.339	7.9748	2.973	15.789	9.3331	6.7336	
1233	15.337	7.9729	2.9723	15.803	9.3612	6.6865	
1234	15.336	7.9711	2.9717	15.779	9.3636	6.7088	
1235	15.334	7.9693	2.971	15.762	9.3504	6.6856	
1236	15.333	7.9674	2.9703	15.776	9.3508	6.7156	
1237	15.331	7.9656	2.9696	15.771	9.3581	6.6932	
1238	15.33	7.9638	2.969	15.803	9.3178	6.7029	
1239	15.329	7.9619	2.9683	15.735	9.3726	6.7182	
1240	15.327	7.9601	2.9677	15.732	9.2717	6.6779	
1241	15.326	7.9583	2.967	15.745	9.341	6.6356	
1242	15.324	7.9565	2.9663	15.735	9.3044	6.6996	
1243	15.323	7.9547	2.9656	15.764	9.3127	6.761	
1244	15.322	7.953	2.965	15.782	9.3076	6.6586	
1245	15.32	7.9512	2.9643	15.721	9.362	6.5928	
1246	15.319	7.9494	2.9637	15.748	9.298	6.6041	
1247	15.317	7.9476	2.963	15.731	9.2333	6.6094	
1248	15.316	7.9459	2.9624	15.743	9.2731	6.5843	
1249	15.315	7.9441	2.9617	15.775	9.2931	6.6536	
1250	15.313	7.9423	2.9611	15.753	9.3398	6.5861	
1251	15.312	7.9405	2.9605	15.739	9.2561	6.6486	
1252	15.31	7.9387	2.9598	15.709	9.2021	6.5795	
1253	15.309	7.937	2.9592	15.708	9.3079	6.5872	
1254	15.308	7.9353	2.9585	15.716	9.2289	6.5936	
1255	15.306	7.9335	2.9579	15.74	9.2415	6.623	
1256	15.305	7.9318	2.9573	15.719	9.2629	6.5966	
1257	15.304	7.9301	2.9566	15.717	9.2216	6.5567	
1258	15.302	7.9284	2.956	15.725	9.2458	6.548	
1259	15.301	7.9266	2.9554	15.694	9.2312	6.5771	
1260	15.3	7.9249	2.9548	15.709	9.2387	6.553	
1261	15.298	7.9232	2.9541	15.706	9.2178	6.5473	
1262	15.297	7.9215	2.9535	15.689	9.2162	6.5425	
1263	15.296	7.9198	2.9529	15.706	9.2186	6.5313	
1264	15.294	7.918	2.9523	15.682	9.2026	6.5444	
1265	15.293	7.9163	2.9517	15.708	9.2245	6.5324	
1266	15.292	7.9146	2.9511	15.696	9.2306	6.5176	
1267	15.29	7.9129	2.9505	15.709	9.2023	6.5414	
1268	15.289	7.9113	2.9499	15.714	9.2095	6.5453	
1269	15.288	7.9096	2.9493	15.701	9.2186	6.5538	
1270	15.286	7.9079	2.9486	15.696	9.198	6.5367	
1271	15.285	7.9063	2.948	15.683	9.2039	6.5136	
1272	15.284	7.9046	2.9475	15.688	9.2189	6.5472	
1273	15.282	7.9029	2.9469	15.705	9.2243	6.5247	
1274	15.281	7.9012	2.9463	15.701	9.2005	6.5306	
1275	15.28	7.8996	2.9457	15.686	9.1823	6.4939	
1276	15.279	7.8979	2.9451	15.699	9.2087	6.5205	
1277	15.277	7.8962	2.9445	15.663	9.1993	6.5191	
1278	15.276	7.8946	2.944	15.665	9.1892	6.5112	
1279	15.275	7.8929	2.9434	15.681	9.1589	6.4593	
1280	15.273	7.8913	2.9428	15.675	9.156	6.4798	
1281	15.272	7.8897	2.9422	15.682	9.1567	6.4748	
1282	15.271	7.8881	2.9416	15.676	9.169	6.4949	
1283	15.27	7.8865	2.941	15.656	9.1537	6.4527	
1284	15.268	7.8848	2.9404	15.632	9.1916	6.4591	
1285	15.267	7.8832	2.9399	15.644	9.1608	6.4782	
1286	15.266	7.8816	2.9393	15.669	9.1557	6.4463	
1287	15.265	7.88	2.9387	15.652	9.1412	6.4697	
1288	15.263	7.8784	2.9382	15.663	9.1606	6.4591	
1289	15.262	7.8767	2.9376	15.652	9.1422	6.4344	
1290	15.261	7.8751	2.9371	15.657	9.1551	6.4376	
1291	15.259	7.8735	2.9365	15.64	9.1345	6.4164	
1292	15.258	7.8719	2.936	15.656	9.1345	6.4736	
1293	15.257	7.8703	2.9354	15.647	9.1239	6.4379	
1294	15.256	7.8688	2.9348	15.668	9.1578	6.4281	
1295	15.255	7.8672	2.9343	15.646	9.1369	6.3954	
1296	15.253	7.8656	2.9337	15.653	9.1292	6.3926	
1297	15.252	7.8641	2.9332	15.651	9.0942	6.4387	
1298	15.251	7.8625	2.9326	15.631	9.1357	6.4042	
1299	15.25	7.8609	2.9321	15.641	9.0837	6.373	
1300	15.248	7.8594	2.9315	15.624	9.1037	6.3995	
1301	15.247	7.8578	2.931	15.641	9.126	6.3705	
1302	15.246	7.8562	2.9305	15.611	9.0799	6.4187	
1303	15.245	7.8547	2.9299	15.637	9.1245	6.3851	
1304	15.244	7.8531	2.9294	15.648	9.1135	6.3952	
1305	15.242	7.8515	2.9289	15.652	9.0861	6.3467	
1306	15.241	7.85	2.9284	15.629	9.1235	6.3831	
1307	15.24	7.8485	2.9278	15.62	9.108	6.3954	
1308	15.239	7.847	2.9273	15.613	9.0891	6.388	
1309	15.238	7.8454	2.9267	15.62	9.0991	6.3783	
1310	15.236	7.8439	2.9262	15.612	9.0767	6.3653	
1311	15.235	7.8424	2.9257	15.62	9.0461	6.3913	
1312	15.234	7.8409	2.9252	15.608	9.0606	6.3221	
1313	15.233	7.8394	2.9246	15.613	9.0866	6.3847	
1314	15.232	7.8378	2.9241	15.607	9.0596	6.3495	
1315	15.23	7.8363	2.9236	15.602	9.0327	6.3262	
1316	15.229	7.8348	2.9231	15.629	8.9941	6.3194	
1317	15.228	7.8333	2.9226	15.605	9.0557	6.3822	
1318	15.227	7.8318	2.9221	15.589	9.0545	6.3601	
1319	15.226	7.8303	2.9216	15.631	9.0479	6.354	
1320	15.225	7.8288	2.9211	15.574	9.0367	6.3584	
1321	15.223	7.8273	2.9206	15.612	9.0226	6.3347	
1322	15.222	7.8258	2.9201	15.601	8.9983	6.2378	
1323	15.221	7.8244	2.9195	15.554	9.0135	6.278	
1324	15.22	7.8229	2.919	15.608	9.0519	6.2872	
1325	15.219	7.8214	2.9185	15.621	8.9865	6.3038	
1326	15.218	7.82	2.918	15.629	8.988	6.2721	
1327	15.217	7.8185	2.9175	15.6	9.0561	6.2622	
1328	15.215	7.817	2.9171	15.561	8.9618	6.3632	
1329	15.214	7.8156	2.9166	15.563	8.9748	6.2771	
1330	15.213	7.8141	2.9161	15.621	9.0407	6.2531	
1331	15.212	7.8126	2.9156	15.566	9.0607	6.3246	
1332	15.211	7.8112	2.9151	15.561	8.9719	6.418	
1333	15.21	7.8097	2.9146	15.578	9.0236	6.2824	
1334	15.209	7.8083	2.9142	15.6	8.9906	6.2743	
1335	15.208	7.8068	2.9137	15.55	9.0051	6.153	
1336	15.206	7.8054	2.9132	15.537	9.0374	6.3185	
1337	15.205	7.804	2.9127	15.618	8.9803	6.1591	
1338	15.204	7.8026	2.9122	15.535	9.048	6.2468	
1339	15.203	7.8011	2.9117	15.561	9.032	6.2708	
1340	15.202	7.7997	2.9112	15.593	9.0077	6.1586	
1341	15.201	7.7983	2.9108	15.666	8.8259	6.2786	
1342	15.2	7.7969	2.9103	15.575	8.9248	6.4947	
1343	15.199	7.7955	2.9098	15.64	9.0003	6.4568	
1344	15.198	7.794	2.9094	15.52	9.0383	6.2736	
1345	15.196	7.7926	2.9089	15.567	9.1261	6.2256	
1346	15.195	7.7912	2.9084	15.405	8.8527	6.0078	
1347	15.194	7.7898	2.908	15.559	9.1196	5.8337	
1348	15.193	7.7884	2.9075	15.504	9.1334	6.1728	
1349	15.192	7.787	2.9071	15.419	9.278	6.2167	
1350	15.191	7.7856	2.9066	15.265	9.0644	6.2217	
1351	15.19	7.7842	2.9061	15.503	8.9301	5.9253	
1352	15.189	7.7829	2.9057	15.455	8.8241	6.3825	
1353	15.188	7.7815	2.9052	15.547	8.3823	6.2501	
1354	15.187	7.7801	2.9047	15.469	9.3073	6.3855	
1355	15.186	7.7787	2.9043	15.712	8.773	5.6078	
1356	15.185	7.7774	2.9038	15.648	9.1567	6.0752	
1357	15.184	7.776	2.9034	15.444	9.0441	6.2724	
1358	15.182	7.7746	2.9029	16.248	9.371	6.3795	
1359	15.181	7.7732	2.9025	16.262	8.6908	6.918	
1426	15.115	7.6883	2.8755	15.655	9.2987	6.337	
1427	15.114	7.6871	2.8752	15.544	8.6458	6.0444	
1428	15.114	7.686	2.8748	15.394	8.841	5.6434	
1429	15.113	7.6848	2.8744	15.638	8.6618	5.8162	
1430	15.112	7.6836	2.8741	15.645	8.8034	5.8313	
1431	15.111	7.6825	2.8737	15.324	8.9254	6.1083	
1432	15.11	7.6813	2.8733	15.558	8.5618	5.8907	
1433	15.109	7.6802	2.873	15.35	8.5981	5.8503	
1434	15.108	7.679	2.8726	15.504	8.9164	6.1849	
1435	15.107	7.6778	2.8723	15.523	8.856	5.7635	
1436	15.106	7.6767	2.8719	15.531	8.646	5.9371	
1437	15.105	7.6755	2.8716	15.437	8.9074	5.8618	
1438	15.105	7.6744	2.8712	15.329	8.6594	5.9473	
1439	15.104	7.6732	2.8709	15.448	8.7878	5.9026	
1440	15.103	7.6721	2.8706	15.332	8.7869	5.8234	
1441	15.102	7.6709	2.8702	15.418	8.6815	6.0523	
1442	15.101	7.6698	2.8699	15.471	8.6178	5.804	
1443	15.1	7.6686	2.8695	15.352	8.745	5.9607	
1444	15.099	7.6675	2.8692	15.461	8.7728	5.754	
1445	15.098	7.6664	2.8688	15.33	8.7337	5.8418	
1446	15.098	7.6653	2.8685	15.463	8.6349	5.8148	
1447	15.097	7.6642	2.8681	15.435	8.7027	5.7187	
1448	15.096	7.663	2.8678	15.418	8.6759	5.8657	
1449	15.095	7.6619	2.8674	15.369	8.7286	5.8616	
1450	15.094	7.6608	2.8671	15.389	8.7223	5.7667	
1451	15.093	7.6597	2.8668	15.439	8.6835	5.8613	
1452	15.092	7.6586	2.8664	15.461	8.7416	5.9121	
1453	15.091	7.6574	2.8661	15.432	8.7434	5.9344	
1454	15.091	7.6563	2.8658	15.347	8.6775	5.7013	
1455	15.09	7.6552	2.8654	15.416	8.7501	5.778	
1456	15.089	7.6541	2.8651	15.442	8.7139	5.8162	
1457	15.088	7.653	2.8648	15.384	8.5911	5.8161	
1458	15.087	7.6519	2.8645	15.382	8.7003	5.8269	
1459	15.086	7.6508	2.8641	15.364	8.5653	5.7475	
1460	15.085	7.6497	2.8638	15.406	8.6329	5.8577	
1461	15.085	7.6486	2.8635	15.425	8.6263	5.8131	
1462	15.084	7.6475	2.8631	15.392	8.6402	5.8205	
1463	15.083	7.6464	2.8628	15.378	8.6426	5.7707	
1464	15.082	7.6454	2.8625	15.356	8.6674	5.7556	
1465	15.081	7.6443	2.8621	15.367	8.7009	5.7782	
1466	15.08	7.6432	2.8618	15.362	8.5979	5.8152	
1467	15.08	7.6421	2.8615	15.382	8.6242	5.8072	
1468	15.079	7.641	2.8612	15.351	8.6378	5.7845	
1469	15.078	7.64	2.8609	15.375	8.6157	5.7777	
1470	15.077	7.6389	2.8605	15.368	8.6027	5.7829	
1471	15.076	7.6378	2.8602	15.371	8.6274	5.7814	
1472	15.075	7.6367	2.8599	15.372	8.6286	5.7604	
1473	15.075	7.6357	2.8596	15.361	8.64	5.7729	
1474	15.074	7.6346	2.8593	15.364	8.6233	5.7729	
1475	15.073	7.6335	2.859	15.367	8.6216	5.7631	
1476	15.072	7.6324	2.8587	15.361	8.6167	5.7547	
1477	15.071	7.6314	2.8584	15.367	8.6407	5.7684	
1478	15.07	7.6303	2.858	15.372	8.6251	5.7501	
1479	15.07	7.6293	2.8577	15.364	8.6199	5.7574	
1480	15.069	7.6282	2.8574	15.365	8.6238	5.7479	
1481	15.068	7.6272	2.8571	15.366	8.6113	5.7261	
1482	15.067	7.6262	2.8568	15.361	8.6283	5.7517	
1483	15.066	7.6251	2.8565	15.362	8.62	5.7472	
1484	15.066	7.6241	2.8562	15.378	8.6195	5.7384	
1485	15.065	7.623	2.8559	15.355	8.6304	5.737	
1486	15.064	7.622	2.8556	15.356	8.5946	5.6973	
1487	15.063	7.621	2.8553	15.348	8.6228	5.7008	
1488	15.062	7.6199	2.855	15.36	8.6145	5.7232	
1489	15.062	7.6189	2.8547	15.361	8.6151	5.7038	
1490	15.061	7.6178	2.8544	15.362	8.5895	5.747	
1491	15.06	7.6168	2.8541	15.345	8.6053	5.698	
1492	15.059	7.6158	2.8538	15.351	8.5961	5.7165	
1493	15.058	7.6147	2.8535	15.341	8.5614	5.7088	
1494	15.058	7.6137	2.8532	15.341	8.5719	5.697	
1495	15.057	7.6127	2.8529	15.332	8.5697	5.6877	
1496	15.056	7.6117	2.8526	15.36	8.6007	5.7053	
1497	15.055	7.6107	2.8523	15.331	8.5842	5.694	
1498	15.054	7.6097	2.852	15.364	8.5808	5.6957	
1499	15.054	7.6087	2.8517	15.346	8.5729	5.7135	
1500	15.053	7.6076	2.8514	15.338	8.5688	5.6944	
1501	15.052	7.6066	2.8511	15.324	8.5615	5.6481	
1502	15.051	7.6056	2.8508	15.341	8.5663	5.6767	
1503	15.051	7.6046	2.8505	15.337	8.5858	5.6658	
1504	15.05	7.6036	2.8502	15.331	8.5525	5.6375	
1505	15.049	7.6026	2.8499	15.336	8.5556	5.6753	
1506	15.048	7.6016	2.8497	15.327	8.5511	5.6423	
1507	15.047	7.6006	2.8494	15.311	8.5398	5.6658	
1508	15.047	7.5996	2.8491	15.308	8.5416	5.6703	
1509	15.046	7.5986	2.8488	15.345	8.5427	5.6533	
1510	15.045	7.5976	2.8485	15.333	8.5601	5.6374	
1511	15.044	7.5966	2.8483	15.339	8.555	5.6471	
1512	15.044	7.5956	2.848	15.33	8.5822	5.6517	
1513	15.043	7.5947	2.8477	15.364	8.5032	5.6648	
1514	15.042	7.5937	2.8474	15.322	8.5396	5.6835	
1515	15.041	7.5927	2.8471	15.295	8.5603	5.6483	
1516	15.041	7.5917	2.8468	15.318	8.5056	5.6522	
1517	15.04	7.5908	2.8466	15.315	8.5658	5.6102	
1518	15.039	7.5898	2.8463	15.295	8.5482	5.6359	
1519	15.038	7.5888	2.846	15.297	8.5464	5.6432	
1520	15.038	7.5879	2.8457	15.291	8.534	5.6375	
1521	15.037	7.5869	2.8454	15.314	8.4871	5.5673	
1522	15.036	7.5859	2.8452	15.294	8.5187	5.5965	
1523	15.035	7.585	2.8449	15.298	8.5355	5.6022	
1524	15.035	7.584	2.8446	15.33	8.5488	5.6586	
1525	15.034	7.583	2.8444	15.314	8.5414	5.6269	
1526	15.033	7.5821	2.8441	15.292	8.5151	5.6013	
1527	15.032	7.5811	2.8438	15.3	8.528	5.6024	
1528	15.032	7.5801	2.8436	15.288	8.5465	5.6141	
1529	15.031	7.5792	2.8433	15.293	8.4942	5.5902	
1530	15.03	7.5782	2.843	15.303	8.5058	5.6026	
1531	15.029	7.5773	2.8428	15.28	8.4914	5.604	
1532	15.029	7.5763	2.8425	15.308	8.4916	5.603	
1533	15.028	7.5754	2.8422	15.284	8.4702	5.5967	
1534	15.027	7.5745	2.8419	15.305	8.4793	5.6376	
1535	15.027	7.5735	2.8417	15.298	8.4926	5.5712	
1536	15.026	7.5726	2.8414	15.276	8.4891	5.5791	
1537	15.025	7.5717	2.8411	15.283	8.4941	5.5846	
1538	15.024	7.5707	2.8409	15.277	8.5252	5.5789	
1539	15.024	7.5698	2.8406	15.294	8.4816	5.577	
1540	15.023	7.5689	2.8403	15.287	8.4628	5.578	
1541	15.022	7.5679	2.8401	15.275	8.4525	5.5494	
1542	15.021	7.567	2.8398	15.281	8.4651	5.5754	
1543	15.021	7.5661	2.8396	15.279	8.4722	5.544	
1544	15.02	7.5651	2.8393	15.282	8.4897	5.5788	
1545	15.019	7.5642	2.8391	15.263	8.493	5.5536	
1546	15.019	7.5633	2.8388	15.278	8.4662	5.5539	
1547	15.018	7.5624	2.8386	15.274	8.4734	5.5453	
1548	15.017	7.5614	2.8383	15.277	8.4642	5.5399	
1549	15.016	7.5605	2.8381	15.277	8.4838	5.5347	
1550	15.016	7.5596	2.8378	15.282	8.4621	5.5433	
1551	15.015	7.5587	2.8376	15.26	8.4848	5.5405	
1552	15.014	7.5578	2.8373	15.272	8.4641	5.5476	
1553	15.014	7.5569	2.837	15.253	8.4528	5.5522	
1554	15.013	7.556	2.8368	15.262	8.4672	5.5335	
1555	15.012	7.5551	2.8365	15.281	8.442	5.52	
1556	15.012	7.5542	2.8363	15.259	8.4567	5.5561	
1557	15.011	7.5533	2.836	15.253	8.4481	5.5181	
1558	15.01	7.5524	2.8358	15.256	8.4504	5.5207	
1559	15.01	7.5515	2.8355	15.276	8.4324	5.4932	
1560	15.009	7.5506	2.8353	15.271	8.4614	5.517	
1561	15.008	7.5497	2.835	15.28	8.463	5.5073	
1562	15.007	7.5488	2.8348	15.286	8.4263	5.5184	
1563	15.007	7.5479	2.8345	15.246	8.4494	5.5213	
1564	15.006	7.547	2.8343	15.253	8.4738	5.4959	
1565	15.005	7.5461	2.8341	15.26	8.475	5.4892	
1566	15.005	7.5452	2.8338	15.25	8.4211	5.471	
1567	15.004	7.5443	2.8336	15.272	8.4036	5.5013	
1568	15.003	7.5434	2.8334	15.254	8.4459	5.5132	
1569	15.003	7.5425	2.8331	15.273	8.4673	5.5183	
1570	15.002	7.5417	2.8329	15.258	8.4541	5.5109	
1571	15.001	7.5408	2.8326	15.251	8.43	5.5032	
1572	15.001	7.5399	2.8324	15.247	8.4216	5.516	
1573	15	7.5391	2.8321	15.253	8.4038	5.4898	
1574	14.999	7.5382	2.8319	15.271	8.4254	5.4739	
1575	14.999	7.5373	2.8317	15.231	8.4078	5.4942	
1576	14.998	7.5365	2.8314	15.249	8.3978	5.4296	
1577	14.997	7.5356	2.8312	15.217	8.3749	5.4756	
1578	14.997	7.5347	2.8309	15.237	8.4288	5.4607	
1579	14.996	7.5339	2.8307	15.228	8.4205	5.4795	
1580	14.995	7.533	2.8305	15.239	8.3869	5.4487	
1581	14.995	7.5321	2.8302	15.234	8.4189	5.4105	
1582	14.994	7.5313	2.83	15.257	8.4008	5.48	
1583	14.993	7.5304	2.8298	15.226	8.4345	5.4544	
1584	14.993	7.5296	2.8295	15.259	8.3606	5.4227	
1585	14.992	7.5287	2.8293	15.244	8.4289	5.4566	
1586	14.991	7.5278	2.8291	15.233	8.3734	5.502	
1587	14.991	7.527	2.8289	15.238	8.4237	5.4611	
1588	14.99	7.5261	2.8287	15.245	8.3774	5.3926	
1589	14.989	7.5253	2.8284	15.215	8.3875	5.4566	
1590	14.989	7.5244	2.8282	15.228	8.3519	5.4219	
1591	14.988	7.5236	2.828	15.219	8.3652	5.442	
1592	14.987	7.5227	2.8277	15.22	8.4063	5.4059	
1593	14.987	7.5219	2.8275	15.242	8.3902	5.4055	
1594	14.986	7.5211	2.8273	15.227	8.3533	5.4718	
1595	14.985	7.5202	2.827	15.251	8.3693	5.388	
1596	14.985	7.5194	2.8268	15.218	8.396	5.4089	
1597	14.984	7.5186	2.8266	15.224	8.3787	5.4234	
1598	14.983	7.5177	2.8264	15.233	8.3674	5.3693	
1599	14.983	7.5169	2.8261	15.229	8.3583	5.4027	
1600	14.982	7.5161	2.8259	15.215	8.372	5.3582	
1601	14.982	7.5153	2.8257	15.245	8.3609	5.4297	
1602	14.981	7.5144	2.8255	15.238	8.3485	5.3855	
1603	14.98	7.5136	2.8252	15.243	8.3307	5.3756	
1604	14.98	7.5128	2.825	15.231	8.3665	5.3766	
1605	14.979	7.5119	2.8248	15.219	8.355	5.4195	
1606	14.978	7.5111	2.8246	15.218	8.3515	5.381	
1607	14.978	7.5103	2.8244	15.236	8.3546	5.3807	
1608	14.977	7.5095	2.8242	15.198	8.3743	5.3834	
1609	14.976	7.5086	2.824	15.209	8.3542	5.3865	
1610	14.976	7.5078	2.8238	15.217	8.3669	5.3679	
1611	14.975	7.507	2.8235	15.223	8.3448	5.3933	
1612	14.975	7.5062	2.8233	15.243	8.3307	5.3638	
1613	14.974	7.5054	2.8231	15.178	8.3644	5.3728	
1614	14.973	7.5046	2.8229	15.202	8.361	5.4227	
1615	14.973	7.5038	2.8227	15.227	8.3397	5.3958	
1616	14.972	7.503	2.8224	15.22	8.3127	5.3666	
1617	14.971	7.5022	2.8222	15.246	8.3553	5.3936	
1618	14.971	7.5014	2.822	15.226	8.3236	5.3726	
1619	14.97	7.5006	2.8218	15.199	8.3466	5.3731	
1620	14.97	7.4998	2.8216	15.181	8.3603	5.3781	
1621	14.969	7.499	2.8214	15.208	8.3253	5.3494	
1622	14.968	7.4982	2.8212	15.178	8.3112	5.3902	
1623	14.968	7.4974	2.821	15.171	8.3181	5.3343	
1624	14.967	7.4966	2.8207	15.213	8.3478	5.3601	
1625	14.967	7.4958	2.8205	15.221	8.3268	5.3138	
1626	14.966	7.495	2.8203	15.189	8.3195	5.3457	
1627	14.965	7.4942	2.8201	15.194	8.2845	5.3273	
1628	14.965	7.4934	2.8199	15.187	8.3499	5.3401	
1629	14.964	7.4926	2.8197	15.19	8.342	5.3735	
1630	14.963	7.4918	2.8195	15.179	8.3391	5.3371	
1631	14.963	7.491	2.8193	15.173	8.3154	5.3855	
1632	14.962	7.4903	2.8191	15.186	8.35	5.3166	
1633	14.962	7.4895	2.8189	15.203	8.3497	5.3381	
1634	14.961	7.4887	2.8187	15.171	8.297	5.3258	
1635	14.96	7.4879	2.8185	15.194	8.3312	5.3287	
1636	14.96	7.4872	2.8183	15.188	8.3212	5.3036	
1637	14.959	7.4864	2.8181	15.199	8.3059	5.3668	
1638	14.959	7.4856	2.8179	15.222	8.2801	5.3259	
1639	14.958	7.4849	2.8177	15.182	8.3194	5.2974	
1640	14.958	7.4841	2.8175	15.173	8.2818	5.3281	
1641	14.957	7.4833	2.8173	15.175	8.354	5.2891	
1642	14.956	7.4826	2.8171	15.205	8.2703	5.335	
1643	14.956	7.4818	2.8169	15.19	8.3112	5.2849	
1644	14.955	7.481	2.8167	15.187	8.2906	5.3078	
1645	14.955	7.4803	2.8165	15.188	8.2927	5.329	
1646	14.954	7.4795	2.8163	15.208	8.31	5.2496	
1647	14.953	7.4787	2.8161	15.15	8.3281	5.3322	
1648	14.953	7.478	2.8159	15.196	8.214	5.2562	
1649	14.952	7.4772	2.8157	15.203	8.3041	5.32	
1650	14.952	7.4765	2.8155	15.183	8.3097	5.3172	
1651	14.951	7.4757	2.8153	15.183	8.2823	5.2789	
1652	14.95	7.4749	2.8152	15.167	8.2903	5.2806	
1653	14.95	7.4742	2.815	15.222	8.273	5.3132	
1654	14.949	7.4734	2.8148	15.187	8.2721	5.3	
1655	14.949	7.4727	2.8146	15.181	8.3124	5.2674	
1656	14.948	7.4719	2.8144	15.178	8.2858	5.2886	
1657	14.948	7.4712	2.8142	15.182	8.2736	5.2715	
1658	14.947	7.4705	2.814	15.168	8.2909	5.2684	
1659	14.946	7.4697	2.8138	15.198	8.2389	5.2994	
1660	14.946	7.469	2.8136	15.134	8.2013	5.3163	
1661	14.945	7.4682	2.8134	15.18	8.22	5.277	
1662	14.945	7.4675	2.8132	15.141	8.2754	5.2561	
1663	14.944	7.4668	2.813	15.16	8.3068	5.3083	
1664	14.944	7.466	2.8128	15.139	8.2076	5.1903	
1665	14.943	7.4653	2.8126	15.134	8.2768	5.2901	
1666	14.942	7.4646	2.8124	15.203	8.2376	5.2267	
1667	14.942	7.4638	2.8123	15.116	8.178	5.2636	
1668	14.941	7.4631	2.8121	15.094	8.2587	5.2816	
1669	14.941	7.4624	2.8119	15.177	8.2221	5.1642	
1670	14.94	7.4616	2.8117	15.177	8.3188	5.28	
1671	14.94	7.4609	2.8115	15.144	8.2985	5.1962	
1672	14.939	7.4602	2.8114	15.205	8.2434	5.1552	
1673	14.939	7.4594	2.8112	15.194	8.2671	5.2595	
1674	14.938	7.4587	2.811	15.196	8.273	5.2443	
1675	14.937	7.458	2.8108	15.123	8.1082	5.2754	
1676	14.937	7.4572	2.8106	15.177	8.2951	5.2414	
1677	14.936	7.4565	2.8105	15.141	8.2686	5.3115	
1678	14.936	7.4558	2.8103	15.131	8.1656	5.2901	
1679	14.935	7.4551	2.8101	15.153	8.2106	5.2576	
1680	14.935	7.4544	2.8099	15.136	8.2649	5.3272	
1681	14.934	7.4537	2.8097	15.15	8.3289	5.2473	
1682	14.934	7.453	2.8095	15.105	8.2398	5.2015	
1683	14.933	7.4523	2.8093	15.132	8.2922	5.1972	
1684	14.932	7.4516	2.8092	15.112	8.2552	5.3479	
1685	14.932	7.4508	2.809	15.14	8.0623	5.0309	
1686	14.931	7.4501	2.8088	15.254	8.287	5.2897	
1687	14.931	7.4494	2.8086	15.066	8.3556	5.4453	
1688	14.93	7.4487	2.8084	15.075	8.27	5.2045	
1689	14.93	7.448	2.8083	15.151	8.2085	5.0922	
1690	14.929	7.4473	2.8081	15.044	8.425	5.2279	
1691	14.929	7.4466	2.8079	15.226	8.1621	5.1941	
1692	14.928	7.4459	2.8077	15.228	8.4692	5.2754	
1693	14.928	7.4452	2.8076	14.99	8.3545	5.5722	
1694	14.927	7.4445	2.8074	14.9	8.082	5.2263	
1695	14.926	7.4438	2.8072	15.192	8.4939	5.4261	
1696	14.926	7.4431	2.8071	15.082	8.2301	5.4347	
1697	14.925	7.4424	2.8069	15.142	8.3357	5.437	
1698	14.925	7.4417	2.8067	14.719	8.2576	4.9981	
1699	14.924	7.441	2.8066	14.916	8.6842	5.3629	
1700	14.924	7.4403	2.8064	14.932	8.1696	5.1826	
