	65	70	75	65	70	75	
300	32.69	29.565	26.441	37.511	37.209	37.514	
301	32.54	29.466	26.53	37.295	36.907	37.453	
302	32.41	29.392	26.647	37.087	36.772	37.279	
303	32.296	29.342	26.788	37.019	36.553	37.024	
304	32.198	29.313	26.949	36.99	36.489	37.052	
305	32.117	29.305	27.129	36.884	36.423	36.867	
306	32.049	29.315	27.324	36.614	36.185	36.77	
307	31.994	29.343	27.533	36.511	36.277	36.641	
308	31.953	29.386	27.753	36.334	36.128	36.541	
309	31.923	29.444	27.982	36.365	35.959	36.377	
310	31.904	29.514	28.219	36.171	35.873	36.379	
311	31.896	29.597	28.463	36.159	35.715	36.319	
312	31.897	29.69	28.712	36.209	35.719	36.207	
313	31.906	29.793	28.964	35.89	35.526	36.139	
314	31.924	29.904	29.219	35.955	35.547	35.953	
315	31.95	30.024	29.476	35.892	35.364	35.909	
316	31.983	30.15	29.734	35.798	35.418	35.815	
317	32.023	30.283	29.992	35.661	35.298	35.754	
318	32.069	30.422	30.25	35.561	35.153	35.59	
319	32.121	30.566	30.508	35.518	35.053	35.611	
320	32.179	30.714	30.765	35.535	35.035	35.459	
321	32.242	30.866	31.02	35.427	34.977	35.375	
322	32.31	31.022	31.274	35.393	34.901	35.332	
323	32.383	31.182	31.526	35.355	34.78	35.278	
324	32.46	31.344	31.776	35.23	34.786	35.152	
325	32.541	31.509	32.024	35.241	34.578	35.091	
326	32.626	31.676	32.269	35.155	34.568	35.032	
327	32.715	31.845	32.512	35.062	34.546	34.927	
328	32.807	32.016	32.753	35.028	34.498	34.847	
329	32.903	32.189	32.991	34.999	34.432	34.774	
330	33.003	32.363	33.227	35.011	34.459	34.767	
331	33.106	32.539	33.461	34.888	34.365	34.712	
332	33.211	32.717	33.693	34.842	34.23	34.555	
333	33.32	32.895	33.923	34.885	34.182	34.577	
334	33.432	33.075	34.151	34.798	34.161	34.525	
335	33.547	33.256	34.377	34.731	34.097	34.447	
336	33.665	33.438	34.601	34.609	34.041	34.358	
337	33.787	33.622	34.824	34.687	34.006	34.353	
338	33.911	33.806	35.046	34.632	33.962	34.303	
339	34.038	33.992	35.266	34.529	33.832	34.23	
340	34.168	34.18	35.485	34.579	33.724	34.179	
341	34.3	34.368	35.704	34.486	33.766	34.165	
342	34.436	34.559	35.921	34.466	33.725	34.1	
343	34.575	34.75	36.138	34.549	33.733	34.023	
344	34.717	34.943	36.355	34.521	33.702	33.95	
345	34.862	35.138	36.571	34.424	33.661	33.933	
346	35.011	35.335	36.788	34.455	33.622	33.892	
347	35.162	35.533	37.004	34.458	33.593	33.865	
348	35.318	35.734	37.221	34.377	33.616	33.812	
349	35.477	35.937	37.439	34.389	33.625	33.81	
350	35.64	36.142	37.658	34.388	33.625	33.767	
351	35.807	36.351	37.878	34.35	33.524	33.743	
352	35.979	36.563	38.101	34.396	33.574	33.8	
353	36.157	36.78	38.326	34.351	33.52	33.614	
354	36.34	37.001	38.555	34.458	33.583	33.722	
355	36.53	37.228	38.787	34.599	33.444	33.575	
356	36.726	37.46	39.023	34.579	33.535	33.58	
357	36.929	37.697	39.265	34.514	33.694	33.653	
358	37.138	37.941	39.511	34.45	33.599	33.561	
359	37.351	38.189	39.761	34.557	33.626	33.604	
360	37.567	38.44	40.015	34.568	33.602	33.533	
361	37.784	38.693	40.272	34.519	33.534	33.614	
362	37.999	38.945	40.529	34.468	33.471	33.318	
363	38.21	39.194	40.786	34.502	33.373	33.27	
364	38.415	39.439	41.041	34.485	33.406	33.141	
365	38.611	39.677	41.294	34.48	33.239	33.257	
366	38.798	39.909	41.543	34.43	33.18	32.916	
367	38.975	40.133	41.788	34.217	33.026	32.627	
368	39.143	40.35	42.031	34.2	33.006	32.484	
369	39.301	40.56	42.27	34.034	32.568	32.257	
370	39.449	40.763	42.507	33.841	32.395	31.955	
371	39.591	40.961	42.743	33.737	32.227	31.762	
372	39.728	41.156	42.978	33.555	32.089	31.437	
373	39.862	41.349	43.215	33.39	31.779	31.262	
374	39.993	41.542	43.454	33.076	31.523	30.992	
375	40.123	41.735	43.696	32.972	31.289	30.557	
376	40.253	41.928	43.94	32.744	31.026	30.281	
377	40.383	42.124	44.189	32.512	30.758	29.935	
378	40.515	42.322	44.442	32.361	30.452	29.755	
379	40.648	42.522	44.699	32.152	30.302	29.525	
380	40.784	42.725	44.961	31.847	30.094	29.22	
381	40.922	42.933	45.229	31.78	29.805	28.874	
382	41.064	43.144	45.503	31.618	29.702	28.718	
383	41.21	43.36	45.783	31.407	29.37	28.494	
384	41.358	43.58	46.069	31.178	29.194	28.195	
385	41.51	43.804	46.36	31.074	29.021	28.069	
386	41.665	44.032	46.657	30.864	28.789	27.848	
387	41.824	44.264	46.961	30.652	28.633	27.637	
388	41.986	44.501	47.27	30.583	28.41	27.476	
389	42.152	44.742	47.587	30.461	28.307	27.256	
390	42.322	44.988	47.909	30.26	28.108	27.05	
391	42.494	45.238	48.237	30.191	27.915	26.895	
392	42.671	45.492	48.571	29.981	27.735	26.665	
393	42.85	45.75	48.912	29.878	27.587	26.582	
394	43.034	46.013	49.259	29.682	27.397	26.4	
395	43.221	46.28	49.613	29.63	27.355	26.298	
396	43.411	46.551	49.973	29.422	27.142	26.077	
397	43.604	46.827	50.339	29.335	27.036	25.925	
398	43.801	47.107	50.713	29.275	26.882	25.776	
399	44.002	47.391	51.093	29.093	26.69	25.637	
400	44.205	47.68	51.48	29.072	26.6	25.423	
401	44.412	47.973	51.874	28.922	26.451	25.337	
402	44.622	48.271	52.275	28.768	26.379	25.181	
403	44.835	48.572	52.684	28.682	26.196	25.041	
404	45.052	48.879	53.099	28.573	26.143	24.894	
405	45.271	49.189	53.522	28.511	25.929	24.83	
406	45.493	49.503	53.952	28.418	25.831	24.647	
407	45.718	49.822	54.39	28.306	25.691	24.585	
408	45.946	50.145	54.835	28.204	25.67	24.441	
409	46.177	50.472	55.288	28.091	25.533	24.21	
410	46.41	50.802	55.747	28.031	25.423	24.179	
411	46.646	51.137	56.214	27.868	25.362	24.088	
412	46.884	51.476	56.689	27.819	25.199	23.977	
413	47.124	51.818	57.17	27.751	25.068	23.815	
414	47.367	52.163	57.658	27.647	25.046	23.779	
415	47.612	52.512	58.154	27.567	24.906	23.666	
416	47.858	52.864	58.656	27.436	24.81	23.564	
417	48.107	53.219	59.164	27.395	24.667	23.442	
418	48.357	53.577	59.678	27.242	24.576	23.314	
419	48.609	53.938	60.199	27.24	24.539	23.278	
420	48.863	54.301	60.726	27.177	24.391	23.051	
421	49.118	54.667	61.258	26.993	24.277	23.05	
422	49.374	55.034	61.795	27.016	24.164	22.99	
423	49.632	55.404	62.338	26.934	24.088	22.879	
424	49.89	55.775	62.884	26.867	24.049	22.714	
425	50.149	56.148	63.436	26.755	23.89	22.644	
426	50.41	56.522	63.991	26.651	23.86	22.58	
427	50.67	56.896	64.549	26.553	23.755	22.538	
428	50.931	57.271	65.111	26.479	23.663	22.372	
429	51.193	57.647	65.675	26.519	23.569	22.282	
430	51.454	58.023	66.241	26.369	23.426	22.284	
431	51.716	58.398	66.808	26.264	23.503	22.162	
432	51.978	58.773	67.377	26.276	23.311	21.984	
433	52.239	59.147	67.944	26.141	23.339	21.941	
434	52.5	59.519	68.512	26.086	23.175	21.795	
435	52.76	59.89	69.079	26.006	23.033	21.804	
436	53.019	60.259	69.643	25.973	22.899	21.543	
437	53.277	60.626	70.204	25.893	22.922	21.617	
438	53.534	60.989	70.761	25.872	22.893	21.469	
439	53.789	61.35	71.313	25.71	22.818	21.435	
440	54.044	61.707	71.86	25.695	22.639	21.343	
441	54.296	62.059	72.399	25.63	22.648	21.261	
442	54.546	62.407	72.93	25.588	22.648	21.104	
443	54.794	62.751	73.451	25.507	22.442	21.184	
444	55.04	63.089	73.96	25.556	22.424	20.985	
445	55.283	63.421	74.457	25.392	22.277	20.91	
446	55.524	63.747	74.94	25.234	22.293	20.863	
447	55.762	64.065	75.406	25.292	22.112	20.749	
448	55.996	64.377	75.855	25.195	22.141	20.723	
449	56.228	64.681	76.283	25.183	22.026	20.627	
450	56.455	64.976	76.689	25.118	21.916	20.654	
451	56.679	65.263	77.071	25.118	21.857	20.554	
452	56.899	65.541	77.426	25.026	21.784	20.444	
453	57.115	65.809	77.752	24.922	21.755	20.443	
454	57.327	66.067	78.047	24.835	21.684	20.273	
455	57.534	66.314	78.309	24.769	21.671	20.279	
456	57.736	66.551	78.536	24.72	21.58	20.095	
457	57.934	66.776	78.725	24.709	21.546	20.092	
458	58.126	66.989	78.877	24.66	21.441	20.062	
459	58.313	67.19	78.989	24.663	21.481	19.975	
460	58.495	67.378	79.06	24.545	21.331	19.906	
461	58.672	67.554	79.092	24.62	21.233	19.818	
462	58.842	67.716	79.084	24.431	21.183	19.772	
463	59.007	67.866	79.036	24.46	21.21	19.722	
464	59.165	68.001	78.951	24.327	21.031	19.609	
465	59.318	68.123	78.83	24.36	21.017	19.608	
466	59.464	68.231	78.676	24.267	20.954	19.454	
467	59.603	68.325	78.489	24.206	20.854	19.484	
468	59.737	68.405	78.273	24.17	20.799	19.396	
469	59.863	68.47	78.03	24.092	20.77	19.34	
470	59.983	68.522	77.763	24.061	20.699	19.193	
471	60.096	68.56	77.475	24.012	20.652	19.217	
472	60.202	68.583	77.166	23.934	20.679	19.142	
473	60.301	68.593	76.841	23.947	20.517	19.035	
474	60.393	68.59	76.5	23.908	20.509	19.076	
475	60.479	68.573	76.147	23.846	20.472	18.955	
476	60.557	68.543	75.782	23.824	20.439	18.928	
477	60.628	68.501	75.407	23.74	20.279	18.806	
478	60.691	68.445	75.024	23.684	20.28	18.775	
479	60.748	68.378	74.635	23.667	20.197	18.72	
480	60.798	68.299	74.24	23.599	20.142	18.638	
481	60.84	68.209	73.841	23.572	20.093	18.615	
482	60.876	68.108	73.438	23.495	20.1	18.561	
483	60.904	67.997	73.033	23.543	20.037	18.524	
484	60.926	67.875	72.626	23.447	19.952	18.437	
485	60.941	67.744	72.217	23.405	19.904	18.479	
486	60.949	67.604	71.809	23.388	19.787	18.36	
487	60.95	67.455	71.401	23.308	19.783	18.254	
488	60.944	67.298	70.994	23.318	19.714	18.213	
489	60.932	67.133	70.588	23.228	19.691	18.178	
490	60.914	66.961	70.183	23.239	19.606	18.185	
491	60.889	66.782	69.78	23.162	19.598	18.078	
492	60.859	66.596	69.38	23.125	19.513	18.036	
493	60.822	66.404	68.982	23.098	19.505	17.975	
494	60.779	66.207	68.588	23.049	19.475	17.976	
495	60.73	66.005	68.196	23.039	19.452	17.877	
496	60.676	65.798	67.807	22.991	19.38	17.876	
497	60.616	65.586	67.422	22.952	19.303	17.874	
498	60.551	65.37	67.04	22.922	19.281	17.787	
499	60.481	65.15	66.662	22.888	19.204	17.73	
500	60.406	64.928	66.288	22.873	19.164	17.653	
501	60.325	64.701	65.918	22.799	19.155	17.607	
502	60.241	64.473	65.552	22.748	19.072	17.553	
503	60.151	64.241	65.189	22.745	19.08	17.515	
504	60.057	64.008	64.831	22.67	18.989	17.461	
505	59.959	63.772	64.477	22.66	18.966	17.426	
506	59.857	63.535	64.127	22.59	18.9	17.357	
507	59.751	63.296	63.781	22.573	18.858	17.36	
508	59.641	63.057	63.439	22.544	18.831	17.264	
509	59.528	62.816	63.101	22.54	18.784	17.234	
510	59.411	62.574	62.768	22.464	18.744	17.185	
511	59.291	62.332	62.439	22.441	18.672	17.172	
512	59.167	62.089	62.114	22.411	18.653	17.095	
513	59.041	61.846	61.793	22.38	18.604	17.039	
514	58.912	61.603	61.476	22.329	18.581	17.008	
515	58.78	61.36	61.163	22.323	18.521	16.956	
516	58.646	61.118	60.855	22.272	18.488	16.925	
517	58.509	60.875	60.55	22.233	18.453	16.889	
518	58.37	60.633	60.249	22.213	18.429	16.8	
519	58.229	60.392	59.953	22.156	18.383	16.8	
520	58.086	60.151	59.66	22.155	18.329	16.783	
521	57.941	59.911	59.371	22.107	18.281	16.705	
522	57.794	59.672	59.086	22.082	18.236	16.682	
523	57.646	59.434	58.805	22.044	18.197	16.633	
524	57.496	59.196	58.528	22.008	18.175	16.576	
525	57.345	58.96	58.254	21.973	18.11	16.541	
526	57.192	58.725	57.984	21.948	18.101	16.479	
527	57.038	58.492	57.718	21.919	18.041	16.467	
528	56.883	58.259	57.455	21.871	18.015	16.444	
529	56.727	58.028	57.195	21.848	17.935	16.346	
530	56.571	57.799	56.94	21.807	17.963	16.332	
531	56.413	57.57	56.687	21.787	17.894	16.282	
532	56.255	57.344	56.438	21.792	17.872	16.249	
533	56.096	57.118	56.192	21.715	17.836	16.21	
534	55.936	56.895	55.95	21.688	17.765	16.173	
535	55.776	56.673	55.711	21.675	17.736	16.118	
536	55.616	56.452	55.475	21.642	17.728	16.071	
537	55.455	56.233	55.242	21.635	17.67	16.051	
538	55.294	56.016	55.012	21.595	17.649	16.008	
539	55.133	55.8	54.785	21.569	17.626	15.99	
540	54.971	55.586	54.561	21.55	17.587	15.938	
541	54.81	55.374	54.341	21.51	17.537	15.923	
542	54.648	55.164	54.123	21.482	17.509	15.858	
543	54.487	54.955	53.907	21.476	17.461	15.814	
544	54.326	54.748	53.695	21.431	17.422	15.773	
545	54.165	54.543	53.486	21.41	17.437	15.761	
546	54.004	54.339	53.279	21.352	17.352	15.71	
547	53.843	54.137	53.075	21.367	17.317	15.707	
548	53.682	53.937	52.873	21.329	17.285	15.648	
549	53.522	53.739	52.674	21.326	17.238	15.622	
550	53.363	53.542	52.478	21.261	17.228	15.591	
551	53.203	53.347	52.284	21.239	17.193	15.54	
552	53.044	53.154	52.092	21.241	17.157	15.508	
553	52.886	52.962	51.903	21.207	17.129	15.477	
554	52.728	52.772	51.716	21.168	17.077	15.44	
555	52.57	52.584	51.532	21.16	17.056	15.395	
556	52.413	52.398	51.35	21.131	17.016	15.362	
557	52.257	52.213	51.17	21.103	16.947	15.317	
558	52.101	52.03	50.992	21.084	16.962	15.3	
559	51.946	51.849	50.817	21.046	16.928	15.278	
560	51.792	51.669	50.643	21.019	16.886	15.228	
561	51.638	51.491	50.472	21.007	16.84	15.186	
562	51.485	51.314	50.303	21	16.812	15.184	
563	51.333	51.139	50.136	20.961	16.801	15.133	
564	51.181	50.966	49.971	20.944	16.75	15.126	
565	51.03	50.795	49.807	20.9	16.721	15.064	
566	50.88	50.625	49.646	20.879	16.684	15.074	
567	50.73	50.456	49.487	20.845	16.66	15.01	
568	50.582	50.289	49.329	20.818	16.626	14.969	
569	50.434	50.124	49.174	20.805	16.591	14.939	
570	50.287	49.96	49.02	20.791	16.566	14.891	
571	50.141	49.798	48.868	20.756	16.54	14.877	
572	49.995	49.637	48.717	20.734	16.528	14.866	
573	49.851	49.477	48.569	20.719	16.489	14.815	
574	49.707	49.32	48.422	20.685	16.473	14.755	
575	49.564	49.163	48.276	20.662	16.434	14.74	
576	49.422	49.008	48.133	20.631	16.404	14.719	
577	49.281	48.855	47.99	20.644	16.385	14.694	
578	49.14	48.702	47.85	20.618	16.331	14.681	
579	49.001	48.552	47.711	20.576	16.316	14.62	
580	48.862	48.402	47.573	20.577	16.277	14.621	
581	48.725	48.254	47.438	20.535	16.251	14.584	
582	48.588	48.108	47.303	20.524	16.22	14.522	
583	48.452	47.962	47.17	20.504	16.18	14.507	
584	48.317	47.818	47.038	20.492	16.17	14.517	
585	48.182	47.676	46.908	20.442	16.155	14.449	
586	48.049	47.534	46.779	20.431	16.123	14.417	
587	47.916	47.394	46.652	20.436	16.098	14.362	
588	47.785	47.255	46.526	20.408	16.07	14.357	
589	47.654	47.118	46.401	20.364	16.041	14.332	
590	47.524	46.981	46.277	20.345	16.005	14.287	
591	47.395	46.846	46.155	20.333	15.99	14.25	
592	47.267	46.712	46.034	20.31	15.918	14.221	
593	47.139	46.579	45.914	20.296	15.969	14.198	
594	47.013	46.448	45.795	20.283	15.892	14.209	
595	46.887	46.317	45.678	20.24	15.88	14.155	
596	46.762	46.188	45.561	20.22	15.879	14.124	
597	46.638	46.06	45.446	20.21	15.839	14.089	
598	46.515	45.933	45.332	20.202	15.8	14.07	
599	46.393	45.807	45.219	20.184	15.748	14.033	
600	46.272	45.682	45.108	20.146	15.774	14.024	
601	46.151	45.558	44.997	20.111	15.734	13.982	
602	46.031	45.436	44.887	20.089	15.676	13.946	
603	45.913	45.314	44.778	20.073	15.681	13.918	
604	45.795	45.193	44.671	20.062	15.645	13.915	
605	45.677	45.074	44.564	20.041	15.608	13.859	
606	45.561	44.955	44.459	20.03	15.616	13.815	
607	45.445	44.838	44.354	19.998	15.592	13.779	
608	45.33	44.721	44.25	20.014	15.535	13.804	
609	45.216	44.606	44.148	19.982	15.547	13.748	
610	45.103	44.491	44.046	19.959	15.505	13.733	
611	44.991	44.377	43.945	19.939	15.468	13.708	
612	44.879	44.265	43.845	19.937	15.48	13.705	
613	44.768	44.153	43.746	19.905	15.44	13.625	
614	44.658	44.042	43.648	19.873	15.416	13.633	
615	44.549	43.932	43.551	19.872	15.373	13.599	
616	44.44	43.823	43.454	19.848	15.366	13.567	
617	44.332	43.715	43.358	19.833	15.339	13.548	
618	44.225	43.607	43.264	19.81	15.324	13.544	
619	44.119	43.501	43.17	19.793	15.289	13.484	
620	44.013	43.395	43.076	19.769	15.26	13.464	
621	43.909	43.291	42.984	19.744	15.245	13.463	
622	43.805	43.187	42.892	19.758	15.223	13.435	
623	43.701	43.084	42.802	19.727	15.19	13.375	
624	43.598	42.981	42.711	19.705	15.17	13.372	
625	43.497	42.88	42.622	19.678	15.168	13.392	
626	43.395	42.779	42.533	19.681	15.12	13.311	
627	43.295	42.679	42.446	19.667	15.098	13.304	
628	43.195	42.58	42.358	19.638	15.06	13.283	
629	43.096	42.482	42.272	19.635	15.075	13.294	
630	42.997	42.384	42.186	19.57	15.013	13.233	
631	42.899	42.287	42.101	19.565	15.066	13.236	
632	42.802	42.191	42.017	19.575	15.011	13.141	
633	42.706	42.096	41.933	19.564	14.965	13.12	
634	42.61	42.001	41.85	19.51	14.954	13.069	
635	42.515	41.907	41.767	19.493	14.942	13.106	
636	42.42	41.814	41.685	19.49	14.951	13.106	
637	42.327	41.721	41.604	19.498	14.872	13.056	
638	42.233	41.63	41.524	19.454	14.846	13.046	
639	42.141	41.538	41.444	19.459	14.818	13.027	
640	42.049	41.448	41.364	19.425	14.799	13.018	
641	41.957	41.358	41.285	19.452	14.778	12.939	
642	41.867	41.269	41.207	19.402	14.772	12.986	
643	41.777	41.18	41.13	19.387	14.721	12.945	
644	41.687	41.092	41.053	19.404	14.727	12.899	
645	41.598	41.005	40.976	19.385	14.71	12.869	
646	41.51	40.918	40.9	19.341	14.67	12.857	
647	41.422	40.832	40.825	19.34	14.697	12.832	
648	41.335	40.747	40.75	19.298	14.644	12.833	
649	41.248	40.662	40.676	19.29	14.633	12.793	
650	41.162	40.577	40.602	19.268	14.571	12.757	
651	41.077	40.494	40.528	19.249	14.593	12.771	
652	40.992	40.411	40.456	19.245	14.544	12.718	
653	40.908	40.328	40.383	19.224	14.556	12.69	
654	40.824	40.246	40.312	19.213	14.505	12.636	
655	40.741	40.165	40.24	19.188	14.528	12.643	
656	40.658	40.084	40.169	19.173	14.551	12.655	
657	40.576	40.003	40.099	19.182	14.495	12.58	
658	40.495	39.924	40.029	19.145	14.451	12.585	
659	40.413	39.844	39.96	19.135	14.393	12.576	
660	40.333	39.766	39.891	19.131	14.406	12.557	
661	40.253	39.687	39.823	19.149	14.366	12.521	
662	40.173	39.61	39.754	19.141	14.38	12.487	
663	40.094	39.533	39.687	19.085	14.354	12.478	
664	40.016	39.456	39.62	19.067	14.358	12.46	
665	39.938	39.38	39.553	19.05	14.329	12.422	
666	39.86	39.304	39.487	19.037	14.283	12.4	
667	39.783	39.229	39.421	19.049	14.264	12.403	
668	39.707	39.154	39.355	19.03	14.28	12.379	
669	39.631	39.08	39.29	19.015	14.24	12.357	
670	39.555	39.006	39.226	18.996	14.227	12.341	
671	39.48	38.933	39.161	18.983	14.189	12.272	
672	39.405	38.86	39.098	18.968	14.151	12.307	
673	39.331	38.788	39.034	18.924	14.153	12.286	
674	39.258	38.716	38.971	18.939	14.161	12.278	
675	39.184	38.644	38.908	18.916	14.153	12.296	
676	39.111	38.573	38.846	18.918	14.072	12.203	
677	39.039	38.503	38.784	18.905	14.111	12.199	
678	38.967	38.432	38.723	18.877	14.073	12.219	
679	38.896	38.363	38.661	18.874	14.028	12.143	
680	38.825	38.293	38.6	18.865	14.013	12.153	
681	38.754	38.224	38.54	18.846	13.999	12.088	
682	38.684	38.156	38.48	18.845	14.005	12.109	
683	38.614	38.088	38.42	18.808	13.954	12.072	
684	38.545	38.02	38.361	18.784	13.945	12.093	
685	38.476	37.953	38.301	18.793	13.961	12.052	
686	38.407	37.886	38.243	18.775	13.924	12.002	
687	38.339	37.82	38.184	18.777	13.89	11.991	
688	38.271	37.753	38.126	18.772	13.868	11.962	
689	38.204	37.688	38.068	18.761	13.903	11.957	
690	38.137	37.622	38.011	18.716	13.875	11.965	
691	38.071	37.557	37.954	18.724	13.843	11.91	
692	38.005	37.493	37.897	18.709	13.782	11.94	
693	37.939	37.429	37.84	18.696	13.781	11.891	
694	37.873	37.365	37.784	18.682	13.775	11.898	
695	37.808	37.301	37.728	18.653	13.738	11.859	
696	37.744	37.238	37.672	18.654	13.704	11.854	
697	37.68	37.175	37.617	18.647	13.742	11.818	
698	37.616	37.113	37.562	18.656	13.697	11.76	
699	37.552	37.051	37.507	18.615	13.678	11.745	
700	37.489	36.989	37.453	18.603	13.714	11.763	
701	37.426	36.927	37.398	18.616	13.601	11.754	
702	37.364	36.866	37.344	18.605	13.677	11.742	
703	37.302	36.806	37.291	18.55	13.664	11.695	
704	37.24	36.745	37.237	18.548	13.616	11.689	
705	37.179	36.685	37.184	18.593	13.586	11.663	
706	37.118	36.625	37.131	18.539	13.595	11.627	
707	37.057	36.566	37.079	18.519	13.587	11.625	
708	36.996	36.507	37.027	18.499	13.513	11.634	
709	36.936	36.448	36.974	18.52	13.555	11.58	
710	36.877	36.389	36.923	18.509	13.487	11.628	
711	36.817	36.331	36.871	18.491	13.491	11.511	
712	36.758	36.273	36.82	18.46	13.43	11.505	
713	36.7	36.215	36.769	18.443	13.501	11.532	
714	36.641	36.158	36.718	18.434	13.419	11.487	
715	36.583	36.101	36.667	18.397	13.433	11.469	
716	36.525	36.044	36.617	18.418	13.356	11.374	
717	36.468	35.988	36.567	18.408	13.398	11.468	
718	36.411	35.932	36.517	18.389	13.347	11.371	
719	36.354	35.876	36.468	18.416	13.365	11.461	
720	36.297	35.82	36.418	18.332	13.336	11.414	
721	36.241	35.765	36.369	18.377	13.311	11.389	
722	36.185	35.71	36.32	18.373	13.341	11.365	
723	36.129	35.655	36.271	18.316	13.339	11.362	
724	36.074	35.601	36.223	18.348	13.267	11.357	
725	36.019	35.546	36.175	18.293	13.366	11.278	
726	35.964	35.492	36.127	18.343	13.2	11.279	
727	35.91	35.439	36.079	18.3	13.25	11.255	
728	35.856	35.385	36.031	18.318	13.194	11.255	
729	35.802	35.332	35.984	18.272	13.178	11.254	
730	35.748	35.279	35.937	18.26	13.183	11.173	
731	35.695	35.226	35.89	18.22	13.167	11.208	
732	35.641	35.174	35.843	18.247	13.116	11.197	
733	35.589	35.122	35.796	18.236	13.152	11.165	
734	35.536	35.07	35.75	18.263	13.117	11.143	
735	35.484	35.018	35.704	18.212	13.131	11.119	
736	35.432	34.967	35.658	18.211	13.114	11.12	
737	35.38	34.915	35.612	18.221	13.084	11.153	
738	35.328	34.864	35.566	18.175	13.091	11.076	
739	35.277	34.814	35.521	18.168	13.067	11.094	
740	35.226	34.763	35.476	18.198	13.06	11.074	
741	35.175	34.713	35.431	18.146	13.012	11.072	
742	35.125	34.663	35.386	18.159	13.021	11.016	
743	35.075	34.613	35.341	18.16	13.027	10.987	
744	35.025	34.563	35.297	18.128	13	11.023	
745	34.975	34.514	35.253	18.098	13.023	11.013	
746	34.925	34.465	35.208	18.113	12.97	10.981	
747	34.876	34.416	35.164	18.112	13.001	10.944	
748	34.827	34.367	35.121	18.09	12.967	10.93	
749	34.778	34.319	35.077	18.087	12.928	10.902	
750	34.73	34.271	35.034	18.026	12.909	10.938	
751	34.682	34.222	34.991	18.064	12.892	10.873	
752	34.633	34.175	34.947	18.016	12.923	10.846	
753	34.586	34.127	34.905	18.042	12.881	10.845	
754	34.538	34.079	34.862	18.033	12.862	10.87	
755	34.491	34.032	34.819	17.998	12.896	10.794	
756	34.443	33.985	34.777	18.017	12.83	10.84	
757	34.396	33.938	34.735	18.016	12.778	10.837	
758	34.35	33.892	34.693	17.993	12.814	10.794	
759	34.303	33.845	34.651	17.991	12.817	10.766	
760	34.257	33.799	34.609	17.965	12.743	10.723	
761	34.211	33.753	34.567	17.94	12.757	10.727	
762	34.165	33.707	34.526	17.968	12.744	10.685	
763	34.119	33.661	34.485	17.942	12.757	10.67	
764	34.074	33.616	34.444	17.942	12.75	10.703	
765	34.029	33.571	34.403	17.928	12.723	10.649	
766	33.984	33.526	34.362	17.945	12.732	10.659	
767	33.939	33.481	34.321	17.932	12.689	10.658	
768	33.894	33.436	34.281	17.898	12.676	10.604	
769	33.85	33.391	34.24	17.901	12.684	10.63	
770	33.806	33.347	34.2	17.88	12.632	10.573	
771	33.762	33.303	34.16	17.839	12.621	10.567	
772	33.718	33.259	34.12	17.837	12.664	10.567	
773	33.674	33.215	34.08	17.851	12.613	10.567	
774	33.631	33.171	34.041	17.831	12.605	10.51	
775	33.588	33.128	34.001	17.81	12.584	10.517	
776	33.545	33.084	33.962	17.872	12.563	10.49	
777	33.502	33.041	33.922	17.813	12.541	10.499	
778	33.459	32.998	33.883	17.814	12.507	10.516	
779	33.417	32.955	33.844	17.771	12.515	10.473	
780	33.374	32.913	33.806	17.769	12.529	10.484	
781	33.332	32.87	33.767	17.816	12.552	10.405	
782	33.29	32.828	33.728	17.788	12.453	10.414	
783	33.249	32.786	33.69	17.766	12.44	10.413	
784	33.207	32.744	33.652	17.747	12.468	10.369	
785	33.166	32.702	33.613	17.727	12.424	10.347	
786	33.125	32.66	33.575	17.72	12.435	10.349	
787	33.084	32.619	33.538	17.725	12.412	10.345	
788	33.043	32.578	33.5	17.722	12.394	10.324	
789	33.002	32.536	33.462	17.703	12.376	10.317	
790	32.962	32.495	33.425	17.705	12.403	10.277	
791	32.921	32.454	33.387	17.675	12.368	10.278	
792	32.881	32.414	33.35	17.689	12.361	10.267	
793	32.841	32.373	33.313	17.679	12.381	10.266	
794	32.802	32.333	33.276	17.66	12.327	10.239	
795	32.762	32.292	33.239	17.659	12.309	10.224	
796	32.722	32.252	33.202	17.662	12.313	10.213	
797	32.683	32.212	33.165	17.654	12.325	10.176	
798	32.644	32.172	33.129	17.666	12.323	10.181	
799	32.605	32.133	33.092	17.647	12.261	10.206	
800	32.566	32.093	33.056	17.62	12.266	10.135	
801	32.528	32.054	33.02	17.605	12.279	10.152	
802	32.489	32.015	32.984	17.648	12.257	10.122	
803	32.451	31.975	32.948	17.585	12.228	10.092	
804	32.413	31.936	32.912	17.575	12.219	10.133	
805	32.375	31.898	32.876	17.566	12.198	10.093	
806	32.337	31.859	32.84	17.583	12.17	10.084	
807	32.299	31.82	32.805	17.566	12.126	10.115	
808	32.262	31.782	32.769	17.569	12.174	10.024	
809	32.224	31.744	32.734	17.516	12.099	10.047	
810	32.187	31.705	32.699	17.556	12.165	10.014	
811	32.15	31.667	32.664	17.537	12.131	9.9973	
812	32.113	31.629	32.629	17.532	12.176	10.005	
813	32.076	31.592	32.594	17.542	12.077	9.9926	
814	32.039	31.554	32.559	17.52	12.11	10.013	
815	32.003	31.517	32.524	17.499	12.091	9.9656	
816	31.967	31.479	32.49	17.51	12.082	9.9131	
817	31.93	31.442	32.455	17.487	12.062	9.9298	
818	31.894	31.405	32.421	17.492	12.059	9.9034	
819	31.858	31.368	32.386	17.483	12.042	9.9129	
820	31.823	31.331	32.352	17.46	12.018	9.8719	
821	31.787	31.294	32.318	17.453	12.005	9.8656	
822	31.751	31.258	32.284	17.45	12.012	9.8616	
823	31.716	31.221	32.25	17.451	12.006	9.8525	
824	31.681	31.185	32.217	17.443	12.007	9.8497	
825	31.646	31.148	32.183	17.437	11.988	9.8449	
826	31.611	31.112	32.149	17.433	11.98	9.8362	
827	31.576	31.076	32.116	17.43	11.974	9.8144	
828	31.541	31.04	32.082	17.419	11.964	9.8087	
829	31.507	31.005	32.049	17.407	11.95	9.7941	
830	31.472	30.969	32.016	17.407	11.946	9.8031	
831	31.438	30.933	31.983	17.4	11.919	9.7859	
832	31.404	30.898	31.95	17.384	11.91	9.7662	
833	31.37	30.863	31.917	17.379	11.905	9.7353	
834	31.336	30.827	31.884	17.367	11.897	9.7158	
835	31.302	30.792	31.851	17.36	11.889	9.7177	
836	31.268	30.757	31.819	17.358	11.888	9.6974	
837	31.235	30.722	31.786	17.35	11.861	9.7024	
838	31.201	30.688	31.753	17.356	11.846	9.6741	
839	31.168	30.653	31.721	17.339	11.835	9.6728	
840	31.135	30.618	31.689	17.323	11.851	9.6213	
841	31.102	30.584	31.657	17.338	11.799	9.6059	
842	31.069	30.55	31.624	17.35	11.812	9.6524	
843	31.036	30.515	31.592	17.333	11.79	9.6237	
844	31.004	30.481	31.56	17.328	11.8	9.6135	
845	30.971	30.447	31.529	17.337	11.83	9.5864	
846	30.939	30.413	31.497	17.25	11.762	9.5728	
847	30.906	30.38	31.465	17.316	11.671	9.6306	
848	30.874	30.346	31.434	17.299	11.801	9.6341	
849	30.842	30.312	31.402	17.296	11.713	9.5251	
850	30.81	30.279	31.371	17.278	11.74	9.5683	
851	30.778	30.246	31.339	17.254	11.712	9.5872	
852	30.746	30.212	31.308	17.249	11.723	9.4661	
853	30.715	30.179	31.277	17.279	11.658	9.4759	
854	30.683	30.146	31.246	17.228	11.704	9.4325	
855	30.652	30.113	31.215	17.23	11.626	9.478	
856	30.621	30.08	31.184	17.202	11.678	9.4881	
857	30.589	30.047	31.153	17.234	11.659	9.4508	
858	30.558	30.015	31.122	17.248	11.682	9.4151	
859	30.527	29.982	31.091	17.26	11.629	9.461	
860	30.497	29.95	31.061	17.206	11.667	9.4684	
861	30.466	29.917	31.03	17.177	11.615	9.3825	
862	30.435	29.885	31	17.215	11.595	9.3837	
863	30.405	29.853	30.969	17.205	11.644	9.3907	
864	30.374	29.821	30.939	17.208	11.589	9.387	
865	30.344	29.789	30.909	17.157	11.577	9.3165	
866	30.314	29.757	30.878	17.167	11.563	9.3468	
867	30.284	29.725	30.848	17.147	11.513	9.3459	
868	30.254	29.693	30.818	17.118	11.543	9.3501	
869	30.224	29.662	30.788	17.15	11.508	9.2901	
870	30.194	29.63	30.758	17.159	11.516	9.3057	
871	30.164	29.599	30.729	17.146	11.508	9.2767	
872	30.135	29.567	30.699	17.131	11.512	9.3136	
873	30.105	29.536	30.669	17.157	11.469	9.267	
874	30.076	29.505	30.64	17.129	11.488	9.2504	
875	30.047	29.474	30.61	17.111	11.474	9.2559	
876	30.018	29.443	30.581	17.115	11.465	9.2204	
877	29.988	29.412	30.551	17.112	11.46	9.2537	
878	29.96	29.381	30.522	17.083	11.444	9.2191	
879	29.931	29.35	30.493	17.079	11.432	9.1998	
880	29.902	29.32	30.464	17.071	11.421	9.1926	
881	29.873	29.289	30.435	17.069	11.417	9.1849	
882	29.845	29.259	30.406	17.067	11.412	9.1889	
883	29.816	29.228	30.377	17.063	11.408	9.1794	
884	29.788	29.198	30.348	17.061	11.404	9.1718	
885	29.759	29.168	30.319	17.061	11.396	9.1709	
886	29.731	29.138	30.29	17.056	11.388	9.1566	
887	29.703	29.108	30.262	17.046	11.371	9.1428	
888	29.675	29.078	30.233	17.044	11.364	9.1243	
889	29.647	29.048	30.204	17.031	11.351	9.1119	
890	29.619	29.018	30.176	17.018	11.337	9.0964	
891	29.592	28.988	30.148	17.012	11.328	9.0812	
892	29.564	28.958	30.119	17.01	11.316	9.0788	
893	29.536	28.929	30.091	17.003	11.31	9.0602	
894	29.509	28.899	30.063	16.991	11.308	9.0486	
895	29.481	28.87	30.035	16.999	11.303	9.0533	
896	29.454	28.841	30.007	16.989	11.29	9.0498	
897	29.427	28.811	29.979	16.989	11.285	9.0476	
898	29.4	28.782	29.951	16.987	11.282	9.0195	
899	29.373	28.753	29.923	16.979	11.268	9.0175	
900	29.346	28.724	29.895	16.966	11.258	8.9949	
901	29.319	28.695	29.867	16.947	11.247	8.9733	
902	29.292	28.666	29.839	16.948	11.229	8.9685	
903	29.266	28.638	29.812	16.945	11.226	8.9618	
904	29.239	28.609	29.784	16.94	11.217	8.9595	
905	29.212	28.58	29.757	16.932	11.215	8.9576	
906	29.186	28.552	29.729	16.934	11.21	8.9517	
907	29.16	28.523	29.702	16.929	11.206	8.9528	
908	29.133	28.495	29.675	16.931	11.194	8.9288	
909	29.107	28.467	29.647	16.916	11.183	8.9209	
910	29.081	28.438	29.62	16.902	11.167	8.91	
911	29.055	28.41	29.593	16.906	11.155	8.9055	
912	29.029	28.382	29.566	16.894	11.128	8.8691	
913	29.003	28.354	29.539	16.881	11.137	8.8493	
914	28.978	28.326	29.512	16.883	11.127	8.8511	
915	28.952	28.298	29.485	16.876	11.114	8.8449	
916	28.926	28.27	29.458	16.869	11.119	8.8435	
917	28.901	28.243	29.431	16.869	11.116	8.8377	
918	28.875	28.215	29.405	16.872	11.111	8.8326	
919	28.85	28.187	29.378	16.868	11.102	8.8198	
920	28.825	28.16	29.351	16.862	11.094	8.8106	
921	28.799	28.132	29.325	16.852	11.081	8.8013	
922	28.774	28.105	29.298	16.848	11.073	8.8045	
923	28.749	28.078	29.272	16.851	11.066	8.7956	
924	28.724	28.05	29.245	16.835	11.037	8.7695	
925	28.699	28.023	29.219	16.832	11.054	8.7564	
926	28.674	27.996	29.193	16.815	11.035	8.7417	
927	28.65	27.969	29.167	16.816	11.041	8.7315	
928	28.625	27.942	29.14	16.814	11.034	8.7362	
929	28.6	27.915	29.114	16.797	10.994	8.7477	
930	28.576	27.888	29.088	16.793	10.972	8.7269	
931	28.551	27.861	29.062	16.805	11.016	8.7154	
932	28.527	27.835	29.036	16.812	10.951	8.6826	
933	28.503	27.808	29.01	16.782	11.008	8.6791	
934	28.479	27.782	28.985	16.775	10.976	8.695	
935	28.454	27.755	28.959	16.773	10.978	8.6554	
936	28.43	27.729	28.933	16.753	10.941	8.6501	
937	28.406	27.702	28.907	16.753	10.935	8.6851	
938	28.382	27.676	28.882	16.783	10.944	8.6069	
939	28.358	27.65	28.856	16.761	10.933	8.6336	
940	28.335	27.623	28.831	16.766	10.894	8.6504	
941	28.311	27.597	28.805	16.76	10.92	8.6114	
942	28.287	27.571	28.78	16.739	10.886	8.5574	
943	28.264	27.545	28.755	16.715	10.91	8.5951	
944	28.24	27.519	28.729	16.717	10.929	8.5787	
945	28.217	27.493	28.704	16.744	10.893	8.5827	
946	28.193	27.468	28.679	16.743	10.888	8.5713	
947	28.17	27.442	28.654	16.722	10.888	8.5569	
948	28.147	27.416	28.628	16.718	10.861	8.5456	
949	28.124	27.391	28.603	16.708	10.84	8.5238	
950	28.1	27.365	28.578	16.702	10.832	8.5213	
951	28.077	27.34	28.554	16.691	10.851	8.5259	
952	28.054	27.314	28.529	16.683	10.844	8.5209	
953	28.031	27.289	28.504	16.694	10.825	8.4986	
954	28.009	27.263	28.479	16.695	10.819	8.5124	
955	27.986	27.238	28.454	16.682	10.807	8.4784	
956	27.963	27.213	28.43	16.663	10.812	8.4848	
957	27.94	27.188	28.405	16.664	10.803	8.5324	
958	27.918	27.163	28.38	16.644	10.785	8.4534	
959	27.895	27.138	28.356	16.666	10.771	8.4791	
960	27.873	27.113	28.331	16.678	10.753	8.4078	
961	27.85	27.088	28.307	16.673	10.778	8.3952	
962	27.828	27.063	28.282	16.661	10.689	8.3687	
963	27.806	27.038	28.258	16.62	10.712	8.4149	
964	27.784	27.013	28.234	16.649	10.748	8.3485	
965	27.762	26.989	28.209	16.617	10.733	8.3817	
966	27.74	26.964	28.185	16.628	10.753	8.359	
967	27.718	26.939	28.161	16.623	10.733	8.3919	
968	27.696	26.915	28.137	16.627	10.745	8.3832	
969	27.674	26.891	28.113	16.611	10.709	8.3707	
970	27.652	26.866	28.089	16.625	10.692	8.3925	
971	27.63	26.842	28.065	16.613	10.68	8.3706	
972	27.608	26.818	28.041	16.61	10.702	8.3492	
973	27.587	26.793	28.017	16.61	10.685	8.3224	
974	27.565	26.769	27.993	16.594	10.661	8.3374	
975	27.544	26.745	27.969	16.588	10.668	8.2816	
976	27.522	26.721	27.946	16.58	10.653	8.2972	
977	27.501	26.697	27.922	16.575	10.641	8.2843	
978	27.479	26.673	27.898	16.572	10.632	8.2858	
979	27.458	26.649	27.875	16.57	10.638	8.2719	
980	27.437	26.625	27.851	16.575	10.628	8.2724	
981	27.416	26.601	27.828	16.572	10.626	8.2804	
982	27.395	26.578	27.804	16.566	10.621	8.2707	
983	27.374	26.554	27.781	16.562	10.623	8.2828	
984	27.353	26.53	27.757	16.548	10.613	8.2676	
985	27.332	26.507	27.734	16.546	10.617	8.2362	
986	27.311	26.483	27.711	16.573	10.595	8.2584	
987	27.29	26.46	27.687	16.537	10.591	8.2149	
988	27.269	26.436	27.664	16.532	10.56	8.1936	
989	27.248	26.413	27.641	16.524	10.566	8.1933	
990	27.228	26.39	27.618	16.52	10.547	8.1876	
991	27.207	26.366	27.595	16.519	10.55	8.1676	
992	27.187	26.343	27.572	16.52	10.545	8.1802	
993	27.166	26.32	27.549	16.509	10.544	8.1739	
994	27.146	26.297	27.526	16.517	10.548	8.1768	
995	27.125	26.274	27.503	16.503	10.54	8.1619	
996	27.105	26.251	27.48	16.496	10.533	8.1554	
997	27.085	26.228	27.457	16.504	10.529	8.1444	
998	27.065	26.205	27.434	16.493	10.516	8.1417	
999	27.044	26.182	27.412	16.483	10.502	8.1776	
1000	27.024	26.159	27.389	16.5	10.478	8.1157	
1001	27.004	26.136	27.366	16.464	10.53	8.0949	
1002	26.984	26.114	27.344	16.485	10.51	8.0982	
1003	26.964	26.091	27.321	16.476	10.477	8.0989	
1004	26.944	26.068	27.298	16.475	10.443	8.0759	
1005	26.925	26.046	27.276	16.439	10.542	8.1117	
1006	26.905	26.023	27.253	16.467	10.428	8.1096	
1007	26.885	26.001	27.231	16.465	10.492	8.0327	
1008	26.865	25.978	27.209	16.449	10.484	8.0563	
1009	26.846	25.956	27.186	16.429	10.432	8.0496	
1010	26.826	25.934	27.164	16.466	10.451	8.0414	
1011	26.807	25.911	27.142	16.433	10.444	8.0428	
1012	26.787	25.889	27.12	16.438	10.431	8.0143	
1013	26.768	25.867	27.097	16.434	10.414	8.0082	
1014	26.748	25.845	27.075	16.435	10.394	8.0042	
1015	26.729	25.823	27.053	16.437	10.4	7.9932	
1016	26.71	25.801	27.031	16.413	10.402	8.087	
1017	26.691	25.779	27.009	16.395	10.365	7.9546	
1018	26.671	25.757	26.987	16.391	10.366	7.9748	
1019	26.652	25.735	26.965	16.377	10.349	7.938	
1020	26.633	25.713	26.943	16.428	10.409	7.9076	
1021	26.614	25.691	26.921	16.344	10.406	7.9482	
1022	26.595	25.669	26.9	16.399	10.335	7.9468	
1023	26.576	25.648	26.878	16.418	10.322	7.9437	
1024	26.557	25.626	26.856	16.374	10.301	7.9785	
1025	26.539	25.604	26.834	16.416	10.31	7.9159	
1026	26.52	25.583	26.813	16.38	10.359	7.8728	
1027	26.501	25.561	26.791	16.414	10.241	7.8987	
1028	26.482	25.54	26.769	16.371	10.339	7.8451	
1029	26.464	25.518	26.748	16.355	10.283	7.8299	
1030	26.445	25.497	26.726	16.359	10.328	7.903	
1031	26.427	25.476	26.705	16.422	10.333	7.9249	
1032	26.408	25.454	26.683	16.316	10.327	7.8632	
1033	26.39	25.433	26.662	16.382	10.287	7.887	
1034	26.371	25.412	26.641	16.356	10.309	7.8533	
1035	26.353	25.391	26.619	16.379	10.251	7.9231	
1036	26.335	25.369	26.598	16.253	10.285	7.8388	
1037	26.317	25.348	26.577	16.397	10.175	7.8035	
1038	26.298	25.327	26.556	16.319	10.24	7.9786	
1039	26.28	25.306	26.534	16.361	10.29	7.9209	
1040	26.262	25.285	26.513	16.298	10.088	7.8087	
1041	26.244	25.264	26.492	16.335	10.216	7.8567	
1042	26.226	25.243	26.471	16.445	10.238	7.6434	
1043	26.208	25.223	26.45	16.412	10.176	7.6925	
1044	26.19	25.202	26.429	16.267	10.268	7.7417	
1045	26.172	25.181	26.408	16.308	10.204	7.7873	
1046	26.154	25.16	26.387	16.204	10.35	7.5825	
1047	26.136	25.14	26.366	16.266	10.039	7.7932	
1048	26.119	25.119	26.345	16.229	10.157	7.8069	
1049	26.101	25.098	26.324	16.299	10.171	7.7236	
1050	26.083	25.078	26.304	16.276	10.083	7.8107	
1051	26.066	25.057	26.283	16.278	10.17	7.7396	
1052	26.048	25.037	26.262	16.273	10.161	7.7044	
1053	26.031	25.016	26.242	16.277	10.167	7.7231	
1054	26.013	24.996	26.221	16.277	10.148	7.7089	
1055	25.996	24.976	26.2	16.277	10.167	7.6972	
1056	25.978	24.955	26.18	16.273	10.135	7.687	
1057	25.961	24.935	26.159	16.269	10.153	7.6997	
1058	25.944	24.915	26.139	16.262	10.142	7.6709	
1059	25.926	24.895	26.118	16.247	10.134	7.6933	
1060	25.909	24.875	26.098	16.254	10.134	7.6648	
1061	25.892	24.854	26.077	16.263	10.116	7.6747	
1062	25.875	24.834	26.057	16.239	10.115	7.6648	
1063	25.858	24.814	26.037	16.235	10.098	7.6667	
1064	25.84	24.794	26.016	16.233	10.093	7.6472	
1065	25.823	24.774	25.996	16.225	10.087	7.629	
1066	25.806	24.754	25.976	16.232	10.086	7.618	
1067	25.789	24.735	25.956	16.223	10.089	7.6219	
1068	25.773	24.715	25.935	16.218	10.078	7.6284	
1069	25.756	24.695	25.915	16.223	10.054	7.6005	
1070	25.739	24.675	25.895	16.22	10.079	7.5985	
1071	25.722	24.655	25.875	16.218	10.063	7.599	
1072	25.705	24.636	25.855	16.202	10.065	7.5925	
1073	25.689	24.616	25.835	16.215	10.029	7.5661	
1074	25.672	24.597	25.815	16.199	10.044	7.5808	
1075	25.655	24.577	25.795	16.193	10.033	7.5517	
1076	25.639	24.557	25.775	16.201	10.022	7.5548	
1077	25.622	24.538	25.755	16.189	10.024	7.5511	
1078	25.606	24.518	25.735	16.185	10.008	7.5417	
1079	25.589	24.499	25.716	16.186	10.022	7.5314	
1080	25.573	24.48	25.696	16.186	10.011	7.5387	
1081	25.556	24.46	25.676	16.179	10.01	7.5348	
1082	25.54	24.441	25.656	16.172	10.007	7.5257	
1083	25.524	24.422	25.637	16.18	9.9947	7.5117	
1084	25.508	24.403	25.617	16.172	9.995	7.5129	
1085	25.491	24.383	25.597	16.166	9.9914	7.5014	
1086	25.475	24.364	25.578	16.171	9.9923	7.5038	
1087	25.459	24.345	25.558	16.156	9.9873	7.4945	
1088	25.443	24.326	25.539	16.166	9.9817	7.4997	
1089	25.427	24.307	25.519	16.159	9.9779	7.4821	
1090	25.411	24.288	25.5	16.158	9.9803	7.4881	
1091	25.395	24.269	25.48	16.153	9.9785	7.4853	
1092	25.379	24.25	25.461	16.144	9.9565	7.4715	
1093	25.363	24.231	25.442	16.148	9.9506	7.4729	
1094	25.347	24.212	25.422	16.141	9.9601	7.4722	
1095	25.331	24.193	25.403	16.15	9.9318	7.4483	
1096	25.315	24.175	25.384	16.144	9.9407	7.4519	
1097	25.3	24.156	25.364	16.13	9.9283	7.4383	
1098	25.284	24.137	25.345	16.124	9.9234	7.4168	
1099	25.268	24.118	25.326	16.123	9.9232	7.4195	
1100	25.252	24.1	25.307	16.113	9.9178	7.4139	
1101	25.237	24.081	25.288	16.124	9.9056	7.3964	
1102	25.221	24.063	25.269	16.116	9.8945	7.3888	
1103	25.206	24.044	25.25	16.109	9.8791	7.3797	
1104	25.19	24.026	25.231	16.105	9.888	7.3786	
1105	25.175	24.007	25.212	16.097	9.8862	7.3711	
1106	25.159	23.989	25.193	16.101	9.8753	7.3644	
1107	25.144	23.97	25.174	16.09	9.8672	7.3615	
1108	25.128	23.952	25.155	16.098	9.873	7.3533	
1109	25.113	23.933	25.136	16.089	9.8628	7.35	
1110	25.098	23.915	25.117	16.087	9.8562	7.3493	
1111	25.083	23.897	25.098	16.086	9.8575	7.3426	
1112	25.067	23.879	25.079	16.085	9.8439	7.3361	
1113	25.052	23.86	25.061	16.085	9.8491	7.3346	
1114	25.037	23.842	25.042	16.08	9.8466	7.3305	
1115	25.022	23.824	25.023	16.077	9.8484	7.3291	
1116	25.007	23.806	25.004	16.078	9.8409	7.3321	
1117	24.992	23.788	24.986	16.079	9.8416	7.3209	
1118	24.977	23.77	24.967	16.072	9.8334	7.3214	
1119	24.962	23.752	24.949	16.06	9.8347	7.3015	
1120	24.947	23.734	24.93	16.068	9.8313	7.2924	
1121	24.932	23.716	24.911	16.067	9.8176	7.2878	
1122	24.917	23.698	24.893	16.06	9.8063	7.2978	
1123	24.902	23.68	24.874	16.048	9.8069	7.2903	
1124	24.887	23.662	24.856	16.063	9.8076	7.2673	
1125	24.872	23.644	24.838	16.054	9.7979	7.2623	
1126	24.858	23.627	24.819	16.058	9.8085	7.2676	
1127	24.843	23.609	24.801	16.033	9.7894	7.2435	
1128	24.828	23.591	24.782	16.033	9.7801	7.246	
1129	24.813	23.573	24.764	16.039	9.78	7.2589	
1130	24.799	23.556	24.746	16.029	9.784	7.2303	
1131	24.784	23.538	24.728	16.028	9.7661	7.2327	
1132	24.77	23.521	24.709	16.029	9.7641	7.2224	
1133	24.755	23.503	24.691	16.022	9.7746	7.22	
1134	24.741	23.485	24.673	16.013	9.7404	7.2208	
1135	24.726	23.468	24.655	16.016	9.7516	7.1929	
1136	24.712	23.45	24.637	16.019	9.733	7.2045	
1137	24.697	23.433	24.619	16.012	9.7186	7.2018	
1138	24.683	23.416	24.601	16.011	9.7314	7.1817	
1139	24.669	23.398	24.583	16.007	9.7294	7.188	
1140	24.654	23.381	24.565	16	9.711	7.1734	
1141	24.64	23.364	24.547	16.013	9.7229	7.1701	
1142	24.626	23.346	24.529	16.009	9.7157	7.1425	
1143	24.612	23.329	24.511	15.991	9.7047	7.1754	
1144	24.597	23.312	24.493	15.991	9.6948	7.1627	
1145	24.583	23.295	24.475	15.994	9.7082	7.1617	
1146	24.569	23.278	24.457	15.991	9.6734	7.1488	
1147	24.555	23.26	24.439	15.987	9.6773	7.1375	
1148	24.541	23.243	24.421	15.993	9.6824	7.1398	
1149	24.527	23.226	24.404	15.982	9.6859	7.1336	
1150	24.513	23.209	24.386	15.971	9.6696	7.1285	
1151	24.499	23.192	24.368	15.973	9.6557	7.1144	
1152	24.485	23.175	24.351	15.974	9.6664	7.1066	
1153	24.471	23.158	24.333	15.967	9.6521	7.0941	
1154	24.457	23.141	24.315	15.961	9.6519	7.0958	
1155	24.444	23.124	24.298	15.966	9.6506	7.0979	
1156	24.43	23.108	24.28	15.955	9.6498	7.0837	
1157	24.416	23.091	24.263	15.955	9.6421	7.0727	
1158	24.402	23.074	24.245	15.956	9.6421	7.0731	
1159	24.388	23.057	24.228	15.96	9.6267	7.0708	
1160	24.375	23.04	24.21	15.957	9.628	7.0722	
1161	24.361	23.024	24.193	15.947	9.6061	7.0769	
1162	24.348	23.007	24.175	15.943	9.6372	7.0503	
1163	24.334	22.99	24.158	15.932	9.6109	7.0423	
1164	24.32	22.974	24.14	15.933	9.5892	7.0355	
1165	24.307	22.957	24.123	15.926	9.6021	7.0251	
1166	24.293	22.941	24.106	15.934	9.5923	7.0232	
1167	24.28	22.924	24.088	15.935	9.6092	7.0307	
1168	24.266	22.907	24.071	15.925	9.5875	7.0159	
1169	24.253	22.891	24.054	15.919	9.579	7.0094	
1170	24.239	22.874	24.037	15.923	9.5874	6.9969	
1171	24.226	22.858	24.019	15.918	9.5745	6.9927	
1172	24.213	22.842	24.002	15.915	9.5753	6.9904	
1173	24.2	22.825	23.985	15.913	9.572	6.9898	
1174	24.186	22.809	23.968	15.912	9.5717	6.9855	
1175	24.173	22.793	23.951	15.911	9.5671	6.9893	
1176	24.16	22.776	23.934	15.909	9.5553	6.9753	
1177	24.147	22.76	23.917	15.913	9.5548	6.9734	
1178	24.133	22.744	23.9	15.902	9.5491	6.9642	
1179	24.12	22.728	23.883	15.902	9.5544	6.9693	
1180	24.107	22.711	23.866	15.901	9.5467	6.9584	
1181	24.094	22.695	23.849	15.901	9.5467	6.9598	
1182	24.081	22.679	23.832	15.894	9.5385	6.9547	
1183	24.068	22.663	23.815	15.897	9.537	6.95	
1184	24.055	22.647	23.798	15.892	9.532	6.9421	
1185	24.042	22.631	23.781	15.883	9.531	6.946	
1186	24.029	22.615	23.765	15.885	9.5219	6.9289	
1187	24.016	22.599	23.748	15.884	9.5224	6.9354	
1188	24.003	22.583	23.731	15.877	9.523	6.9241	
1189	23.99	22.567	23.714	15.882	9.5084	6.9071	
1190	23.977	22.551	23.697	15.876	9.5137	6.9197	
1191	23.965	22.535	23.681	15.87	9.5099	6.9094	
1192	23.952	22.519	23.664	15.871	9.4961	6.8957	
1193	23.939	22.504	23.647	15.868	9.4961	6.8932	
1194	23.926	22.488	23.631	15.862	9.5027	6.9035	
1195	23.914	22.472	23.614	15.874	9.474	6.8908	
1196	23.901	22.456	23.598	15.86	9.4905	6.8699	
1197	23.888	22.441	23.581	15.862	9.4762	6.8911	
1198	23.876	22.425	23.564	15.852	9.4631	6.8864	
1199	23.863	22.409	23.548	15.851	9.477	6.8633	
1200	23.851	22.394	23.531	15.858	9.4625	6.8505	
1201	23.838	22.378	23.515	15.861	9.4796	6.8706	
1202	23.825	22.362	23.498	15.841	9.4636	6.8566	
1203	23.813	22.347	23.482	15.848	9.4582	6.8337	
1204	23.8	22.331	23.466	15.851	9.4464	6.8183	
1205	23.788	22.316	23.449	15.832	9.4472	6.8323	
1206	23.776	22.3	23.433	15.836	9.466	6.8321	
1207	23.763	22.285	23.417	15.846	9.4633	6.8204	
1208	23.751	22.269	23.4	15.832	9.4402	6.8124	
1209	23.739	22.254	23.384	15.836	9.4279	6.8174	
1210	23.726	22.239	23.368	15.829	9.4198	6.7981	
1211	23.714	22.223	23.352	15.824	9.4014	6.7811	
1212	23.702	22.208	23.335	15.822	9.4159	6.7865	
1213	23.689	22.192	23.319	15.831	9.4125	6.7945	
1214	23.677	22.177	23.303	15.818	9.422	6.771	
1215	23.665	22.162	23.287	15.827	9.4065	6.7776	
1216	23.653	22.147	23.271	15.816	9.3902	6.7962	
1217	23.641	22.131	23.255	15.82	9.3945	6.7799	
1218	23.629	22.116	23.238	15.792	9.3676	6.7812	
1219	23.617	22.101	23.222	15.814	9.3787	6.7488	
1220	23.604	22.086	23.206	15.812	9.3724	6.7566	
1221	23.592	22.071	23.19	15.792	9.3678	6.7577	
1222	23.58	22.056	23.174	15.806	9.4041	6.7482	
1223	23.568	22.041	23.158	15.808	9.3612	6.7497	
1224	23.556	22.026	23.142	15.802	9.3661	6.7322	
1225	23.544	22.011	23.126	15.793	9.3623	6.7376	
1226	23.533	21.996	23.111	15.803	9.3763	6.7294	
1227	23.521	21.981	23.095	15.81	9.3589	6.7325	
1228	23.509	21.966	23.079	15.774	9.3448	6.7237	
1229	23.497	21.951	23.063	15.767	9.3236	6.7278	
1230	23.485	21.936	23.047	15.774	9.3573	6.7086	
1231	23.473	21.921	23.031	15.796	9.3605	6.676	
1232	23.462	21.906	23.016	15.789	9.3331	6.7336	
1233	23.45	21.891	23	15.803	9.3612	6.6865	
1234	23.438	21.877	22.984	15.779	9.3636	6.7088	
1235	23.426	21.862	22.968	15.762	9.3504	6.6856	
1236	23.415	21.847	22.953	15.776	9.3508	6.7156	
1237	23.403	21.832	22.937	15.771	9.3581	6.6932	
1238	23.391	21.818	22.921	15.803	9.3178	6.7029	
1239	23.38	21.803	22.906	15.735	9.3726	6.7182	
1240	23.368	21.788	22.89	15.732	9.2717	6.6779	
1241	23.357	21.774	22.875	15.745	9.341	6.6356	
1242	23.345	21.759	22.859	15.735	9.3044	6.6996	
1243	23.334	21.744	22.844	15.764	9.3127	6.761	
1244	23.322	21.73	22.828	15.782	9.3076	6.6586	
1245	23.311	21.715	22.813	15.721	9.362	6.5928	
1246	23.299	21.701	22.797	15.748	9.298	6.6041	
1247	23.288	21.686	22.782	15.731	9.2333	6.6094	
1248	23.276	21.672	22.766	15.743	9.2731	6.5843	
1249	23.265	21.657	22.751	15.775	9.2931	6.6536	
1250	23.254	21.643	22.735	15.753	9.3398	6.5861	
1251	23.242	21.629	22.72	15.739	9.2561	6.6486	
1252	23.231	21.614	22.705	15.709	9.2021	6.5795	
1253	23.22	21.6	22.689	15.708	9.3079	6.5872	
1254	23.208	21.586	22.674	15.716	9.2289	6.5936	
1255	23.197	21.571	22.659	15.74	9.2415	6.623	
1256	23.186	21.557	22.643	15.719	9.2629	6.5966	
1257	23.175	21.543	22.628	15.717	9.2216	6.5567	
1258	23.164	21.528	22.613	15.725	9.2458	6.548	
1259	23.152	21.514	22.598	15.694	9.2312	6.5771	
1260	23.141	21.5	22.583	15.709	9.2387	6.553	
1261	23.13	21.486	22.567	15.706	9.2178	6.5473	
1262	23.119	21.472	22.552	15.689	9.2162	6.5425	
1263	23.108	21.458	22.537	15.706	9.2186	6.5313	
1264	23.097	21.443	22.522	15.682	9.2026	6.5444	
1265	23.086	21.429	22.507	15.708	9.2245	6.5324	
1266	23.075	21.415	22.492	15.696	9.2306	6.5176	
1267	23.064	21.401	22.477	15.709	9.2023	6.5414	
1268	23.053	21.387	22.462	15.714	9.2095	6.5453	
1269	23.042	21.373	22.447	15.701	9.2186	6.5538	
1270	23.031	21.359	22.432	15.696	9.198	6.5367	
1271	23.02	21.345	22.417	15.683	9.2039	6.5136	
1272	23.009	21.331	22.402	15.688	9.2189	6.5472	
1273	22.998	21.317	22.387	15.705	9.2243	6.5247	
1274	22.988	21.304	22.372	15.701	9.2005	6.5306	
1275	22.977	21.29	22.357	15.686	9.1823	6.4939	
1276	22.966	21.276	22.342	15.699	9.2087	6.5205	
1277	22.955	21.262	22.328	15.663	9.1993	6.5191	
1278	22.944	21.248	22.313	15.665	9.1892	6.5112	
1279	22.934	21.234	22.298	15.681	9.1589	6.4593	
1280	22.923	21.221	22.283	15.675	9.156	6.4798	
1281	22.912	21.207	22.268	15.682	9.1567	6.4748	
1282	22.902	21.193	22.254	15.676	9.169	6.4949	
1283	22.891	21.179	22.239	15.656	9.1537	6.4527	
1284	22.88	21.166	22.224	15.632	9.1916	6.4591	
1285	22.87	21.152	22.21	15.644	9.1608	6.4782	
1286	22.859	21.138	22.195	15.669	9.1557	6.4463	
1287	22.849	21.125	22.18	15.652	9.1412	6.4697	
1288	22.838	21.111	22.166	15.663	9.1606	6.4591	
1289	22.827	21.098	22.151	15.652	9.1422	6.4344	
1290	22.817	21.084	22.136	15.657	9.1551	6.4376	
1291	22.806	21.071	22.122	15.64	9.1345	6.4164	
1292	22.796	21.057	22.107	15.656	9.1345	6.4736	
1293	22.786	21.044	22.093	15.647	9.1239	6.4379	
1294	22.775	21.03	22.078	15.668	9.1578	6.4281	
1295	22.765	21.017	22.064	15.646	9.1369	6.3954	
1296	22.754	21.003	22.049	15.653	9.1292	6.3926	
1297	22.744	20.99	22.035	15.651	9.0942	6.4387	
1298	22.734	20.976	22.02	15.631	9.1357	6.4042	
1299	22.723	20.963	22.006	15.641	9.0837	6.373	
1300	22.713	20.95	21.992	15.624	9.1037	6.3995	
1301	22.703	20.936	21.977	15.641	9.126	6.3705	
1302	22.692	20.923	21.963	15.611	9.0799	6.4187	
1303	22.682	20.91	21.948	15.637	9.1245	6.3851	
1304	22.672	20.897	21.934	15.648	9.1135	6.3952	
1305	22.662	20.883	21.92	15.652	9.0861	6.3467	
1306	22.652	20.87	21.906	15.629	9.1235	6.3831	
1307	22.641	20.857	21.891	15.62	9.108	6.3954	
1308	22.631	20.844	21.877	15.613	9.0891	6.388	
1309	22.621	20.831	21.863	15.62	9.0991	6.3783	
1310	22.611	20.817	21.849	15.612	9.0767	6.3653	
1311	22.601	20.804	21.834	15.62	9.0461	6.3913	
1312	22.591	20.791	21.82	15.608	9.0606	6.3221	
1313	22.581	20.778	21.806	15.613	9.0866	6.3847	
1314	22.571	20.765	21.792	15.607	9.0596	6.3495	
1315	22.561	20.752	21.778	15.602	9.0327	6.3262	
1316	22.551	20.739	21.764	15.629	8.9941	6.3194	
1317	22.541	20.726	21.75	15.605	9.0557	6.3822	
1318	22.531	20.713	21.735	15.589	9.0545	6.3601	
1319	22.521	20.7	21.721	15.631	9.0479	6.354	
1320	22.511	20.687	21.707	15.574	9.0367	6.3584	
1321	22.501	20.674	21.693	15.612	9.0226	6.3347	
1322	22.491	20.661	21.679	15.601	8.9983	6.2378	
1323	22.481	20.648	21.665	15.554	9.0135	6.278	
1324	22.471	20.635	21.651	15.608	9.0519	6.2872	
1325	22.462	20.622	21.638	15.621	8.9865	6.3038	
1326	22.452	20.61	21.624	15.629	8.988	6.2721	
1327	22.442	20.597	21.61	15.6	9.0561	6.2622	
1328	22.432	20.584	21.596	15.561	8.9618	6.3632	
1329	22.422	20.571	21.582	15.563	8.9748	6.2771	
1330	22.413	20.558	21.568	15.621	9.0407	6.2531	
1331	22.403	20.546	21.554	15.566	9.0607	6.3246	
1332	22.393	20.533	21.54	15.561	8.9719	6.418	
1333	22.383	20.52	21.527	15.578	9.0236	6.2824	
1334	22.374	20.508	21.513	15.6	8.9906	6.2743	
1335	22.364	20.495	21.499	15.55	9.0051	6.153	
1336	22.355	20.482	21.485	15.537	9.0374	6.3185	
1337	22.345	20.47	21.472	15.618	8.9803	6.1591	
1338	22.335	20.457	21.458	15.535	9.048	6.2468	
1339	22.326	20.445	21.444	15.561	9.032	6.2708	
1340	22.316	20.432	21.431	15.593	9.0077	6.1586	
1341	22.307	20.419	21.417	15.666	8.8259	6.2786	
1342	22.297	20.407	21.403	15.575	8.9248	6.4947	
1343	22.288	20.394	21.39	15.64	9.0003	6.4568	
1344	22.278	20.382	21.376	15.52	9.0383	6.2736	
1345	22.269	20.369	21.362	15.567	9.1261	6.2256	
1346	22.259	20.357	21.349	15.405	8.8527	6.0078	
1347	22.25	20.344	21.335	15.559	9.1196	5.8337	
1348	22.24	20.332	21.322	15.504	9.1334	6.1728	
1349	22.231	20.32	21.308	15.419	9.278	6.2167	
1350	22.221	20.307	21.295	15.265	9.0644	6.2217	
1351	22.212	20.295	21.281	15.503	8.9301	5.9253	
1352	22.203	20.282	21.268	15.455	8.8241	6.3825	
1353	22.193	20.27	21.254	15.547	8.3823	6.2501	
1354	22.184	20.258	21.241	15.469	9.3073	6.3855	
1355	22.175	20.246	21.227	15.712	8.773	5.6078	
1356	22.166	20.233	21.214	15.648	9.1567	6.0752	
1357	22.156	20.221	21.201	15.444	9.0441	6.2724	
1358	22.147	20.209	21.187	16.248	9.371	6.3795	
1359	22.138	20.197	21.174	16.262	8.6908	6.918	
1426	21.555	19.416	20.316	15.655	9.2987	6.337	
1427	21.547	19.405	20.303	15.544	8.6458	6.0444	
1428	21.539	19.394	20.291	15.394	8.841	5.6434	
1429	21.53	19.382	20.279	15.638	8.6618	5.8162	
1430	21.522	19.371	20.267	15.645	8.8034	5.8313	
1431	21.514	19.36	20.254	15.324	8.9254	6.1083	
1432	21.506	19.349	20.242	15.558	8.5618	5.8907	
1433	21.498	19.338	20.23	15.35	8.5981	5.8503	
1434	21.49	19.327	20.218	15.504	8.9164	6.1849	
1435	21.482	19.316	20.206	15.523	8.856	5.7635	
1436	21.474	19.305	20.194	15.531	8.646	5.9371	
1437	21.466	19.294	20.181	15.437	8.9074	5.8618	
1438	21.458	19.283	20.169	15.329	8.6594	5.9473	
1439	21.45	19.273	20.157	15.448	8.7878	5.9026	
1440	21.442	19.262	20.145	15.332	8.7869	5.8234	
1441	21.434	19.251	20.133	15.418	8.6815	6.0523	
1442	21.426	19.24	20.121	15.471	8.6178	5.804	
1443	21.418	19.229	20.109	15.352	8.745	5.9607	
1444	21.41	19.218	20.097	15.461	8.7728	5.754	
1445	21.402	19.207	20.085	15.33	8.7337	5.8418	
1446	21.394	19.197	20.073	15.463	8.6349	5.8148	
1447	21.386	19.186	20.061	15.435	8.7027	5.7187	
1448	21.378	19.175	20.049	15.418	8.6759	5.8657	
1449	21.37	19.164	20.037	15.369	8.7286	5.8616	
1450	21.362	19.153	20.025	15.389	8.7223	5.7667	
1451	21.354	19.143	20.013	15.439	8.6835	5.8613	
1452	21.347	19.132	20.001	15.461	8.7416	5.9121	
1453	21.339	19.121	19.989	15.432	8.7434	5.9344	
1454	21.331	19.111	19.977	15.347	8.6775	5.7013	
1455	21.323	19.1	19.965	15.416	8.7501	5.778	
1456	21.315	19.089	19.953	15.442	8.7139	5.8162	
1457	21.307	19.078	19.942	15.384	8.5911	5.8161	
1458	21.3	19.068	19.93	15.382	8.7003	5.8269	
1459	21.292	19.057	19.918	15.364	8.5653	5.7475	
1460	21.284	19.047	19.906	15.406	8.6329	5.8577	
1461	21.277	19.036	19.894	15.425	8.6263	5.8131	
1462	21.269	19.025	19.883	15.392	8.6402	5.8205	
1463	21.261	19.015	19.871	15.378	8.6426	5.7707	
1464	21.253	19.004	19.859	15.356	8.6674	5.7556	
1465	21.246	18.994	19.847	15.367	8.7009	5.7782	
1466	21.238	18.983	19.836	15.362	8.5979	5.8152	
1467	21.23	18.973	19.824	15.382	8.6242	5.8072	
1468	21.223	18.962	19.812	15.351	8.6378	5.7845	
1469	21.215	18.952	19.8	15.375	8.6157	5.7777	
1470	21.208	18.941	19.789	15.368	8.6027	5.7829	
1471	21.2	18.931	19.777	15.371	8.6274	5.7814	
1472	21.192	18.92	19.765	15.372	8.6286	5.7604	
1473	21.185	18.91	19.754	15.361	8.64	5.7729	
1474	21.177	18.899	19.742	15.364	8.6233	5.7729	
1475	21.17	18.889	19.731	15.367	8.6216	5.7631	
1476	21.162	18.879	19.719	15.361	8.6167	5.7547	
1477	21.155	18.868	19.707	15.367	8.6407	5.7684	
1478	21.147	18.858	19.696	15.372	8.6251	5.7501	
1479	21.14	18.848	19.684	15.364	8.6199	5.7574	
1480	21.132	18.837	19.673	15.365	8.6238	5.7479	
1481	21.125	18.827	19.661	15.366	8.6113	5.7261	
1482	21.117	18.817	19.65	15.361	8.6283	5.7517	
1483	21.11	18.806	19.638	15.362	8.62	5.7472	
1484	21.102	18.796	19.627	15.378	8.6195	5.7384	
1485	21.095	18.786	19.615	15.355	8.6304	5.737	
1486	21.088	18.776	19.604	15.356	8.5946	5.6973	
1487	21.08	18.765	19.592	15.348	8.6228	5.7008	
1488	21.073	18.755	19.581	15.36	8.6145	5.7232	
1489	21.065	18.745	19.569	15.361	8.6151	5.7038	
1490	21.058	18.735	19.558	15.362	8.5895	5.747	
1491	21.051	18.725	19.547	15.345	8.6053	5.698	
1492	21.043	18.714	19.535	15.351	8.5961	5.7165	
1493	21.036	18.704	19.524	15.341	8.5614	5.7088	
1494	21.029	18.694	19.513	15.341	8.5719	5.697	
1495	21.021	18.684	19.501	15.332	8.5697	5.6877	
1496	21.014	18.674	19.49	15.36	8.6007	5.7053	
1497	21.007	18.664	19.479	15.331	8.5842	5.694	
1498	21	18.654	19.467	15.364	8.5808	5.6957	
1499	20.992	18.644	19.456	15.346	8.5729	5.7135	
1500	20.985	18.634	19.445	15.338	8.5688	5.6944	
1501	20.978	18.624	19.433	15.324	8.5615	5.6481	
1502	20.971	18.613	19.422	15.341	8.5663	5.6767	
1503	20.963	18.603	19.411	15.337	8.5858	5.6658	
1504	20.956	18.593	19.4	15.331	8.5525	5.6375	
1505	20.949	18.583	19.389	15.336	8.5556	5.6753	
1506	20.942	18.573	19.377	15.327	8.5511	5.6423	
1507	20.935	18.564	19.366	15.311	8.5398	5.6658	
1508	20.928	18.554	19.355	15.308	8.5416	5.6703	
1509	20.92	18.544	19.344	15.345	8.5427	5.6533	
1510	20.913	18.534	19.333	15.333	8.5601	5.6374	
1511	20.906	18.524	19.322	15.339	8.555	5.6471	
1512	20.899	18.514	19.31	15.33	8.5822	5.6517	
1513	20.892	18.504	19.299	15.364	8.5032	5.6648	
1514	20.885	18.494	19.288	15.322	8.5396	5.6835	
1515	20.878	18.484	19.277	15.295	8.5603	5.6483	
1516	20.871	18.474	19.266	15.318	8.5056	5.6522	
1517	20.864	18.465	19.255	15.315	8.5658	5.6102	
1518	20.857	18.455	19.244	15.295	8.5482	5.6359	
1519	20.85	18.445	19.233	15.297	8.5464	5.6432	
1520	20.843	18.435	19.222	15.291	8.534	5.6375	
1521	20.836	18.425	19.211	15.314	8.4871	5.5673	
1522	20.829	18.416	19.2	15.294	8.5187	5.5965	
1523	20.822	18.406	19.189	15.298	8.5355	5.6022	
1524	20.815	18.396	19.178	15.33	8.5488	5.6586	
1525	20.808	18.386	19.167	15.314	8.5414	5.6269	
1526	20.801	18.377	19.156	15.292	8.5151	5.6013	
1527	20.794	18.367	19.145	15.3	8.528	5.6024	
1528	20.787	18.357	19.134	15.288	8.5465	5.6141	
1529	20.78	18.347	19.123	15.293	8.4942	5.5902	
1530	20.773	18.338	19.112	15.303	8.5058	5.6026	
1531	20.766	18.328	19.101	15.28	8.4914	5.604	
1532	20.76	18.319	19.091	15.308	8.4916	5.603	
1533	20.753	18.309	19.08	15.284	8.4702	5.5967	
1534	20.746	18.299	19.069	15.305	8.4793	5.6376	
1535	20.739	18.29	19.058	15.298	8.4926	5.5712	
1536	20.732	18.28	19.047	15.276	8.4891	5.5791	
1537	20.725	18.27	19.036	15.283	8.4941	5.5846	
1538	20.719	18.261	19.026	15.277	8.5252	5.5789	
1539	20.712	18.251	19.015	15.294	8.4816	5.577	
1540	20.705	18.242	19.004	15.287	8.4628	5.578	
1541	20.698	18.232	18.993	15.275	8.4525	5.5494	
1542	20.692	18.223	18.983	15.281	8.4651	5.5754	
1543	20.685	18.213	18.972	15.279	8.4722	5.544	
1544	20.678	18.204	18.961	15.282	8.4897	5.5788	
1545	20.671	18.194	18.95	15.263	8.493	5.5536	
1546	20.665	18.185	18.94	15.278	8.4662	5.5539	
1547	20.658	18.175	18.929	15.274	8.4734	5.5453	
1548	20.651	18.166	18.918	15.277	8.4642	5.5399	
1549	20.645	18.156	18.908	15.277	8.4838	5.5347	
1550	20.638	18.147	18.897	15.282	8.4621	5.5433	
1551	20.631	18.138	18.886	15.26	8.4848	5.5405	
1552	20.625	18.128	18.876	15.272	8.4641	5.5476	
1553	20.618	18.119	18.865	15.253	8.4528	5.5522	
1554	20.611	18.109	18.854	15.262	8.4672	5.5335	
1555	20.605	18.1	18.844	15.281	8.442	5.52	
1556	20.598	18.091	18.833	15.259	8.4567	5.5561	
1557	20.592	18.081	18.823	15.253	8.4481	5.5181	
1558	20.585	18.072	18.812	15.256	8.4504	5.5207	
1559	20.578	18.063	18.802	15.276	8.4324	5.4932	
1560	20.572	18.053	18.791	15.271	8.4614	5.517	
1561	20.565	18.044	18.781	15.28	8.463	5.5073	
1562	20.559	18.035	18.77	15.286	8.4263	5.5184	
1563	20.552	18.026	18.76	15.246	8.4494	5.5213	
1564	20.546	18.016	18.749	15.253	8.4738	5.4959	
1565	20.539	18.007	18.739	15.26	8.475	5.4892	
1566	20.533	17.998	18.728	15.25	8.4211	5.471	
1567	20.526	17.989	18.718	15.272	8.4036	5.5013	
1568	20.52	17.979	18.707	15.254	8.4459	5.5132	
1569	20.513	17.97	18.697	15.273	8.4673	5.5183	
1570	20.507	17.961	18.686	15.258	8.4541	5.5109	
1571	20.5	17.952	18.676	15.251	8.43	5.5032	
1572	20.494	17.943	18.666	15.247	8.4216	5.516	
1573	20.487	17.934	18.655	15.253	8.4038	5.4898	
1574	20.481	17.924	18.645	15.271	8.4254	5.4739	
1575	20.475	17.915	18.634	15.231	8.4078	5.4942	
1576	20.468	17.906	18.624	15.249	8.3978	5.4296	
1577	20.462	17.897	18.614	15.217	8.3749	5.4756	
1578	20.455	17.888	18.603	15.237	8.4288	5.4607	
1579	20.449	17.879	18.593	15.228	8.4205	5.4795	
1580	20.443	17.87	18.583	15.239	8.3869	5.4487	
1581	20.436	17.861	18.573	15.234	8.4189	5.4105	
1582	20.43	17.852	18.562	15.257	8.4008	5.48	
1583	20.424	17.843	18.552	15.226	8.4345	5.4544	
1584	20.417	17.834	18.542	15.259	8.3606	5.4227	
1585	20.411	17.825	18.531	15.244	8.4289	5.4566	
1586	20.405	17.816	18.521	15.233	8.3734	5.502	
1587	20.398	17.807	18.511	15.238	8.4237	5.4611	
1588	20.392	17.798	18.501	15.245	8.3774	5.3926	
1589	20.386	17.789	18.491	15.215	8.3875	5.4566	
1590	20.38	17.78	18.48	15.228	8.3519	5.4219	
1591	20.373	17.771	18.47	15.219	8.3652	5.442	
1592	20.367	17.762	18.46	15.22	8.4063	5.4059	
1593	20.361	17.753	18.45	15.242	8.3902	5.4055	
1594	20.355	17.744	18.44	15.227	8.3533	5.4718	
1595	20.348	17.735	18.43	15.251	8.3693	5.388	
1596	20.342	17.726	18.419	15.218	8.396	5.4089	
1597	20.336	17.717	18.409	15.224	8.3787	5.4234	
1598	20.33	17.708	18.399	15.233	8.3674	5.3693	
1599	20.324	17.7	18.389	15.229	8.3583	5.4027	
1600	20.317	17.691	18.379	15.215	8.372	5.3582	
1601	20.311	17.682	18.369	15.245	8.3609	5.4297	
1602	20.305	17.673	18.359	15.238	8.3485	5.3855	
1603	20.299	17.664	18.349	15.243	8.3307	5.3756	
1604	20.293	17.656	18.339	15.231	8.3665	5.3766	
1605	20.287	17.647	18.329	15.219	8.355	5.4195	
1606	20.281	17.638	18.319	15.218	8.3515	5.381	
1607	20.275	17.629	18.309	15.236	8.3546	5.3807	
1608	20.268	17.62	18.299	15.198	8.3743	5.3834	
1609	20.262	17.612	18.289	15.209	8.3542	5.3865	
1610	20.256	17.603	18.279	15.217	8.3669	5.3679	
1611	20.25	17.594	18.269	15.223	8.3448	5.3933	
1612	20.244	17.585	18.259	15.243	8.3307	5.3638	
1613	20.238	17.577	18.249	15.178	8.3644	5.3728	
1614	20.232	17.568	18.239	15.202	8.361	5.4227	
1615	20.226	17.559	18.229	15.227	8.3397	5.3958	
1616	20.22	17.551	18.219	15.22	8.3127	5.3666	
1617	20.214	17.542	18.209	15.246	8.3553	5.3936	
1618	20.208	17.533	18.199	15.226	8.3236	5.3726	
1619	20.202	17.525	18.19	15.199	8.3466	5.3731	
1620	20.196	17.516	18.18	15.181	8.3603	5.3781	
1621	20.19	17.508	18.17	15.208	8.3253	5.3494	
1622	20.184	17.499	18.16	15.178	8.3112	5.3902	
1623	20.178	17.49	18.15	15.171	8.3181	5.3343	
1624	20.172	17.482	18.14	15.213	8.3478	5.3601	
1625	20.166	17.473	18.131	15.221	8.3268	5.3138	
1626	20.16	17.465	18.121	15.189	8.3195	5.3457	
1627	20.155	17.456	18.111	15.194	8.2845	5.3273	
1628	20.149	17.448	18.101	15.187	8.3499	5.3401	
1629	20.143	17.439	18.091	15.19	8.342	5.3735	
1630	20.137	17.43	18.082	15.179	8.3391	5.3371	
1631	20.131	17.422	18.072	15.173	8.3154	5.3855	
1632	20.125	17.413	18.062	15.186	8.35	5.3166	
1633	20.119	17.405	18.052	15.203	8.3497	5.3381	
1634	20.113	17.396	18.043	15.171	8.297	5.3258	
1635	20.108	17.388	18.033	15.194	8.3312	5.3287	
1636	20.102	17.38	18.023	15.188	8.3212	5.3036	
1637	20.096	17.371	18.014	15.199	8.3059	5.3668	
1638	20.09	17.363	18.004	15.222	8.2801	5.3259	
1639	20.084	17.354	17.994	15.182	8.3194	5.2974	
1640	20.079	17.346	17.985	15.173	8.2818	5.3281	
1641	20.073	17.337	17.975	15.175	8.354	5.2891	
1642	20.067	17.329	17.965	15.205	8.2703	5.335	
1643	20.061	17.321	17.956	15.19	8.3112	5.2849	
1644	20.055	17.312	17.946	15.187	8.2906	5.3078	
1645	20.05	17.304	17.937	15.188	8.2927	5.329	
1646	20.044	17.296	17.927	15.208	8.31	5.2496	
1647	20.038	17.287	17.917	15.15	8.3281	5.3322	
1648	20.032	17.279	17.908	15.196	8.214	5.2562	
1649	20.027	17.271	17.898	15.203	8.3041	5.32	
1650	20.021	17.262	17.889	15.183	8.3097	5.3172	
1651	20.015	17.254	17.879	15.183	8.2823	5.2789	
1652	20.01	17.246	17.87	15.167	8.2903	5.2806	
1653	20.004	17.237	17.86	15.222	8.273	5.3132	
1654	19.998	17.229	17.851	15.187	8.2721	5.3	
1655	19.993	17.221	17.841	15.181	8.3124	5.2674	
1656	19.987	17.213	17.832	15.178	8.2858	5.2886	
1657	19.981	17.204	17.822	15.182	8.2736	5.2715	
1658	19.976	17.196	17.813	15.168	8.2909	5.2684	
1659	19.97	17.188	17.803	15.198	8.2389	5.2994	
1660	19.964	17.18	17.794	15.134	8.2013	5.3163	
1661	19.959	17.171	17.784	15.18	8.22	5.277	
1662	19.953	17.163	17.775	15.141	8.2754	5.2561	
1663	19.948	17.155	17.765	15.16	8.3068	5.3083	
1664	19.942	17.147	17.756	15.139	8.2076	5.1903	
1665	19.936	17.139	17.747	15.134	8.2768	5.2901	
1666	19.931	17.131	17.737	15.203	8.2376	5.2267	
1667	19.925	17.122	17.728	15.116	8.178	5.2636	
1668	19.92	17.114	17.718	15.094	8.2587	5.2816	
1669	19.914	17.106	17.709	15.177	8.2221	5.1642	
1670	19.909	17.098	17.7	15.177	8.3188	5.28	
1671	19.903	17.09	17.69	15.144	8.2985	5.1962	
1672	19.898	17.082	17.681	15.205	8.2434	5.1552	
1673	19.892	17.074	17.672	15.194	8.2671	5.2595	
1674	19.887	17.066	17.662	15.196	8.273	5.2443	
1675	19.881	17.058	17.653	15.123	8.1082	5.2754	
1676	19.876	17.049	17.644	15.177	8.2951	5.2414	
1677	19.87	17.041	17.635	15.141	8.2686	5.3115	
1678	19.865	17.033	17.625	15.131	8.1656	5.2901	
1679	19.859	17.025	17.616	15.153	8.2106	5.2576	
1680	19.854	17.017	17.607	15.136	8.2649	5.3272	
1681	19.848	17.009	17.597	15.15	8.3289	5.2473	
1682	19.843	17.001	17.588	15.105	8.2398	5.2015	
1683	19.837	16.993	17.579	15.132	8.2922	5.1972	
1684	19.832	16.985	17.57	15.112	8.2552	5.3479	
1685	19.827	16.977	17.561	15.14	8.0623	5.0309	
1686	19.821	16.969	17.551	15.254	8.287	5.2897	
1687	19.816	16.962	17.542	15.066	8.3556	5.4453	
1688	19.81	16.954	17.533	15.075	8.27	5.2045	
1689	19.805	16.946	17.524	15.151	8.2085	5.0922	
1690	19.8	16.938	17.515	15.044	8.425	5.2279	
1691	19.794	16.93	17.506	15.226	8.1621	5.1941	
1692	19.789	16.922	17.496	15.228	8.4692	5.2754	
1693	19.784	16.914	17.487	14.99	8.3545	5.5722	
1694	19.778	16.906	17.478	14.9	8.082	5.2263	
1695	19.773	16.898	17.469	15.192	8.4939	5.4261	
1696	19.768	16.89	17.46	15.082	8.2301	5.4347	
1697	19.762	16.882	17.451	15.142	8.3357	5.437	
1698	19.757	16.875	17.442	14.719	8.2576	4.9981	
1699	19.752	16.867	17.433	14.916	8.6842	5.3629	
1700	19.746	16.859	17.424	14.932	8.1696	5.1826	
