	65	70	75	65	70	75	
300	32.671	28.748	22.726	37.511	37.209	37.514	
301	32.435	28.438	22.333	37.295	36.907	37.453	
302	32.217	28.156	21.992	37.087	36.772	37.279	
303	32.014	27.898	21.699	37.019	36.553	37.024	
304	31.826	27.664	21.453	36.99	36.489	37.052	
305	31.654	27.456	21.255	36.884	36.423	36.867	
306	31.494	27.268	21.101	36.614	36.185	36.77	
307	31.348	27.103	20.988	36.511	36.277	36.641	
308	31.215	26.959	20.917	36.334	36.128	36.541	
309	31.093	26.833	20.884	36.365	35.959	36.377	
310	30.982	26.726	20.885	36.171	35.873	36.379	
311	30.882	26.639	20.921	36.159	35.715	36.319	
312	30.792	26.567	20.988	36.209	35.719	36.207	
313	30.712	26.512	21.084	35.89	35.526	36.139	
314	30.64	26.472	21.205	35.955	35.547	35.953	
315	30.578	26.447	21.352	35.892	35.364	35.909	
316	30.523	26.437	21.52	35.798	35.418	35.815	
317	30.476	26.439	21.707	35.661	35.298	35.754	
318	30.437	26.454	21.912	35.561	35.153	35.59	
319	30.406	26.481	22.134	35.518	35.053	35.611	
320	30.381	26.519	22.369	35.535	35.035	35.459	
321	30.363	26.568	22.616	35.427	34.977	35.375	
322	30.351	26.627	22.873	35.393	34.901	35.332	
323	30.345	26.695	23.139	35.355	34.78	35.278	
324	30.346	26.773	23.414	35.23	34.786	35.152	
325	30.352	26.859	23.695	35.241	34.578	35.091	
326	30.364	26.953	23.981	35.155	34.568	35.032	
327	30.382	27.055	24.271	35.062	34.546	34.927	
328	30.404	27.163	24.565	35.028	34.498	34.847	
329	30.432	27.279	24.861	34.999	34.432	34.774	
330	30.465	27.401	25.159	35.011	34.459	34.767	
331	30.504	27.529	25.459	34.888	34.365	34.712	
332	30.547	27.663	25.76	34.842	34.23	34.555	
333	30.595	27.802	26.061	34.885	34.182	34.577	
334	30.647	27.946	26.361	34.798	34.161	34.525	
335	30.705	28.095	26.662	34.731	34.097	34.447	
336	30.767	28.249	26.962	34.609	34.041	34.358	
337	30.834	28.408	27.261	34.687	34.006	34.353	
338	30.906	28.571	27.56	34.632	33.962	34.303	
339	30.983	28.739	27.857	34.529	33.832	34.23	
340	31.064	28.91	28.153	34.579	33.724	34.179	
341	31.15	29.086	28.448	34.486	33.766	34.165	
342	31.24	29.266	28.743	34.466	33.725	34.1	
343	31.336	29.449	29.036	34.549	33.733	34.023	
344	31.436	29.636	29.328	34.521	33.702	33.95	
345	31.541	29.828	29.619	34.424	33.661	33.933	
346	31.651	30.023	29.909	34.455	33.622	33.892	
347	31.766	30.222	30.199	34.458	33.593	33.865	
348	31.887	30.426	30.489	34.377	33.616	33.812	
349	32.014	30.634	30.779	34.389	33.625	33.81	
350	32.146	30.847	31.069	34.388	33.625	33.767	
351	32.285	31.066	31.361	34.35	33.524	33.743	
352	32.431	31.29	31.655	34.396	33.574	33.8	
353	32.585	31.521	31.952	34.351	33.52	33.614	
354	32.748	31.76	32.253	34.458	33.583	33.722	
355	32.919	32.007	32.558	34.599	33.444	33.575	
356	33.099	32.262	32.869	34.579	33.535	33.58	
357	33.288	32.526	33.185	34.514	33.694	33.653	
358	33.484	32.797	33.506	34.45	33.599	33.561	
359	33.685	33.073	33.831	34.557	33.626	33.604	
360	33.89	33.352	34.157	34.568	33.602	33.533	
361	34.094	33.631	34.482	34.519	33.534	33.614	
362	34.294	33.905	34.801	34.468	33.471	33.318	
363	34.486	34.17	35.11	34.502	33.373	33.27	
364	34.665	34.423	35.407	34.485	33.406	33.141	
365	34.83	34.66	35.687	34.48	33.239	33.257	
366	34.979	34.879	35.95	34.43	33.18	32.916	
367	35.11	35.08	36.194	34.217	33.026	32.627	
368	35.225	35.262	36.419	34.2	33.006	32.484	
369	35.321	35.425	36.625	34.034	32.568	32.257	
370	35.401	35.569	36.812	33.841	32.395	31.955	
371	35.468	35.699	36.984	33.737	32.227	31.762	
372	35.524	35.817	37.143	33.555	32.089	31.437	
373	35.572	35.926	37.291	33.39	31.779	31.262	
374	35.614	36.026	37.431	33.076	31.523	30.992	
375	35.652	36.121	37.564	32.972	31.289	30.557	
376	35.687	36.212	37.692	32.744	31.026	30.281	
377	35.72	36.3	37.816	32.512	30.758	29.935	
378	35.753	36.386	37.937	32.361	30.452	29.755	
379	35.786	36.471	38.056	32.152	30.302	29.525	
380	35.821	36.557	38.174	31.847	30.094	29.22	
381	35.858	36.644	38.292	31.78	29.805	28.874	
382	35.897	36.733	38.411	31.618	29.702	28.718	
383	35.939	36.823	38.531	31.407	29.37	28.494	
384	35.984	36.916	38.652	31.178	29.194	28.195	
385	36.032	37.01	38.774	31.074	29.021	28.069	
386	36.083	37.107	38.898	30.864	28.789	27.848	
387	36.138	37.207	39.023	30.652	28.633	27.637	
388	36.197	37.31	39.151	30.583	28.41	27.476	
389	36.259	37.416	39.281	30.461	28.307	27.256	
390	36.325	37.525	39.413	30.26	28.108	27.05	
391	36.395	37.637	39.547	30.191	27.915	26.895	
392	36.469	37.753	39.685	29.981	27.735	26.665	
393	36.546	37.872	39.825	29.878	27.587	26.582	
394	36.628	37.995	39.967	29.682	27.397	26.4	
395	36.714	38.121	40.113	29.63	27.355	26.298	
396	36.804	38.251	40.262	29.422	27.142	26.077	
397	36.898	38.384	40.414	29.335	27.036	25.925	
398	36.996	38.521	40.569	29.275	26.882	25.776	
399	37.098	38.662	40.727	29.093	26.69	25.637	
400	37.204	38.807	40.889	29.072	26.6	25.423	
401	37.314	38.955	41.054	28.922	26.451	25.337	
402	37.428	39.107	41.223	28.768	26.379	25.181	
403	37.545	39.263	41.395	28.682	26.196	25.041	
404	37.666	39.422	41.571	28.573	26.143	24.894	
405	37.792	39.585	41.75	28.511	25.929	24.83	
406	37.92	39.752	41.933	28.418	25.831	24.647	
407	38.052	39.922	42.119	28.306	25.691	24.585	
408	38.188	40.096	42.309	28.204	25.67	24.441	
409	38.327	40.274	42.502	28.091	25.533	24.21	
410	38.469	40.455	42.699	28.031	25.423	24.179	
411	38.614	40.639	42.9	27.868	25.362	24.088	
412	38.763	40.827	43.105	27.819	25.199	23.977	
413	38.915	41.018	43.313	27.751	25.068	23.815	
414	39.07	41.213	43.525	27.647	25.046	23.779	
415	39.228	41.412	43.741	27.567	24.906	23.666	
416	39.39	41.614	43.961	27.436	24.81	23.564	
417	39.554	41.819	44.184	27.395	24.667	23.442	
418	39.722	42.028	44.412	27.242	24.576	23.314	
419	39.892	42.241	44.643	27.24	24.539	23.278	
420	40.066	42.457	44.879	27.177	24.391	23.051	
421	40.243	42.676	45.118	26.993	24.277	23.05	
422	40.423	42.9	45.362	27.016	24.164	22.99	
423	40.605	43.127	45.61	26.934	24.088	22.879	
424	40.791	43.357	45.862	26.867	24.049	22.714	
425	40.98	43.591	46.119	26.755	23.89	22.644	
426	41.172	43.829	46.38	26.651	23.86	22.58	
427	41.367	44.071	46.645	26.553	23.755	22.538	
428	41.565	44.317	46.914	26.479	23.663	22.372	
429	41.766	44.566	47.189	26.519	23.569	22.282	
430	41.971	44.819	47.467	26.369	23.426	22.284	
431	42.178	45.076	47.751	26.264	23.503	22.162	
432	42.388	45.337	48.039	26.276	23.311	21.984	
433	42.602	45.601	48.331	26.141	23.339	21.941	
434	42.818	45.87	48.629	26.086	23.175	21.795	
435	43.038	46.143	48.931	26.006	23.033	21.804	
436	43.26	46.419	49.238	25.973	22.899	21.543	
437	43.486	46.7	49.551	25.893	22.922	21.617	
438	43.715	46.985	49.868	25.872	22.893	21.469	
439	43.947	47.274	50.19	25.71	22.818	21.435	
440	44.182	47.567	50.517	25.695	22.639	21.343	
441	44.421	47.864	50.849	25.63	22.648	21.261	
442	44.662	48.165	51.186	25.588	22.648	21.104	
443	44.907	48.471	51.529	25.507	22.442	21.184	
444	45.154	48.78	51.876	25.556	22.424	20.985	
445	45.405	49.094	52.229	25.392	22.277	20.91	
446	45.659	49.412	52.588	25.234	22.293	20.863	
447	45.916	49.734	52.951	25.292	22.112	20.749	
448	46.176	50.061	53.32	25.195	22.141	20.723	
449	46.439	50.392	53.694	25.183	22.026	20.627	
450	46.705	50.727	54.073	25.118	21.916	20.654	
451	46.975	51.067	54.458	25.118	21.857	20.554	
452	47.247	51.41	54.849	25.026	21.784	20.444	
453	47.523	51.758	55.244	24.922	21.755	20.443	
454	47.802	52.111	55.645	24.835	21.684	20.273	
455	48.083	52.468	56.052	24.769	21.671	20.279	
456	48.368	52.829	56.464	24.72	21.58	20.095	
457	48.656	53.194	56.881	24.709	21.546	20.092	
458	48.946	53.564	57.303	24.66	21.441	20.062	
459	49.24	53.937	57.731	24.663	21.481	19.975	
460	49.537	54.316	58.165	24.545	21.331	19.906	
461	49.836	54.698	58.603	24.62	21.233	19.818	
462	50.139	55.085	59.047	24.431	21.183	19.772	
463	50.444	55.475	59.496	24.46	21.21	19.722	
464	50.752	55.87	59.951	24.327	21.031	19.609	
465	51.063	56.269	60.41	24.36	21.017	19.608	
466	51.376	56.673	60.875	24.267	20.954	19.454	
467	51.693	57.08	61.344	24.206	20.854	19.484	
468	52.012	57.491	61.819	24.17	20.799	19.396	
469	52.333	57.907	62.298	24.092	20.77	19.34	
470	52.657	58.326	62.783	24.061	20.699	19.193	
471	52.984	58.749	63.272	24.012	20.652	19.217	
472	53.313	59.176	63.765	23.934	20.679	19.142	
473	53.644	59.606	64.263	23.947	20.517	19.035	
474	53.978	60.04	64.766	23.908	20.509	19.076	
475	54.314	60.478	65.273	23.846	20.472	18.955	
476	54.652	60.919	65.784	23.824	20.439	18.928	
477	54.992	61.364	66.3	23.74	20.279	18.806	
478	55.334	61.812	66.819	23.684	20.28	18.775	
479	55.678	62.263	67.342	23.667	20.197	18.72	
480	56.024	62.717	67.869	23.599	20.142	18.638	
481	56.371	63.174	68.399	23.572	20.093	18.615	
482	56.72	63.634	68.932	23.495	20.1	18.561	
483	57.071	64.097	69.469	23.543	20.037	18.524	
484	57.422	64.562	70.009	23.447	19.952	18.437	
485	57.776	65.03	70.551	23.405	19.904	18.479	
486	58.13	65.5	71.097	23.388	19.787	18.36	
487	58.485	65.972	71.644	23.308	19.783	18.254	
488	58.841	66.446	72.194	23.318	19.714	18.213	
489	59.198	66.922	72.746	23.228	19.691	18.178	
490	59.556	67.399	73.299	23.239	19.606	18.185	
491	59.913	67.878	73.854	23.162	19.598	18.078	
492	60.271	68.358	74.409	23.125	19.513	18.036	
493	60.629	68.839	74.966	23.098	19.505	17.975	
494	60.988	69.32	75.523	23.049	19.475	17.976	
495	61.345	69.802	76.081	23.039	19.452	17.877	
496	61.703	70.284	76.638	22.991	19.38	17.876	
497	62.059	70.766	77.195	22.952	19.303	17.874	
498	62.415	71.248	77.751	22.922	19.281	17.787	
499	62.77	71.728	78.305	22.888	19.204	17.73	
500	63.123	72.208	78.857	22.873	19.164	17.653	
501	63.475	72.686	79.406	22.799	19.155	17.607	
502	63.825	73.162	79.952	22.748	19.072	17.553	
503	64.173	73.636	80.494	22.745	19.08	17.515	
504	64.518	74.107	81.031	22.67	18.989	17.461	
505	64.861	74.574	81.561	22.66	18.966	17.426	
506	65.202	75.038	82.084	22.59	18.9	17.357	
507	65.539	75.497	82.597	22.573	18.858	17.36	
508	65.873	75.952	83.098	22.544	18.831	17.264	
509	66.203	76.4	83.586	22.54	18.784	17.234	
510	66.529	76.842	84.056	22.464	18.744	17.185	
511	66.85	77.276	84.505	22.441	18.672	17.172	
512	67.167	77.701	84.926	22.411	18.653	17.095	
513	67.479	78.118	85.313	22.38	18.604	17.039	
514	67.786	78.523	85.658	22.329	18.581	17.008	
515	68.087	78.917	85.95	22.323	18.521	16.956	
516	68.382	79.298	86.178	22.272	18.488	16.925	
517	68.671	79.664	86.331	22.233	18.453	16.889	
518	68.952	80.013	86.401	22.213	18.429	16.8	
519	69.227	80.345	86.383	22.156	18.383	16.8	
520	69.494	80.656	86.282	22.155	18.329	16.783	
521	69.753	80.946	86.103	22.107	18.281	16.705	
522	70.004	81.212	85.859	22.082	18.236	16.682	
523	70.246	81.452	85.561	22.044	18.197	16.633	
524	70.479	81.664	85.221	22.008	18.175	16.576	
525	70.703	81.846	84.848	21.973	18.11	16.541	
526	70.917	81.997	84.45	21.948	18.101	16.479	
527	71.121	82.114	84.033	21.919	18.041	16.467	
528	71.314	82.198	83.601	21.871	18.015	16.444	
529	71.497	82.246	83.159	21.848	17.935	16.346	
530	71.668	82.259	82.709	21.807	17.963	16.332	
531	71.828	82.237	82.253	21.787	17.894	16.282	
532	71.977	82.181	81.794	21.792	17.872	16.249	
533	72.113	82.092	81.332	21.715	17.836	16.21	
534	72.237	81.972	80.869	21.688	17.765	16.173	
535	72.349	81.822	80.405	21.675	17.736	16.118	
536	72.448	81.645	79.942	21.642	17.728	16.071	
537	72.535	81.443	79.48	21.635	17.67	16.051	
538	72.608	81.218	79.02	21.595	17.649	16.008	
539	72.669	80.973	78.561	21.569	17.626	15.99	
540	72.717	80.708	78.105	21.55	17.587	15.938	
541	72.753	80.428	77.651	21.51	17.537	15.923	
542	72.775	80.133	77.2	21.482	17.509	15.858	
543	72.785	79.825	76.753	21.476	17.461	15.814	
544	72.782	79.506	76.309	21.431	17.422	15.773	
545	72.767	79.178	75.868	21.41	17.437	15.761	
546	72.739	78.841	75.431	21.352	17.352	15.71	
547	72.7	78.497	74.997	21.367	17.317	15.707	
548	72.649	78.147	74.567	21.329	17.285	15.648	
549	72.586	77.793	74.142	21.326	17.238	15.622	
550	72.512	77.433	73.72	21.261	17.228	15.591	
551	72.427	77.071	73.302	21.239	17.193	15.54	
552	72.332	76.705	72.889	21.241	17.157	15.508	
553	72.226	76.338	72.48	21.207	17.129	15.477	
554	72.111	75.969	72.075	21.168	17.077	15.44	
555	71.986	75.599	71.674	21.16	17.056	15.395	
556	71.853	75.228	71.277	21.131	17.016	15.362	
557	71.71	74.857	70.885	21.103	16.947	15.317	
558	71.56	74.486	70.496	21.084	16.962	15.3	
559	71.402	74.115	70.113	21.046	16.928	15.278	
560	71.236	73.745	69.733	21.019	16.886	15.228	
561	71.063	73.376	69.358	21.007	16.84	15.186	
562	70.884	73.009	68.987	21	16.812	15.184	
563	70.698	72.642	68.62	20.961	16.801	15.133	
564	70.507	72.278	68.257	20.944	16.75	15.126	
565	70.31	71.915	67.899	20.9	16.721	15.064	
566	70.108	71.554	67.545	20.879	16.684	15.074	
567	69.901	71.195	67.195	20.845	16.66	15.01	
568	69.69	70.838	66.849	20.818	16.626	14.969	
569	69.474	70.484	66.507	20.805	16.591	14.939	
570	69.255	70.131	66.169	20.791	16.566	14.891	
571	69.032	69.782	65.836	20.756	16.54	14.877	
572	68.806	69.434	65.506	20.734	16.528	14.866	
573	68.577	69.09	65.18	20.719	16.489	14.815	
574	68.346	68.748	64.858	20.685	16.473	14.755	
575	68.112	68.409	64.541	20.662	16.434	14.74	
576	67.875	68.072	64.227	20.631	16.404	14.719	
577	67.637	67.739	63.917	20.644	16.385	14.694	
578	67.397	67.408	63.61	20.618	16.331	14.681	
579	67.156	67.08	63.308	20.576	16.316	14.62	
580	66.913	66.754	63.009	20.577	16.277	14.621	
581	66.669	66.432	62.714	20.535	16.251	14.584	
582	66.424	66.113	62.422	20.524	16.22	14.522	
583	66.178	65.796	62.134	20.504	16.18	14.507	
584	65.932	65.483	61.85	20.492	16.17	14.517	
585	65.685	65.172	61.569	20.442	16.155	14.449	
586	65.438	64.865	61.291	20.431	16.123	14.417	
587	65.191	64.56	61.017	20.436	16.098	14.362	
588	64.943	64.258	60.746	20.408	16.07	14.357	
589	64.696	63.96	60.479	20.364	16.041	14.332	
590	64.449	63.664	60.215	20.345	16.005	14.287	
591	64.202	63.371	59.954	20.333	15.99	14.25	
592	63.955	63.081	59.697	20.31	15.918	14.221	
593	63.709	62.794	59.442	20.296	15.969	14.198	
594	63.463	62.509	59.191	20.283	15.892	14.209	
595	63.218	62.228	58.942	20.24	15.88	14.155	
596	62.974	61.949	58.697	20.22	15.879	14.124	
597	62.731	61.674	58.455	20.21	15.839	14.089	
598	62.488	61.401	58.216	20.202	15.8	14.07	
599	62.246	61.131	57.979	20.184	15.748	14.033	
600	62.006	60.863	57.746	20.146	15.774	14.024	
601	61.766	60.599	57.515	20.111	15.734	13.982	
602	61.527	60.337	57.287	20.089	15.676	13.946	
603	61.29	60.078	57.062	20.073	15.681	13.918	
604	61.054	59.821	56.839	20.062	15.645	13.915	
605	60.819	59.567	56.62	20.041	15.608	13.859	
606	60.585	59.316	56.402	20.03	15.616	13.815	
607	60.352	59.067	56.188	19.998	15.592	13.779	
608	60.121	58.821	55.976	20.014	15.535	13.804	
609	59.891	58.578	55.766	19.982	15.547	13.748	
610	59.663	58.337	55.559	19.959	15.505	13.733	
611	59.436	58.099	55.355	19.939	15.468	13.708	
612	59.21	57.863	55.153	19.937	15.48	13.705	
613	58.986	57.629	54.953	19.905	15.44	13.625	
614	58.763	57.398	54.755	19.873	15.416	13.633	
615	58.542	57.17	54.56	19.872	15.373	13.599	
616	58.322	56.944	54.367	19.848	15.366	13.567	
617	58.104	56.72	54.176	19.833	15.339	13.548	
618	57.887	56.498	53.988	19.81	15.324	13.544	
619	57.672	56.279	53.802	19.793	15.289	13.484	
620	57.458	56.062	53.617	19.769	15.26	13.464	
621	57.246	55.847	53.435	19.744	15.245	13.463	
622	57.035	55.635	53.255	19.758	15.223	13.435	
623	56.826	55.424	53.077	19.727	15.19	13.375	
624	56.619	55.216	52.901	19.705	15.17	13.372	
625	56.413	55.01	52.727	19.678	15.168	13.392	
626	56.208	54.806	52.555	19.681	15.12	13.311	
627	56.005	54.605	52.385	19.667	15.098	13.304	
628	55.804	54.405	52.217	19.638	15.06	13.283	
629	55.605	54.207	52.05	19.635	15.075	13.294	
630	55.406	54.011	51.886	19.57	15.013	13.233	
631	55.21	53.818	51.723	19.565	15.066	13.236	
632	55.015	53.626	51.562	19.575	15.011	13.141	
633	54.821	53.436	51.403	19.564	14.965	13.12	
634	54.629	53.249	51.245	19.51	14.954	13.069	
635	54.439	53.063	51.089	19.493	14.942	13.106	
636	54.25	52.879	50.935	19.49	14.951	13.106	
637	54.063	52.696	50.783	19.498	14.872	13.056	
638	53.877	52.516	50.632	19.454	14.846	13.046	
639	53.693	52.337	50.482	19.459	14.818	13.027	
640	53.51	52.16	50.335	19.425	14.799	13.018	
641	53.328	51.985	50.188	19.452	14.778	12.939	
642	53.149	51.812	50.044	19.402	14.772	12.986	
643	52.97	51.64	49.901	19.387	14.721	12.945	
644	52.793	51.471	49.759	19.404	14.727	12.899	
645	52.618	51.302	49.619	19.385	14.71	12.869	
646	52.444	51.136	49.48	19.341	14.67	12.857	
647	52.271	50.971	49.343	19.34	14.697	12.832	
648	52.1	50.807	49.207	19.298	14.644	12.833	
649	51.93	50.645	49.072	19.29	14.633	12.793	
650	51.762	50.485	48.939	19.268	14.571	12.757	
651	51.595	50.326	48.807	19.249	14.593	12.771	
652	51.43	50.169	48.676	19.245	14.544	12.718	
653	51.265	50.014	48.547	19.224	14.556	12.69	
654	51.103	49.859	48.419	19.213	14.505	12.636	
655	50.941	49.707	48.292	19.188	14.528	12.643	
656	50.781	49.555	48.167	19.173	14.551	12.655	
657	50.622	49.405	48.042	19.182	14.495	12.58	
658	50.465	49.257	47.919	19.145	14.451	12.585	
659	50.309	49.11	47.797	19.135	14.393	12.576	
660	50.154	48.964	47.676	19.131	14.406	12.557	
661	50	48.82	47.557	19.149	14.366	12.521	
662	49.848	48.677	47.438	19.141	14.38	12.487	
663	49.697	48.535	47.321	19.085	14.354	12.478	
664	49.547	48.395	47.205	19.067	14.358	12.46	
665	49.399	48.256	47.09	19.05	14.329	12.422	
666	49.251	48.118	46.975	19.037	14.283	12.4	
667	49.105	47.981	46.862	19.049	14.264	12.403	
668	48.96	47.846	46.75	19.03	14.28	12.379	
669	48.817	47.711	46.639	19.015	14.24	12.357	
670	48.674	47.579	46.529	18.996	14.227	12.341	
671	48.533	47.447	46.42	18.983	14.189	12.272	
672	48.393	47.316	46.312	18.968	14.151	12.307	
673	48.254	47.187	46.205	18.924	14.153	12.286	
674	48.116	47.058	46.099	18.939	14.161	12.278	
675	47.979	46.931	45.994	18.916	14.153	12.296	
676	47.843	46.805	45.89	18.918	14.072	12.203	
677	47.709	46.68	45.787	18.905	14.111	12.199	
678	47.575	46.556	45.684	18.877	14.073	12.219	
679	47.443	46.433	45.583	18.874	14.028	12.143	
680	47.312	46.312	45.482	18.865	14.013	12.153	
681	47.182	46.191	45.382	18.846	13.999	12.088	
682	47.052	46.071	45.283	18.845	14.005	12.109	
683	46.924	45.953	45.185	18.808	13.954	12.072	
684	46.797	45.835	45.088	18.784	13.945	12.093	
685	46.671	45.718	44.992	18.793	13.961	12.052	
686	46.546	45.603	44.896	18.775	13.924	12.002	
687	46.422	45.488	44.801	18.777	13.89	11.991	
688	46.299	45.374	44.707	18.772	13.868	11.962	
689	46.177	45.261	44.614	18.761	13.903	11.957	
690	46.055	45.149	44.521	18.716	13.875	11.965	
691	45.935	45.038	44.43	18.724	13.843	11.91	
692	45.816	44.928	44.339	18.709	13.782	11.94	
693	45.698	44.819	44.248	18.696	13.781	11.891	
694	45.58	44.711	44.159	18.682	13.775	11.898	
695	45.464	44.603	44.07	18.653	13.738	11.859	
696	45.348	44.497	43.982	18.654	13.704	11.854	
697	45.233	44.391	43.894	18.647	13.742	11.818	
698	45.12	44.286	43.808	18.656	13.697	11.76	
699	45.007	44.182	43.722	18.615	13.678	11.745	
700	44.895	44.079	43.636	18.603	13.714	11.763	
701	44.783	43.977	43.551	18.616	13.601	11.754	
702	44.673	43.875	43.467	18.605	13.677	11.742	
703	44.564	43.774	43.384	18.55	13.664	11.695	
704	44.455	43.674	43.301	18.548	13.616	11.689	
705	44.347	43.575	43.219	18.593	13.586	11.663	
706	44.24	43.476	43.137	18.539	13.595	11.627	
707	44.134	43.379	43.056	18.519	13.587	11.625	
708	44.029	43.282	42.976	18.499	13.513	11.634	
709	43.924	43.185	42.896	18.52	13.555	11.58	
710	43.82	43.09	42.817	18.509	13.487	11.628	
711	43.717	42.995	42.738	18.491	13.491	11.511	
712	43.615	42.901	42.66	18.46	13.43	11.505	
713	43.513	42.807	42.583	18.443	13.501	11.532	
714	43.413	42.715	42.506	18.434	13.419	11.487	
715	43.312	42.623	42.43	18.397	13.433	11.469	
716	43.213	42.531	42.354	18.418	13.356	11.374	
717	43.115	42.441	42.279	18.408	13.398	11.468	
718	43.017	42.351	42.204	18.389	13.347	11.371	
719	42.92	42.261	42.13	18.416	13.365	11.461	
720	42.823	42.172	42.056	18.332	13.336	11.414	
721	42.727	42.084	41.983	18.377	13.311	11.389	
722	42.632	41.997	41.91	18.373	13.341	11.365	
723	42.538	41.91	41.838	18.316	13.339	11.362	
724	42.444	41.824	41.766	18.348	13.267	11.357	
725	42.351	41.738	41.695	18.293	13.366	11.278	
726	42.259	41.653	41.624	18.343	13.2	11.279	
727	42.167	41.569	41.554	18.3	13.25	11.255	
728	42.076	41.485	41.484	18.318	13.194	11.255	
729	41.986	41.402	41.415	18.272	13.178	11.254	
730	41.896	41.319	41.346	18.26	13.183	11.173	
731	41.807	41.237	41.277	18.22	13.167	11.208	
732	41.719	41.155	41.209	18.247	13.116	11.197	
733	41.631	41.074	41.142	18.236	13.152	11.165	
734	41.543	40.994	41.075	18.263	13.117	11.143	
735	41.457	40.914	41.008	18.212	13.131	11.119	
736	41.371	40.834	40.942	18.211	13.114	11.12	
737	41.285	40.755	40.876	18.221	13.084	11.153	
738	41.2	40.677	40.811	18.175	13.091	11.076	
739	41.116	40.599	40.746	18.168	13.067	11.094	
740	41.032	40.522	40.681	18.198	13.06	11.074	
741	40.949	40.445	40.617	18.146	13.012	11.072	
742	40.866	40.369	40.553	18.159	13.021	11.016	
743	40.784	40.293	40.49	18.16	13.027	10.987	
744	40.703	40.218	40.427	18.128	13	11.023	
745	40.622	40.143	40.364	18.098	13.023	11.013	
746	40.541	40.069	40.302	18.113	12.97	10.981	
747	40.461	39.995	40.24	18.112	13.001	10.944	
748	40.382	39.921	40.179	18.09	12.967	10.93	
749	40.303	39.849	40.118	18.087	12.928	10.902	
750	40.225	39.776	40.057	18.026	12.909	10.938	
751	40.147	39.704	39.996	18.064	12.892	10.873	
752	40.07	39.632	39.936	18.016	12.923	10.846	
753	39.993	39.561	39.877	18.042	12.881	10.845	
754	39.917	39.491	39.817	18.033	12.862	10.87	
755	39.841	39.42	39.758	17.998	12.896	10.794	
756	39.765	39.351	39.7	18.017	12.83	10.84	
757	39.691	39.281	39.641	18.016	12.778	10.837	
758	39.616	39.212	39.583	17.993	12.814	10.794	
759	39.542	39.144	39.526	17.991	12.817	10.766	
760	39.469	39.075	39.468	17.965	12.743	10.723	
761	39.396	39.008	39.411	17.94	12.757	10.727	
762	39.323	38.94	39.355	17.968	12.744	10.685	
763	39.251	38.873	39.298	17.942	12.757	10.67	
764	39.18	38.807	39.242	17.942	12.75	10.703	
765	39.109	38.741	39.186	17.928	12.723	10.649	
766	39.038	38.675	39.131	17.945	12.732	10.659	
767	38.968	38.61	39.076	17.932	12.689	10.658	
768	38.898	38.545	39.021	17.898	12.676	10.604	
769	38.828	38.48	38.966	17.901	12.684	10.63	
770	38.759	38.416	38.912	17.88	12.632	10.573	
771	38.691	38.352	38.858	17.839	12.621	10.567	
772	38.623	38.288	38.804	17.837	12.664	10.567	
773	38.555	38.225	38.751	17.851	12.613	10.567	
774	38.488	38.162	38.698	17.831	12.605	10.51	
775	38.421	38.1	38.645	17.81	12.584	10.517	
776	38.354	38.038	38.592	17.872	12.563	10.49	
777	38.288	37.976	38.54	17.813	12.541	10.499	
778	38.223	37.915	38.488	17.814	12.507	10.516	
779	38.157	37.854	38.436	17.771	12.515	10.473	
780	38.092	37.793	38.384	17.769	12.529	10.484	
781	38.028	37.732	38.333	17.816	12.552	10.405	
782	37.964	37.672	38.282	17.788	12.453	10.414	
783	37.9	37.613	38.231	17.766	12.44	10.413	
784	37.836	37.553	38.181	17.747	12.468	10.369	
785	37.773	37.494	38.131	17.727	12.424	10.347	
786	37.711	37.435	38.081	17.72	12.435	10.349	
787	37.648	37.377	38.031	17.725	12.412	10.345	
788	37.586	37.319	37.981	17.722	12.394	10.324	
789	37.525	37.261	37.932	17.703	12.376	10.317	
790	37.463	37.203	37.883	17.705	12.403	10.277	
791	37.403	37.146	37.834	17.675	12.368	10.278	
792	37.342	37.089	37.786	17.689	12.361	10.267	
793	37.282	37.033	37.737	17.679	12.381	10.266	
794	37.222	36.976	37.689	17.66	12.327	10.239	
795	37.162	36.92	37.641	17.659	12.309	10.224	
796	37.103	36.864	37.594	17.662	12.313	10.213	
797	37.044	36.809	37.546	17.654	12.325	10.176	
798	36.986	36.754	37.499	17.666	12.323	10.181	
799	36.927	36.699	37.452	17.647	12.261	10.206	
800	36.87	36.644	37.405	17.62	12.266	10.135	
801	36.812	36.59	37.358	17.605	12.279	10.152	
802	36.755	36.536	37.312	17.648	12.257	10.122	
803	36.698	36.482	37.266	17.585	12.228	10.092	
804	36.641	36.428	37.22	17.575	12.219	10.133	
805	36.585	36.375	37.174	17.566	12.198	10.093	
806	36.529	36.322	37.129	17.583	12.17	10.084	
807	36.473	36.269	37.083	17.566	12.126	10.115	
808	36.418	36.217	37.038	17.569	12.174	10.024	
809	36.363	36.164	36.993	17.516	12.099	10.047	
810	36.308	36.112	36.949	17.556	12.165	10.014	
811	36.253	36.06	36.904	17.537	12.131	9.9973	
812	36.199	36.009	36.86	17.532	12.176	10.005	
813	36.145	35.958	36.815	17.542	12.077	9.9926	
814	36.091	35.907	36.772	17.52	12.11	10.013	
815	36.038	35.856	36.728	17.499	12.091	9.9656	
816	35.985	35.805	36.684	17.51	12.082	9.9131	
817	35.932	35.755	36.641	17.487	12.062	9.9298	
818	35.879	35.705	36.597	17.492	12.059	9.9034	
819	35.827	35.655	36.554	17.483	12.042	9.9129	
820	35.775	35.606	36.512	17.46	12.018	9.8719	
821	35.723	35.556	36.469	17.453	12.005	9.8656	
822	35.672	35.507	36.426	17.45	12.012	9.8616	
823	35.621	35.458	36.384	17.451	12.006	9.8525	
824	35.57	35.409	36.342	17.443	12.007	9.8497	
825	35.519	35.361	36.3	17.437	11.988	9.8449	
826	35.468	35.313	36.258	17.433	11.98	9.8362	
827	35.418	35.265	36.216	17.43	11.974	9.8144	
828	35.368	35.217	36.175	17.419	11.964	9.8087	
829	35.319	35.169	36.134	17.407	11.95	9.7941	
830	35.269	35.122	36.092	17.407	11.946	9.8031	
831	35.22	35.075	36.051	17.4	11.919	9.7859	
832	35.171	35.028	36.01	17.384	11.91	9.7662	
833	35.122	34.981	35.97	17.379	11.905	9.7353	
834	35.074	34.934	35.929	17.367	11.897	9.7158	
835	35.026	34.888	35.889	17.36	11.889	9.7177	
836	34.978	34.842	35.849	17.358	11.888	9.6974	
837	34.93	34.796	35.809	17.35	11.861	9.7024	
838	34.882	34.75	35.769	17.356	11.846	9.6741	
839	34.835	34.705	35.729	17.339	11.835	9.6728	
840	34.788	34.659	35.689	17.323	11.851	9.6213	
841	34.741	34.614	35.65	17.338	11.799	9.6059	
842	34.695	34.569	35.611	17.35	11.812	9.6524	
843	34.648	34.524	35.572	17.333	11.79	9.6237	
844	34.602	34.48	35.533	17.328	11.8	9.6135	
845	34.556	34.435	35.494	17.337	11.83	9.5864	
846	34.511	34.391	35.455	17.25	11.762	9.5728	
847	34.465	34.347	35.416	17.316	11.671	9.6306	
848	34.42	34.303	35.378	17.299	11.801	9.6341	
849	34.375	34.259	35.34	17.296	11.713	9.5251	
850	34.33	34.216	35.301	17.278	11.74	9.5683	
851	34.285	34.173	35.263	17.254	11.712	9.5872	
852	34.241	34.129	35.226	17.249	11.723	9.4661	
853	34.196	34.086	35.188	17.279	11.658	9.4759	
854	34.152	34.044	35.15	17.228	11.704	9.4325	
855	34.109	34.001	35.113	17.23	11.626	9.478	
856	34.065	33.959	35.075	17.202	11.678	9.4881	
857	34.022	33.916	35.038	17.234	11.659	9.4508	
858	33.978	33.874	35.001	17.248	11.682	9.4151	
859	33.935	33.832	34.964	17.26	11.629	9.461	
860	33.892	33.79	34.927	17.206	11.667	9.4684	
861	33.85	33.749	34.891	17.177	11.615	9.3825	
862	33.807	33.707	34.854	17.215	11.595	9.3837	
863	33.765	33.666	34.818	17.205	11.644	9.3907	
864	33.723	33.625	34.781	17.208	11.589	9.387	
865	33.681	33.584	34.745	17.157	11.577	9.3165	
866	33.639	33.543	34.709	17.167	11.563	9.3468	
867	33.598	33.503	34.673	17.147	11.513	9.3459	
868	33.557	33.462	34.637	17.118	11.543	9.3501	
869	33.516	33.422	34.602	17.15	11.508	9.2901	
870	33.475	33.382	34.566	17.159	11.516	9.3057	
871	33.434	33.342	34.531	17.146	11.508	9.2767	
872	33.393	33.302	34.495	17.131	11.512	9.3136	
873	33.353	33.262	34.46	17.157	11.469	9.267	
874	33.313	33.222	34.425	17.129	11.488	9.2504	
875	33.272	33.183	34.39	17.111	11.474	9.2559	
876	33.233	33.144	34.355	17.115	11.465	9.2204	
877	33.193	33.105	34.32	17.112	11.46	9.2537	
878	33.153	33.066	34.286	17.083	11.444	9.2191	
879	33.114	33.027	34.251	17.079	11.432	9.1998	
880	33.075	32.988	34.217	17.071	11.421	9.1926	
881	33.036	32.949	34.182	17.069	11.417	9.1849	
882	32.997	32.911	34.148	17.067	11.412	9.1889	
883	32.958	32.873	34.114	17.063	11.408	9.1794	
884	32.92	32.835	34.08	17.061	11.404	9.1718	
885	32.881	32.797	34.046	17.061	11.396	9.1709	
886	32.843	32.759	34.012	17.056	11.388	9.1566	
887	32.805	32.721	33.978	17.046	11.371	9.1428	
888	32.767	32.683	33.945	17.044	11.364	9.1243	
889	32.729	32.646	33.911	17.031	11.351	9.1119	
890	32.692	32.609	33.878	17.018	11.337	9.0964	
891	32.654	32.571	33.845	17.012	11.328	9.0812	
892	32.617	32.534	33.812	17.01	11.316	9.0788	
893	32.58	32.497	33.778	17.003	11.31	9.0602	
894	32.543	32.461	33.745	16.991	11.308	9.0486	
895	32.506	32.424	33.713	16.999	11.303	9.0533	
896	32.469	32.387	33.68	16.989	11.29	9.0498	
897	32.433	32.351	33.647	16.989	11.285	9.0476	
898	32.396	32.315	33.615	16.987	11.282	9.0195	
899	32.36	32.279	33.582	16.979	11.268	9.0175	
900	32.324	32.243	33.55	16.966	11.258	8.9949	
901	32.288	32.207	33.517	16.947	11.247	8.9733	
902	32.252	32.171	33.485	16.948	11.229	8.9685	
903	32.217	32.135	33.453	16.945	11.226	8.9618	
904	32.181	32.1	33.421	16.94	11.217	8.9595	
905	32.146	32.064	33.389	16.932	11.215	8.9576	
906	32.111	32.029	33.357	16.934	11.21	8.9517	
907	32.076	31.994	33.326	16.929	11.206	8.9528	
908	32.041	31.959	33.294	16.931	11.194	8.9288	
909	32.006	31.924	33.262	16.916	11.183	8.9209	
910	31.971	31.889	33.231	16.902	11.167	8.91	
911	31.937	31.854	33.2	16.906	11.155	8.9055	
912	31.902	31.819	33.168	16.894	11.128	8.8691	
913	31.868	31.785	33.137	16.881	11.137	8.8493	
914	31.834	31.751	33.106	16.883	11.127	8.8511	
915	31.8	31.716	33.075	16.876	11.114	8.8449	
916	31.766	31.682	33.044	16.869	11.119	8.8435	
917	31.732	31.648	33.013	16.869	11.116	8.8377	
918	31.699	31.614	32.982	16.872	11.111	8.8326	
919	31.665	31.58	32.952	16.868	11.102	8.8198	
920	31.632	31.547	32.921	16.862	11.094	8.8106	
921	31.599	31.513	32.891	16.852	11.081	8.8013	
922	31.566	31.479	32.86	16.848	11.073	8.8045	
923	31.533	31.446	32.83	16.851	11.066	8.7956	
924	31.5	31.413	32.8	16.835	11.037	8.7695	
925	31.467	31.38	32.769	16.832	11.054	8.7564	
926	31.434	31.347	32.739	16.815	11.035	8.7417	
927	31.402	31.314	32.709	16.816	11.041	8.7315	
928	31.37	31.281	32.679	16.814	11.034	8.7362	
929	31.337	31.248	32.649	16.797	10.994	8.7477	
930	31.305	31.215	32.62	16.793	10.972	8.7269	
931	31.273	31.183	32.59	16.805	11.016	8.7154	
932	31.241	31.15	32.56	16.812	10.951	8.6826	
933	31.21	31.118	32.531	16.782	11.008	8.6791	
934	31.178	31.086	32.501	16.775	10.976	8.695	
935	31.146	31.053	32.472	16.773	10.978	8.6554	
936	31.115	31.021	32.443	16.753	10.941	8.6501	
937	31.084	30.989	32.413	16.753	10.935	8.6851	
938	31.053	30.958	32.384	16.783	10.944	8.6069	
939	31.022	30.926	32.355	16.761	10.933	8.6336	
940	30.991	30.894	32.326	16.766	10.894	8.6504	
941	30.96	30.862	32.297	16.76	10.92	8.6114	
942	30.929	30.831	32.268	16.739	10.886	8.5574	
943	30.898	30.8	32.239	16.715	10.91	8.5951	
944	30.868	30.768	32.211	16.717	10.929	8.5787	
945	30.838	30.737	32.182	16.744	10.893	8.5827	
946	30.807	30.706	32.154	16.743	10.888	8.5713	
947	30.777	30.675	32.125	16.722	10.888	8.5569	
948	30.747	30.644	32.097	16.718	10.861	8.5456	
949	30.717	30.613	32.068	16.708	10.84	8.5238	
950	30.687	30.582	32.04	16.702	10.832	8.5213	
951	30.657	30.552	32.012	16.691	10.851	8.5259	
952	30.628	30.521	31.984	16.683	10.844	8.5209	
953	30.598	30.491	31.955	16.694	10.825	8.4986	
954	30.569	30.46	31.927	16.695	10.819	8.5124	
955	30.539	30.43	31.899	16.682	10.807	8.4784	
956	30.51	30.4	31.872	16.663	10.812	8.4848	
957	30.481	30.37	31.844	16.664	10.803	8.5324	
958	30.452	30.34	31.816	16.644	10.785	8.4534	
959	30.423	30.31	31.788	16.666	10.771	8.4791	
960	30.394	30.28	31.761	16.678	10.753	8.4078	
961	30.365	30.25	31.733	16.673	10.778	8.3952	
962	30.337	30.22	31.706	16.661	10.689	8.3687	
963	30.308	30.191	31.678	16.62	10.712	8.4149	
964	30.28	30.161	31.651	16.649	10.748	8.3485	
965	30.252	30.132	31.624	16.617	10.733	8.3817	
966	30.223	30.102	31.596	16.628	10.753	8.359	
967	30.195	30.073	31.569	16.623	10.733	8.3919	
968	30.167	30.044	31.542	16.627	10.745	8.3832	
969	30.139	30.015	31.515	16.611	10.709	8.3707	
970	30.111	29.986	31.488	16.625	10.692	8.3925	
971	30.083	29.957	31.461	16.613	10.68	8.3706	
972	30.056	29.928	31.434	16.61	10.702	8.3492	
973	30.028	29.899	31.408	16.61	10.685	8.3224	
974	30.001	29.87	31.381	16.594	10.661	8.3374	
975	29.973	29.842	31.354	16.588	10.668	8.2816	
976	29.946	29.813	31.328	16.58	10.653	8.2972	
977	29.919	29.785	31.301	16.575	10.641	8.2843	
978	29.892	29.756	31.275	16.572	10.632	8.2858	
979	29.865	29.728	31.248	16.57	10.638	8.2719	
980	29.838	29.7	31.222	16.575	10.628	8.2724	
981	29.811	29.671	31.196	16.572	10.626	8.2804	
982	29.784	29.643	31.169	16.566	10.621	8.2707	
983	29.757	29.615	31.143	16.562	10.623	8.2828	
984	29.731	29.587	31.117	16.548	10.613	8.2676	
985	29.704	29.559	31.091	16.546	10.617	8.2362	
986	29.678	29.532	31.065	16.573	10.595	8.2584	
987	29.651	29.504	31.039	16.537	10.591	8.2149	
988	29.625	29.476	31.013	16.532	10.56	8.1936	
989	29.599	29.449	30.987	16.524	10.566	8.1933	
990	29.573	29.421	30.962	16.52	10.547	8.1876	
991	29.547	29.394	30.936	16.519	10.55	8.1676	
992	29.521	29.366	30.91	16.52	10.545	8.1802	
993	29.495	29.339	30.885	16.509	10.544	8.1739	
994	29.469	29.312	30.859	16.517	10.548	8.1768	
995	29.444	29.285	30.834	16.503	10.54	8.1619	
996	29.418	29.258	30.808	16.496	10.533	8.1554	
997	29.393	29.231	30.783	16.504	10.529	8.1444	
998	29.367	29.204	30.757	16.493	10.516	8.1417	
999	29.342	29.177	30.732	16.483	10.502	8.1776	
1000	29.317	29.15	30.707	16.5	10.478	8.1157	
1001	29.291	29.123	30.682	16.464	10.53	8.0949	
1002	29.266	29.096	30.657	16.485	10.51	8.0982	
1003	29.241	29.07	30.632	16.476	10.477	8.0989	
1004	29.216	29.043	30.607	16.475	10.443	8.0759	
1005	29.191	29.017	30.582	16.439	10.542	8.1117	
1006	29.167	28.99	30.557	16.467	10.428	8.1096	
1007	29.142	28.964	30.532	16.465	10.492	8.0327	
1008	29.117	28.938	30.507	16.449	10.484	8.0563	
1009	29.093	28.912	30.482	16.429	10.432	8.0496	
1010	29.068	28.886	30.458	16.466	10.451	8.0414	
1011	29.044	28.859	30.433	16.433	10.444	8.0428	
1012	29.019	28.833	30.408	16.438	10.431	8.0143	
1013	28.995	28.808	30.384	16.434	10.414	8.0082	
1014	28.971	28.782	30.359	16.435	10.394	8.0042	
1015	28.947	28.756	30.335	16.437	10.4	7.9932	
1016	28.923	28.73	30.311	16.413	10.402	8.087	
1017	28.899	28.704	30.286	16.395	10.365	7.9546	
1018	28.875	28.679	30.262	16.391	10.366	7.9748	
1019	28.851	28.653	30.238	16.377	10.349	7.938	
1020	28.827	28.628	30.214	16.428	10.409	7.9076	
1021	28.804	28.602	30.189	16.344	10.406	7.9482	
1022	28.78	28.577	30.165	16.399	10.335	7.9468	
1023	28.757	28.552	30.141	16.418	10.322	7.9437	
1024	28.733	28.526	30.117	16.374	10.301	7.9785	
1025	28.71	28.501	30.093	16.416	10.31	7.9159	
1026	28.686	28.476	30.069	16.38	10.359	7.8728	
1027	28.663	28.451	30.046	16.414	10.241	7.8987	
1028	28.64	28.426	30.022	16.371	10.339	7.8451	
1029	28.617	28.401	29.998	16.355	10.283	7.8299	
1030	28.594	28.376	29.974	16.359	10.328	7.903	
1031	28.571	28.351	29.951	16.422	10.333	7.9249	
1032	28.548	28.326	29.927	16.316	10.327	7.8632	
1033	28.525	28.302	29.903	16.382	10.287	7.887	
1034	28.502	28.277	29.88	16.356	10.309	7.8533	
1035	28.479	28.252	29.856	16.379	10.251	7.9231	
1036	28.457	28.228	29.833	16.253	10.285	7.8388	
1037	28.434	28.203	29.81	16.397	10.175	7.8035	
1038	28.412	28.179	29.786	16.319	10.24	7.9786	
1039	28.389	28.155	29.763	16.361	10.29	7.9209	
1040	28.367	28.13	29.74	16.298	10.088	7.8087	
1041	28.344	28.106	29.716	16.335	10.216	7.8567	
1042	28.322	28.082	29.693	16.445	10.238	7.6434	
1043	28.3	28.058	29.67	16.412	10.176	7.6925	
1044	28.278	28.034	29.647	16.267	10.268	7.7417	
1045	28.256	28.01	29.624	16.308	10.204	7.7873	
1046	28.234	27.986	29.601	16.204	10.35	7.5825	
1047	28.212	27.962	29.578	16.266	10.039	7.7932	
1048	28.19	27.938	29.555	16.229	10.157	7.8069	
1049	28.168	27.914	29.532	16.299	10.171	7.7236	
1050	28.146	27.89	29.51	16.276	10.083	7.8107	
1051	28.125	27.867	29.487	16.278	10.17	7.7396	
1052	28.103	27.843	29.464	16.273	10.161	7.7044	
1053	28.081	27.819	29.441	16.277	10.167	7.7231	
1054	28.06	27.796	29.419	16.277	10.148	7.7089	
1055	28.039	27.772	29.396	16.277	10.167	7.6972	
1056	28.017	27.749	29.374	16.273	10.135	7.687	
1057	27.996	27.726	29.351	16.269	10.153	7.6997	
1058	27.975	27.702	29.329	16.262	10.142	7.6709	
1059	27.953	27.679	29.306	16.247	10.134	7.6933	
1060	27.932	27.656	29.284	16.254	10.134	7.6648	
1061	27.911	27.632	29.261	16.263	10.116	7.6747	
1062	27.89	27.609	29.239	16.239	10.115	7.6648	
1063	27.869	27.586	29.217	16.235	10.098	7.6667	
1064	27.848	27.563	29.195	16.233	10.093	7.6472	
1065	27.827	27.54	29.173	16.225	10.087	7.629	
1066	27.807	27.517	29.15	16.232	10.086	7.618	
1067	27.786	27.495	29.128	16.223	10.089	7.6219	
1068	27.765	27.472	29.106	16.218	10.078	7.6284	
1069	27.744	27.449	29.084	16.223	10.054	7.6005	
1070	27.724	27.426	29.062	16.22	10.079	7.5985	
1071	27.703	27.404	29.04	16.218	10.063	7.599	
1072	27.683	27.381	29.018	16.202	10.065	7.5925	
1073	27.662	27.358	28.996	16.215	10.029	7.5661	
1074	27.642	27.336	28.975	16.199	10.044	7.5808	
1075	27.622	27.313	28.953	16.193	10.033	7.5517	
1076	27.602	27.291	28.931	16.201	10.022	7.5548	
1077	27.581	27.269	28.909	16.189	10.024	7.5511	
1078	27.561	27.246	28.888	16.185	10.008	7.5417	
1079	27.541	27.224	28.866	16.186	10.022	7.5314	
1080	27.521	27.202	28.845	16.186	10.011	7.5387	
1081	27.501	27.18	28.823	16.179	10.01	7.5348	
1082	27.481	27.157	28.801	16.172	10.007	7.5257	
1083	27.461	27.135	28.78	16.18	9.9947	7.5117	
1084	27.442	27.113	28.759	16.172	9.995	7.5129	
1085	27.422	27.091	28.737	16.166	9.9914	7.5014	
1086	27.402	27.069	28.716	16.171	9.9923	7.5038	
1087	27.383	27.047	28.694	16.156	9.9873	7.4945	
1088	27.363	27.026	28.673	16.166	9.9817	7.4997	
1089	27.343	27.004	28.652	16.159	9.9779	7.4821	
1090	27.324	26.982	28.631	16.158	9.9803	7.4881	
1091	27.304	26.96	28.609	16.153	9.9785	7.4853	
1092	27.285	26.939	28.588	16.144	9.9565	7.4715	
1093	27.266	26.917	28.567	16.148	9.9506	7.4729	
1094	27.246	26.895	28.546	16.141	9.9601	7.4722	
1095	27.227	26.874	28.525	16.15	9.9318	7.4483	
1096	27.208	26.852	28.504	16.144	9.9407	7.4519	
1097	27.189	26.831	28.483	16.13	9.9283	7.4383	
1098	27.17	26.81	28.462	16.124	9.9234	7.4168	
1099	27.151	26.788	28.441	16.123	9.9232	7.4195	
1100	27.132	26.767	28.42	16.113	9.9178	7.4139	
1101	27.113	26.746	28.4	16.124	9.9056	7.3964	
1102	27.094	26.724	28.379	16.116	9.8945	7.3888	
1103	27.075	26.703	28.358	16.109	9.8791	7.3797	
1104	27.056	26.682	28.337	16.105	9.888	7.3786	
1105	27.038	26.661	28.317	16.097	9.8862	7.3711	
1106	27.019	26.64	28.296	16.101	9.8753	7.3644	
1107	27	26.619	28.275	16.09	9.8672	7.3615	
1108	26.982	26.598	28.255	16.098	9.873	7.3533	
1109	26.963	26.577	28.234	16.089	9.8628	7.35	
1110	26.945	26.556	28.214	16.087	9.8562	7.3493	
1111	26.926	26.535	28.193	16.086	9.8575	7.3426	
1112	26.908	26.515	28.173	16.085	9.8439	7.3361	
1113	26.889	26.494	28.153	16.085	9.8491	7.3346	
1114	26.871	26.473	28.132	16.08	9.8466	7.3305	
1115	26.853	26.452	28.112	16.077	9.8484	7.3291	
1116	26.835	26.432	28.092	16.078	9.8409	7.3321	
1117	26.816	26.411	28.071	16.079	9.8416	7.3209	
1118	26.798	26.391	28.051	16.072	9.8334	7.3214	
1119	26.78	26.37	28.031	16.06	9.8347	7.3015	
1120	26.762	26.35	28.011	16.068	9.8313	7.2924	
1121	26.744	26.329	27.99	16.067	9.8176	7.2878	
1122	26.726	26.309	27.97	16.06	9.8063	7.2978	
1123	26.708	26.289	27.95	16.048	9.8069	7.2903	
1124	26.69	26.268	27.93	16.063	9.8076	7.2673	
1125	26.673	26.248	27.91	16.054	9.7979	7.2623	
1126	26.655	26.228	27.89	16.058	9.8085	7.2676	
1127	26.637	26.207	27.87	16.033	9.7894	7.2435	
1128	26.619	26.187	27.85	16.033	9.7801	7.246	
1129	26.602	26.167	27.831	16.039	9.78	7.2589	
1130	26.584	26.147	27.811	16.029	9.784	7.2303	
1131	26.567	26.127	27.791	16.028	9.7661	7.2327	
1132	26.549	26.107	27.771	16.029	9.7641	7.2224	
1133	26.532	26.087	27.751	16.022	9.7746	7.22	
1134	26.514	26.067	27.732	16.013	9.7404	7.2208	
1135	26.497	26.047	27.712	16.016	9.7516	7.1929	
1136	26.48	26.028	27.692	16.019	9.733	7.2045	
1137	26.462	26.008	27.673	16.012	9.7186	7.2018	
1138	26.445	25.988	27.653	16.011	9.7314	7.1817	
1139	26.428	25.968	27.634	16.007	9.7294	7.188	
1140	26.411	25.949	27.614	16	9.711	7.1734	
1141	26.393	25.929	27.594	16.013	9.7229	7.1701	
1142	26.376	25.909	27.575	16.009	9.7157	7.1425	
1143	26.359	25.89	27.556	15.991	9.7047	7.1754	
1144	26.342	25.87	27.536	15.991	9.6948	7.1627	
1145	26.325	25.851	27.517	15.994	9.7082	7.1617	
1146	26.308	25.831	27.497	15.991	9.6734	7.1488	
1147	26.292	25.812	27.478	15.987	9.6773	7.1375	
1148	26.275	25.793	27.459	15.993	9.6824	7.1398	
1149	26.258	25.773	27.44	15.982	9.6859	7.1336	
1150	26.241	25.754	27.42	15.971	9.6696	7.1285	
1151	26.225	25.735	27.401	15.973	9.6557	7.1144	
1152	26.208	25.715	27.382	15.974	9.6664	7.1066	
1153	26.191	25.696	27.363	15.967	9.6521	7.0941	
1154	26.175	25.677	27.344	15.961	9.6519	7.0958	
1155	26.158	25.658	27.325	15.966	9.6506	7.0979	
1156	26.142	25.639	27.306	15.955	9.6498	7.0837	
1157	26.125	25.62	27.287	15.955	9.6421	7.0727	
1158	26.109	25.601	27.268	15.956	9.6421	7.0731	
1159	26.092	25.582	27.249	15.96	9.6267	7.0708	
1160	26.076	25.563	27.23	15.957	9.628	7.0722	
1161	26.06	25.544	27.211	15.947	9.6061	7.0769	
1162	26.043	25.525	27.192	15.943	9.6372	7.0503	
1163	26.027	25.506	27.173	15.932	9.6109	7.0423	
1164	26.011	25.487	27.154	15.933	9.5892	7.0355	
1165	25.995	25.469	27.135	15.926	9.6021	7.0251	
1166	25.979	25.45	27.117	15.934	9.5923	7.0232	
1167	25.962	25.431	27.098	15.935	9.6092	7.0307	
1168	25.946	25.413	27.079	15.925	9.5875	7.0159	
1169	25.93	25.394	27.061	15.919	9.579	7.0094	
1170	25.914	25.375	27.042	15.923	9.5874	6.9969	
1171	25.898	25.357	27.023	15.918	9.5745	6.9927	
1172	25.883	25.338	27.005	15.915	9.5753	6.9904	
1173	25.867	25.32	26.986	15.913	9.572	6.9898	
1174	25.851	25.301	26.968	15.912	9.5717	6.9855	
1175	25.835	25.283	26.949	15.911	9.5671	6.9893	
1176	25.819	25.264	26.931	15.909	9.5553	6.9753	
1177	25.804	25.246	26.912	15.913	9.5548	6.9734	
1178	25.788	25.228	26.894	15.902	9.5491	6.9642	
1179	25.772	25.209	26.875	15.902	9.5544	6.9693	
1180	25.757	25.191	26.857	15.901	9.5467	6.9584	
1181	25.741	25.173	26.839	15.901	9.5467	6.9598	
1182	25.725	25.155	26.82	15.894	9.5385	6.9547	
1183	25.71	25.137	26.802	15.897	9.537	6.95	
1184	25.694	25.118	26.784	15.892	9.532	6.9421	
1185	25.679	25.1	26.766	15.883	9.531	6.946	
1186	25.664	25.082	26.747	15.885	9.5219	6.9289	
1187	25.648	25.064	26.729	15.884	9.5224	6.9354	
1188	25.633	25.046	26.711	15.877	9.523	6.9241	
1189	25.618	25.028	26.693	15.882	9.5084	6.9071	
1190	25.602	25.01	26.675	15.876	9.5137	6.9197	
1191	25.587	24.992	26.657	15.87	9.5099	6.9094	
1192	25.572	24.974	26.639	15.871	9.4961	6.8957	
1193	25.557	24.957	26.621	15.868	9.4961	6.8932	
1194	25.542	24.939	26.603	15.862	9.5027	6.9035	
1195	25.527	24.921	26.585	15.874	9.474	6.8908	
1196	25.512	24.903	26.567	15.86	9.4905	6.8699	
1197	25.497	24.886	26.549	15.862	9.4762	6.8911	
1198	25.482	24.868	26.531	15.852	9.4631	6.8864	
1199	25.467	24.85	26.513	15.851	9.477	6.8633	
1200	25.452	24.833	26.495	15.858	9.4625	6.8505	
1201	25.437	24.815	26.477	15.861	9.4796	6.8706	
1202	25.422	24.797	26.46	15.841	9.4636	6.8566	
1203	25.407	24.78	26.442	15.848	9.4582	6.8337	
1204	25.392	24.762	26.424	15.851	9.4464	6.8183	
1205	25.378	24.745	26.406	15.832	9.4472	6.8323	
1206	25.363	24.727	26.389	15.836	9.466	6.8321	
1207	25.348	24.71	26.371	15.846	9.4633	6.8204	
1208	25.334	24.693	26.353	15.832	9.4402	6.8124	
1209	25.319	24.675	26.336	15.836	9.4279	6.8174	
1210	25.304	24.658	26.318	15.829	9.4198	6.7981	
1211	25.29	24.641	26.301	15.824	9.4014	6.7811	
1212	25.275	24.623	26.283	15.822	9.4159	6.7865	
1213	25.261	24.606	26.266	15.831	9.4125	6.7945	
1214	25.246	24.589	26.248	15.818	9.422	6.771	
1215	25.232	24.572	26.231	15.827	9.4065	6.7776	
1216	25.217	24.555	26.213	15.816	9.3902	6.7962	
1217	25.203	24.538	26.196	15.82	9.3945	6.7799	
1218	25.189	24.52	26.178	15.792	9.3676	6.7812	
1219	25.174	24.503	26.161	15.814	9.3787	6.7488	
1220	25.16	24.486	26.144	15.812	9.3724	6.7566	
1221	25.146	24.469	26.126	15.792	9.3678	6.7577	
1222	25.132	24.452	26.109	15.806	9.4041	6.7482	
1223	25.117	24.435	26.092	15.808	9.3612	6.7497	
1224	25.103	24.419	26.075	15.802	9.3661	6.7322	
1225	25.089	24.402	26.057	15.793	9.3623	6.7376	
1226	25.075	24.385	26.04	15.803	9.3763	6.7294	
1227	25.061	24.368	26.023	15.81	9.3589	6.7325	
1228	25.047	24.351	26.006	15.774	9.3448	6.7237	
1229	25.033	24.334	25.989	15.767	9.3236	6.7278	
1230	25.019	24.318	25.972	15.774	9.3573	6.7086	
1231	25.005	24.301	25.955	15.796	9.3605	6.676	
1232	24.991	24.284	25.938	15.789	9.3331	6.7336	
1233	24.977	24.268	25.921	15.803	9.3612	6.6865	
1234	24.964	24.251	25.904	15.779	9.3636	6.7088	
1235	24.95	24.234	25.887	15.762	9.3504	6.6856	
1236	24.936	24.218	25.87	15.776	9.3508	6.7156	
1237	24.922	24.201	25.853	15.771	9.3581	6.6932	
1238	24.908	24.185	25.836	15.803	9.3178	6.7029	
1239	24.895	24.168	25.819	15.735	9.3726	6.7182	
1240	24.881	24.152	25.802	15.732	9.2717	6.6779	
1241	24.867	24.135	25.785	15.745	9.341	6.6356	
1242	24.854	24.119	25.768	15.735	9.3044	6.6996	
1243	24.84	24.103	25.752	15.764	9.3127	6.761	
1244	24.827	24.086	25.735	15.782	9.3076	6.6586	
1245	24.813	24.07	25.718	15.721	9.362	6.5928	
1246	24.8	24.054	25.701	15.748	9.298	6.6041	
1247	24.786	24.037	25.685	15.731	9.2333	6.6094	
1248	24.773	24.021	25.668	15.743	9.2731	6.5843	
1249	24.759	24.005	25.651	15.775	9.2931	6.6536	
1250	24.746	23.989	25.635	15.753	9.3398	6.5861	
1251	24.733	23.973	25.618	15.739	9.2561	6.6486	
1252	24.719	23.956	25.601	15.709	9.2021	6.5795	
1253	24.706	23.94	25.585	15.708	9.3079	6.5872	
1254	24.693	23.924	25.568	15.716	9.2289	6.5936	
1255	24.679	23.908	25.552	15.74	9.2415	6.623	
1256	24.666	23.892	25.535	15.719	9.2629	6.5966	
1257	24.653	23.876	25.519	15.717	9.2216	6.5567	
1258	24.64	23.86	25.502	15.725	9.2458	6.548	
1259	24.627	23.844	25.486	15.694	9.2312	6.5771	
1260	24.614	23.828	25.47	15.709	9.2387	6.553	
1261	24.6	23.812	25.453	15.706	9.2178	6.5473	
1262	24.587	23.796	25.437	15.689	9.2162	6.5425	
1263	24.574	23.781	25.42	15.706	9.2186	6.5313	
1264	24.561	23.765	25.404	15.682	9.2026	6.5444	
1265	24.548	23.749	25.388	15.708	9.2245	6.5324	
1266	24.535	23.733	25.372	15.696	9.2306	6.5176	
1267	24.523	23.717	25.355	15.709	9.2023	6.5414	
1268	24.51	23.702	25.339	15.714	9.2095	6.5453	
1269	24.497	23.686	25.323	15.701	9.2186	6.5538	
1270	24.484	23.67	25.307	15.696	9.198	6.5367	
1271	24.471	23.655	25.291	15.683	9.2039	6.5136	
1272	24.458	23.639	25.274	15.688	9.2189	6.5472	
1273	24.446	23.623	25.258	15.705	9.2243	6.5247	
1274	24.433	23.608	25.242	15.701	9.2005	6.5306	
1275	24.42	23.592	25.226	15.686	9.1823	6.4939	
1276	24.407	23.577	25.21	15.699	9.2087	6.5205	
1277	24.395	23.561	25.194	15.663	9.1993	6.5191	
1278	24.382	23.546	25.178	15.665	9.1892	6.5112	
1279	24.37	23.53	25.162	15.681	9.1589	6.4593	
1280	24.357	23.515	25.146	15.675	9.156	6.4798	
1281	24.344	23.5	25.13	15.682	9.1567	6.4748	
1282	24.332	23.484	25.114	15.676	9.169	6.4949	
1283	24.319	23.469	25.098	15.656	9.1537	6.4527	
1284	24.307	23.453	25.082	15.632	9.1916	6.4591	
1285	24.295	23.438	25.066	15.644	9.1608	6.4782	
1286	24.282	23.423	25.05	15.669	9.1557	6.4463	
1287	24.27	23.408	25.035	15.652	9.1412	6.4697	
1288	24.257	23.392	25.019	15.663	9.1606	6.4591	
1289	24.245	23.377	25.003	15.652	9.1422	6.4344	
1290	24.233	23.362	24.987	15.657	9.1551	6.4376	
1291	24.22	23.347	24.972	15.64	9.1345	6.4164	
1292	24.208	23.332	24.956	15.656	9.1345	6.4736	
1293	24.196	23.317	24.94	15.647	9.1239	6.4379	
1294	24.184	23.302	24.924	15.668	9.1578	6.4281	
1295	24.171	23.286	24.909	15.646	9.1369	6.3954	
1296	24.159	23.271	24.893	15.653	9.1292	6.3926	
1297	24.147	23.256	24.877	15.651	9.0942	6.4387	
1298	24.135	23.241	24.862	15.631	9.1357	6.4042	
1299	24.123	23.226	24.846	15.641	9.0837	6.373	
1300	24.111	23.211	24.831	15.624	9.1037	6.3995	
1301	24.099	23.197	24.815	15.641	9.126	6.3705	
1302	24.087	23.182	24.8	15.611	9.0799	6.4187	
1303	24.075	23.167	24.784	15.637	9.1245	6.3851	
1304	24.063	23.152	24.769	15.648	9.1135	6.3952	
1305	24.051	23.137	24.753	15.652	9.0861	6.3467	
1306	24.039	23.122	24.738	15.629	9.1235	6.3831	
1307	24.027	23.107	24.722	15.62	9.108	6.3954	
1308	24.015	23.093	24.707	15.613	9.0891	6.388	
1309	24.003	23.078	24.691	15.62	9.0991	6.3783	
1310	23.991	23.063	24.676	15.612	9.0767	6.3653	
1311	23.979	23.049	24.661	15.62	9.0461	6.3913	
1312	23.968	23.034	24.645	15.608	9.0606	6.3221	
1313	23.956	23.019	24.63	15.613	9.0866	6.3847	
1314	23.944	23.005	24.615	15.607	9.0596	6.3495	
1315	23.932	22.99	24.6	15.602	9.0327	6.3262	
1316	23.921	22.975	24.584	15.629	8.9941	6.3194	
1317	23.909	22.961	24.569	15.605	9.0557	6.3822	
1318	23.897	22.946	24.554	15.589	9.0545	6.3601	
1319	23.886	22.932	24.539	15.631	9.0479	6.354	
1320	23.874	22.917	24.523	15.574	9.0367	6.3584	
1321	23.862	22.903	24.508	15.612	9.0226	6.3347	
1322	23.851	22.888	24.493	15.601	8.9983	6.2378	
1323	23.839	22.874	24.478	15.554	9.0135	6.278	
1324	23.828	22.859	24.463	15.608	9.0519	6.2872	
1325	23.816	22.845	24.448	15.621	8.9865	6.3038	
1326	23.805	22.831	24.433	15.629	8.988	6.2721	
1327	23.793	22.816	24.418	15.6	9.0561	6.2622	
1328	23.782	22.802	24.403	15.561	8.9618	6.3632	
1329	23.77	22.788	24.388	15.563	8.9748	6.2771	
1330	23.759	22.773	24.373	15.621	9.0407	6.2531	
1331	23.748	22.759	24.358	15.566	9.0607	6.3246	
1332	23.736	22.745	24.343	15.561	8.9719	6.418	
1333	23.725	22.731	24.328	15.578	9.0236	6.2824	
1334	23.714	22.717	24.313	15.6	8.9906	6.2743	
1335	23.702	22.702	24.298	15.55	9.0051	6.153	
1336	23.691	22.688	24.283	15.537	9.0374	6.3185	
1337	23.68	22.674	24.268	15.618	8.9803	6.1591	
1338	23.669	22.66	24.253	15.535	9.048	6.2468	
1339	23.658	22.646	24.239	15.561	9.032	6.2708	
1340	23.646	22.632	24.224	15.593	9.0077	6.1586	
1341	23.635	22.618	24.209	15.666	8.8259	6.2786	
1342	23.624	22.604	24.194	15.575	8.9248	6.4947	
1343	23.613	22.59	24.18	15.64	9.0003	6.4568	
1344	23.602	22.576	24.165	15.52	9.0383	6.2736	
1345	23.591	22.562	24.15	15.567	9.1261	6.2256	
1346	23.58	22.548	24.135	15.405	8.8527	6.0078	
1347	23.569	22.534	24.121	15.559	9.1196	5.8337	
1348	23.558	22.52	24.106	15.504	9.1334	6.1728	
1349	23.547	22.506	24.091	15.419	9.278	6.2167	
1350	23.536	22.492	24.077	15.265	9.0644	6.2217	
1351	23.525	22.479	24.062	15.503	8.9301	5.9253	
1352	23.514	22.465	24.048	15.455	8.8241	6.3825	
1353	23.503	22.451	24.033	15.547	8.3823	6.2501	
1354	23.492	22.437	24.019	15.469	9.3073	6.3855	
1355	23.481	22.423	24.004	15.712	8.773	5.6078	
1356	23.47	22.41	23.989	15.648	9.1567	6.0752	
1357	23.46	22.396	23.975	15.444	9.0441	6.2724	
1358	23.449	22.382	23.961	16.248	9.371	6.3795	
1359	23.438	22.369	23.946	16.262	8.6908	6.918	
1426	22.759	21.496	23.016	15.655	9.2987	6.337	
1427	22.75	21.483	23.002	15.544	8.6458	6.0444	
1428	22.74	21.471	22.989	15.394	8.841	5.6434	
1429	22.731	21.458	22.976	15.638	8.6618	5.8162	
1430	22.721	21.446	22.962	15.645	8.8034	5.8313	
1431	22.712	21.434	22.949	15.324	8.9254	6.1083	
1432	22.702	21.421	22.936	15.558	8.5618	5.8907	
1433	22.693	21.409	22.923	15.35	8.5981	5.8503	
1434	22.684	21.397	22.909	15.504	8.9164	6.1849	
1435	22.674	21.384	22.896	15.523	8.856	5.7635	
1436	22.665	21.372	22.883	15.531	8.646	5.9371	
1437	22.656	21.36	22.87	15.437	8.9074	5.8618	
1438	22.646	21.348	22.857	15.329	8.6594	5.9473	
1439	22.637	21.335	22.843	15.448	8.7878	5.9026	
1440	22.628	21.323	22.83	15.332	8.7869	5.8234	
1441	22.618	21.311	22.817	15.418	8.6815	6.0523	
1442	22.609	21.299	22.804	15.471	8.6178	5.804	
1443	22.6	21.287	22.791	15.352	8.745	5.9607	
1444	22.591	21.275	22.778	15.461	8.7728	5.754	
1445	22.581	21.263	22.765	15.33	8.7337	5.8418	
1446	22.572	21.25	22.752	15.463	8.6349	5.8148	
1447	22.563	21.238	22.739	15.435	8.7027	5.7187	
1448	22.554	21.226	22.726	15.418	8.6759	5.8657	
1449	22.545	21.214	22.713	15.369	8.7286	5.8616	
1450	22.535	21.202	22.7	15.389	8.7223	5.7667	
1451	22.526	21.19	22.687	15.439	8.6835	5.8613	
1452	22.517	21.178	22.674	15.461	8.7416	5.9121	
1453	22.508	21.166	22.661	15.432	8.7434	5.9344	
1454	22.499	21.154	22.648	15.347	8.6775	5.7013	
1455	22.49	21.142	22.635	15.416	8.7501	5.778	
1456	22.481	21.13	22.622	15.442	8.7139	5.8162	
1457	22.472	21.118	22.609	15.384	8.5911	5.8161	
1458	22.463	21.107	22.596	15.382	8.7003	5.8269	
1459	22.454	21.095	22.583	15.364	8.5653	5.7475	
1460	22.445	21.083	22.571	15.406	8.6329	5.8577	
1461	22.436	21.071	22.558	15.425	8.6263	5.8131	
1462	22.427	21.059	22.545	15.392	8.6402	5.8205	
1463	22.418	21.047	22.532	15.378	8.6426	5.7707	
1464	22.409	21.035	22.519	15.356	8.6674	5.7556	
1465	22.4	21.024	22.507	15.367	8.7009	5.7782	
1466	22.391	21.012	22.494	15.362	8.5979	5.8152	
1467	22.382	21	22.481	15.382	8.6242	5.8072	
1468	22.374	20.988	22.468	15.351	8.6378	5.7845	
1469	22.365	20.977	22.456	15.375	8.6157	5.7777	
1470	22.356	20.965	22.443	15.368	8.6027	5.7829	
1471	22.347	20.953	22.43	15.371	8.6274	5.7814	
1472	22.338	20.942	22.418	15.372	8.6286	5.7604	
1473	22.329	20.93	22.405	15.361	8.64	5.7729	
1474	22.321	20.918	22.392	15.364	8.6233	5.7729	
1475	22.312	20.907	22.38	15.367	8.6216	5.7631	
1476	22.303	20.895	22.367	15.361	8.6167	5.7547	
1477	22.294	20.883	22.354	15.367	8.6407	5.7684	
1478	22.286	20.872	22.342	15.372	8.6251	5.7501	
1479	22.277	20.86	22.329	15.364	8.6199	5.7574	
1480	22.268	20.849	22.317	15.365	8.6238	5.7479	
1481	22.26	20.837	22.304	15.366	8.6113	5.7261	
1482	22.251	20.826	22.292	15.361	8.6283	5.7517	
1483	22.242	20.814	22.279	15.362	8.62	5.7472	
1484	22.234	20.803	22.267	15.378	8.6195	5.7384	
1485	22.225	20.791	22.254	15.355	8.6304	5.737	
1486	22.217	20.78	22.242	15.356	8.5946	5.6973	
1487	22.208	20.768	22.229	15.348	8.6228	5.7008	
1488	22.199	20.757	22.217	15.36	8.6145	5.7232	
1489	22.191	20.745	22.204	15.361	8.6151	5.7038	
1490	22.182	20.734	22.192	15.362	8.5895	5.747	
1491	22.174	20.723	22.18	15.345	8.6053	5.698	
1492	22.165	20.711	22.167	15.351	8.5961	5.7165	
1493	22.157	20.7	22.155	15.341	8.5614	5.7088	
1494	22.148	20.688	22.142	15.341	8.5719	5.697	
1495	22.14	20.677	22.13	15.332	8.5697	5.6877	
1496	22.131	20.666	22.118	15.36	8.6007	5.7053	
1497	22.123	20.655	22.105	15.331	8.5842	5.694	
1498	22.115	20.643	22.093	15.364	8.5808	5.6957	
1499	22.106	20.632	22.081	15.346	8.5729	5.7135	
1500	22.098	20.621	22.069	15.338	8.5688	5.6944	
1501	22.089	20.61	22.056	15.324	8.5615	5.6481	
1502	22.081	20.598	22.044	15.341	8.5663	5.6767	
1503	22.073	20.587	22.032	15.337	8.5858	5.6658	
1504	22.064	20.576	22.02	15.331	8.5525	5.6375	
1505	22.056	20.565	22.007	15.336	8.5556	5.6753	
1506	22.048	20.554	21.995	15.327	8.5511	5.6423	
1507	22.039	20.542	21.983	15.311	8.5398	5.6658	
1508	22.031	20.531	21.971	15.308	8.5416	5.6703	
1509	22.023	20.52	21.959	15.345	8.5427	5.6533	
1510	22.015	20.509	21.946	15.333	8.5601	5.6374	
1511	22.006	20.498	21.934	15.339	8.555	5.6471	
1512	21.998	20.487	21.922	15.33	8.5822	5.6517	
1513	21.99	20.476	21.91	15.364	8.5032	5.6648	
1514	21.982	20.465	21.898	15.322	8.5396	5.6835	
1515	21.974	20.454	21.886	15.295	8.5603	5.6483	
1516	21.965	20.443	21.874	15.318	8.5056	5.6522	
1517	21.957	20.432	21.862	15.315	8.5658	5.6102	
1518	21.949	20.421	21.85	15.295	8.5482	5.6359	
1519	21.941	20.41	21.838	15.297	8.5464	5.6432	
1520	21.933	20.399	21.826	15.291	8.534	5.6375	
1521	21.925	20.388	21.814	15.314	8.4871	5.5673	
1522	21.917	20.377	21.802	15.294	8.5187	5.5965	
1523	21.909	20.366	21.79	15.298	8.5355	5.6022	
1524	21.9	20.355	21.778	15.33	8.5488	5.6586	
1525	21.892	20.344	21.766	15.314	8.5414	5.6269	
1526	21.884	20.333	21.754	15.292	8.5151	5.6013	
1527	21.876	20.322	21.742	15.3	8.528	5.6024	
1528	21.868	20.311	21.73	15.288	8.5465	5.6141	
1529	21.86	20.301	21.718	15.293	8.4942	5.5902	
1530	21.852	20.29	21.706	15.303	8.5058	5.6026	
1531	21.844	20.279	21.694	15.28	8.4914	5.604	
1532	21.836	20.268	21.682	15.308	8.4916	5.603	
1533	21.828	20.257	21.671	15.284	8.4702	5.5967	
1534	21.82	20.247	21.659	15.305	8.4793	5.6376	
1535	21.813	20.236	21.647	15.298	8.4926	5.5712	
1536	21.805	20.225	21.635	15.276	8.4891	5.5791	
1537	21.797	20.214	21.623	15.283	8.4941	5.5846	
1538	21.789	20.204	21.612	15.277	8.5252	5.5789	
1539	21.781	20.193	21.6	15.294	8.4816	5.577	
1540	21.773	20.182	21.588	15.287	8.4628	5.578	
1541	21.765	20.172	21.576	15.275	8.4525	5.5494	
1542	21.758	20.161	21.565	15.281	8.4651	5.5754	
1543	21.75	20.15	21.553	15.279	8.4722	5.544	
1544	21.742	20.14	21.541	15.282	8.4897	5.5788	
1545	21.734	20.129	21.529	15.263	8.493	5.5536	
1546	21.726	20.118	21.518	15.278	8.4662	5.5539	
1547	21.719	20.108	21.506	15.274	8.4734	5.5453	
1548	21.711	20.097	21.494	15.277	8.4642	5.5399	
1549	21.703	20.087	21.483	15.277	8.4838	5.5347	
1550	21.695	20.076	21.471	15.282	8.4621	5.5433	
1551	21.688	20.066	21.46	15.26	8.4848	5.5405	
1552	21.68	20.055	21.448	15.272	8.4641	5.5476	
1553	21.672	20.045	21.436	15.253	8.4528	5.5522	
1554	21.665	20.034	21.425	15.262	8.4672	5.5335	
1555	21.657	20.024	21.413	15.281	8.442	5.52	
1556	21.649	20.013	21.402	15.259	8.4567	5.5561	
1557	21.642	20.003	21.39	15.253	8.4481	5.5181	
1558	21.634	19.992	21.379	15.256	8.4504	5.5207	
1559	21.626	19.982	21.367	15.276	8.4324	5.4932	
1560	21.619	19.971	21.355	15.271	8.4614	5.517	
1561	21.611	19.961	21.344	15.28	8.463	5.5073	
1562	21.604	19.951	21.333	15.286	8.4263	5.5184	
1563	21.596	19.94	21.321	15.246	8.4494	5.5213	
1564	21.588	19.93	21.31	15.253	8.4738	5.4959	
1565	21.581	19.919	21.298	15.26	8.475	5.4892	
1566	21.573	19.909	21.287	15.25	8.4211	5.471	
1567	21.566	19.899	21.275	15.272	8.4036	5.5013	
1568	21.558	19.888	21.264	15.254	8.4459	5.5132	
1569	21.551	19.878	21.252	15.273	8.4673	5.5183	
1570	21.543	19.868	21.241	15.258	8.4541	5.5109	
1571	21.536	19.858	21.23	15.251	8.43	5.5032	
1572	21.528	19.847	21.218	15.247	8.4216	5.516	
1573	21.521	19.837	21.207	15.253	8.4038	5.4898	
1574	21.513	19.827	21.196	15.271	8.4254	5.4739	
1575	21.506	19.817	21.184	15.231	8.4078	5.4942	
1576	21.499	19.806	21.173	15.249	8.3978	5.4296	
1577	21.491	19.796	21.162	15.217	8.3749	5.4756	
1578	21.484	19.786	21.15	15.237	8.4288	5.4607	
1579	21.476	19.776	21.139	15.228	8.4205	5.4795	
1580	21.469	19.766	21.128	15.239	8.3869	5.4487	
1581	21.462	19.755	21.117	15.234	8.4189	5.4105	
1582	21.454	19.745	21.105	15.257	8.4008	5.48	
1583	21.447	19.735	21.094	15.226	8.4345	5.4544	
1584	21.44	19.725	21.083	15.259	8.3606	5.4227	
1585	21.432	19.715	21.072	15.244	8.4289	5.4566	
1586	21.425	19.705	21.06	15.233	8.3734	5.502	
1587	21.418	19.695	21.049	15.238	8.4237	5.4611	
1588	21.411	19.685	21.038	15.245	8.3774	5.3926	
1589	21.403	19.675	21.027	15.215	8.3875	5.4566	
1590	21.396	19.665	21.016	15.228	8.3519	5.4219	
1591	21.389	19.655	21.005	15.219	8.3652	5.442	
1592	21.382	19.645	20.994	15.22	8.4063	5.4059	
1593	21.374	19.635	20.982	15.242	8.3902	5.4055	
1594	21.367	19.625	20.971	15.227	8.3533	5.4718	
1595	21.36	19.615	20.96	15.251	8.3693	5.388	
1596	21.353	19.605	20.949	15.218	8.396	5.4089	
1597	21.346	19.595	20.938	15.224	8.3787	5.4234	
1598	21.338	19.585	20.927	15.233	8.3674	5.3693	
1599	21.331	19.575	20.916	15.229	8.3583	5.4027	
1600	21.324	19.565	20.905	15.215	8.372	5.3582	
1601	21.317	19.555	20.894	15.245	8.3609	5.4297	
1602	21.31	19.545	20.883	15.238	8.3485	5.3855	
1603	21.303	19.535	20.872	15.243	8.3307	5.3756	
1604	21.296	19.525	20.861	15.231	8.3665	5.3766	
1605	21.289	19.515	20.85	15.219	8.355	5.4195	
1606	21.282	19.506	20.839	15.218	8.3515	5.381	
1607	21.274	19.496	20.828	15.236	8.3546	5.3807	
1608	21.267	19.486	20.817	15.198	8.3743	5.3834	
1609	21.26	19.476	20.806	15.209	8.3542	5.3865	
1610	21.253	19.466	20.795	15.217	8.3669	5.3679	
1611	21.246	19.457	20.784	15.223	8.3448	5.3933	
1612	21.239	19.447	20.773	15.243	8.3307	5.3638	
1613	21.232	19.437	20.762	15.178	8.3644	5.3728	
1614	21.225	19.427	20.752	15.202	8.361	5.4227	
1615	21.218	19.418	20.741	15.227	8.3397	5.3958	
1616	21.211	19.408	20.73	15.22	8.3127	5.3666	
1617	21.205	19.398	20.719	15.246	8.3553	5.3936	
1618	21.198	19.388	20.708	15.226	8.3236	5.3726	
1619	21.191	19.379	20.697	15.199	8.3466	5.3731	
1620	21.184	19.369	20.687	15.181	8.3603	5.3781	
1621	21.177	19.359	20.676	15.208	8.3253	5.3494	
1622	21.17	19.35	20.665	15.178	8.3112	5.3902	
1623	21.163	19.34	20.654	15.171	8.3181	5.3343	
1624	21.156	19.33	20.643	15.213	8.3478	5.3601	
1625	21.149	19.321	20.633	15.221	8.3268	5.3138	
1626	21.142	19.311	20.622	15.189	8.3195	5.3457	
1627	21.136	19.302	20.611	15.194	8.2845	5.3273	
1628	21.129	19.292	20.6	15.187	8.3499	5.3401	
1629	21.122	19.282	20.59	15.19	8.342	5.3735	
1630	21.115	19.273	20.579	15.179	8.3391	5.3371	
1631	21.108	19.263	20.568	15.173	8.3154	5.3855	
1632	21.101	19.254	20.558	15.186	8.35	5.3166	
1633	21.095	19.244	20.547	15.203	8.3497	5.3381	
1634	21.088	19.235	20.536	15.171	8.297	5.3258	
1635	21.081	19.225	20.526	15.194	8.3312	5.3287	
1636	21.074	19.216	20.515	15.188	8.3212	5.3036	
1637	21.068	19.206	20.504	15.199	8.3059	5.3668	
1638	21.061	19.197	20.494	15.222	8.2801	5.3259	
1639	21.054	19.187	20.483	15.182	8.3194	5.2974	
1640	21.048	19.178	20.473	15.173	8.2818	5.3281	
1641	21.041	19.168	20.462	15.175	8.354	5.2891	
1642	21.034	19.159	20.452	15.205	8.2703	5.335	
1643	21.027	19.15	20.441	15.19	8.3112	5.2849	
1644	21.021	19.14	20.43	15.187	8.2906	5.3078	
1645	21.014	19.131	20.42	15.188	8.2927	5.329	
1646	21.008	19.121	20.409	15.208	8.31	5.2496	
1647	21.001	19.112	20.399	15.15	8.3281	5.3322	
1648	20.994	19.103	20.388	15.196	8.214	5.2562	
1649	20.988	19.093	20.378	15.203	8.3041	5.32	
1650	20.981	19.084	20.367	15.183	8.3097	5.3172	
1651	20.974	19.075	20.357	15.183	8.2823	5.2789	
1652	20.968	19.065	20.346	15.167	8.2903	5.2806	
1653	20.961	19.056	20.336	15.222	8.273	5.3132	
1654	20.955	19.047	20.326	15.187	8.2721	5.3	
1655	20.948	19.038	20.315	15.181	8.3124	5.2674	
1656	20.942	19.028	20.305	15.178	8.2858	5.2886	
1657	20.935	19.019	20.294	15.182	8.2736	5.2715	
1658	20.929	19.01	20.284	15.168	8.2909	5.2684	
1659	20.922	19.001	20.273	15.198	8.2389	5.2994	
1660	20.915	18.991	20.263	15.134	8.2013	5.3163	
1661	20.909	18.982	20.253	15.18	8.22	5.277	
1662	20.903	18.973	20.242	15.141	8.2754	5.2561	
1663	20.896	18.964	20.232	15.16	8.3068	5.3083	
1664	20.89	18.955	20.222	15.139	8.2076	5.1903	
1665	20.883	18.945	20.211	15.134	8.2768	5.2901	
1666	20.877	18.936	20.201	15.203	8.2376	5.2267	
1667	20.87	18.927	20.191	15.116	8.178	5.2636	
1668	20.864	18.918	20.18	15.094	8.2587	5.2816	
1669	20.857	18.909	20.17	15.177	8.2221	5.1642	
1670	20.851	18.9	20.16	15.177	8.3188	5.28	
1671	20.845	18.891	20.15	15.144	8.2985	5.1962	
1672	20.838	18.881	20.139	15.205	8.2434	5.1552	
1673	20.832	18.872	20.129	15.194	8.2671	5.2595	
1674	20.825	18.863	20.119	15.196	8.273	5.2443	
1675	20.819	18.854	20.109	15.123	8.1082	5.2754	
1676	20.813	18.845	20.098	15.177	8.2951	5.2414	
1677	20.806	18.836	20.088	15.141	8.2686	5.3115	
1678	20.8	18.827	20.078	15.131	8.1656	5.2901	
1679	20.794	18.818	20.068	15.153	8.2106	5.2576	
1680	20.787	18.809	20.058	15.136	8.2649	5.3272	
1681	20.781	18.8	20.048	15.15	8.3289	5.2473	
1682	20.775	18.791	20.037	15.105	8.2398	5.2015	
1683	20.768	18.782	20.027	15.132	8.2922	5.1972	
1684	20.762	18.773	20.017	15.112	8.2552	5.3479	
1685	20.756	18.764	20.007	15.14	8.0623	5.0309	
1686	20.75	18.755	19.997	15.254	8.287	5.2897	
1687	20.743	18.746	19.987	15.066	8.3556	5.4453	
1688	20.737	18.737	19.977	15.075	8.27	5.2045	
1689	20.731	18.728	19.967	15.151	8.2085	5.0922	
1690	20.725	18.72	19.957	15.044	8.425	5.2279	
1691	20.719	18.711	19.946	15.226	8.1621	5.1941	
1692	20.712	18.702	19.936	15.228	8.4692	5.2754	
1693	20.706	18.693	19.926	14.99	8.3545	5.5722	
1694	20.7	18.684	19.916	14.9	8.082	5.2263	
1695	20.694	18.675	19.906	15.192	8.4939	5.4261	
1696	20.688	18.666	19.896	15.082	8.2301	5.4347	
1697	20.681	18.657	19.886	15.142	8.3357	5.437	
1698	20.675	18.649	19.876	14.719	8.2576	4.9981	
1699	20.669	18.64	19.866	14.916	8.6842	5.3629	
1700	20.663	18.631	19.856	14.932	8.1696	5.1826	
