	65	70	75	65	70	75	
300	38.139	37.299	37.171	37.511	37.209	37.514	
301	37.811	36.942	36.791	37.295	36.907	37.453	
302	37.496	36.594	36.415	37.087	36.772	37.279	
303	37.191	36.253	36.041	37.019	36.553	37.024	
304	36.898	35.92	35.669	36.99	36.489	37.052	
305	36.615	35.594	35.299	36.884	36.423	36.867	
306	36.341	35.274	34.93	36.614	36.185	36.77	
307	36.077	34.959	34.561	36.511	36.277	36.641	
308	35.822	34.651	34.193	36.334	36.128	36.541	
309	35.574	34.347	33.825	36.365	35.959	36.377	
310	35.334	34.048	33.455	36.171	35.873	36.379	
311	35.102	33.754	33.085	36.159	35.715	36.319	
312	34.877	33.464	32.713	36.209	35.719	36.207	
313	34.659	33.177	32.34	35.89	35.526	36.139	
314	34.446	32.894	31.965	35.955	35.547	35.953	
315	34.24	32.616	31.588	35.892	35.364	35.909	
316	34.04	32.34	31.209	35.798	35.418	35.815	
317	33.845	32.067	30.827	35.661	35.298	35.754	
318	33.656	31.798	30.443	35.561	35.153	35.59	
319	33.472	31.532	30.057	35.518	35.053	35.611	
320	33.292	31.269	29.669	35.535	35.035	35.459	
321	33.118	31.009	29.279	35.427	34.977	35.375	
322	32.948	30.753	28.886	35.393	34.901	35.332	
323	32.783	30.499	28.492	35.355	34.78	35.278	
324	32.623	30.25	28.096	35.23	34.786	35.152	
325	32.467	30.003	27.699	35.241	34.578	35.091	
326	32.315	29.761	27.301	35.155	34.568	35.032	
327	32.168	29.522	26.903	35.062	34.546	34.927	
328	32.026	29.287	26.504	35.028	34.498	34.847	
329	31.888	29.057	26.106	34.999	34.432	34.774	
330	31.754	28.831	25.709	35.011	34.459	34.767	
331	31.626	28.61	25.314	34.888	34.365	34.712	
332	31.501	28.395	24.921	34.842	34.23	34.555	
333	31.382	28.184	24.532	34.885	34.182	34.577	
334	31.268	27.98	24.146	34.798	34.161	34.525	
335	31.158	27.782	23.765	34.731	34.097	34.447	
336	31.054	27.59	23.389	34.609	34.041	34.358	
337	30.954	27.405	23.021	34.687	34.006	34.353	
338	30.86	27.227	22.66	34.632	33.962	34.303	
339	30.772	27.057	22.308	34.529	33.832	34.23	
340	30.689	26.895	21.966	34.579	33.724	34.179	
341	30.612	26.742	21.635	34.486	33.766	34.165	
342	30.541	26.597	21.316	34.466	33.725	34.1	
343	30.476	26.461	21.011	34.549	33.733	34.023	
344	30.417	26.336	20.721	34.521	33.702	33.95	
345	30.365	26.22	20.447	34.424	33.661	33.933	
346	30.32	26.115	20.191	34.455	33.622	33.892	
347	30.282	26.021	19.955	34.458	33.593	33.865	
348	30.251	25.94	19.74	34.377	33.616	33.812	
349	30.228	25.87	19.549	34.389	33.625	33.81	
350	30.214	25.815	19.382	34.388	33.625	33.767	
351	30.209	25.774	19.242	34.35	33.524	33.743	
352	30.213	25.748	19.132	34.396	33.574	33.8	
353	30.228	25.739	19.053	34.351	33.52	33.614	
354	30.255	25.747	19.006	34.458	33.583	33.722	
355	30.292	25.773	18.995	34.599	33.444	33.575	
356	30.341	25.817	19.019	34.579	33.535	33.58	
357	30.4	25.878	19.078	34.514	33.694	33.653	
358	30.468	25.954	19.171	34.45	33.599	33.561	
359	30.543	26.043	19.295	34.557	33.626	33.604	
360	30.619	26.139	19.446	34.568	33.602	33.533	
361	30.694	26.237	19.617	34.519	33.534	33.614	
362	30.761	26.332	19.804	34.468	33.471	33.318	
363	30.817	26.418	19.997	34.502	33.373	33.27	
364	30.856	26.489	20.192	34.485	33.406	33.141	
365	30.876	26.541	20.382	34.48	33.239	33.257	
366	30.874	26.573	20.564	34.43	33.18	32.916	
367	30.849	26.582	20.735	34.217	33.026	32.627	
368	30.803	26.57	20.893	34.2	33.006	32.484	
369	30.733	26.533	21.034	34.034	32.568	32.257	
370	30.641	26.476	21.16	33.841	32.395	31.955	
371	30.534	26.403	21.276	33.737	32.227	31.762	
372	30.415	26.319	21.385	33.555	32.089	31.437	
373	30.285	26.227	21.488	33.39	31.779	31.262	
374	30.148	26.13	21.589	33.076	31.523	30.992	
375	30.007	26.03	21.688	32.972	31.289	30.557	
376	29.863	25.931	21.788	32.744	31.026	30.281	
377	29.719	25.833	21.889	32.512	30.758	29.935	
378	29.575	25.739	21.992	32.361	30.452	29.755	
379	29.434	25.649	22.097	32.152	30.302	29.525	
380	29.296	25.565	22.207	31.847	30.094	29.22	
381	29.162	25.488	22.32	31.78	29.805	28.874	
382	29.032	25.417	22.438	31.618	29.702	28.718	
383	28.907	25.353	22.559	31.407	29.37	28.494	
384	28.786	25.296	22.684	31.178	29.194	28.195	
385	28.671	25.245	22.811	31.074	29.021	28.069	
386	28.562	25.202	22.941	30.864	28.789	27.848	
387	28.458	25.166	23.074	30.652	28.633	27.637	
388	28.359	25.137	23.21	30.583	28.41	27.476	
389	28.266	25.114	23.348	30.461	28.307	27.256	
390	28.179	25.098	23.489	30.26	28.108	27.05	
391	28.098	25.089	23.632	30.191	27.915	26.895	
392	28.023	25.087	23.777	29.981	27.735	26.665	
393	27.954	25.091	23.924	29.878	27.587	26.582	
394	27.89	25.102	24.074	29.682	27.397	26.4	
395	27.832	25.118	24.225	29.63	27.355	26.298	
396	27.78	25.142	24.378	29.422	27.142	26.077	
397	27.734	25.171	24.533	29.335	27.036	25.925	
398	27.693	25.206	24.69	29.275	26.882	25.776	
399	27.657	25.245	24.848	29.093	26.69	25.637	
400	27.626	25.29	25.007	29.072	26.6	25.423	
401	27.601	25.341	25.168	28.922	26.451	25.337	
402	27.58	25.396	25.33	28.768	26.379	25.181	
403	27.564	25.454	25.492	28.682	26.196	25.041	
404	27.551	25.517	25.655	28.573	26.143	24.894	
405	27.543	25.584	25.819	28.511	25.929	24.83	
406	27.539	25.654	25.983	28.418	25.831	24.647	
407	27.538	25.727	26.147	28.306	25.691	24.585	
408	27.54	25.803	26.31	28.204	25.67	24.441	
409	27.546	25.883	26.474	28.091	25.533	24.21	
410	27.555	25.964	26.638	28.031	25.423	24.179	
411	27.566	26.048	26.801	27.868	25.362	24.088	
412	27.58	26.134	26.963	27.819	25.199	23.977	
413	27.597	26.222	27.125	27.751	25.068	23.815	
414	27.617	26.312	27.286	27.647	25.046	23.779	
415	27.638	26.403	27.446	27.567	24.906	23.666	
416	27.662	26.495	27.606	27.436	24.81	23.564	
417	27.689	26.59	27.764	27.395	24.667	23.442	
418	27.718	26.686	27.922	27.242	24.576	23.314	
419	27.748	26.782	28.078	27.24	24.539	23.278	
420	27.78	26.88	28.234	27.177	24.391	23.051	
421	27.815	26.98	28.389	26.993	24.277	23.05	
422	27.851	27.08	28.543	27.016	24.164	22.99	
423	27.889	27.181	28.695	26.934	24.088	22.879	
424	27.929	27.283	28.847	26.867	24.049	22.714	
425	27.971	27.386	28.998	26.755	23.89	22.644	
426	28.014	27.489	29.148	26.651	23.86	22.58	
427	28.059	27.594	29.297	26.553	23.755	22.538	
428	28.106	27.699	29.445	26.479	23.663	22.372	
429	28.154	27.804	29.592	26.519	23.569	22.282	
430	28.203	27.911	29.738	26.369	23.426	22.284	
431	28.255	28.018	29.883	26.264	23.503	22.162	
432	28.307	28.126	30.027	26.276	23.311	21.984	
433	28.361	28.234	30.171	26.141	23.339	21.941	
434	28.417	28.343	30.314	26.086	23.175	21.795	
435	28.474	28.452	30.456	26.006	23.033	21.804	
436	28.532	28.562	30.597	25.973	22.899	21.543	
437	28.592	28.673	30.738	25.893	22.922	21.617	
438	28.652	28.784	30.877	25.872	22.893	21.469	
439	28.715	28.895	31.017	25.71	22.818	21.435	
440	28.778	29.007	31.155	25.695	22.639	21.343	
441	28.843	29.12	31.293	25.63	22.648	21.261	
442	28.909	29.233	31.431	25.588	22.648	21.104	
443	28.977	29.346	31.567	25.507	22.442	21.184	
444	29.045	29.46	31.704	25.556	22.424	20.985	
445	29.115	29.574	31.84	25.392	22.277	20.91	
446	29.186	29.689	31.975	25.234	22.293	20.863	
447	29.259	29.805	32.11	25.292	22.112	20.749	
448	29.332	29.92	32.244	25.195	22.141	20.723	
449	29.407	30.037	32.379	25.183	22.026	20.627	
450	29.483	30.154	32.512	25.118	21.916	20.654	
451	29.56	30.271	32.646	25.118	21.857	20.554	
452	29.638	30.389	32.779	25.026	21.784	20.444	
453	29.717	30.507	32.912	24.922	21.755	20.443	
454	29.798	30.626	33.045	24.835	21.684	20.273	
455	29.88	30.746	33.178	24.769	21.671	20.279	
456	29.963	30.865	33.31	24.72	21.58	20.095	
457	30.047	30.986	33.443	24.709	21.546	20.092	
458	30.132	31.107	33.575	24.66	21.441	20.062	
459	30.218	31.229	33.707	24.663	21.481	19.975	
460	30.306	31.351	33.84	24.545	21.331	19.906	
461	30.394	31.474	33.972	24.62	21.233	19.818	
462	30.484	31.597	34.104	24.431	21.183	19.772	
463	30.575	31.721	34.236	24.46	21.21	19.722	
464	30.667	31.846	34.369	24.327	21.031	19.609	
465	30.761	31.971	34.501	24.36	21.017	19.608	
466	30.855	32.097	34.634	24.267	20.954	19.454	
467	30.951	32.224	34.767	24.206	20.854	19.484	
468	31.047	32.351	34.9	24.17	20.799	19.396	
469	31.145	32.479	35.033	24.092	20.77	19.34	
470	31.245	32.608	35.166	24.061	20.699	19.193	
471	31.345	32.737	35.3	24.012	20.652	19.217	
472	31.446	32.867	35.434	23.934	20.679	19.142	
473	31.549	32.998	35.568	23.947	20.517	19.035	
474	31.653	33.13	35.703	23.908	20.509	19.076	
475	31.758	33.262	35.838	23.846	20.472	18.955	
476	31.864	33.396	35.974	23.824	20.439	18.928	
477	31.971	33.53	36.109	23.74	20.279	18.806	
478	32.08	33.665	36.246	23.684	20.28	18.775	
479	32.19	33.8	36.383	23.667	20.197	18.72	
480	32.301	33.937	36.52	23.599	20.142	18.638	
481	32.413	34.075	36.658	23.572	20.093	18.615	
482	32.527	34.213	36.796	23.495	20.1	18.561	
483	32.642	34.353	36.935	23.543	20.037	18.524	
484	32.758	34.493	37.075	23.447	19.952	18.437	
485	32.875	34.634	37.215	23.405	19.904	18.479	
486	32.994	34.776	37.356	23.388	19.787	18.36	
487	33.114	34.92	37.497	23.308	19.783	18.254	
488	33.235	35.064	37.639	23.318	19.714	18.213	
489	33.358	35.209	37.782	23.228	19.691	18.178	
490	33.481	35.355	37.926	23.239	19.606	18.185	
491	33.607	35.503	38.07	23.162	19.598	18.078	
492	33.733	35.651	38.216	23.125	19.513	18.036	
493	33.861	35.801	38.362	23.098	19.505	17.975	
494	33.99	35.951	38.508	23.049	19.475	17.976	
495	34.121	36.103	38.656	23.039	19.452	17.877	
496	34.253	36.256	38.805	22.991	19.38	17.876	
497	34.387	36.41	38.954	22.952	19.303	17.874	
498	34.521	36.566	39.105	22.922	19.281	17.787	
499	34.658	36.722	39.256	22.888	19.204	17.73	
500	34.795	36.88	39.408	22.873	19.164	17.653	
501	34.935	37.039	39.562	22.799	19.155	17.607	
502	35.075	37.199	39.716	22.748	19.072	17.553	
503	35.217	37.361	39.871	22.745	19.08	17.515	
504	35.361	37.524	40.027	22.67	18.989	17.461	
505	35.506	37.688	40.185	22.66	18.966	17.426	
506	35.653	37.854	40.343	22.59	18.9	17.357	
507	35.801	38.021	40.503	22.573	18.858	17.36	
508	35.951	38.189	40.664	22.544	18.831	17.264	
509	36.102	38.359	40.826	22.54	18.784	17.234	
510	36.255	38.53	40.989	22.464	18.744	17.185	
511	36.409	38.702	41.153	22.441	18.672	17.172	
512	36.565	38.876	41.318	22.411	18.653	17.095	
513	36.723	39.052	41.485	22.38	18.604	17.039	
514	36.883	39.229	41.653	22.329	18.581	17.008	
515	37.044	39.408	41.822	22.323	18.521	16.956	
516	37.206	39.588	41.992	22.272	18.488	16.925	
517	37.371	39.769	42.164	22.233	18.453	16.889	
518	37.537	39.953	42.337	22.213	18.429	16.8	
519	37.704	40.138	42.511	22.156	18.383	16.8	
520	37.874	40.324	42.687	22.155	18.329	16.783	
521	38.045	40.512	42.863	22.107	18.281	16.705	
522	38.218	40.702	43.042	22.082	18.236	16.682	
523	38.393	40.893	43.221	22.044	18.197	16.633	
524	38.57	41.087	43.402	22.008	18.175	16.576	
525	38.748	41.281	43.585	21.973	18.11	16.541	
526	38.929	41.478	43.769	21.948	18.101	16.479	
527	39.111	41.676	43.954	21.919	18.041	16.467	
528	39.295	41.876	44.141	21.871	18.015	16.444	
529	39.481	42.078	44.329	21.848	17.935	16.346	
530	39.669	42.282	44.518	21.807	17.963	16.332	
531	39.859	42.487	44.71	21.787	17.894	16.282	
532	40.05	42.695	44.902	21.792	17.872	16.249	
533	40.244	42.904	45.096	21.715	17.836	16.21	
534	40.44	43.115	45.292	21.688	17.765	16.173	
535	40.637	43.328	45.489	21.675	17.736	16.118	
536	40.837	43.543	45.687	21.642	17.728	16.071	
537	41.039	43.759	45.887	21.635	17.67	16.051	
538	41.243	43.978	46.089	21.595	17.649	16.008	
539	41.448	44.199	46.292	21.569	17.626	15.99	
540	41.656	44.421	46.496	21.55	17.587	15.938	
541	41.866	44.646	46.702	21.51	17.537	15.923	
542	42.078	44.872	46.91	21.482	17.509	15.858	
543	42.293	45.101	47.119	21.476	17.461	15.814	
544	42.509	45.331	47.33	21.431	17.422	15.773	
545	42.728	45.564	47.542	21.41	17.437	15.761	
546	42.948	45.798	47.756	21.352	17.352	15.71	
547	43.171	46.035	47.971	21.367	17.317	15.707	
548	43.397	46.274	48.187	21.329	17.285	15.648	
549	43.624	46.514	48.406	21.326	17.238	15.622	
550	43.854	46.757	48.625	21.261	17.228	15.591	
551	44.086	47.002	48.846	21.239	17.193	15.54	
552	44.32	47.249	49.069	21.241	17.157	15.508	
553	44.556	47.498	49.293	21.207	17.129	15.477	
554	44.795	47.749	49.518	21.168	17.077	15.44	
555	45.036	48.003	49.745	21.16	17.056	15.395	
556	45.28	48.258	49.974	21.131	17.016	15.362	
557	45.526	48.516	50.203	21.103	16.947	15.317	
558	45.774	48.775	50.434	21.084	16.962	15.3	
559	46.025	49.037	50.667	21.046	16.928	15.278	
560	46.278	49.301	50.901	21.019	16.886	15.228	
561	46.533	49.567	51.136	21.007	16.84	15.186	
562	46.791	49.835	51.372	21	16.812	15.184	
563	47.051	50.105	51.61	20.961	16.801	15.133	
564	47.314	50.378	51.848	20.944	16.75	15.126	
565	47.579	50.652	52.088	20.9	16.721	15.064	
566	47.847	50.929	52.329	20.879	16.684	15.074	
567	48.117	51.208	52.572	20.845	16.66	15.01	
568	48.39	51.489	52.815	20.818	16.626	14.969	
569	48.665	51.771	53.059	20.805	16.591	14.939	
570	48.943	52.056	53.305	20.791	16.566	14.891	
571	49.223	52.344	53.551	20.756	16.54	14.877	
572	49.506	52.633	53.798	20.734	16.528	14.866	
573	49.791	52.924	54.047	20.719	16.489	14.815	
574	50.079	53.217	54.295	20.685	16.473	14.755	
575	50.37	53.512	54.545	20.662	16.434	14.74	
576	50.663	53.809	54.796	20.631	16.404	14.719	
577	50.958	54.109	55.047	20.644	16.385	14.694	
578	51.256	54.41	55.298	20.618	16.331	14.681	
579	51.557	54.713	55.55	20.576	16.316	14.62	
580	51.86	55.018	55.803	20.577	16.277	14.621	
581	52.166	55.324	56.056	20.535	16.251	14.584	
582	52.475	55.633	56.309	20.524	16.22	14.522	
583	52.786	55.944	56.563	20.504	16.18	14.507	
584	53.099	56.256	56.817	20.492	16.17	14.517	
585	53.415	56.57	57.071	20.442	16.155	14.449	
586	53.734	56.885	57.324	20.431	16.123	14.417	
587	54.056	57.203	57.578	20.436	16.098	14.362	
588	54.38	57.522	57.832	20.408	16.07	14.357	
589	54.706	57.842	58.085	20.364	16.041	14.332	
590	55.035	58.164	58.338	20.345	16.005	14.287	
591	55.367	58.487	58.591	20.333	15.99	14.25	
592	55.701	58.812	58.843	20.31	15.918	14.221	
593	56.037	59.139	59.094	20.296	15.969	14.198	
594	56.377	59.466	59.345	20.283	15.892	14.209	
595	56.718	59.795	59.595	20.24	15.88	14.155	
596	57.063	60.125	59.844	20.22	15.879	14.124	
597	57.409	60.456	60.092	20.21	15.839	14.089	
598	57.758	60.788	60.338	20.202	15.8	14.07	
599	58.11	61.121	60.583	20.184	15.748	14.033	
600	58.464	61.455	60.827	20.146	15.774	14.024	
601	58.821	61.79	61.07	20.111	15.734	13.982	
602	59.179	62.125	61.31	20.089	15.676	13.946	
603	59.541	62.462	61.549	20.073	15.681	13.918	
604	59.904	62.798	61.786	20.062	15.645	13.915	
605	60.27	63.135	62.021	20.041	15.608	13.859	
606	60.638	63.473	62.254	20.03	15.616	13.815	
607	61.009	63.81	62.484	19.998	15.592	13.779	
608	61.381	64.148	62.712	20.014	15.535	13.804	
609	61.756	64.486	62.937	19.982	15.547	13.748	
610	62.133	64.824	63.16	19.959	15.505	13.733	
611	62.512	65.161	63.379	19.939	15.468	13.708	
612	62.894	65.498	63.596	19.937	15.48	13.705	
613	63.277	65.835	63.809	19.905	15.44	13.625	
614	63.663	66.171	64.019	19.873	15.416	13.633	
615	64.05	66.506	64.225	19.872	15.373	13.599	
616	64.439	66.84	64.428	19.848	15.366	13.567	
617	64.83	67.173	64.627	19.833	15.339	13.548	
618	65.223	67.505	64.822	19.81	15.324	13.544	
619	65.618	67.835	65.012	19.793	15.289	13.484	
620	66.015	68.164	65.199	19.769	15.26	13.464	
621	66.413	68.491	65.381	19.744	15.245	13.463	
622	66.813	68.816	65.559	19.758	15.223	13.435	
623	67.215	69.139	65.732	19.727	15.19	13.375	
624	67.618	69.459	65.9	19.705	15.17	13.372	
625	68.022	69.777	66.063	19.678	15.168	13.392	
626	68.428	70.091	66.221	19.681	15.12	13.311	
627	68.835	70.403	66.374	19.667	15.098	13.304	
628	69.244	70.711	66.521	19.638	15.06	13.283	
629	69.654	71.016	66.663	19.635	15.075	13.294	
630	70.065	71.317	66.799	19.57	15.013	13.233	
631	70.477	71.613	66.93	19.565	15.066	13.236	
632	70.889	71.906	67.054	19.575	15.011	13.141	
633	71.303	72.193	67.173	19.564	14.965	13.12	
634	71.718	72.475	67.286	19.51	14.954	13.069	
635	72.133	72.752	67.392	19.493	14.942	13.106	
636	72.549	73.023	67.492	19.49	14.951	13.106	
637	72.965	73.288	67.586	19.498	14.872	13.056	
638	73.382	73.547	67.674	19.454	14.846	13.046	
639	73.799	73.799	67.755	19.459	14.818	13.027	
640	74.216	74.044	67.83	19.425	14.799	13.018	
641	74.634	74.281	67.898	19.452	14.778	12.939	
642	75.051	74.511	67.96	19.402	14.772	12.986	
643	75.468	74.732	68.015	19.387	14.721	12.945	
644	75.885	74.945	68.064	19.404	14.727	12.899	
645	76.301	75.148	68.106	19.385	14.71	12.869	
646	76.716	75.342	68.141	19.341	14.67	12.857	
647	77.131	75.527	68.17	19.34	14.697	12.832	
648	77.545	75.701	68.192	19.298	14.644	12.833	
649	77.957	75.865	68.208	19.29	14.633	12.793	
650	78.368	76.018	68.217	19.268	14.571	12.757	
651	78.777	76.16	68.22	19.249	14.593	12.771	
652	79.184	76.291	68.217	19.245	14.544	12.718	
653	79.589	76.409	68.207	19.224	14.556	12.69	
654	79.991	76.516	68.192	19.213	14.505	12.636	
655	80.39	76.611	68.17	19.188	14.528	12.643	
656	80.785	76.693	68.141	19.173	14.551	12.655	
657	81.176	76.763	68.108	19.182	14.495	12.58	
658	81.562	76.82	68.068	19.145	14.451	12.585	
659	81.943	76.864	68.023	19.135	14.393	12.576	
660	82.317	76.895	67.972	19.131	14.406	12.557	
661	82.685	76.914	67.915	19.149	14.366	12.521	
662	83.044	76.921	67.853	19.141	14.38	12.487	
663	83.393	76.914	67.786	19.085	14.354	12.478	
664	83.732	76.895	67.714	19.067	14.358	12.46	
665	84.057	76.864	67.637	19.05	14.329	12.422	
666	84.367	76.821	67.555	19.037	14.283	12.4	
667	84.66	76.766	67.469	19.049	14.264	12.403	
668	84.932	76.7	67.378	19.03	14.28	12.379	
669	85.18	76.623	67.283	19.015	14.24	12.357	
670	85.401	76.534	67.183	18.996	14.227	12.341	
671	85.59	76.435	67.079	18.983	14.189	12.272	
672	85.745	76.327	66.972	18.968	14.151	12.307	
673	85.86	76.208	66.86	18.924	14.153	12.286	
674	85.933	76.08	66.745	18.939	14.161	12.278	
675	85.964	75.944	66.627	18.916	14.153	12.296	
676	85.949	75.799	66.505	18.918	14.072	12.203	
677	85.891	75.645	66.38	18.905	14.111	12.199	
678	85.792	75.485	66.252	18.877	14.073	12.219	
679	85.656	75.317	66.121	18.874	14.028	12.143	
680	85.485	75.142	65.987	18.865	14.013	12.153	
681	85.284	74.961	65.851	18.846	13.999	12.088	
682	85.057	74.774	65.712	18.845	14.005	12.109	
683	84.808	74.581	65.57	18.808	13.954	12.072	
684	84.54	74.383	65.427	18.784	13.945	12.093	
685	84.257	74.18	65.281	18.793	13.961	12.052	
686	83.96	73.972	65.133	18.775	13.924	12.002	
687	83.653	73.761	64.983	18.777	13.89	11.991	
688	83.336	73.545	64.832	18.772	13.868	11.962	
689	83.012	73.326	64.679	18.761	13.903	11.957	
690	82.683	73.103	64.524	18.716	13.875	11.965	
691	82.348	72.878	64.368	18.724	13.843	11.91	
692	82.008	72.649	64.21	18.709	13.782	11.94	
693	81.666	72.418	64.052	18.696	13.781	11.891	
694	81.321	72.185	63.892	18.682	13.775	11.898	
695	80.974	71.95	63.731	18.653	13.738	11.859	
696	80.625	71.712	63.569	18.654	13.704	11.854	
697	80.276	71.474	63.406	18.647	13.742	11.818	
698	79.926	71.233	63.242	18.656	13.697	11.76	
699	79.575	70.992	63.078	18.615	13.678	11.745	
700	79.224	70.749	62.913	18.603	13.714	11.763	
701	78.874	70.506	62.747	18.616	13.601	11.754	
702	78.524	70.261	62.581	18.605	13.677	11.742	
703	78.174	70.016	62.415	18.55	13.664	11.695	
704	77.825	69.771	62.248	18.548	13.616	11.689	
705	77.478	69.525	62.081	18.593	13.586	11.663	
706	77.131	69.279	61.913	18.539	13.595	11.627	
707	76.785	69.033	61.746	18.519	13.587	11.625	
708	76.441	68.786	61.578	18.499	13.513	11.634	
709	76.098	68.54	61.41	18.52	13.555	11.58	
710	75.757	68.294	61.243	18.509	13.487	11.628	
711	75.417	68.048	61.075	18.491	13.491	11.511	
712	75.078	67.803	60.907	18.46	13.43	11.505	
713	74.742	67.558	60.74	18.443	13.501	11.532	
714	74.407	67.314	60.573	18.434	13.419	11.487	
715	74.074	67.07	60.406	18.397	13.433	11.469	
716	73.743	66.826	60.239	18.418	13.356	11.374	
717	73.413	66.584	60.072	18.408	13.398	11.468	
718	73.086	66.342	59.906	18.389	13.347	11.371	
719	72.76	66.101	59.741	18.416	13.365	11.461	
720	72.437	65.861	59.575	18.332	13.336	11.414	
721	72.115	65.622	59.411	18.377	13.311	11.389	
722	71.796	65.384	59.246	18.373	13.341	11.365	
723	71.479	65.147	59.082	18.316	13.339	11.362	
724	71.163	64.911	58.919	18.348	13.267	11.357	
725	70.85	64.676	58.756	18.293	13.366	11.278	
726	70.539	64.442	58.594	18.343	13.2	11.279	
727	70.23	64.209	58.432	18.3	13.25	11.255	
728	69.923	63.977	58.271	18.318	13.194	11.255	
729	69.619	63.747	58.111	18.272	13.178	11.254	
730	69.316	63.518	57.951	18.26	13.183	11.173	
731	69.016	63.29	57.792	18.22	13.167	11.208	
732	68.718	63.063	57.634	18.247	13.116	11.197	
733	68.422	62.838	57.476	18.236	13.152	11.165	
734	68.128	62.614	57.32	18.263	13.117	11.143	
735	67.836	62.391	57.164	18.212	13.131	11.119	
736	67.547	62.17	57.008	18.211	13.114	11.12	
737	67.26	61.95	56.854	18.221	13.084	11.153	
738	66.975	61.731	56.7	18.175	13.091	11.076	
739	66.692	61.514	56.547	18.168	13.067	11.094	
740	66.411	61.298	56.395	18.198	13.06	11.074	
741	66.133	61.083	56.243	18.146	13.012	11.072	
742	65.856	60.87	56.092	18.159	13.021	11.016	
743	65.582	60.658	55.943	18.16	13.027	10.987	
744	65.31	60.448	55.794	18.128	13	11.023	
745	65.04	60.239	55.646	18.098	13.023	11.013	
746	64.772	60.032	55.498	18.113	12.97	10.981	
747	64.506	59.826	55.352	18.112	13.001	10.944	
748	64.243	59.621	55.206	18.09	12.967	10.93	
749	63.981	59.418	55.062	18.087	12.928	10.902	
750	63.722	59.216	54.918	18.026	12.909	10.938	
751	63.465	59.015	54.775	18.064	12.892	10.873	
752	63.21	58.816	54.632	18.016	12.923	10.846	
753	62.957	58.619	54.491	18.042	12.881	10.845	
754	62.706	58.423	54.351	18.033	12.862	10.87	
755	62.457	58.228	54.211	17.998	12.896	10.794	
756	62.21	58.034	54.072	18.017	12.83	10.84	
757	61.965	57.842	53.935	18.016	12.778	10.837	
758	61.722	57.652	53.798	17.993	12.814	10.794	
759	61.481	57.463	53.662	17.991	12.817	10.766	
760	61.242	57.275	53.526	17.965	12.743	10.723	
761	61.005	57.089	53.392	17.94	12.757	10.727	
762	60.77	56.904	53.259	17.968	12.744	10.685	
763	60.537	56.72	53.126	17.942	12.757	10.67	
764	60.306	56.538	52.994	17.942	12.75	10.703	
765	60.076	56.357	52.863	17.928	12.723	10.649	
766	59.849	56.177	52.733	17.945	12.732	10.659	
767	59.624	55.999	52.604	17.932	12.689	10.658	
768	59.4	55.822	52.476	17.898	12.676	10.604	
769	59.179	55.647	52.348	17.901	12.684	10.63	
770	58.959	55.472	52.222	17.88	12.632	10.573	
771	58.741	55.299	52.096	17.839	12.621	10.567	
772	58.525	55.128	51.971	17.837	12.664	10.567	
773	58.31	54.958	51.847	17.851	12.613	10.567	
774	58.098	54.789	51.724	17.831	12.605	10.51	
775	57.887	54.621	51.601	17.81	12.584	10.517	
776	57.678	54.454	51.48	17.872	12.563	10.49	
777	57.471	54.289	51.359	17.813	12.541	10.499	
778	57.265	54.125	51.239	17.814	12.507	10.516	
779	57.061	53.963	51.12	17.771	12.515	10.473	
780	56.859	53.801	51.001	17.769	12.529	10.484	
781	56.658	53.641	50.884	17.816	12.552	10.405	
782	56.46	53.482	50.767	17.788	12.453	10.414	
783	56.263	53.324	50.651	17.766	12.44	10.413	
784	56.067	53.168	50.536	17.747	12.468	10.369	
785	55.873	53.012	50.421	17.727	12.424	10.347	
786	55.681	52.858	50.308	17.72	12.435	10.349	
787	55.49	52.705	50.195	17.725	12.412	10.345	
788	55.301	52.553	50.083	17.722	12.394	10.324	
789	55.114	52.402	49.971	17.703	12.376	10.317	
790	54.928	52.253	49.861	17.705	12.403	10.277	
791	54.744	52.104	49.751	17.675	12.368	10.278	
792	54.561	51.957	49.642	17.689	12.361	10.267	
793	54.379	51.811	49.534	17.679	12.381	10.266	
794	54.2	51.666	49.426	17.66	12.327	10.239	
795	54.021	51.522	49.319	17.659	12.309	10.224	
796	53.844	51.379	49.213	17.662	12.313	10.213	
797	53.669	51.237	49.108	17.654	12.325	10.176	
798	53.495	51.096	49.003	17.666	12.323	10.181	
799	53.322	50.957	48.899	17.647	12.261	10.206	
800	53.151	50.818	48.796	17.62	12.266	10.135	
801	52.982	50.681	48.693	17.605	12.279	10.152	
802	52.813	50.544	48.592	17.648	12.257	10.122	
803	52.646	50.409	48.49	17.585	12.228	10.092	
804	52.481	50.274	48.39	17.575	12.219	10.133	
805	52.316	50.141	48.29	17.566	12.198	10.093	
806	52.154	50.008	48.191	17.583	12.17	10.084	
807	51.992	49.877	48.092	17.566	12.126	10.115	
808	51.832	49.746	47.995	17.569	12.174	10.024	
809	51.673	49.616	47.897	17.516	12.099	10.047	
810	51.515	49.488	47.801	17.556	12.165	10.014	
811	51.359	49.36	47.705	17.537	12.131	9.9973	
812	51.204	49.233	47.61	17.532	12.176	10.005	
813	51.05	49.108	47.515	17.542	12.077	9.9926	
814	50.897	48.983	47.421	17.52	12.11	10.013	
815	50.745	48.859	47.328	17.499	12.091	9.9656	
816	50.595	48.736	47.235	17.51	12.082	9.9131	
817	50.446	48.614	47.143	17.487	12.062	9.9298	
818	50.298	48.493	47.052	17.492	12.059	9.9034	
819	50.152	48.372	46.961	17.483	12.042	9.9129	
820	50.006	48.253	46.871	17.46	12.018	9.8719	
821	49.862	48.134	46.781	17.453	12.005	9.8656	
822	49.719	48.016	46.692	17.45	12.012	9.8616	
823	49.576	47.899	46.603	17.451	12.006	9.8525	
824	49.435	47.783	46.515	17.443	12.007	9.8497	
825	49.296	47.668	46.428	17.437	11.988	9.8449	
826	49.157	47.554	46.341	17.433	11.98	9.8362	
827	49.019	47.44	46.255	17.43	11.974	9.8144	
828	48.882	47.327	46.169	17.419	11.964	9.8087	
829	48.747	47.216	46.084	17.407	11.95	9.7941	
830	48.612	47.104	46	17.407	11.946	9.8031	
831	48.479	46.994	45.916	17.4	11.919	9.7859	
832	48.346	46.884	45.832	17.384	11.91	9.7662	
833	48.215	46.776	45.749	17.379	11.905	9.7353	
834	48.085	46.668	45.667	17.367	11.897	9.7158	
835	47.955	46.56	45.585	17.36	11.889	9.7177	
836	47.827	46.454	45.504	17.358	11.888	9.6974	
837	47.699	46.348	45.423	17.35	11.861	9.7024	
838	47.573	46.243	45.342	17.356	11.846	9.6741	
839	47.447	46.138	45.262	17.339	11.835	9.6728	
840	47.323	46.035	45.183	17.323	11.851	9.6213	
841	47.199	45.932	45.104	17.338	11.799	9.6059	
842	47.077	45.83	45.026	17.35	11.812	9.6524	
843	46.955	45.728	44.948	17.333	11.79	9.6237	
844	46.834	45.627	44.871	17.328	11.8	9.6135	
845	46.714	45.527	44.794	17.337	11.83	9.5864	
846	46.595	45.428	44.717	17.25	11.762	9.5728	
847	46.477	45.329	44.641	17.316	11.671	9.6306	
848	46.36	45.231	44.566	17.299	11.801	9.6341	
849	46.243	45.134	44.491	17.296	11.713	9.5251	
850	46.128	45.037	44.416	17.278	11.74	9.5683	
851	46.013	44.941	44.342	17.254	11.712	9.5872	
852	45.899	44.845	44.269	17.249	11.723	9.4661	
853	45.786	44.751	44.195	17.279	11.658	9.4759	
854	45.674	44.656	44.123	17.228	11.704	9.4325	
855	45.562	44.563	44.05	17.23	11.626	9.478	
856	45.452	44.47	43.978	17.202	11.678	9.4881	
857	45.342	44.378	43.907	17.234	11.659	9.4508	
858	45.233	44.286	43.836	17.248	11.682	9.4151	
859	45.125	44.195	43.765	17.26	11.629	9.461	
860	45.018	44.104	43.695	17.206	11.667	9.4684	
861	44.911	44.014	43.625	17.177	11.615	9.3825	
862	44.805	43.925	43.556	17.215	11.595	9.3837	
863	44.7	43.836	43.487	17.205	11.644	9.3907	
864	44.596	43.748	43.418	17.208	11.589	9.387	
865	44.492	43.66	43.35	17.157	11.577	9.3165	
866	44.389	43.573	43.282	17.167	11.563	9.3468	
867	44.287	43.487	43.215	17.147	11.513	9.3459	
868	44.185	43.401	43.148	17.118	11.543	9.3501	
869	44.085	43.315	43.081	17.15	11.508	9.2901	
870	43.985	43.23	43.015	17.159	11.516	9.3057	
871	43.885	43.146	42.949	17.146	11.508	9.2767	
872	43.787	43.062	42.884	17.131	11.512	9.3136	
873	43.689	42.979	42.819	17.157	11.469	9.267	
874	43.591	42.896	42.754	17.129	11.488	9.2504	
875	43.495	42.814	42.69	17.111	11.474	9.2559	
876	43.399	42.732	42.626	17.115	11.465	9.2204	
877	43.303	42.651	42.562	17.112	11.46	9.2537	
878	43.209	42.57	42.499	17.083	11.444	9.2191	
879	43.115	42.49	42.436	17.079	11.432	9.1998	
880	43.021	42.41	42.373	17.071	11.421	9.1926	
881	42.929	42.331	42.311	17.069	11.417	9.1849	
882	42.837	42.252	42.249	17.067	11.412	9.1889	
883	42.745	42.174	42.188	17.063	11.408	9.1794	
884	42.654	42.096	42.126	17.061	11.404	9.1718	
885	42.564	42.019	42.066	17.061	11.396	9.1709	
886	42.474	41.942	42.005	17.056	11.388	9.1566	
887	42.385	41.866	41.945	17.046	11.371	9.1428	
888	42.297	41.79	41.885	17.044	11.364	9.1243	
889	42.209	41.714	41.825	17.031	11.351	9.1119	
890	42.122	41.639	41.766	17.018	11.337	9.0964	
891	42.035	41.565	41.707	17.012	11.328	9.0812	
892	41.949	41.49	41.648	17.01	11.316	9.0788	
893	41.863	41.417	41.59	17.003	11.31	9.0602	
894	41.778	41.343	41.532	16.991	11.308	9.0486	
895	41.694	41.271	41.474	16.999	11.303	9.0533	
896	41.61	41.198	41.417	16.989	11.29	9.0498	
897	41.526	41.126	41.36	16.989	11.285	9.0476	
898	41.443	41.054	41.303	16.987	11.282	9.0195	
899	41.361	40.983	41.247	16.979	11.268	9.0175	
900	41.279	40.913	41.19	16.966	11.258	8.9949	
901	41.198	40.842	41.135	16.947	11.247	8.9733	
902	41.117	40.772	41.079	16.948	11.229	8.9685	
903	41.037	40.703	41.024	16.945	11.226	8.9618	
904	40.957	40.633	40.969	16.94	11.217	8.9595	
905	40.878	40.565	40.914	16.932	11.215	8.9576	
906	40.799	40.496	40.859	16.934	11.21	8.9517	
907	40.721	40.428	40.805	16.929	11.206	8.9528	
908	40.643	40.361	40.751	16.931	11.194	8.9288	
909	40.566	40.293	40.697	16.916	11.183	8.9209	
910	40.489	40.227	40.644	16.902	11.167	8.91	
911	40.413	40.16	40.591	16.906	11.155	8.9055	
912	40.337	40.094	40.538	16.894	11.128	8.8691	
913	40.262	40.028	40.485	16.881	11.137	8.8493	
914	40.187	39.963	40.433	16.883	11.127	8.8511	
915	40.113	39.898	40.381	16.876	11.114	8.8449	
916	40.039	39.833	40.329	16.869	11.119	8.8435	
917	39.965	39.769	40.277	16.869	11.116	8.8377	
918	39.892	39.705	40.226	16.872	11.111	8.8326	
919	39.819	39.641	40.175	16.868	11.102	8.8198	
920	39.747	39.578	40.124	16.862	11.094	8.8106	
921	39.676	39.515	40.073	16.852	11.081	8.8013	
922	39.604	39.452	40.023	16.848	11.073	8.8045	
923	39.533	39.39	39.973	16.851	11.066	8.7956	
924	39.463	39.328	39.923	16.835	11.037	8.7695	
925	39.393	39.266	39.873	16.832	11.054	8.7564	
926	39.323	39.205	39.824	16.815	11.035	8.7417	
927	39.254	39.144	39.775	16.816	11.041	8.7315	
928	39.185	39.083	39.726	16.814	11.034	8.7362	
929	39.117	39.023	39.677	16.797	10.994	8.7477	
930	39.049	38.963	39.629	16.793	10.972	8.7269	
931	38.981	38.903	39.58	16.805	11.016	8.7154	
932	38.914	38.844	39.532	16.812	10.951	8.6826	
933	38.847	38.785	39.484	16.782	11.008	8.6791	
934	38.781	38.726	39.437	16.775	10.976	8.695	
935	38.715	38.667	39.389	16.773	10.978	8.6554	
936	38.649	38.609	39.342	16.753	10.941	8.6501	
937	38.584	38.551	39.295	16.753	10.935	8.6851	
938	38.519	38.494	39.248	16.783	10.944	8.6069	
939	38.454	38.436	39.202	16.761	10.933	8.6336	
940	38.39	38.379	39.155	16.766	10.894	8.6504	
941	38.326	38.322	39.109	16.76	10.92	8.6114	
942	38.263	38.266	39.063	16.739	10.886	8.5574	
943	38.2	38.21	39.018	16.715	10.91	8.5951	
944	38.137	38.154	38.972	16.717	10.929	8.5787	
945	38.074	38.098	38.927	16.744	10.893	8.5827	
946	38.012	38.043	38.882	16.743	10.888	8.5713	
947	37.951	37.988	38.837	16.722	10.888	8.5569	
948	37.889	37.933	38.792	16.718	10.861	8.5456	
949	37.828	37.879	38.747	16.708	10.84	8.5238	
950	37.768	37.824	38.703	16.702	10.832	8.5213	
951	37.707	37.77	38.659	16.691	10.851	8.5259	
952	37.647	37.716	38.615	16.683	10.844	8.5209	
953	37.588	37.663	38.571	16.694	10.825	8.4986	
954	37.528	37.61	38.528	16.695	10.819	8.5124	
955	37.469	37.557	38.484	16.682	10.807	8.4784	
956	37.411	37.504	38.441	16.663	10.812	8.4848	
957	37.352	37.452	38.398	16.664	10.803	8.5324	
958	37.294	37.399	38.355	16.644	10.785	8.4534	
959	37.236	37.347	38.312	16.666	10.771	8.4791	
960	37.179	37.296	38.27	16.678	10.753	8.4078	
961	37.122	37.244	38.228	16.673	10.778	8.3952	
962	37.065	37.193	38.185	16.661	10.689	8.3687	
963	37.008	37.142	38.143	16.62	10.712	8.4149	
964	36.952	37.091	38.102	16.649	10.748	8.3485	
965	36.896	37.041	38.06	16.617	10.733	8.3817	
966	36.841	36.99	38.018	16.628	10.753	8.359	
967	36.785	36.94	37.977	16.623	10.733	8.3919	
968	36.73	36.89	37.936	16.627	10.745	8.3832	
969	36.675	36.841	37.895	16.611	10.709	8.3707	
970	36.621	36.791	37.854	16.625	10.692	8.3925	
971	36.567	36.742	37.814	16.613	10.68	8.3706	
972	36.513	36.693	37.773	16.61	10.702	8.3492	
973	36.459	36.644	37.733	16.61	10.685	8.3224	
974	36.406	36.596	37.693	16.594	10.661	8.3374	
975	36.353	36.548	37.653	16.588	10.668	8.2816	
976	36.3	36.499	37.613	16.58	10.653	8.2972	
977	36.247	36.452	37.573	16.575	10.641	8.2843	
978	36.195	36.404	37.533	16.572	10.632	8.2858	
979	36.143	36.357	37.494	16.57	10.638	8.2719	
980	36.091	36.309	37.455	16.575	10.628	8.2724	
981	36.04	36.262	37.416	16.572	10.626	8.2804	
982	35.989	36.215	37.377	16.566	10.621	8.2707	
983	35.938	36.169	37.338	16.562	10.623	8.2828	
984	35.887	36.122	37.299	16.548	10.613	8.2676	
985	35.837	36.076	37.261	16.546	10.617	8.2362	
986	35.786	36.03	37.223	16.573	10.595	8.2584	
987	35.736	35.984	37.184	16.537	10.591	8.2149	
988	35.687	35.939	37.146	16.532	10.56	8.1936	
989	35.637	35.893	37.108	16.524	10.566	8.1933	
990	35.588	35.848	37.071	16.52	10.547	8.1876	
991	35.539	35.803	37.033	16.519	10.55	8.1676	
992	35.49	35.758	36.995	16.52	10.545	8.1802	
993	35.442	35.714	36.958	16.509	10.544	8.1739	
994	35.394	35.669	36.921	16.517	10.548	8.1768	
995	35.346	35.625	36.884	16.503	10.54	8.1619	
996	35.298	35.581	36.847	16.496	10.533	8.1554	
997	35.25	35.537	36.81	16.504	10.529	8.1444	
998	35.203	35.493	36.773	16.493	10.516	8.1417	
999	35.156	35.45	36.737	16.483	10.502	8.1776	
1000	35.109	35.406	36.7	16.5	10.478	8.1157	
1001	35.062	35.363	36.664	16.464	10.53	8.0949	
1002	35.016	35.32	36.628	16.485	10.51	8.0982	
1003	34.97	35.277	36.592	16.476	10.477	8.0989	
1004	34.924	35.234	36.556	16.475	10.443	8.0759	
1005	34.878	35.192	36.52	16.439	10.542	8.1117	
1006	34.832	35.15	36.485	16.467	10.428	8.1096	
1007	34.787	35.108	36.449	16.465	10.492	8.0327	
1008	34.742	35.066	36.414	16.449	10.484	8.0563	
1009	34.697	35.024	36.378	16.429	10.432	8.0496	
1010	34.652	34.982	36.343	16.466	10.451	8.0414	
1011	34.608	34.941	36.308	16.433	10.444	8.0428	
1012	34.563	34.899	36.273	16.438	10.431	8.0143	
1013	34.519	34.858	36.239	16.434	10.414	8.0082	
1014	34.475	34.817	36.204	16.435	10.394	8.0042	
1015	34.432	34.776	36.169	16.437	10.4	7.9932	
1016	34.388	34.736	36.135	16.413	10.402	8.087	
1017	34.345	34.695	36.1	16.395	10.365	7.9546	
1018	34.302	34.655	36.066	16.391	10.366	7.9748	
1019	34.259	34.615	36.032	16.377	10.349	7.938	
1020	34.216	34.575	35.998	16.428	10.409	7.9076	
1021	34.174	34.535	35.964	16.344	10.406	7.9482	
1022	34.131	34.495	35.931	16.399	10.335	7.9468	
1023	34.089	34.455	35.897	16.418	10.322	7.9437	
1024	34.047	34.416	35.863	16.374	10.301	7.9785	
1025	34.006	34.377	35.83	16.416	10.31	7.9159	
1026	33.964	34.337	35.797	16.38	10.359	7.8728	
1027	33.923	34.299	35.764	16.414	10.241	7.8987	
1028	33.881	34.26	35.73	16.371	10.339	7.8451	
1029	33.84	34.221	35.697	16.355	10.283	7.8299	
1030	33.8	34.182	35.665	16.359	10.328	7.903	
1031	33.759	34.144	35.632	16.422	10.333	7.9249	
1032	33.718	34.106	35.599	16.316	10.327	7.8632	
1033	33.678	34.068	35.567	16.382	10.287	7.887	
1034	33.638	34.03	35.534	16.356	10.309	7.8533	
1035	33.598	33.992	35.502	16.379	10.251	7.9231	
1036	33.558	33.954	35.469	16.253	10.285	7.8388	
1037	33.519	33.917	35.437	16.397	10.175	7.8035	
1038	33.479	33.879	35.405	16.319	10.24	7.9786	
1039	33.44	33.842	35.373	16.361	10.29	7.9209	
1040	33.401	33.805	35.341	16.298	10.088	7.8087	
1041	33.362	33.768	35.31	16.335	10.216	7.8567	
1042	33.323	33.731	35.278	16.445	10.238	7.6434	
1043	33.285	33.694	35.246	16.412	10.176	7.6925	
1044	33.246	33.658	35.215	16.267	10.268	7.7417	
1045	33.208	33.621	35.184	16.308	10.204	7.7873	
1046	33.17	33.585	35.152	16.204	10.35	7.5825	
1047	33.132	33.548	35.121	16.266	10.039	7.7932	
1048	33.094	33.512	35.09	16.229	10.157	7.8069	
1049	33.057	33.476	35.059	16.299	10.171	7.7236	
1050	33.019	33.441	35.028	16.276	10.083	7.8107	
1051	32.982	33.405	34.997	16.278	10.17	7.7396	
1052	32.945	33.369	34.967	16.273	10.161	7.7044	
1053	32.908	33.334	34.936	16.277	10.167	7.7231	
1054	32.871	33.298	34.906	16.277	10.148	7.7089	
1055	32.834	33.263	34.875	16.277	10.167	7.6972	
1056	32.798	33.228	34.845	16.273	10.135	7.687	
1057	32.761	33.193	34.815	16.269	10.153	7.6997	
1058	32.725	33.158	34.784	16.262	10.142	7.6709	
1059	32.689	33.124	34.754	16.247	10.134	7.6933	
1060	32.653	33.089	34.724	16.254	10.134	7.6648	
1061	32.617	33.054	34.694	16.263	10.116	7.6747	
1062	32.581	33.02	34.665	16.239	10.115	7.6648	
1063	32.546	32.986	34.635	16.235	10.098	7.6667	
1064	32.511	32.952	34.605	16.233	10.093	7.6472	
1065	32.475	32.918	34.576	16.225	10.087	7.629	
1066	32.44	32.884	34.546	16.232	10.086	7.618	
1067	32.405	32.85	34.517	16.223	10.089	7.6219	
1068	32.37	32.816	34.488	16.218	10.078	7.6284	
1069	32.336	32.783	34.458	16.223	10.054	7.6005	
1070	32.301	32.749	34.429	16.22	10.079	7.5985	
1071	32.267	32.716	34.4	16.218	10.063	7.599	
1072	32.233	32.682	34.371	16.202	10.065	7.5925	
1073	32.199	32.649	34.342	16.215	10.029	7.5661	
1074	32.165	32.616	34.313	16.199	10.044	7.5808	
1075	32.131	32.583	34.285	16.193	10.033	7.5517	
1076	32.097	32.551	34.256	16.201	10.022	7.5548	
1077	32.063	32.518	34.227	16.189	10.024	7.5511	
1078	32.03	32.485	34.199	16.185	10.008	7.5417	
1079	31.997	32.453	34.171	16.186	10.022	7.5314	
1080	31.963	32.42	34.142	16.186	10.011	7.5387	
1081	31.93	32.388	34.114	16.179	10.01	7.5348	
1082	31.897	32.356	34.086	16.172	10.007	7.5257	
1083	31.865	32.324	34.058	16.18	9.9947	7.5117	
1084	31.832	32.292	34.03	16.172	9.995	7.5129	
1085	31.799	32.26	34.002	16.166	9.9914	7.5014	
1086	31.767	32.228	33.974	16.171	9.9923	7.5038	
1087	31.735	32.196	33.946	16.156	9.9873	7.4945	
1088	31.702	32.165	33.918	16.166	9.9817	7.4997	
1089	31.67	32.133	33.891	16.159	9.9779	7.4821	
1090	31.638	32.102	33.863	16.158	9.9803	7.4881	
1091	31.607	32.071	33.835	16.153	9.9785	7.4853	
1092	31.575	32.04	33.808	16.144	9.9565	7.4715	
1093	31.543	32.008	33.781	16.148	9.9506	7.4729	
1094	31.512	31.977	33.753	16.141	9.9601	7.4722	
1095	31.48	31.947	33.726	16.15	9.9318	7.4483	
1096	31.449	31.916	33.699	16.144	9.9407	7.4519	
1097	31.418	31.885	33.672	16.13	9.9283	7.4383	
1098	31.387	31.854	33.645	16.124	9.9234	7.4168	
1099	31.356	31.824	33.618	16.123	9.9232	7.4195	
1100	31.325	31.794	33.591	16.113	9.9178	7.4139	
1101	31.295	31.763	33.564	16.124	9.9056	7.3964	
1102	31.264	31.733	33.537	16.116	9.8945	7.3888	
1103	31.234	31.703	33.511	16.109	9.8791	7.3797	
1104	31.203	31.673	33.484	16.105	9.888	7.3786	
1105	31.173	31.643	33.458	16.097	9.8862	7.3711	
1106	31.143	31.613	33.431	16.101	9.8753	7.3644	
1107	31.113	31.583	33.405	16.09	9.8672	7.3615	
1108	31.083	31.553	33.378	16.098	9.873	7.3533	
1109	31.053	31.524	33.352	16.089	9.8628	7.35	
1110	31.024	31.494	33.326	16.087	9.8562	7.3493	
1111	30.994	31.465	33.3	16.086	9.8575	7.3426	
1112	30.965	31.435	33.274	16.085	9.8439	7.3361	
1113	30.935	31.406	33.248	16.085	9.8491	7.3346	
1114	30.906	31.377	33.222	16.08	9.8466	7.3305	
1115	30.877	31.348	33.196	16.077	9.8484	7.3291	
1116	30.848	31.319	33.17	16.078	9.8409	7.3321	
1117	30.819	31.29	33.144	16.079	9.8416	7.3209	
1118	30.79	31.261	33.118	16.072	9.8334	7.3214	
1119	30.761	31.232	33.093	16.06	9.8347	7.3015	
1120	30.733	31.204	33.067	16.068	9.8313	7.2924	
1121	30.704	31.175	33.042	16.067	9.8176	7.2878	
1122	30.676	31.147	33.016	16.06	9.8063	7.2978	
1123	30.648	31.118	32.991	16.048	9.8069	7.2903	
1124	30.619	31.09	32.965	16.063	9.8076	7.2673	
1125	30.591	31.061	32.94	16.054	9.7979	7.2623	
1126	30.563	31.033	32.915	16.058	9.8085	7.2676	
1127	30.535	31.005	32.89	16.033	9.7894	7.2435	
1128	30.507	30.977	32.865	16.033	9.7801	7.246	
1129	30.48	30.949	32.84	16.039	9.78	7.2589	
1130	30.452	30.921	32.815	16.029	9.784	7.2303	
1131	30.424	30.893	32.79	16.028	9.7661	7.2327	
1132	30.397	30.866	32.765	16.029	9.7641	7.2224	
1133	30.37	30.838	32.74	16.022	9.7746	7.22	
1134	30.342	30.811	32.715	16.013	9.7404	7.2208	
1135	30.315	30.783	32.691	16.016	9.7516	7.1929	
1136	30.288	30.756	32.666	16.019	9.733	7.2045	
1137	30.261	30.728	32.641	16.012	9.7186	7.2018	
1138	30.234	30.701	32.617	16.011	9.7314	7.1817	
1139	30.207	30.674	32.592	16.007	9.7294	7.188	
1140	30.18	30.647	32.568	16	9.711	7.1734	
1141	30.154	30.62	32.544	16.013	9.7229	7.1701	
1142	30.127	30.593	32.519	16.009	9.7157	7.1425	
1143	30.101	30.566	32.495	15.991	9.7047	7.1754	
1144	30.074	30.539	32.471	15.991	9.6948	7.1627	
1145	30.048	30.512	32.447	15.994	9.7082	7.1617	
1146	30.022	30.486	32.423	15.991	9.6734	7.1488	
1147	29.996	30.459	32.399	15.987	9.6773	7.1375	
1148	29.97	30.432	32.375	15.993	9.6824	7.1398	
1149	29.944	30.406	32.351	15.982	9.6859	7.1336	
1150	29.918	30.38	32.327	15.971	9.6696	7.1285	
1151	29.892	30.353	32.303	15.973	9.6557	7.1144	
1152	29.867	30.327	32.279	15.974	9.6664	7.1066	
1153	29.841	30.301	32.256	15.967	9.6521	7.0941	
1154	29.815	30.275	32.232	15.961	9.6519	7.0958	
1155	29.79	30.249	32.208	15.966	9.6506	7.0979	
1156	29.765	30.223	32.185	15.955	9.6498	7.0837	
1157	29.739	30.197	32.161	15.955	9.6421	7.0727	
1158	29.714	30.171	32.138	15.956	9.6421	7.0731	
1159	29.689	30.145	32.114	15.96	9.6267	7.0708	
1160	29.664	30.119	32.091	15.957	9.628	7.0722	
1161	29.639	30.094	32.068	15.947	9.6061	7.0769	
1162	29.614	30.068	32.044	15.943	9.6372	7.0503	
1163	29.589	30.043	32.021	15.932	9.6109	7.0423	
1164	29.565	30.017	31.998	15.933	9.5892	7.0355	
1165	29.54	29.992	31.975	15.926	9.6021	7.0251	
1166	29.516	29.966	31.952	15.934	9.5923	7.0232	
1167	29.491	29.941	31.929	15.935	9.6092	7.0307	
1168	29.467	29.916	31.906	15.925	9.5875	7.0159	
1169	29.442	29.891	31.883	15.919	9.579	7.0094	
1170	29.418	29.866	31.86	15.923	9.5874	6.9969	
1171	29.394	29.841	31.837	15.918	9.5745	6.9927	
1172	29.37	29.816	31.814	15.915	9.5753	6.9904	
1173	29.346	29.791	31.792	15.913	9.572	6.9898	
1174	29.322	29.766	31.769	15.912	9.5717	6.9855	
1175	29.298	29.741	31.746	15.911	9.5671	6.9893	
1176	29.274	29.717	31.724	15.909	9.5553	6.9753	
1177	29.251	29.692	31.701	15.913	9.5548	6.9734	
1178	29.227	29.668	31.679	15.902	9.5491	6.9642	
1179	29.203	29.643	31.656	15.902	9.5544	6.9693	
1180	29.18	29.619	31.634	15.901	9.5467	6.9584	
1181	29.156	29.594	31.611	15.901	9.5467	6.9598	
1182	29.133	29.57	31.589	15.894	9.5385	6.9547	
1183	29.11	29.546	31.567	15.897	9.537	6.95	
1184	29.087	29.521	31.545	15.892	9.532	6.9421	
1185	29.063	29.497	31.523	15.883	9.531	6.946	
1186	29.04	29.473	31.5	15.885	9.5219	6.9289	
1187	29.017	29.449	31.478	15.884	9.5224	6.9354	
1188	28.994	29.425	31.456	15.877	9.523	6.9241	
1189	28.972	29.401	31.434	15.882	9.5084	6.9071	
1190	28.949	29.377	31.412	15.876	9.5137	6.9197	
1191	28.926	29.354	31.39	15.87	9.5099	6.9094	
1192	28.903	29.33	31.368	15.871	9.4961	6.8957	
1193	28.881	29.306	31.347	15.868	9.4961	6.8932	
1194	28.858	29.283	31.325	15.862	9.5027	6.9035	
1195	28.836	29.259	31.303	15.874	9.474	6.8908	
1196	28.813	29.235	31.281	15.86	9.4905	6.8699	
1197	28.791	29.212	31.26	15.862	9.4762	6.8911	
1198	28.769	29.189	31.238	15.852	9.4631	6.8864	
1199	28.747	29.165	31.217	15.851	9.477	6.8633	
1200	28.725	29.142	31.195	15.858	9.4625	6.8505	
1201	28.703	29.119	31.174	15.861	9.4796	6.8706	
1202	28.681	29.095	31.152	15.841	9.4636	6.8566	
1203	28.659	29.072	31.131	15.848	9.4582	6.8337	
1204	28.637	29.049	31.109	15.851	9.4464	6.8183	
1205	28.615	29.026	31.088	15.832	9.4472	6.8323	
1206	28.593	29.003	31.067	15.836	9.466	6.8321	
1207	28.572	28.98	31.045	15.846	9.4633	6.8204	
1208	28.55	28.957	31.024	15.832	9.4402	6.8124	
1209	28.528	28.935	31.003	15.836	9.4279	6.8174	
1210	28.507	28.912	30.982	15.829	9.4198	6.7981	
1211	28.485	28.889	30.961	15.824	9.4014	6.7811	
1212	28.464	28.867	30.94	15.822	9.4159	6.7865	
1213	28.443	28.844	30.919	15.831	9.4125	6.7945	
1214	28.422	28.821	30.898	15.818	9.422	6.771	
1215	28.4	28.799	30.877	15.827	9.4065	6.7776	
1216	28.379	28.776	30.856	15.816	9.3902	6.7962	
1217	28.358	28.754	30.835	15.82	9.3945	6.7799	
1218	28.337	28.732	30.814	15.792	9.3676	6.7812	
1219	28.316	28.709	30.793	15.814	9.3787	6.7488	
1220	28.295	28.687	30.773	15.812	9.3724	6.7566	
1221	28.275	28.665	30.752	15.792	9.3678	6.7577	
1222	28.254	28.643	30.731	15.806	9.4041	6.7482	
1223	28.233	28.621	30.711	15.808	9.3612	6.7497	
1224	28.213	28.599	30.69	15.802	9.3661	6.7322	
1225	28.192	28.577	30.67	15.793	9.3623	6.7376	
1226	28.171	28.555	30.649	15.803	9.3763	6.7294	
1227	28.151	28.533	30.629	15.81	9.3589	6.7325	
1228	28.131	28.511	30.608	15.774	9.3448	6.7237	
1229	28.11	28.489	30.588	15.767	9.3236	6.7278	
1230	28.09	28.467	30.567	15.774	9.3573	6.7086	
1231	28.07	28.446	30.547	15.796	9.3605	6.676	
1232	28.05	28.424	30.527	15.789	9.3331	6.7336	
1233	28.029	28.402	30.507	15.803	9.3612	6.6865	
1234	28.009	28.381	30.486	15.779	9.3636	6.7088	
1235	27.989	28.359	30.466	15.762	9.3504	6.6856	
1236	27.969	28.338	30.446	15.776	9.3508	6.7156	
1237	27.949	28.316	30.426	15.771	9.3581	6.6932	
1238	27.93	28.295	30.406	15.803	9.3178	6.7029	
1239	27.91	28.274	30.386	15.735	9.3726	6.7182	
1240	27.89	28.252	30.366	15.732	9.2717	6.6779	
1241	27.87	28.231	30.346	15.745	9.341	6.6356	
1242	27.851	28.21	30.326	15.735	9.3044	6.6996	
1243	27.831	28.189	30.306	15.764	9.3127	6.761	
1244	27.812	28.168	30.286	15.782	9.3076	6.6586	
1245	27.792	28.147	30.266	15.721	9.362	6.5928	
1246	27.773	28.126	30.246	15.748	9.298	6.6041	
1247	27.753	28.105	30.227	15.731	9.2333	6.6094	
1248	27.734	28.084	30.207	15.743	9.2731	6.5843	
1249	27.715	28.063	30.187	15.775	9.2931	6.6536	
1250	27.696	28.042	30.168	15.753	9.3398	6.5861	
1251	27.676	28.021	30.148	15.739	9.2561	6.6486	
1252	27.657	28	30.128	15.709	9.2021	6.5795	
1253	27.638	27.98	30.109	15.708	9.3079	6.5872	
1254	27.619	27.959	30.089	15.716	9.2289	6.5936	
1255	27.6	27.938	30.07	15.74	9.2415	6.623	
1256	27.581	27.918	30.05	15.719	9.2629	6.5966	
1257	27.563	27.897	30.031	15.717	9.2216	6.5567	
1258	27.544	27.877	30.011	15.725	9.2458	6.548	
1259	27.525	27.856	29.992	15.694	9.2312	6.5771	
1260	27.506	27.836	29.973	15.709	9.2387	6.553	
1261	27.488	27.816	29.953	15.706	9.2178	6.5473	
1262	27.469	27.795	29.934	15.689	9.2162	6.5425	
1263	27.451	27.775	29.915	15.706	9.2186	6.5313	
1264	27.432	27.755	29.896	15.682	9.2026	6.5444	
1265	27.414	27.734	29.876	15.708	9.2245	6.5324	
1266	27.395	27.714	29.857	15.696	9.2306	6.5176	
1267	27.377	27.694	29.838	15.709	9.2023	6.5414	
1268	27.358	27.674	29.819	15.714	9.2095	6.5453	
1269	27.34	27.654	29.8	15.701	9.2186	6.5538	
1270	27.322	27.634	29.781	15.696	9.198	6.5367	
1271	27.304	27.614	29.762	15.683	9.2039	6.5136	
1272	27.286	27.594	29.743	15.688	9.2189	6.5472	
1273	27.268	27.574	29.724	15.705	9.2243	6.5247	
1274	27.25	27.554	29.705	15.701	9.2005	6.5306	
1275	27.232	27.535	29.686	15.686	9.1823	6.4939	
1276	27.214	27.515	29.668	15.699	9.2087	6.5205	
1277	27.196	27.495	29.649	15.663	9.1993	6.5191	
1278	27.178	27.476	29.63	15.665	9.1892	6.5112	
1279	27.16	27.456	29.611	15.681	9.1589	6.4593	
1280	27.142	27.436	29.593	15.675	9.156	6.4798	
1281	27.125	27.417	29.574	15.682	9.1567	6.4748	
1282	27.107	27.397	29.555	15.676	9.169	6.4949	
1283	27.089	27.378	29.537	15.656	9.1537	6.4527	
1284	27.072	27.358	29.518	15.632	9.1916	6.4591	
1285	27.054	27.339	29.5	15.644	9.1608	6.4782	
1286	27.037	27.32	29.481	15.669	9.1557	6.4463	
1287	27.019	27.3	29.462	15.652	9.1412	6.4697	
1288	27.002	27.281	29.444	15.663	9.1606	6.4591	
1289	26.985	27.262	29.426	15.652	9.1422	6.4344	
1290	26.967	27.242	29.407	15.657	9.1551	6.4376	
1291	26.95	27.223	29.389	15.64	9.1345	6.4164	
1292	26.933	27.204	29.37	15.656	9.1345	6.4736	
1293	26.916	27.185	29.352	15.647	9.1239	6.4379	
1294	26.898	27.166	29.334	15.668	9.1578	6.4281	
1295	26.881	27.147	29.316	15.646	9.1369	6.3954	
1296	26.864	27.128	29.297	15.653	9.1292	6.3926	
1297	26.847	27.109	29.279	15.651	9.0942	6.4387	
1298	26.83	27.09	29.261	15.631	9.1357	6.4042	
1299	26.813	27.071	29.243	15.641	9.0837	6.373	
1300	26.796	27.052	29.225	15.624	9.1037	6.3995	
1301	26.78	27.033	29.207	15.641	9.126	6.3705	
1302	26.763	27.015	29.188	15.611	9.0799	6.4187	
1303	26.746	26.996	29.17	15.637	9.1245	6.3851	
1304	26.729	26.977	29.152	15.648	9.1135	6.3952	
1305	26.713	26.959	29.134	15.652	9.0861	6.3467	
1306	26.696	26.94	29.116	15.629	9.1235	6.3831	
1307	26.679	26.921	29.098	15.62	9.108	6.3954	
1308	26.663	26.903	29.081	15.613	9.0891	6.388	
1309	26.646	26.884	29.063	15.62	9.0991	6.3783	
1310	26.63	26.866	29.045	15.612	9.0767	6.3653	
1311	26.613	26.847	29.027	15.62	9.0461	6.3913	
1312	26.597	26.829	29.009	15.608	9.0606	6.3221	
1313	26.581	26.81	28.991	15.613	9.0866	6.3847	
1314	26.564	26.792	28.974	15.607	9.0596	6.3495	
1315	26.548	26.774	28.956	15.602	9.0327	6.3262	
1316	26.532	26.756	28.938	15.629	8.9941	6.3194	
1317	26.516	26.737	28.921	15.605	9.0557	6.3822	
1318	26.499	26.719	28.903	15.589	9.0545	6.3601	
1319	26.483	26.701	28.885	15.631	9.0479	6.354	
1320	26.467	26.683	28.868	15.574	9.0367	6.3584	
1321	26.451	26.665	28.85	15.612	9.0226	6.3347	
1322	26.435	26.646	28.833	15.601	8.9983	6.2378	
1323	26.419	26.628	28.815	15.554	9.0135	6.278	
1324	26.403	26.61	28.798	15.608	9.0519	6.2872	
1325	26.387	26.592	28.78	15.621	8.9865	6.3038	
1326	26.372	26.574	28.763	15.629	8.988	6.2721	
1327	26.356	26.557	28.745	15.6	9.0561	6.2622	
1328	26.34	26.539	28.728	15.561	8.9618	6.3632	
1329	26.324	26.521	28.711	15.563	8.9748	6.2771	
1330	26.309	26.503	28.693	15.621	9.0407	6.2531	
1331	26.293	26.485	28.676	15.566	9.0607	6.3246	
1332	26.277	26.467	28.659	15.561	8.9719	6.418	
1333	26.262	26.45	28.642	15.578	9.0236	6.2824	
1334	26.246	26.432	28.624	15.6	8.9906	6.2743	
1335	26.231	26.414	28.607	15.55	9.0051	6.153	
1336	26.215	26.397	28.59	15.537	9.0374	6.3185	
1337	26.2	26.379	28.573	15.618	8.9803	6.1591	
1338	26.184	26.362	28.556	15.535	9.048	6.2468	
1339	26.169	26.344	28.539	15.561	9.032	6.2708	
1340	26.154	26.327	28.521	15.593	9.0077	6.1586	
1341	26.138	26.309	28.504	15.666	8.8259	6.2786	
1342	26.123	26.292	28.487	15.575	8.9248	6.4947	
1343	26.108	26.274	28.47	15.64	9.0003	6.4568	
1344	26.092	26.257	28.453	15.52	9.0383	6.2736	
1345	26.077	26.239	28.436	15.567	9.1261	6.2256	
1346	26.062	26.222	28.42	15.405	8.8527	6.0078	
1347	26.047	26.205	28.403	15.559	9.1196	5.8337	
1348	26.032	26.188	28.386	15.504	9.1334	6.1728	
1349	26.017	26.17	28.369	15.419	9.278	6.2167	
1350	26.002	26.153	28.352	15.265	9.0644	6.2217	
1351	25.987	26.136	28.335	15.503	8.9301	5.9253	
1352	25.972	26.119	28.318	15.455	8.8241	6.3825	
1353	25.957	26.102	28.302	15.547	8.3823	6.2501	
1354	25.942	26.085	28.285	15.469	9.3073	6.3855	
1355	25.928	26.068	28.268	15.712	8.773	5.6078	
1356	25.913	26.051	28.252	15.648	9.1567	6.0752	
1357	25.898	26.034	28.235	15.444	9.0441	6.2724	
1358	25.883	26.017	28.218	16.248	9.371	6.3795	
1359	25.869	26	28.202	16.262	8.6908	6.918	
1426	24.954	24.928	27.137	15.655	9.2987	6.337	
1427	24.942	24.913	27.122	15.544	8.6458	6.0444	
1428	24.929	24.897	27.107	15.394	8.841	5.6434	
1429	24.916	24.882	27.092	15.638	8.6618	5.8162	
1430	24.904	24.867	27.077	15.645	8.8034	5.8313	
1431	24.891	24.852	27.062	15.324	8.9254	6.1083	
1432	24.879	24.837	27.046	15.558	8.5618	5.8907	
1433	24.866	24.822	27.031	15.35	8.5981	5.8503	
1434	24.853	24.807	27.016	15.504	8.9164	6.1849	
1435	24.841	24.792	27.001	15.523	8.856	5.7635	
1436	24.829	24.777	26.986	15.531	8.646	5.9371	
1437	24.816	24.762	26.971	15.437	8.9074	5.8618	
1438	24.804	24.748	26.956	15.329	8.6594	5.9473	
1439	24.791	24.733	26.941	15.448	8.7878	5.9026	
1440	24.779	24.718	26.926	15.332	8.7869	5.8234	
1441	24.767	24.703	26.911	15.418	8.6815	6.0523	
1442	24.754	24.688	26.896	15.471	8.6178	5.804	
1443	24.742	24.674	26.882	15.352	8.745	5.9607	
1444	24.73	24.659	26.867	15.461	8.7728	5.754	
1445	24.718	24.644	26.852	15.33	8.7337	5.8418	
1446	24.705	24.629	26.837	15.463	8.6349	5.8148	
1447	24.693	24.615	26.822	15.435	8.7027	5.7187	
1448	24.681	24.6	26.807	15.418	8.6759	5.8657	
1449	24.669	24.585	26.793	15.369	8.7286	5.8616	
1450	24.657	24.571	26.778	15.389	8.7223	5.7667	
1451	24.645	24.556	26.763	15.439	8.6835	5.8613	
1452	24.633	24.542	26.748	15.461	8.7416	5.9121	
1453	24.621	24.527	26.734	15.432	8.7434	5.9344	
1454	24.609	24.513	26.719	15.347	8.6775	5.7013	
1455	24.597	24.498	26.704	15.416	8.7501	5.778	
1456	24.585	24.484	26.69	15.442	8.7139	5.8162	
1457	24.573	24.469	26.675	15.384	8.5911	5.8161	
1458	24.561	24.455	26.66	15.382	8.7003	5.8269	
1459	24.549	24.44	26.646	15.364	8.5653	5.7475	
1460	24.537	24.426	26.631	15.406	8.6329	5.8577	
1461	24.525	24.412	26.617	15.425	8.6263	5.8131	
1462	24.513	24.397	26.602	15.392	8.6402	5.8205	
1463	24.502	24.383	26.588	15.378	8.6426	5.7707	
1464	24.49	24.369	26.573	15.356	8.6674	5.7556	
1465	24.478	24.354	26.559	15.367	8.7009	5.7782	
1466	24.466	24.34	26.544	15.362	8.5979	5.8152	
1467	24.455	24.326	26.53	15.382	8.6242	5.8072	
1468	24.443	24.312	26.515	15.351	8.6378	5.7845	
1469	24.431	24.297	26.501	15.375	8.6157	5.7777	
1470	24.42	24.283	26.486	15.368	8.6027	5.7829	
1471	24.408	24.269	26.472	15.371	8.6274	5.7814	
1472	24.396	24.255	26.458	15.372	8.6286	5.7604	
1473	24.385	24.241	26.443	15.361	8.64	5.7729	
1474	24.373	24.227	26.429	15.364	8.6233	5.7729	
1475	24.362	24.213	26.415	15.367	8.6216	5.7631	
1476	24.35	24.199	26.4	15.361	8.6167	5.7547	
1477	24.339	24.185	26.386	15.367	8.6407	5.7684	
1478	24.327	24.171	26.372	15.372	8.6251	5.7501	
1479	24.316	24.157	26.357	15.364	8.6199	5.7574	
1480	24.305	24.143	26.343	15.365	8.6238	5.7479	
1481	24.293	24.129	26.329	15.366	8.6113	5.7261	
1482	24.282	24.115	26.315	15.361	8.6283	5.7517	
1483	24.27	24.101	26.301	15.362	8.62	5.7472	
1484	24.259	24.087	26.286	15.378	8.6195	5.7384	
1485	24.248	24.073	26.272	15.355	8.6304	5.737	
1486	24.237	24.059	26.258	15.356	8.5946	5.6973	
1487	24.225	24.045	26.244	15.348	8.6228	5.7008	
1488	24.214	24.032	26.23	15.36	8.6145	5.7232	
1489	24.203	24.018	26.216	15.361	8.6151	5.7038	
1490	24.192	24.004	26.202	15.362	8.5895	5.747	
1491	24.18	23.99	26.188	15.345	8.6053	5.698	
1492	24.169	23.977	26.174	15.351	8.5961	5.7165	
1493	24.158	23.963	26.16	15.341	8.5614	5.7088	
1494	24.147	23.949	26.145	15.341	8.5719	5.697	
1495	24.136	23.936	26.132	15.332	8.5697	5.6877	
1496	24.125	23.922	26.118	15.36	8.6007	5.7053	
1497	24.114	23.908	26.104	15.331	8.5842	5.694	
1498	24.103	23.895	26.09	15.364	8.5808	5.6957	
1499	24.092	23.881	26.076	15.346	8.5729	5.7135	
1500	24.081	23.868	26.062	15.338	8.5688	5.6944	
1501	24.07	23.854	26.048	15.324	8.5615	5.6481	
1502	24.059	23.84	26.034	15.341	8.5663	5.6767	
1503	24.048	23.827	26.02	15.337	8.5858	5.6658	
1504	24.037	23.813	26.006	15.331	8.5525	5.6375	
1505	24.026	23.8	25.992	15.336	8.5556	5.6753	
1506	24.015	23.787	25.979	15.327	8.5511	5.6423	
1507	24.005	23.773	25.965	15.311	8.5398	5.6658	
1508	23.994	23.76	25.951	15.308	8.5416	5.6703	
1509	23.983	23.746	25.937	15.345	8.5427	5.6533	
1510	23.972	23.733	25.924	15.333	8.5601	5.6374	
1511	23.961	23.72	25.91	15.339	8.555	5.6471	
1512	23.951	23.706	25.896	15.33	8.5822	5.6517	
1513	23.94	23.693	25.882	15.364	8.5032	5.6648	
1514	23.929	23.68	25.869	15.322	8.5396	5.6835	
1515	23.919	23.666	25.855	15.295	8.5603	5.6483	
1516	23.908	23.653	25.841	15.318	8.5056	5.6522	
1517	23.897	23.64	25.828	15.315	8.5658	5.6102	
1518	23.887	23.627	25.814	15.295	8.5482	5.6359	
1519	23.876	23.613	25.8	15.297	8.5464	5.6432	
1520	23.866	23.6	25.787	15.291	8.534	5.6375	
1521	23.855	23.587	25.773	15.314	8.4871	5.5673	
1522	23.844	23.574	25.76	15.294	8.5187	5.5965	
1523	23.834	23.561	25.746	15.298	8.5355	5.6022	
1524	23.823	23.548	25.733	15.33	8.5488	5.6586	
1525	23.813	23.535	25.719	15.314	8.5414	5.6269	
1526	23.802	23.521	25.706	15.292	8.5151	5.6013	
1527	23.792	23.508	25.692	15.3	8.528	5.6024	
1528	23.782	23.495	25.679	15.288	8.5465	5.6141	
1529	23.771	23.482	25.665	15.293	8.4942	5.5902	
1530	23.761	23.469	25.652	15.303	8.5058	5.6026	
1531	23.75	23.456	25.638	15.28	8.4914	5.604	
1532	23.74	23.443	25.625	15.308	8.4916	5.603	
1533	23.73	23.43	25.611	15.284	8.4702	5.5967	
1534	23.719	23.418	25.598	15.305	8.4793	5.6376	
1535	23.709	23.405	25.585	15.298	8.4926	5.5712	
1536	23.699	23.392	25.571	15.276	8.4891	5.5791	
1537	23.689	23.379	25.558	15.283	8.4941	5.5846	
1538	23.678	23.366	25.545	15.277	8.5252	5.5789	
1539	23.668	23.353	25.531	15.294	8.4816	5.577	
1540	23.658	23.34	25.518	15.287	8.4628	5.578	
1541	23.648	23.327	25.505	15.275	8.4525	5.5494	
1542	23.638	23.315	25.492	15.281	8.4651	5.5754	
1543	23.628	23.302	25.478	15.279	8.4722	5.544	
1544	23.617	23.289	25.465	15.282	8.4897	5.5788	
1545	23.607	23.276	25.452	15.263	8.493	5.5536	
1546	23.597	23.264	25.439	15.278	8.4662	5.5539	
1547	23.587	23.251	25.425	15.274	8.4734	5.5453	
1548	23.577	23.238	25.412	15.277	8.4642	5.5399	
1549	23.567	23.226	25.399	15.277	8.4838	5.5347	
1550	23.557	23.213	25.386	15.282	8.4621	5.5433	
1551	23.547	23.2	25.373	15.26	8.4848	5.5405	
1552	23.537	23.188	25.36	15.272	8.4641	5.5476	
1553	23.527	23.175	25.347	15.253	8.4528	5.5522	
1554	23.517	23.163	25.333	15.262	8.4672	5.5335	
1555	23.507	23.15	25.32	15.281	8.442	5.52	
1556	23.497	23.137	25.307	15.259	8.4567	5.5561	
1557	23.487	23.125	25.294	15.253	8.4481	5.5181	
1558	23.478	23.112	25.281	15.256	8.4504	5.5207	
1559	23.468	23.1	25.268	15.276	8.4324	5.4932	
1560	23.458	23.087	25.255	15.271	8.4614	5.517	
1561	23.448	23.075	25.242	15.28	8.463	5.5073	
1562	23.438	23.062	25.229	15.286	8.4263	5.5184	
1563	23.428	23.05	25.216	15.246	8.4494	5.5213	
1564	23.419	23.038	25.203	15.253	8.4738	5.4959	
1565	23.409	23.025	25.19	15.26	8.475	5.4892	
1566	23.399	23.013	25.177	15.25	8.4211	5.471	
1567	23.389	23	25.164	15.272	8.4036	5.5013	
1568	23.38	22.988	25.152	15.254	8.4459	5.5132	
1569	23.37	22.976	25.139	15.273	8.4673	5.5183	
1570	23.36	22.963	25.126	15.258	8.4541	5.5109	
1571	23.351	22.951	25.113	15.251	8.43	5.5032	
1572	23.341	22.939	25.1	15.247	8.4216	5.516	
1573	23.332	22.927	25.087	15.253	8.4038	5.4898	
1574	23.322	22.914	25.075	15.271	8.4254	5.4739	
1575	23.312	22.902	25.062	15.231	8.4078	5.4942	
1576	23.303	22.89	25.049	15.249	8.3978	5.4296	
1577	23.293	22.878	25.036	15.217	8.3749	5.4756	
1578	23.284	22.865	25.023	15.237	8.4288	5.4607	
1579	23.274	22.853	25.011	15.228	8.4205	5.4795	
1580	23.265	22.841	24.998	15.239	8.3869	5.4487	
1581	23.255	22.829	24.985	15.234	8.4189	5.4105	
1582	23.246	22.817	24.972	15.257	8.4008	5.48	
1583	23.236	22.805	24.96	15.226	8.4345	5.4544	
1584	23.227	22.793	24.947	15.259	8.3606	5.4227	
1585	23.218	22.781	24.934	15.244	8.4289	5.4566	
1586	23.208	22.769	24.922	15.233	8.3734	5.502	
1587	23.199	22.756	24.909	15.238	8.4237	5.4611	
1588	23.189	22.744	24.897	15.245	8.3774	5.3926	
1589	23.18	22.732	24.884	15.215	8.3875	5.4566	
1590	23.171	22.72	24.871	15.228	8.3519	5.4219	
1591	23.161	22.708	24.859	15.219	8.3652	5.442	
1592	23.152	22.697	24.846	15.22	8.4063	5.4059	
1593	23.143	22.685	24.834	15.242	8.3902	5.4055	
1594	23.134	22.673	24.821	15.227	8.3533	5.4718	
1595	23.124	22.661	24.809	15.251	8.3693	5.388	
1596	23.115	22.649	24.796	15.218	8.396	5.4089	
1597	23.106	22.637	24.784	15.224	8.3787	5.4234	
1598	23.097	22.625	24.771	15.233	8.3674	5.3693	
1599	23.087	22.613	24.759	15.229	8.3583	5.4027	
1600	23.078	22.601	24.746	15.215	8.372	5.3582	
1601	23.069	22.59	24.734	15.245	8.3609	5.4297	
1602	23.06	22.578	24.721	15.238	8.3485	5.3855	
1603	23.051	22.566	24.709	15.243	8.3307	5.3756	
1604	23.042	22.554	24.696	15.231	8.3665	5.3766	
1605	23.033	22.542	24.684	15.219	8.355	5.4195	
1606	23.024	22.531	24.672	15.218	8.3515	5.381	
1607	23.014	22.519	24.659	15.236	8.3546	5.3807	
1608	23.005	22.507	24.647	15.198	8.3743	5.3834	
1609	22.996	22.495	24.634	15.209	8.3542	5.3865	
1610	22.987	22.484	24.622	15.217	8.3669	5.3679	
1611	22.978	22.472	24.61	15.223	8.3448	5.3933	
1612	22.969	22.46	24.597	15.243	8.3307	5.3638	
1613	22.96	22.449	24.585	15.178	8.3644	5.3728	
1614	22.951	22.437	24.573	15.202	8.361	5.4227	
1615	22.943	22.426	24.561	15.227	8.3397	5.3958	
1616	22.934	22.414	24.548	15.22	8.3127	5.3666	
1617	22.925	22.402	24.536	15.246	8.3553	5.3936	
1618	22.916	22.391	24.524	15.226	8.3236	5.3726	
1619	22.907	22.379	24.512	15.199	8.3466	5.3731	
1620	22.898	22.368	24.499	15.181	8.3603	5.3781	
1621	22.889	22.356	24.487	15.208	8.3253	5.3494	
1622	22.88	22.345	24.475	15.178	8.3112	5.3902	
1623	22.872	22.333	24.463	15.171	8.3181	5.3343	
1624	22.863	22.322	24.451	15.213	8.3478	5.3601	
1625	22.854	22.31	24.439	15.221	8.3268	5.3138	
1626	22.845	22.299	24.426	15.189	8.3195	5.3457	
1627	22.836	22.287	24.414	15.194	8.2845	5.3273	
1628	22.828	22.276	24.402	15.187	8.3499	5.3401	
1629	22.819	22.264	24.39	15.19	8.342	5.3735	
1630	22.81	22.253	24.378	15.179	8.3391	5.3371	
1631	22.801	22.242	24.366	15.173	8.3154	5.3855	
1632	22.793	22.23	24.354	15.186	8.35	5.3166	
1633	22.784	22.219	24.342	15.203	8.3497	5.3381	
1634	22.775	22.208	24.33	15.171	8.297	5.3258	
1635	22.767	22.196	24.318	15.194	8.3312	5.3287	
1636	22.758	22.185	24.306	15.188	8.3212	5.3036	
1637	22.75	22.174	24.294	15.199	8.3059	5.3668	
1638	22.741	22.162	24.282	15.222	8.2801	5.3259	
1639	22.732	22.151	24.27	15.182	8.3194	5.2974	
1640	22.724	22.14	24.258	15.173	8.2818	5.3281	
1641	22.715	22.129	24.246	15.175	8.354	5.2891	
1642	22.707	22.117	24.234	15.205	8.2703	5.335	
1643	22.698	22.106	24.222	15.19	8.3112	5.2849	
1644	22.69	22.095	24.21	15.187	8.2906	5.3078	
1645	22.681	22.084	24.198	15.188	8.2927	5.329	
1646	22.673	22.073	24.186	15.208	8.31	5.2496	
1647	22.664	22.061	24.174	15.15	8.3281	5.3322	
1648	22.656	22.05	24.163	15.196	8.214	5.2562	
1649	22.647	22.039	24.151	15.203	8.3041	5.32	
1650	22.639	22.028	24.139	15.183	8.3097	5.3172	
1651	22.63	22.017	24.127	15.183	8.2823	5.2789	
1652	22.622	22.006	24.115	15.167	8.2903	5.2806	
1653	22.614	21.995	24.103	15.222	8.273	5.3132	
1654	22.605	21.984	24.092	15.187	8.2721	5.3	
1655	22.597	21.973	24.08	15.181	8.3124	5.2674	
1656	22.589	21.962	24.068	15.178	8.2858	5.2886	
1657	22.58	21.951	24.056	15.182	8.2736	5.2715	
1658	22.572	21.94	24.045	15.168	8.2909	5.2684	
1659	22.564	21.929	24.033	15.198	8.2389	5.2994	
1660	22.555	21.918	24.021	15.134	8.2013	5.3163	
1661	22.547	21.907	24.009	15.18	8.22	5.277	
1662	22.539	21.896	23.998	15.141	8.2754	5.2561	
1663	22.53	21.885	23.986	15.16	8.3068	5.3083	
1664	22.522	21.874	23.974	15.139	8.2076	5.1903	
1665	22.514	21.863	23.963	15.134	8.2768	5.2901	
1666	22.506	21.852	23.951	15.203	8.2376	5.2267	
1667	22.498	21.841	23.939	15.116	8.178	5.2636	
1668	22.489	21.83	23.928	15.094	8.2587	5.2816	
1669	22.481	21.819	23.916	15.177	8.2221	5.1642	
1670	22.473	21.809	23.905	15.177	8.3188	5.28	
1671	22.465	21.798	23.893	15.144	8.2985	5.1962	
1672	22.457	21.787	23.881	15.205	8.2434	5.1552	
1673	22.449	21.776	23.87	15.194	8.2671	5.2595	
1674	22.44	21.765	23.858	15.196	8.273	5.2443	
1675	22.432	21.755	23.847	15.123	8.1082	5.2754	
1676	22.424	21.744	23.835	15.177	8.2951	5.2414	
1677	22.416	21.733	23.824	15.141	8.2686	5.3115	
1678	22.408	21.722	23.812	15.131	8.1656	5.2901	
1679	22.4	21.712	23.801	15.153	8.2106	5.2576	
1680	22.392	21.701	23.789	15.136	8.2649	5.3272	
1681	22.384	21.69	23.778	15.15	8.3289	5.2473	
1682	22.376	21.679	23.766	15.105	8.2398	5.2015	
1683	22.368	21.669	23.755	15.132	8.2922	5.1972	
1684	22.36	21.658	23.743	15.112	8.2552	5.3479	
1685	22.352	21.647	23.732	15.14	8.0623	5.0309	
1686	22.344	21.637	23.72	15.254	8.287	5.2897	
1687	22.336	21.626	23.709	15.066	8.3556	5.4453	
1688	22.328	21.616	23.698	15.075	8.27	5.2045	
1689	22.32	21.605	23.686	15.151	8.2085	5.0922	
1690	22.312	21.594	23.675	15.044	8.425	5.2279	
1691	22.305	21.584	23.663	15.226	8.1621	5.1941	
1692	22.297	21.573	23.652	15.228	8.4692	5.2754	
1693	22.289	21.563	23.641	14.99	8.3545	5.5722	
1694	22.281	21.552	23.629	14.9	8.082	5.2263	
1695	22.273	21.542	23.618	15.192	8.4939	5.4261	
1696	22.265	21.531	23.607	15.082	8.2301	5.4347	
1697	22.257	21.521	23.595	15.142	8.3357	5.437	
1698	22.25	21.51	23.584	14.719	8.2576	4.9981	
1699	22.242	21.5	23.573	14.916	8.6842	5.3629	
1700	22.234	21.489	23.561	14.932	8.1696	5.1826	
