	65	70	75	65	70	75	
300	38.363	37.545	37.447	37.511	37.209	37.514	
301	38.027	37.186	37.07	37.295	36.907	37.453	
302	37.705	36.836	36.698	37.087	36.772	37.279	
303	37.394	36.493	36.329	37.019	36.553	37.024	
304	37.095	36.158	35.961	36.99	36.489	37.052	
305	36.806	35.83	35.595	36.884	36.423	36.867	
306	36.527	35.509	35.23	36.614	36.185	36.77	
307	36.257	35.193	34.866	36.511	36.277	36.641	
308	35.997	34.883	34.503	36.334	36.128	36.541	
309	35.745	34.579	34.139	36.365	35.959	36.377	
310	35.5	34.278	33.774	36.171	35.873	36.379	
311	35.264	33.983	33.408	36.159	35.715	36.319	
312	35.035	33.692	33.041	36.209	35.719	36.207	
313	34.812	33.404	32.673	35.89	35.526	36.139	
314	34.596	33.121	32.302	35.955	35.547	35.953	
315	34.386	32.841	31.93	35.892	35.364	35.909	
316	34.183	32.564	31.555	35.798	35.418	35.815	
317	33.984	32.29	31.178	35.661	35.298	35.754	
318	33.792	32.02	30.799	35.561	35.153	35.59	
319	33.604	31.752	30.417	35.518	35.053	35.611	
320	33.422	31.488	30.033	35.535	35.035	35.459	
321	33.245	31.227	29.646	35.427	34.977	35.375	
322	33.072	30.969	29.258	35.393	34.901	35.332	
323	32.904	30.714	28.867	35.355	34.78	35.278	
324	32.741	30.462	28.474	35.23	34.786	35.152	
325	32.582	30.214	28.08	35.241	34.578	35.091	
326	32.428	29.97	27.684	35.155	34.568	35.032	
327	32.278	29.729	27.288	35.062	34.546	34.927	
328	32.133	29.491	26.891	35.028	34.498	34.847	
329	31.992	29.259	26.494	34.999	34.432	34.774	
330	31.856	29.03	26.098	35.011	34.459	34.767	
331	31.725	28.807	25.703	34.888	34.365	34.712	
332	31.598	28.588	25.309	34.842	34.23	34.555	
333	31.476	28.374	24.919	34.885	34.182	34.577	
334	31.359	28.166	24.531	34.798	34.161	34.525	
335	31.247	27.964	24.147	34.731	34.097	34.447	
336	31.14	27.768	23.768	34.609	34.041	34.358	
337	31.038	27.579	23.396	34.687	34.006	34.353	
338	30.942	27.397	23.03	34.632	33.962	34.303	
339	30.851	27.223	22.672	34.529	33.832	34.23	
340	30.765	27.056	22.322	34.579	33.724	34.179	
341	30.685	26.897	21.983	34.486	33.766	34.165	
342	30.612	26.747	21.656	34.466	33.725	34.1	
343	30.544	26.606	21.34	34.549	33.733	34.023	
344	30.483	26.474	21.039	34.521	33.702	33.95	
345	30.428	26.353	20.753	34.424	33.661	33.933	
346	30.38	26.242	20.484	34.455	33.622	33.892	
347	30.339	26.142	20.234	34.458	33.593	33.865	
348	30.305	26.054	20.003	34.377	33.616	33.812	
349	30.279	25.978	19.795	34.389	33.625	33.81	
350	30.262	25.916	19.611	34.388	33.625	33.767	
351	30.254	25.868	19.452	34.35	33.524	33.743	
352	30.256	25.835	19.323	34.396	33.574	33.8	
353	30.269	25.819	19.223	34.351	33.52	33.614	
354	30.292	25.82	19.155	34.458	33.583	33.722	
355	30.327	25.838	19.122	34.599	33.444	33.575	
356	30.372	25.875	19.123	34.579	33.535	33.58	
357	30.429	25.928	19.159	34.514	33.694	33.653	
358	30.494	25.996	19.228	34.45	33.599	33.561	
359	30.565	26.077	19.328	34.557	33.626	33.604	
360	30.639	26.165	19.454	34.568	33.602	33.533	
361	30.71	26.255	19.602	34.519	33.534	33.614	
362	30.774	26.341	19.763	34.468	33.471	33.318	
363	30.827	26.419	19.933	34.502	33.373	33.27	
364	30.863	26.481	20.104	34.485	33.406	33.141	
365	30.879	26.526	20.271	34.48	33.239	33.257	
366	30.874	26.549	20.431	34.43	33.18	32.916	
367	30.847	26.55	20.581	34.217	33.026	32.627	
368	30.797	26.529	20.72	34.2	33.006	32.484	
369	30.724	26.485	20.843	34.034	32.568	32.257	
370	30.629	26.42	20.953	33.841	32.395	31.955	
371	30.519	26.34	21.054	33.737	32.227	31.762	
372	30.396	26.248	21.149	33.555	32.089	31.437	
373	30.264	26.149	21.24	33.39	31.779	31.262	
374	30.124	26.045	21.33	33.076	31.523	30.992	
375	29.98	25.94	21.42	32.972	31.289	30.557	
376	29.834	25.834	21.512	32.744	31.026	30.281	
377	29.687	25.731	21.607	32.512	30.758	29.935	
378	29.54	25.631	21.704	32.361	30.452	29.755	
379	29.396	25.536	21.804	32.152	30.302	29.525	
380	29.256	25.447	21.91	31.847	30.094	29.22	
381	29.119	25.365	22.021	31.78	29.805	28.874	
382	28.987	25.29	22.136	31.618	29.702	28.718	
383	28.859	25.222	22.256	31.407	29.37	28.494	
384	28.736	25.16	22.379	31.178	29.194	28.195	
385	28.619	25.106	22.506	31.074	29.021	28.069	
386	28.507	25.06	22.636	30.864	28.789	27.848	
387	28.401	25.02	22.77	30.652	28.633	27.637	
388	28.3	24.988	22.906	30.583	28.41	27.476	
389	28.205	24.963	23.045	30.461	28.307	27.256	
390	28.115	24.944	23.187	30.26	28.108	27.05	
391	28.032	24.933	23.332	30.191	27.915	26.895	
392	27.955	24.929	23.479	29.981	27.735	26.665	
393	27.884	24.931	23.628	29.878	27.587	26.582	
394	27.819	24.94	23.78	29.682	27.397	26.4	
395	27.759	24.955	23.933	29.63	27.355	26.298	
396	27.705	24.976	24.089	29.422	27.142	26.077	
397	27.658	25.004	24.247	29.335	27.036	25.925	
398	27.615	25.038	24.406	29.275	26.882	25.776	
399	27.578	25.077	24.566	29.093	26.69	25.637	
400	27.545	25.12	24.728	29.072	26.6	25.423	
401	27.519	25.17	24.892	28.922	26.451	25.337	
402	27.497	25.224	25.057	28.768	26.379	25.181	
403	27.479	25.282	25.222	28.682	26.196	25.041	
404	27.464	25.344	25.388	28.573	26.143	24.894	
405	27.455	25.411	25.555	28.511	25.929	24.83	
406	27.45	25.481	25.722	28.418	25.831	24.647	
407	27.447	25.554	25.889	28.306	25.691	24.585	
408	27.448	25.63	26.055	28.204	25.67	24.441	
409	27.453	25.709	26.222	28.091	25.533	24.21	
410	27.461	25.79	26.389	28.031	25.423	24.179	
411	27.471	25.874	26.554	27.868	25.362	24.088	
412	27.484	25.959	26.719	27.819	25.199	23.977	
413	27.5	26.048	26.884	27.751	25.068	23.815	
414	27.519	26.137	27.048	27.647	25.046	23.779	
415	27.539	26.229	27.211	27.567	24.906	23.666	
416	27.562	26.322	27.373	27.436	24.81	23.564	
417	27.588	26.416	27.534	27.395	24.667	23.442	
418	27.616	26.512	27.694	27.242	24.576	23.314	
419	27.645	26.609	27.853	27.24	24.539	23.278	
420	27.677	26.708	28.011	27.177	24.391	23.051	
421	27.71	26.807	28.169	26.993	24.277	23.05	
422	27.746	26.907	28.324	27.016	24.164	22.99	
423	27.783	27.009	28.48	26.934	24.088	22.879	
424	27.822	27.111	28.634	26.867	24.049	22.714	
425	27.863	27.214	28.787	26.755	23.89	22.644	
426	27.905	27.318	28.938	26.651	23.86	22.58	
427	27.95	27.423	29.09	26.553	23.755	22.538	
428	27.996	27.529	29.239	26.479	23.663	22.372	
429	28.043	27.635	29.388	26.519	23.569	22.282	
430	28.092	27.742	29.537	26.369	23.426	22.284	
431	28.142	27.849	29.684	26.264	23.503	22.162	
432	28.194	27.957	29.83	26.276	23.311	21.984	
433	28.248	28.066	29.975	26.141	23.339	21.941	
434	28.302	28.175	30.12	26.086	23.175	21.795	
435	28.359	28.285	30.263	26.006	23.033	21.804	
436	28.416	28.395	30.406	25.973	22.899	21.543	
437	28.475	28.506	30.548	25.893	22.922	21.617	
438	28.535	28.617	30.69	25.872	22.893	21.469	
439	28.597	28.729	30.83	25.71	22.818	21.435	
440	28.66	28.841	30.97	25.695	22.639	21.343	
441	28.724	28.954	31.11	25.63	22.648	21.261	
442	28.79	29.067	31.248	25.588	22.648	21.104	
443	28.857	29.181	31.386	25.507	22.442	21.184	
444	28.925	29.295	31.524	25.556	22.424	20.985	
445	28.994	29.41	31.661	25.392	22.277	20.91	
446	29.064	29.525	31.798	25.234	22.293	20.863	
447	29.136	29.641	31.934	25.292	22.112	20.749	
448	29.209	29.757	32.069	25.195	22.141	20.723	
449	29.283	29.873	32.205	25.183	22.026	20.627	
450	29.359	29.99	32.339	25.118	21.916	20.654	
451	29.435	30.108	32.474	25.118	21.857	20.554	
452	29.513	30.226	32.608	25.026	21.784	20.444	
453	29.592	30.344	32.742	24.922	21.755	20.443	
454	29.672	30.463	32.876	24.835	21.684	20.273	
455	29.753	30.583	33.009	24.769	21.671	20.279	
456	29.835	30.703	33.142	24.72	21.58	20.095	
457	29.919	30.824	33.276	24.709	21.546	20.092	
458	30.003	30.945	33.409	24.66	21.441	20.062	
459	30.089	31.067	33.541	24.663	21.481	19.975	
460	30.176	31.189	33.674	24.545	21.331	19.906	
461	30.264	31.312	33.807	24.62	21.233	19.818	
462	30.353	31.435	33.94	24.431	21.183	19.772	
463	30.444	31.559	34.072	24.46	21.21	19.722	
464	30.535	31.684	34.205	24.327	21.031	19.609	
465	30.628	31.809	34.338	24.36	21.017	19.608	
466	30.722	31.935	34.471	24.267	20.954	19.454	
467	30.817	32.061	34.604	24.206	20.854	19.484	
468	30.913	32.188	34.737	24.17	20.799	19.396	
469	31.01	32.316	34.871	24.092	20.77	19.34	
470	31.109	32.445	35.005	24.061	20.699	19.193	
471	31.208	32.574	35.139	24.012	20.652	19.217	
472	31.309	32.704	35.273	23.934	20.679	19.142	
473	31.411	32.835	35.407	23.947	20.517	19.035	
474	31.514	32.967	35.542	23.908	20.509	19.076	
475	31.619	33.099	35.677	23.846	20.472	18.955	
476	31.724	33.232	35.813	23.824	20.439	18.928	
477	31.831	33.366	35.948	23.74	20.279	18.806	
478	31.939	33.5	36.085	23.684	20.28	18.775	
479	32.048	33.636	36.222	23.667	20.197	18.72	
480	32.159	33.772	36.359	23.599	20.142	18.638	
481	32.27	33.909	36.496	23.572	20.093	18.615	
482	32.383	34.047	36.635	23.495	20.1	18.561	
483	32.497	34.186	36.774	23.543	20.037	18.524	
484	32.613	34.326	36.913	23.447	19.952	18.437	
485	32.729	34.467	37.053	23.405	19.904	18.479	
486	32.847	34.609	37.193	23.388	19.787	18.36	
487	32.967	34.752	37.335	23.308	19.783	18.254	
488	33.087	34.895	37.477	23.318	19.714	18.213	
489	33.209	35.04	37.619	23.228	19.691	18.178	
490	33.332	35.186	37.762	23.239	19.606	18.185	
491	33.456	35.333	37.906	23.162	19.598	18.078	
492	33.582	35.48	38.051	23.125	19.513	18.036	
493	33.709	35.63	38.197	23.098	19.505	17.975	
494	33.838	35.779	38.343	23.049	19.475	17.976	
495	33.968	35.931	38.49	23.039	19.452	17.877	
496	34.099	36.083	38.638	22.991	19.38	17.876	
497	34.231	36.237	38.787	22.952	19.303	17.874	
498	34.365	36.391	38.937	22.922	19.281	17.787	
499	34.501	36.547	39.088	22.888	19.204	17.73	
500	34.637	36.704	39.24	22.873	19.164	17.653	
501	34.776	36.862	39.392	22.799	19.155	17.607	
502	34.916	37.022	39.546	22.748	19.072	17.553	
503	35.057	37.183	39.7	22.745	19.08	17.515	
504	35.199	37.345	39.856	22.67	18.989	17.461	
505	35.344	37.508	40.013	22.66	18.966	17.426	
506	35.489	37.673	40.17	22.59	18.9	17.357	
507	35.637	37.839	40.329	22.573	18.858	17.36	
508	35.785	38.006	40.489	22.544	18.831	17.264	
509	35.936	38.175	40.65	22.54	18.784	17.234	
510	36.088	38.345	40.812	22.464	18.744	17.185	
511	36.241	38.517	40.976	22.441	18.672	17.172	
512	36.396	38.69	41.14	22.411	18.653	17.095	
513	36.553	38.865	41.306	22.38	18.604	17.039	
514	36.711	39.041	41.473	22.329	18.581	17.008	
515	36.871	39.218	41.641	22.323	18.521	16.956	
516	37.033	39.397	41.81	22.272	18.488	16.925	
517	37.196	39.578	41.981	22.233	18.453	16.889	
518	37.361	39.76	42.153	22.213	18.429	16.8	
519	37.528	39.944	42.326	22.156	18.383	16.8	
520	37.696	40.129	42.501	22.155	18.329	16.783	
521	37.867	40.316	42.676	22.107	18.281	16.705	
522	38.039	40.505	42.854	22.082	18.236	16.682	
523	38.212	40.695	43.032	22.044	18.197	16.633	
524	38.388	40.887	43.212	22.008	18.175	16.576	
525	38.565	41.081	43.393	21.973	18.11	16.541	
526	38.744	41.276	43.576	21.948	18.101	16.479	
527	38.925	41.473	43.76	21.919	18.041	16.467	
528	39.108	41.672	43.946	21.871	18.015	16.444	
529	39.293	41.873	44.133	21.848	17.935	16.346	
530	39.479	42.075	44.321	21.807	17.963	16.332	
531	39.668	42.279	44.511	21.787	17.894	16.282	
532	39.859	42.485	44.702	21.792	17.872	16.249	
533	40.051	42.693	44.895	21.715	17.836	16.21	
534	40.245	42.903	45.089	21.688	17.765	16.173	
535	40.442	43.114	45.285	21.675	17.736	16.118	
536	40.64	43.328	45.482	21.642	17.728	16.071	
537	40.841	43.543	45.681	21.635	17.67	16.051	
538	41.043	43.76	45.881	21.595	17.649	16.008	
539	41.247	43.979	46.083	21.569	17.626	15.99	
540	41.454	44.2	46.286	21.55	17.587	15.938	
541	41.663	44.423	46.49	21.51	17.537	15.923	
542	41.873	44.648	46.697	21.482	17.509	15.858	
543	42.086	44.875	46.904	21.476	17.461	15.814	
544	42.301	45.104	47.114	21.431	17.422	15.773	
545	42.519	45.335	47.324	21.41	17.437	15.761	
546	42.738	45.568	47.537	21.352	17.352	15.71	
547	42.959	45.803	47.75	21.367	17.317	15.707	
548	43.183	46.041	47.966	21.329	17.285	15.648	
549	43.409	46.28	48.182	21.326	17.238	15.622	
550	43.637	46.521	48.401	21.261	17.228	15.591	
551	43.868	46.764	48.62	21.239	17.193	15.54	
552	44.101	47.01	48.841	21.241	17.157	15.508	
553	44.336	47.257	49.064	21.207	17.129	15.477	
554	44.573	47.507	49.288	21.168	17.077	15.44	
555	44.813	47.758	49.514	21.16	17.056	15.395	
556	45.055	48.012	49.74	21.131	17.016	15.362	
557	45.299	48.268	49.969	21.103	16.947	15.317	
558	45.546	48.526	50.198	21.084	16.962	15.3	
559	45.795	48.786	50.43	21.046	16.928	15.278	
560	46.046	49.048	50.662	21.019	16.886	15.228	
561	46.3	49.313	50.896	21.007	16.84	15.186	
562	46.557	49.579	51.131	21	16.812	15.184	
563	46.815	49.848	51.367	20.961	16.801	15.133	
564	47.077	50.118	51.604	20.944	16.75	15.126	
565	47.34	50.391	51.843	20.9	16.721	15.064	
566	47.606	50.666	52.083	20.879	16.684	15.074	
567	47.875	50.943	52.324	20.845	16.66	15.01	
568	48.146	51.222	52.566	20.818	16.626	14.969	
569	48.42	51.503	52.809	20.805	16.591	14.939	
570	48.696	51.787	53.053	20.791	16.566	14.891	
571	48.974	52.072	53.298	20.756	16.54	14.877	
572	49.256	52.359	53.544	20.734	16.528	14.866	
573	49.539	52.649	53.791	20.719	16.489	14.815	
574	49.826	52.94	54.039	20.685	16.473	14.755	
575	50.115	53.234	54.288	20.662	16.434	14.74	
576	50.406	53.529	54.537	20.631	16.404	14.719	
577	50.7	53.827	54.787	20.644	16.385	14.694	
578	50.996	54.126	55.038	20.618	16.331	14.681	
579	51.295	54.428	55.289	20.576	16.316	14.62	
580	51.597	54.731	55.54	20.577	16.277	14.621	
581	51.901	55.036	55.793	20.535	16.251	14.584	
582	52.208	55.343	56.045	20.524	16.22	14.522	
583	52.518	55.652	56.298	20.504	16.18	14.507	
584	52.83	55.962	56.551	20.492	16.17	14.517	
585	53.144	56.275	56.804	20.442	16.155	14.449	
586	53.461	56.589	57.057	20.431	16.123	14.417	
587	53.781	56.905	57.31	20.436	16.098	14.362	
588	54.104	57.222	57.564	20.408	16.07	14.357	
589	54.428	57.541	57.816	20.364	16.041	14.332	
590	54.756	57.861	58.069	20.345	16.005	14.287	
591	55.086	58.183	58.321	20.333	15.99	14.25	
592	55.418	58.507	58.573	20.31	15.918	14.221	
593	55.754	58.832	58.824	20.296	15.969	14.198	
594	56.091	59.158	59.075	20.283	15.892	14.209	
595	56.431	59.485	59.325	20.24	15.88	14.155	
596	56.774	59.814	59.573	20.22	15.879	14.124	
597	57.119	60.144	59.821	20.21	15.839	14.089	
598	57.467	60.475	60.068	20.202	15.8	14.07	
599	57.817	60.806	60.314	20.184	15.748	14.033	
600	58.17	61.139	60.558	20.146	15.774	14.024	
601	58.525	61.473	60.801	20.111	15.734	13.982	
602	58.882	61.807	61.042	20.089	15.676	13.946	
603	59.242	62.142	61.281	20.073	15.681	13.918	
604	59.604	62.478	61.519	20.062	15.645	13.915	
605	59.968	62.814	61.755	20.041	15.608	13.859	
606	60.335	63.151	61.988	20.03	15.616	13.815	
607	60.704	63.488	62.219	19.998	15.592	13.779	
608	61.075	63.824	62.448	20.014	15.535	13.804	
609	61.449	64.162	62.675	19.982	15.547	13.748	
610	61.825	64.499	62.899	19.959	15.505	13.733	
611	62.203	64.835	63.119	19.939	15.468	13.708	
612	62.583	65.172	63.337	19.937	15.48	13.705	
613	62.965	65.508	63.552	19.905	15.44	13.625	
614	63.349	65.844	63.764	19.873	15.416	13.633	
615	63.735	66.179	63.972	19.872	15.373	13.599	
616	64.123	66.513	64.177	19.848	15.366	13.567	
617	64.513	66.846	64.378	19.833	15.339	13.548	
618	64.905	67.177	64.575	19.81	15.324	13.544	
619	65.299	67.508	64.768	19.793	15.289	13.484	
620	65.694	67.837	64.957	19.769	15.26	13.464	
621	66.091	68.164	65.142	19.744	15.245	13.463	
622	66.49	68.489	65.322	19.758	15.223	13.435	
623	66.891	68.813	65.498	19.727	15.19	13.375	
624	67.293	69.134	65.669	19.705	15.17	13.372	
625	67.696	69.452	65.835	19.678	15.168	13.392	
626	68.101	69.768	65.996	19.681	15.12	13.311	
627	68.508	70.08	66.153	19.667	15.098	13.304	
628	68.915	70.39	66.303	19.638	15.06	13.283	
629	69.324	70.696	66.449	19.635	15.075	13.294	
630	69.734	70.998	66.589	19.57	15.013	13.233	
631	70.145	71.296	66.723	19.565	15.066	13.236	
632	70.557	71.59	66.851	19.575	15.011	13.141	
633	70.97	71.88	66.974	19.564	14.965	13.12	
634	71.384	72.164	67.091	19.51	14.954	13.069	
635	71.799	72.444	67.201	19.493	14.942	13.106	
636	72.214	72.717	67.306	19.49	14.951	13.106	
637	72.63	72.986	67.404	19.498	14.872	13.056	
638	73.046	73.247	67.496	19.454	14.846	13.046	
639	73.463	73.503	67.582	19.459	14.818	13.027	
640	73.879	73.751	67.662	19.425	14.799	13.018	
641	74.296	73.993	67.734	19.452	14.778	12.939	
642	74.713	74.226	67.801	19.402	14.772	12.986	
643	75.13	74.452	67.861	19.387	14.721	12.945	
644	75.546	74.669	67.914	19.404	14.727	12.899	
645	75.962	74.878	67.961	19.385	14.71	12.869	
646	76.377	75.077	68.001	19.341	14.67	12.857	
647	76.791	75.268	68.035	19.34	14.697	12.832	
648	77.205	75.448	68.062	19.298	14.644	12.833	
649	77.617	75.618	68.083	19.29	14.633	12.793	
650	78.028	75.778	68.098	19.268	14.571	12.757	
651	78.437	75.926	68.106	19.249	14.593	12.771	
652	78.844	76.064	68.107	19.245	14.544	12.718	
653	79.248	76.19	68.102	19.224	14.556	12.69	
654	79.651	76.305	68.092	19.213	14.505	12.636	
655	80.05	76.407	68.074	19.188	14.528	12.643	
656	80.445	76.497	68.051	19.173	14.551	12.655	
657	80.837	76.576	68.022	19.182	14.495	12.58	
658	81.224	76.641	67.987	19.145	14.451	12.585	
659	81.606	76.694	67.947	19.135	14.393	12.576	
660	81.982	76.735	67.9	19.131	14.406	12.557	
661	82.351	76.763	67.848	19.149	14.366	12.521	
662	82.712	76.778	67.791	19.141	14.38	12.487	
663	83.064	76.78	67.729	19.085	14.354	12.478	
664	83.406	76.771	67.661	19.067	14.358	12.46	
665	83.736	76.749	67.588	19.05	14.329	12.422	
666	84.051	76.715	67.511	19.037	14.283	12.4	
667	84.351	76.669	67.428	19.049	14.264	12.403	
668	84.631	76.612	67.341	19.03	14.28	12.379	
669	84.89	76.543	67.25	19.015	14.24	12.357	
670	85.124	76.463	67.154	18.996	14.227	12.341	
671	85.329	76.373	67.054	18.983	14.189	12.272	
672	85.502	76.272	66.951	18.968	14.151	12.307	
673	85.64	76.162	66.843	18.924	14.153	12.286	
674	85.738	76.042	66.731	18.939	14.161	12.278	
675	85.796	75.913	66.616	18.916	14.153	12.296	
676	85.81	75.775	66.498	18.918	14.072	12.203	
677	85.782	75.629	66.376	18.905	14.111	12.199	
678	85.713	75.475	66.251	18.877	14.073	12.219	
679	85.605	75.314	66.123	18.874	14.028	12.143	
680	85.46	75.145	65.992	18.865	14.013	12.153	
681	85.284	74.97	65.858	18.846	13.999	12.088	
682	85.079	74.789	65.722	18.845	14.005	12.109	
683	84.85	74.601	65.583	18.808	13.954	12.072	
684	84.6	74.409	65.442	18.784	13.945	12.093	
685	84.332	74.211	65.299	18.793	13.961	12.052	
686	84.049	74.008	65.153	18.775	13.924	12.002	
687	83.753	73.801	65.006	18.777	13.89	11.991	
688	83.447	73.589	64.857	18.772	13.868	11.962	
689	83.132	73.374	64.705	18.761	13.903	11.957	
690	82.81	73.155	64.553	18.716	13.875	11.965	
691	82.481	72.933	64.399	18.724	13.843	11.91	
692	82.148	72.708	64.243	18.709	13.782	11.94	
693	81.81	72.48	64.086	18.696	13.781	11.891	
694	81.47	72.25	63.928	18.682	13.775	11.898	
695	81.127	72.018	63.768	18.653	13.738	11.859	
696	80.781	71.783	63.608	18.654	13.704	11.854	
697	80.435	71.547	63.446	18.647	13.742	11.818	
698	80.087	71.309	63.284	18.656	13.697	11.76	
699	79.738	71.07	63.121	18.615	13.678	11.745	
700	79.389	70.829	62.957	18.603	13.714	11.763	
701	79.04	70.587	62.793	18.616	13.601	11.754	
702	78.691	70.345	62.628	18.605	13.677	11.742	
703	78.342	70.101	62.463	18.55	13.664	11.695	
704	77.994	69.857	62.297	18.548	13.616	11.689	
705	77.647	69.613	62.13	18.593	13.586	11.663	
706	77.301	69.368	61.964	18.539	13.595	11.627	
707	76.955	69.123	61.797	18.519	13.587	11.625	
708	76.611	68.877	61.63	18.499	13.513	11.634	
709	76.268	68.632	61.463	18.52	13.555	11.58	
710	75.926	68.387	61.297	18.509	13.487	11.628	
711	75.586	68.142	61.13	18.491	13.491	11.511	
712	75.248	67.897	60.963	18.46	13.43	11.505	
713	74.91	67.653	60.796	18.443	13.501	11.532	
714	74.575	67.409	60.629	18.434	13.419	11.487	
715	74.241	67.166	60.463	18.397	13.433	11.469	
716	73.909	66.923	60.296	18.418	13.356	11.374	
717	73.579	66.681	60.13	18.408	13.398	11.468	
718	73.251	66.439	59.965	18.389	13.347	11.371	
719	72.925	66.199	59.799	18.416	13.365	11.461	
720	72.601	65.959	59.634	18.332	13.336	11.414	
721	72.278	65.72	59.47	18.377	13.311	11.389	
722	71.958	65.482	59.306	18.373	13.341	11.365	
723	71.639	65.245	59.142	18.316	13.339	11.362	
724	71.323	65.009	58.979	18.348	13.267	11.357	
725	71.009	64.773	58.816	18.293	13.366	11.278	
726	70.697	64.539	58.654	18.343	13.2	11.279	
727	70.387	64.307	58.493	18.3	13.25	11.255	
728	70.079	64.075	58.332	18.318	13.194	11.255	
729	69.773	63.844	58.171	18.272	13.178	11.254	
730	69.469	63.615	58.012	18.26	13.183	11.173	
731	69.168	63.387	57.853	18.22	13.167	11.208	
732	68.869	63.16	57.694	18.247	13.116	11.197	
733	68.572	62.934	57.537	18.236	13.152	11.165	
734	68.277	62.71	57.38	18.263	13.117	11.143	
735	67.984	62.487	57.224	18.212	13.131	11.119	
736	67.693	62.265	57.068	18.211	13.114	11.12	
737	67.405	62.044	56.914	18.221	13.084	11.153	
738	67.118	61.825	56.76	18.175	13.091	11.076	
739	66.834	61.608	56.607	18.168	13.067	11.094	
740	66.552	61.391	56.454	18.198	13.06	11.074	
741	66.273	61.176	56.303	18.146	13.012	11.072	
742	65.995	60.963	56.152	18.159	13.021	11.016	
743	65.719	60.75	56.002	18.16	13.027	10.987	
744	65.446	60.54	55.853	18.128	13	11.023	
745	65.175	60.33	55.705	18.098	13.023	11.013	
746	64.906	60.122	55.557	18.113	12.97	10.981	
747	64.639	59.915	55.41	18.112	13.001	10.944	
748	64.374	59.71	55.265	18.09	12.967	10.93	
749	64.111	59.506	55.12	18.087	12.928	10.902	
750	63.851	59.304	54.976	18.026	12.909	10.938	
751	63.592	59.103	54.832	18.064	12.892	10.873	
752	63.336	58.903	54.69	18.016	12.923	10.846	
753	63.082	58.705	54.548	18.042	12.881	10.845	
754	62.829	58.509	54.408	18.033	12.862	10.87	
755	62.579	58.313	54.268	17.998	12.896	10.794	
756	62.331	58.119	54.129	18.017	12.83	10.84	
757	62.085	57.927	53.991	18.016	12.778	10.837	
758	61.841	57.735	53.854	17.993	12.814	10.794	
759	61.599	57.546	53.717	17.991	12.817	10.766	
760	61.359	57.357	53.582	17.965	12.743	10.723	
761	61.121	57.17	53.447	17.94	12.757	10.727	
762	60.884	56.985	53.313	17.968	12.744	10.685	
763	60.65	56.8	53.181	17.942	12.757	10.67	
764	60.418	56.618	53.048	17.942	12.75	10.703	
765	60.188	56.436	52.917	17.928	12.723	10.649	
766	59.959	56.256	52.787	17.945	12.732	10.659	
767	59.733	56.077	52.657	17.932	12.689	10.658	
768	59.508	55.9	52.529	17.898	12.676	10.604	
769	59.285	55.723	52.401	17.901	12.684	10.63	
770	59.064	55.549	52.274	17.88	12.632	10.573	
771	58.845	55.375	52.148	17.839	12.621	10.567	
772	58.628	55.203	52.023	17.837	12.664	10.567	
773	58.413	55.032	51.898	17.851	12.613	10.567	
774	58.199	54.862	51.775	17.831	12.605	10.51	
775	57.987	54.694	51.652	17.81	12.584	10.517	
776	57.777	54.527	51.53	17.872	12.563	10.49	
777	57.569	54.361	51.409	17.813	12.541	10.499	
778	57.362	54.197	51.289	17.814	12.507	10.516	
779	57.157	54.033	51.169	17.771	12.515	10.473	
780	56.954	53.871	51.05	17.769	12.529	10.484	
781	56.753	53.711	50.932	17.816	12.552	10.405	
782	56.553	53.551	50.815	17.788	12.453	10.414	
783	56.355	53.393	50.699	17.766	12.44	10.413	
784	56.158	53.235	50.584	17.747	12.468	10.369	
785	55.964	53.079	50.469	17.727	12.424	10.347	
786	55.77	52.925	50.355	17.72	12.435	10.349	
787	55.579	52.771	50.242	17.725	12.412	10.345	
788	55.389	52.619	50.129	17.722	12.394	10.324	
789	55.201	52.467	50.018	17.703	12.376	10.317	
790	55.014	52.317	49.907	17.705	12.403	10.277	
791	54.828	52.168	49.797	17.675	12.368	10.278	
792	54.645	52.021	49.687	17.689	12.361	10.267	
793	54.463	51.874	49.579	17.679	12.381	10.266	
794	54.282	51.728	49.471	17.66	12.327	10.239	
795	54.103	51.584	49.364	17.659	12.309	10.224	
796	53.925	51.44	49.257	17.662	12.313	10.213	
797	53.749	51.298	49.152	17.654	12.325	10.176	
798	53.574	51.157	49.047	17.666	12.323	10.181	
799	53.4	51.016	48.942	17.647	12.261	10.206	
800	53.228	50.877	48.839	17.62	12.266	10.135	
801	53.058	50.739	48.736	17.605	12.279	10.152	
802	52.889	50.602	48.634	17.648	12.257	10.122	
803	52.721	50.466	48.532	17.585	12.228	10.092	
804	52.555	50.331	48.431	17.575	12.219	10.133	
805	52.39	50.197	48.331	17.566	12.198	10.093	
806	52.226	50.064	48.232	17.583	12.17	10.084	
807	52.064	49.932	48.133	17.566	12.126	10.115	
808	51.903	49.801	48.035	17.569	12.174	10.024	
809	51.743	49.671	47.938	17.516	12.099	10.047	
810	51.585	49.542	47.841	17.556	12.165	10.014	
811	51.427	49.414	47.745	17.537	12.131	9.9973	
812	51.272	49.287	47.649	17.532	12.176	10.005	
813	51.117	49.16	47.554	17.542	12.077	9.9926	
814	50.964	49.035	47.46	17.52	12.11	10.013	
815	50.811	48.911	47.366	17.499	12.091	9.9656	
816	50.66	48.787	47.273	17.51	12.082	9.9131	
817	50.511	48.665	47.181	17.487	12.062	9.9298	
818	50.362	48.543	47.089	17.492	12.059	9.9034	
819	50.215	48.422	46.998	17.483	12.042	9.9129	
820	50.069	48.302	46.908	17.46	12.018	9.8719	
821	49.924	48.183	46.818	17.453	12.005	9.8656	
822	49.78	48.065	46.728	17.45	12.012	9.8616	
823	49.637	47.948	46.639	17.451	12.006	9.8525	
824	49.496	47.831	46.551	17.443	12.007	9.8497	
825	49.355	47.716	46.464	17.437	11.988	9.8449	
826	49.216	47.601	46.377	17.433	11.98	9.8362	
827	49.077	47.487	46.29	17.43	11.974	9.8144	
828	48.94	47.374	46.204	17.419	11.964	9.8087	
829	48.804	47.261	46.119	17.407	11.95	9.7941	
830	48.669	47.15	46.034	17.407	11.946	9.8031	
831	48.535	47.039	45.95	17.4	11.919	9.7859	
832	48.402	46.929	45.866	17.384	11.91	9.7662	
833	48.27	46.82	45.783	17.379	11.905	9.7353	
834	48.139	46.711	45.7	17.367	11.897	9.7158	
835	48.009	46.604	45.618	17.36	11.889	9.7177	
836	47.88	46.497	45.536	17.358	11.888	9.6974	
837	47.752	46.391	45.455	17.35	11.861	9.7024	
838	47.625	46.285	45.375	17.356	11.846	9.6741	
839	47.499	46.181	45.295	17.339	11.835	9.6728	
840	47.374	46.077	45.215	17.323	11.851	9.6213	
841	47.25	45.973	45.136	17.338	11.799	9.6059	
842	47.127	45.871	45.057	17.35	11.812	9.6524	
843	47.004	45.769	44.979	17.333	11.79	9.6237	
844	46.883	45.668	44.902	17.328	11.8	9.6135	
845	46.763	45.567	44.825	17.337	11.83	9.5864	
846	46.643	45.468	44.748	17.25	11.762	9.5728	
847	46.524	45.368	44.672	17.316	11.671	9.6306	
848	46.407	45.27	44.596	17.299	11.801	9.6341	
849	46.29	45.172	44.521	17.296	11.713	9.5251	
850	46.174	45.075	44.446	17.278	11.74	9.5683	
851	46.059	44.979	44.372	17.254	11.712	9.5872	
852	45.944	44.883	44.298	17.249	11.723	9.4661	
853	45.831	44.788	44.224	17.279	11.658	9.4759	
854	45.718	44.693	44.151	17.228	11.704	9.4325	
855	45.606	44.599	44.079	17.23	11.626	9.478	
856	45.495	44.506	44.007	17.202	11.678	9.4881	
857	45.385	44.414	43.935	17.234	11.659	9.4508	
858	45.276	44.322	43.864	17.248	11.682	9.4151	
859	45.167	44.23	43.793	17.26	11.629	9.461	
860	45.059	44.139	43.723	17.206	11.667	9.4684	
861	44.952	44.049	43.653	17.177	11.615	9.3825	
862	44.846	43.959	43.583	17.215	11.595	9.3837	
863	44.74	43.87	43.514	17.205	11.644	9.3907	
864	44.636	43.782	43.445	17.208	11.589	9.387	
865	44.532	43.694	43.377	17.157	11.577	9.3165	
866	44.428	43.607	43.309	17.167	11.563	9.3468	
867	44.326	43.52	43.241	17.147	11.513	9.3459	
868	44.224	43.434	43.174	17.118	11.543	9.3501	
869	44.123	43.348	43.107	17.15	11.508	9.2901	
870	44.022	43.263	43.041	17.159	11.516	9.3057	
871	43.923	43.178	42.975	17.146	11.508	9.2767	
872	43.824	43.094	42.909	17.131	11.512	9.3136	
873	43.725	43.01	42.844	17.157	11.469	9.267	
874	43.628	42.927	42.779	17.129	11.488	9.2504	
875	43.531	42.845	42.715	17.111	11.474	9.2559	
876	43.434	42.763	42.65	17.115	11.465	9.2204	
877	43.339	42.682	42.587	17.112	11.46	9.2537	
878	43.244	42.601	42.523	17.083	11.444	9.2191	
879	43.149	42.52	42.46	17.079	11.432	9.1998	
880	43.056	42.44	42.397	17.071	11.421	9.1926	
881	42.963	42.361	42.335	17.069	11.417	9.1849	
882	42.87	42.282	42.273	17.067	11.412	9.1889	
883	42.778	42.203	42.211	17.063	11.408	9.1794	
884	42.687	42.125	42.15	17.061	11.404	9.1718	
885	42.597	42.048	42.089	17.061	11.396	9.1709	
886	42.507	41.97	42.028	17.056	11.388	9.1566	
887	42.417	41.894	41.968	17.046	11.371	9.1428	
888	42.329	41.818	41.908	17.044	11.364	9.1243	
889	42.24	41.742	41.848	17.031	11.351	9.1119	
890	42.153	41.667	41.789	17.018	11.337	9.0964	
891	42.066	41.592	41.729	17.012	11.328	9.0812	
892	41.979	41.517	41.671	17.01	11.316	9.0788	
893	41.894	41.444	41.612	17.003	11.31	9.0602	
894	41.808	41.37	41.554	16.991	11.308	9.0486	
895	41.723	41.297	41.496	16.999	11.303	9.0533	
896	41.639	41.224	41.439	16.989	11.29	9.0498	
897	41.556	41.152	41.381	16.989	11.285	9.0476	
898	41.472	41.08	41.324	16.987	11.282	9.0195	
899	41.39	41.009	41.268	16.979	11.268	9.0175	
900	41.308	40.938	41.211	16.966	11.258	8.9949	
901	41.226	40.867	41.155	16.947	11.247	8.9733	
902	41.145	40.797	41.1	16.948	11.229	8.9685	
903	41.065	40.728	41.044	16.945	11.226	8.9618	
904	40.985	40.658	40.989	16.94	11.217	8.9595	
905	40.905	40.589	40.934	16.932	11.215	8.9576	
906	40.826	40.521	40.879	16.934	11.21	8.9517	
907	40.748	40.452	40.825	16.929	11.206	8.9528	
908	40.67	40.385	40.771	16.931	11.194	8.9288	
909	40.592	40.317	40.717	16.916	11.183	8.9209	
910	40.515	40.25	40.664	16.902	11.167	8.91	
911	40.439	40.183	40.61	16.906	11.155	8.9055	
912	40.363	40.117	40.557	16.894	11.128	8.8691	
913	40.287	40.051	40.505	16.881	11.137	8.8493	
914	40.212	39.986	40.452	16.883	11.127	8.8511	
915	40.138	39.92	40.4	16.876	11.114	8.8449	
916	40.063	39.856	40.348	16.869	11.119	8.8435	
917	39.99	39.791	40.296	16.869	11.116	8.8377	
918	39.916	39.727	40.245	16.872	11.111	8.8326	
919	39.843	39.663	40.193	16.868	11.102	8.8198	
920	39.771	39.6	40.143	16.862	11.094	8.8106	
921	39.699	39.536	40.092	16.852	11.081	8.8013	
922	39.628	39.474	40.041	16.848	11.073	8.8045	
923	39.556	39.411	39.991	16.851	11.066	8.7956	
924	39.486	39.349	39.941	16.835	11.037	8.7695	
925	39.416	39.287	39.891	16.832	11.054	8.7564	
926	39.346	39.226	39.842	16.815	11.035	8.7417	
927	39.276	39.165	39.792	16.816	11.041	8.7315	
928	39.207	39.104	39.743	16.814	11.034	8.7362	
929	39.139	39.043	39.695	16.797	10.994	8.7477	
930	39.07	38.983	39.646	16.793	10.972	8.7269	
931	39.003	38.923	39.598	16.805	11.016	8.7154	
932	38.935	38.864	39.549	16.812	10.951	8.6826	
933	38.868	38.805	39.501	16.782	11.008	8.6791	
934	38.802	38.746	39.454	16.775	10.976	8.695	
935	38.735	38.687	39.406	16.773	10.978	8.6554	
936	38.67	38.629	39.359	16.753	10.941	8.6501	
937	38.604	38.571	39.312	16.753	10.935	8.6851	
938	38.539	38.513	39.265	16.783	10.944	8.6069	
939	38.474	38.455	39.218	16.761	10.933	8.6336	
940	38.41	38.398	39.172	16.766	10.894	8.6504	
941	38.346	38.341	39.126	16.76	10.92	8.6114	
942	38.282	38.285	39.08	16.739	10.886	8.5574	
943	38.219	38.228	39.034	16.715	10.91	8.5951	
944	38.156	38.172	38.988	16.717	10.929	8.5787	
945	38.094	38.117	38.943	16.744	10.893	8.5827	
946	38.031	38.061	38.898	16.743	10.888	8.5713	
947	37.969	38.006	38.852	16.722	10.888	8.5569	
948	37.908	37.951	38.808	16.718	10.861	8.5456	
949	37.847	37.896	38.763	16.708	10.84	8.5238	
950	37.786	37.842	38.719	16.702	10.832	8.5213	
951	37.726	37.788	38.674	16.691	10.851	8.5259	
952	37.665	37.734	38.63	16.683	10.844	8.5209	
953	37.606	37.68	38.586	16.694	10.825	8.4986	
954	37.546	37.627	38.543	16.695	10.819	8.5124	
955	37.487	37.574	38.499	16.682	10.807	8.4784	
956	37.428	37.521	38.456	16.663	10.812	8.4848	
957	37.37	37.468	38.413	16.664	10.803	8.5324	
958	37.311	37.416	38.37	16.644	10.785	8.4534	
959	37.253	37.364	38.327	16.666	10.771	8.4791	
960	37.196	37.312	38.284	16.678	10.753	8.4078	
961	37.138	37.26	38.242	16.673	10.778	8.3952	
962	37.082	37.209	38.2	16.661	10.689	8.3687	
963	37.025	37.158	38.158	16.62	10.712	8.4149	
964	36.969	37.107	38.116	16.649	10.748	8.3485	
965	36.912	37.057	38.074	16.617	10.733	8.3817	
966	36.857	37.006	38.033	16.628	10.753	8.359	
967	36.801	36.956	37.991	16.623	10.733	8.3919	
968	36.746	36.906	37.95	16.627	10.745	8.3832	
969	36.691	36.856	37.909	16.611	10.709	8.3707	
970	36.637	36.807	37.868	16.625	10.692	8.3925	
971	36.582	36.757	37.827	16.613	10.68	8.3706	
972	36.528	36.708	37.787	16.61	10.702	8.3492	
973	36.474	36.66	37.746	16.61	10.685	8.3224	
974	36.421	36.611	37.706	16.594	10.661	8.3374	
975	36.368	36.563	37.666	16.588	10.668	8.2816	
976	36.315	36.514	37.626	16.58	10.653	8.2972	
977	36.262	36.466	37.586	16.575	10.641	8.2843	
978	36.21	36.419	37.547	16.572	10.632	8.2858	
979	36.158	36.371	37.507	16.57	10.638	8.2719	
980	36.106	36.324	37.468	16.575	10.628	8.2724	
981	36.054	36.277	37.429	16.572	10.626	8.2804	
982	36.003	36.23	37.39	16.566	10.621	8.2707	
983	35.952	36.183	37.351	16.562	10.623	8.2828	
984	35.901	36.137	37.312	16.548	10.613	8.2676	
985	35.85	36.09	37.274	16.546	10.617	8.2362	
986	35.8	36.044	37.235	16.573	10.595	8.2584	
987	35.75	35.998	37.197	16.537	10.591	8.2149	
988	35.7	35.953	37.159	16.532	10.56	8.1936	
989	35.651	35.907	37.121	16.524	10.566	8.1933	
990	35.601	35.862	37.083	16.52	10.547	8.1876	
991	35.552	35.817	37.045	16.519	10.55	8.1676	
992	35.503	35.772	37.008	16.52	10.545	8.1802	
993	35.455	35.727	36.97	16.509	10.544	8.1739	
994	35.406	35.682	36.933	16.517	10.548	8.1768	
995	35.358	35.638	36.896	16.503	10.54	8.1619	
996	35.31	35.594	36.859	16.496	10.533	8.1554	
997	35.263	35.55	36.822	16.504	10.529	8.1444	
998	35.215	35.506	36.785	16.493	10.516	8.1417	
999	35.168	35.462	36.749	16.483	10.502	8.1776	
1000	35.121	35.419	36.712	16.5	10.478	8.1157	
1001	35.074	35.376	36.676	16.464	10.53	8.0949	
1002	35.028	35.333	36.64	16.485	10.51	8.0982	
1003	34.982	35.29	36.604	16.476	10.477	8.0989	
1004	34.936	35.247	36.568	16.475	10.443	8.0759	
1005	34.89	35.204	36.532	16.439	10.542	8.1117	
1006	34.844	35.162	36.496	16.467	10.428	8.1096	
1007	34.799	35.12	36.461	16.465	10.492	8.0327	
1008	34.753	35.078	36.425	16.449	10.484	8.0563	
1009	34.708	35.036	36.39	16.429	10.432	8.0496	
1010	34.664	34.994	36.355	16.466	10.451	8.0414	
1011	34.619	34.953	36.319	16.433	10.444	8.0428	
1012	34.575	34.911	36.284	16.438	10.431	8.0143	
1013	34.53	34.87	36.25	16.434	10.414	8.0082	
1014	34.486	34.829	36.215	16.435	10.394	8.0042	
1015	34.443	34.788	36.18	16.437	10.4	7.9932	
1016	34.399	34.747	36.146	16.413	10.402	8.087	
1017	34.356	34.707	36.111	16.395	10.365	7.9546	
1018	34.313	34.666	36.077	16.391	10.366	7.9748	
1019	34.27	34.626	36.043	16.377	10.349	7.938	
1020	34.227	34.586	36.009	16.428	10.409	7.9076	
1021	34.184	34.546	35.975	16.344	10.406	7.9482	
1022	34.142	34.506	35.941	16.399	10.335	7.9468	
1023	34.1	34.466	35.908	16.418	10.322	7.9437	
1024	34.058	34.427	35.874	16.374	10.301	7.9785	
1025	34.016	34.388	35.841	16.416	10.31	7.9159	
1026	33.974	34.348	35.807	16.38	10.359	7.8728	
1027	33.933	34.309	35.774	16.414	10.241	7.8987	
1028	33.891	34.271	35.741	16.371	10.339	7.8451	
1029	33.85	34.232	35.708	16.355	10.283	7.8299	
1030	33.809	34.193	35.675	16.359	10.328	7.903	
1031	33.769	34.155	35.642	16.422	10.333	7.9249	
1032	33.728	34.116	35.609	16.316	10.327	7.8632	
1033	33.688	34.078	35.577	16.382	10.287	7.887	
1034	33.648	34.04	35.544	16.356	10.309	7.8533	
1035	33.608	34.002	35.512	16.379	10.251	7.9231	
1036	33.568	33.965	35.479	16.253	10.285	7.8388	
1037	33.528	33.927	35.447	16.397	10.175	7.8035	
1038	33.489	33.889	35.415	16.319	10.24	7.9786	
1039	33.449	33.852	35.383	16.361	10.29	7.9209	
1040	33.41	33.815	35.351	16.298	10.088	7.8087	
1041	33.371	33.778	35.319	16.335	10.216	7.8567	
1042	33.332	33.741	35.288	16.445	10.238	7.6434	
1043	33.294	33.704	35.256	16.412	10.176	7.6925	
1044	33.255	33.667	35.225	16.267	10.268	7.7417	
1045	33.217	33.631	35.193	16.308	10.204	7.7873	
1046	33.179	33.594	35.162	16.204	10.35	7.5825	
1047	33.141	33.558	35.131	16.266	10.039	7.7932	
1048	33.103	33.522	35.1	16.229	10.157	7.8069	
1049	33.065	33.486	35.069	16.299	10.171	7.7236	
1050	33.028	33.45	35.038	16.276	10.083	7.8107	
1051	32.99	33.414	35.007	16.278	10.17	7.7396	
1052	32.953	33.379	34.976	16.273	10.161	7.7044	
1053	32.916	33.343	34.945	16.277	10.167	7.7231	
1054	32.879	33.308	34.915	16.277	10.148	7.7089	
1055	32.842	33.273	34.884	16.277	10.167	7.6972	
1056	32.806	33.237	34.854	16.273	10.135	7.687	
1057	32.769	33.202	34.824	16.269	10.153	7.6997	
1058	32.733	33.167	34.793	16.262	10.142	7.6709	
1059	32.697	33.133	34.763	16.247	10.134	7.6933	
1060	32.661	33.098	34.733	16.254	10.134	7.6648	
1061	32.625	33.063	34.703	16.263	10.116	7.6747	
1062	32.589	33.029	34.674	16.239	10.115	7.6648	
1063	32.554	32.995	34.644	16.235	10.098	7.6667	
1064	32.518	32.961	34.614	16.233	10.093	7.6472	
1065	32.483	32.926	34.585	16.225	10.087	7.629	
1066	32.448	32.892	34.555	16.232	10.086	7.618	
1067	32.413	32.859	34.526	16.223	10.089	7.6219	
1068	32.378	32.825	34.496	16.218	10.078	7.6284	
1069	32.343	32.791	34.467	16.223	10.054	7.6005	
1070	32.309	32.758	34.438	16.22	10.079	7.5985	
1071	32.274	32.724	34.409	16.218	10.063	7.599	
1072	32.24	32.691	34.38	16.202	10.065	7.5925	
1073	32.206	32.658	34.351	16.215	10.029	7.5661	
1074	32.172	32.625	34.322	16.199	10.044	7.5808	
1075	32.138	32.592	34.293	16.193	10.033	7.5517	
1076	32.104	32.559	34.264	16.201	10.022	7.5548	
1077	32.07	32.526	34.236	16.189	10.024	7.5511	
1078	32.037	32.494	34.207	16.185	10.008	7.5417	
1079	32.004	32.461	34.179	16.186	10.022	7.5314	
1080	31.97	32.429	34.15	16.186	10.011	7.5387	
1081	31.937	32.396	34.122	16.179	10.01	7.5348	
1082	31.904	32.364	34.094	16.172	10.007	7.5257	
1083	31.871	32.332	34.066	16.18	9.9947	7.5117	
1084	31.839	32.3	34.038	16.172	9.995	7.5129	
1085	31.806	32.268	34.01	16.166	9.9914	7.5014	
1086	31.774	32.236	33.982	16.171	9.9923	7.5038	
1087	31.741	32.204	33.954	16.156	9.9873	7.4945	
1088	31.709	32.173	33.926	16.166	9.9817	7.4997	
1089	31.677	32.141	33.899	16.159	9.9779	7.4821	
1090	31.645	32.11	33.871	16.158	9.9803	7.4881	
1091	31.613	32.079	33.843	16.153	9.9785	7.4853	
1092	31.581	32.047	33.816	16.144	9.9565	7.4715	
1093	31.55	32.016	33.788	16.148	9.9506	7.4729	
1094	31.518	31.985	33.761	16.141	9.9601	7.4722	
1095	31.487	31.954	33.734	16.15	9.9318	7.4483	
1096	31.455	31.923	33.707	16.144	9.9407	7.4519	
1097	31.424	31.893	33.68	16.13	9.9283	7.4383	
1098	31.393	31.862	33.652	16.124	9.9234	7.4168	
1099	31.362	31.831	33.625	16.123	9.9232	7.4195	
1100	31.331	31.801	33.599	16.113	9.9178	7.4139	
1101	31.301	31.771	33.572	16.124	9.9056	7.3964	
1102	31.27	31.74	33.545	16.116	9.8945	7.3888	
1103	31.24	31.71	33.518	16.109	9.8791	7.3797	
1104	31.209	31.68	33.492	16.105	9.888	7.3786	
1105	31.179	31.65	33.465	16.097	9.8862	7.3711	
1106	31.149	31.62	33.439	16.101	9.8753	7.3644	
1107	31.119	31.59	33.412	16.09	9.8672	7.3615	
1108	31.089	31.56	33.386	16.098	9.873	7.3533	
1109	31.059	31.531	33.359	16.089	9.8628	7.35	
1110	31.029	31.501	33.333	16.087	9.8562	7.3493	
1111	31	31.472	33.307	16.086	9.8575	7.3426	
1112	30.97	31.442	33.281	16.085	9.8439	7.3361	
1113	30.941	31.413	33.255	16.085	9.8491	7.3346	
1114	30.912	31.384	33.229	16.08	9.8466	7.3305	
1115	30.882	31.355	33.203	16.077	9.8484	7.3291	
1116	30.853	31.326	33.177	16.078	9.8409	7.3321	
1117	30.824	31.297	33.151	16.079	9.8416	7.3209	
1118	30.796	31.268	33.126	16.072	9.8334	7.3214	
1119	30.767	31.239	33.1	16.06	9.8347	7.3015	
1120	30.738	31.21	33.074	16.068	9.8313	7.2924	
1121	30.71	31.182	33.049	16.067	9.8176	7.2878	
1122	30.681	31.153	33.023	16.06	9.8063	7.2978	
1123	30.653	31.125	32.998	16.048	9.8069	7.2903	
1124	30.624	31.096	32.972	16.063	9.8076	7.2673	
1125	30.596	31.068	32.947	16.054	9.7979	7.2623	
1126	30.568	31.04	32.922	16.058	9.8085	7.2676	
1127	30.54	31.012	32.897	16.033	9.7894	7.2435	
1128	30.512	30.984	32.872	16.033	9.7801	7.246	
1129	30.485	30.956	32.847	16.039	9.78	7.2589	
1130	30.457	30.928	32.822	16.029	9.784	7.2303	
1131	30.429	30.9	32.797	16.028	9.7661	7.2327	
1132	30.402	30.872	32.772	16.029	9.7641	7.2224	
1133	30.374	30.844	32.747	16.022	9.7746	7.22	
1134	30.347	30.817	32.722	16.013	9.7404	7.2208	
1135	30.32	30.789	32.697	16.016	9.7516	7.1929	
1136	30.293	30.762	32.673	16.019	9.733	7.2045	
1137	30.266	30.735	32.648	16.012	9.7186	7.2018	
1138	30.239	30.707	32.624	16.011	9.7314	7.1817	
1139	30.212	30.68	32.599	16.007	9.7294	7.188	
1140	30.185	30.653	32.575	16	9.711	7.1734	
1141	30.158	30.626	32.55	16.013	9.7229	7.1701	
1142	30.132	30.599	32.526	16.009	9.7157	7.1425	
1143	30.105	30.572	32.502	15.991	9.7047	7.1754	
1144	30.079	30.545	32.477	15.991	9.6948	7.1627	
1145	30.053	30.518	32.453	15.994	9.7082	7.1617	
1146	30.026	30.492	32.429	15.991	9.6734	7.1488	
1147	30	30.465	32.405	15.987	9.6773	7.1375	
1148	29.974	30.438	32.381	15.993	9.6824	7.1398	
1149	29.948	30.412	32.357	15.982	9.6859	7.1336	
1150	29.922	30.385	32.333	15.971	9.6696	7.1285	
1151	29.897	30.359	32.309	15.973	9.6557	7.1144	
1152	29.871	30.333	32.286	15.974	9.6664	7.1066	
1153	29.845	30.307	32.262	15.967	9.6521	7.0941	
1154	29.82	30.28	32.238	15.961	9.6519	7.0958	
1155	29.794	30.254	32.215	15.966	9.6506	7.0979	
1156	29.769	30.228	32.191	15.955	9.6498	7.0837	
1157	29.744	30.202	32.167	15.955	9.6421	7.0727	
1158	29.718	30.177	32.144	15.956	9.6421	7.0731	
1159	29.693	30.151	32.12	15.96	9.6267	7.0708	
1160	29.668	30.125	32.097	15.957	9.628	7.0722	
1161	29.643	30.099	32.074	15.947	9.6061	7.0769	
1162	29.618	30.074	32.051	15.943	9.6372	7.0503	
1163	29.594	30.048	32.027	15.932	9.6109	7.0423	
1164	29.569	30.023	32.004	15.933	9.5892	7.0355	
1165	29.544	29.997	31.981	15.926	9.6021	7.0251	
1166	29.52	29.972	31.958	15.934	9.5923	7.0232	
1167	29.495	29.947	31.935	15.935	9.6092	7.0307	
1168	29.471	29.921	31.912	15.925	9.5875	7.0159	
1169	29.446	29.896	31.889	15.919	9.579	7.0094	
1170	29.422	29.871	31.866	15.923	9.5874	6.9969	
1171	29.398	29.846	31.843	15.918	9.5745	6.9927	
1172	29.374	29.821	31.82	15.915	9.5753	6.9904	
1173	29.35	29.796	31.798	15.913	9.572	6.9898	
1174	29.326	29.772	31.775	15.912	9.5717	6.9855	
1175	29.302	29.747	31.752	15.911	9.5671	6.9893	
1176	29.278	29.722	31.73	15.909	9.5553	6.9753	
1177	29.254	29.697	31.707	15.913	9.5548	6.9734	
1178	29.231	29.673	31.685	15.902	9.5491	6.9642	
1179	29.207	29.648	31.662	15.902	9.5544	6.9693	
1180	29.183	29.624	31.64	15.901	9.5467	6.9584	
1181	29.16	29.599	31.617	15.901	9.5467	6.9598	
1182	29.137	29.575	31.595	15.894	9.5385	6.9547	
1183	29.113	29.551	31.573	15.897	9.537	6.95	
1184	29.09	29.527	31.55	15.892	9.532	6.9421	
1185	29.067	29.502	31.528	15.883	9.531	6.946	
1186	29.044	29.478	31.506	15.885	9.5219	6.9289	
1187	29.021	29.454	31.484	15.884	9.5224	6.9354	
1188	28.998	29.43	31.462	15.877	9.523	6.9241	
1189	28.975	29.406	31.44	15.882	9.5084	6.9071	
1190	28.952	29.382	31.418	15.876	9.5137	6.9197	
1191	28.929	29.359	31.396	15.87	9.5099	6.9094	
1192	28.907	29.335	31.374	15.871	9.4961	6.8957	
1193	28.884	29.311	31.352	15.868	9.4961	6.8932	
1194	28.862	29.287	31.33	15.862	9.5027	6.9035	
1195	28.839	29.264	31.309	15.874	9.474	6.8908	
1196	28.817	29.24	31.287	15.86	9.4905	6.8699	
1197	28.794	29.217	31.265	15.862	9.4762	6.8911	
1198	28.772	29.193	31.244	15.852	9.4631	6.8864	
1199	28.75	29.17	31.222	15.851	9.477	6.8633	
1200	28.728	29.147	31.201	15.858	9.4625	6.8505	
1201	28.706	29.123	31.179	15.861	9.4796	6.8706	
1202	28.684	29.1	31.158	15.841	9.4636	6.8566	
1203	28.662	29.077	31.136	15.848	9.4582	6.8337	
1204	28.64	29.054	31.115	15.851	9.4464	6.8183	
1205	28.618	29.031	31.093	15.832	9.4472	6.8323	
1206	28.596	29.008	31.072	15.836	9.466	6.8321	
1207	28.575	28.985	31.051	15.846	9.4633	6.8204	
1208	28.553	28.962	31.03	15.832	9.4402	6.8124	
1209	28.531	28.939	31.008	15.836	9.4279	6.8174	
1210	28.51	28.917	30.987	15.829	9.4198	6.7981	
1211	28.489	28.894	30.966	15.824	9.4014	6.7811	
1212	28.467	28.871	30.945	15.822	9.4159	6.7865	
1213	28.446	28.849	30.924	15.831	9.4125	6.7945	
1214	28.425	28.826	30.903	15.818	9.422	6.771	
1215	28.403	28.803	30.882	15.827	9.4065	6.7776	
1216	28.382	28.781	30.861	15.816	9.3902	6.7962	
1217	28.361	28.759	30.84	15.82	9.3945	6.7799	
1218	28.34	28.736	30.819	15.792	9.3676	6.7812	
1219	28.319	28.714	30.799	15.814	9.3787	6.7488	
1220	28.298	28.692	30.778	15.812	9.3724	6.7566	
1221	28.278	28.669	30.757	15.792	9.3678	6.7577	
1222	28.257	28.647	30.737	15.806	9.4041	6.7482	
1223	28.236	28.625	30.716	15.808	9.3612	6.7497	
1224	28.215	28.603	30.695	15.802	9.3661	6.7322	
1225	28.195	28.581	30.675	15.793	9.3623	6.7376	
1226	28.174	28.559	30.654	15.803	9.3763	6.7294	
1227	28.154	28.537	30.634	15.81	9.3589	6.7325	
1228	28.133	28.515	30.613	15.774	9.3448	6.7237	
1229	28.113	28.493	30.593	15.767	9.3236	6.7278	
1230	28.093	28.472	30.572	15.774	9.3573	6.7086	
1231	28.072	28.45	30.552	15.796	9.3605	6.676	
1232	28.052	28.428	30.532	15.789	9.3331	6.7336	
1233	28.032	28.407	30.512	15.803	9.3612	6.6865	
1234	28.012	28.385	30.491	15.779	9.3636	6.7088	
1235	27.992	28.364	30.471	15.762	9.3504	6.6856	
1236	27.972	28.342	30.451	15.776	9.3508	6.7156	
1237	27.952	28.321	30.431	15.771	9.3581	6.6932	
1238	27.932	28.299	30.411	15.803	9.3178	6.7029	
1239	27.912	28.278	30.391	15.735	9.3726	6.7182	
1240	27.893	28.256	30.371	15.732	9.2717	6.6779	
1241	27.873	28.235	30.351	15.745	9.341	6.6356	
1242	27.853	28.214	30.331	15.735	9.3044	6.6996	
1243	27.834	28.193	30.311	15.764	9.3127	6.761	
1244	27.814	28.172	30.291	15.782	9.3076	6.6586	
1245	27.795	28.151	30.271	15.721	9.362	6.5928	
1246	27.775	28.13	30.251	15.748	9.298	6.6041	
1247	27.756	28.109	30.231	15.731	9.2333	6.6094	
1248	27.737	28.088	30.212	15.743	9.2731	6.5843	
1249	27.717	28.067	30.192	15.775	9.2931	6.6536	
1250	27.698	28.046	30.172	15.753	9.3398	6.5861	
1251	27.679	28.025	30.153	15.739	9.2561	6.6486	
1252	27.66	28.004	30.133	15.709	9.2021	6.5795	
1253	27.641	27.984	30.113	15.708	9.3079	6.5872	
1254	27.622	27.963	30.094	15.716	9.2289	6.5936	
1255	27.603	27.942	30.074	15.74	9.2415	6.623	
1256	27.584	27.922	30.055	15.719	9.2629	6.5966	
1257	27.565	27.901	30.035	15.717	9.2216	6.5567	
1258	27.546	27.881	30.016	15.725	9.2458	6.548	
1259	27.527	27.86	29.997	15.694	9.2312	6.5771	
1260	27.509	27.84	29.977	15.709	9.2387	6.553	
1261	27.49	27.819	29.958	15.706	9.2178	6.5473	
1262	27.471	27.799	29.939	15.689	9.2162	6.5425	
1263	27.453	27.779	29.919	15.706	9.2186	6.5313	
1264	27.434	27.758	29.9	15.682	9.2026	6.5444	
1265	27.416	27.738	29.881	15.708	9.2245	6.5324	
1266	27.397	27.718	29.862	15.696	9.2306	6.5176	
1267	27.379	27.698	29.843	15.709	9.2023	6.5414	
1268	27.361	27.678	29.824	15.714	9.2095	6.5453	
1269	27.342	27.658	29.805	15.701	9.2186	6.5538	
1270	27.324	27.638	29.786	15.696	9.198	6.5367	
1271	27.306	27.618	29.767	15.683	9.2039	6.5136	
1272	27.288	27.598	29.748	15.688	9.2189	6.5472	
1273	27.27	27.578	29.729	15.705	9.2243	6.5247	
1274	27.252	27.558	29.71	15.701	9.2005	6.5306	
1275	27.234	27.538	29.691	15.686	9.1823	6.4939	
1276	27.216	27.519	29.672	15.699	9.2087	6.5205	
1277	27.198	27.499	29.653	15.663	9.1993	6.5191	
1278	27.18	27.479	29.634	15.665	9.1892	6.5112	
1279	27.162	27.46	29.616	15.681	9.1589	6.4593	
1280	27.144	27.44	29.597	15.675	9.156	6.4798	
1281	27.127	27.42	29.578	15.682	9.1567	6.4748	
1282	27.109	27.401	29.56	15.676	9.169	6.4949	
1283	27.091	27.381	29.541	15.656	9.1537	6.4527	
1284	27.074	27.362	29.522	15.632	9.1916	6.4591	
1285	27.056	27.342	29.504	15.644	9.1608	6.4782	
1286	27.039	27.323	29.485	15.669	9.1557	6.4463	
1287	27.021	27.304	29.467	15.652	9.1412	6.4697	
1288	27.004	27.284	29.448	15.663	9.1606	6.4591	
1289	26.987	27.265	29.43	15.652	9.1422	6.4344	
1290	26.969	27.246	29.411	15.657	9.1551	6.4376	
1291	26.952	27.227	29.393	15.64	9.1345	6.4164	
1292	26.935	27.208	29.375	15.656	9.1345	6.4736	
1293	26.918	27.188	29.356	15.647	9.1239	6.4379	
1294	26.9	27.169	29.338	15.668	9.1578	6.4281	
1295	26.883	27.15	29.32	15.646	9.1369	6.3954	
1296	26.866	27.131	29.302	15.653	9.1292	6.3926	
1297	26.849	27.112	29.283	15.651	9.0942	6.4387	
1298	26.832	27.093	29.265	15.631	9.1357	6.4042	
1299	26.815	27.075	29.247	15.641	9.0837	6.373	
1300	26.798	27.056	29.229	15.624	9.1037	6.3995	
1301	26.782	27.037	29.211	15.641	9.126	6.3705	
1302	26.765	27.018	29.193	15.611	9.0799	6.4187	
1303	26.748	26.999	29.175	15.637	9.1245	6.3851	
1304	26.731	26.981	29.157	15.648	9.1135	6.3952	
1305	26.715	26.962	29.139	15.652	9.0861	6.3467	
1306	26.698	26.943	29.121	15.629	9.1235	6.3831	
1307	26.681	26.925	29.103	15.62	9.108	6.3954	
1308	26.665	26.906	29.085	15.613	9.0891	6.388	
1309	26.648	26.888	29.067	15.62	9.0991	6.3783	
1310	26.632	26.869	29.049	15.612	9.0767	6.3653	
1311	26.615	26.851	29.031	15.62	9.0461	6.3913	
1312	26.599	26.832	29.013	15.608	9.0606	6.3221	
1313	26.582	26.814	28.996	15.613	9.0866	6.3847	
1314	26.566	26.795	28.978	15.607	9.0596	6.3495	
1315	26.55	26.777	28.96	15.602	9.0327	6.3262	
1316	26.534	26.759	28.942	15.629	8.9941	6.3194	
1317	26.517	26.74	28.925	15.605	9.0557	6.3822	
1318	26.501	26.722	28.907	15.589	9.0545	6.3601	
1319	26.485	26.704	28.889	15.631	9.0479	6.354	
1320	26.469	26.686	28.872	15.574	9.0367	6.3584	
1321	26.453	26.668	28.854	15.612	9.0226	6.3347	
1322	26.437	26.65	28.837	15.601	8.9983	6.2378	
1323	26.421	26.632	28.819	15.554	9.0135	6.278	
1324	26.405	26.614	28.802	15.608	9.0519	6.2872	
1325	26.389	26.596	28.784	15.621	8.9865	6.3038	
1326	26.373	26.578	28.767	15.629	8.988	6.2721	
1327	26.357	26.56	28.749	15.6	9.0561	6.2622	
1328	26.342	26.542	28.732	15.561	8.9618	6.3632	
1329	26.326	26.524	28.715	15.563	8.9748	6.2771	
1330	26.31	26.506	28.697	15.621	9.0407	6.2531	
1331	26.295	26.488	28.68	15.566	9.0607	6.3246	
1332	26.279	26.47	28.663	15.561	8.9719	6.418	
1333	26.263	26.453	28.645	15.578	9.0236	6.2824	
1334	26.248	26.435	28.628	15.6	8.9906	6.2743	
1335	26.232	26.417	28.611	15.55	9.0051	6.153	
1336	26.217	26.4	28.594	15.537	9.0374	6.3185	
1337	26.201	26.382	28.577	15.618	8.9803	6.1591	
1338	26.186	26.365	28.559	15.535	9.048	6.2468	
1339	26.17	26.347	28.542	15.561	9.032	6.2708	
1340	26.155	26.33	28.525	15.593	9.0077	6.1586	
1341	26.14	26.312	28.508	15.666	8.8259	6.2786	
1342	26.124	26.295	28.491	15.575	8.9248	6.4947	
1343	26.109	26.277	28.474	15.64	9.0003	6.4568	
1344	26.094	26.26	28.457	15.52	9.0383	6.2736	
1345	26.079	26.242	28.44	15.567	9.1261	6.2256	
1346	26.064	26.225	28.423	15.405	8.8527	6.0078	
1347	26.049	26.208	28.406	15.559	9.1196	5.8337	
1348	26.034	26.19	28.389	15.504	9.1334	6.1728	
1349	26.018	26.173	28.373	15.419	9.278	6.2167	
1350	26.003	26.156	28.356	15.265	9.0644	6.2217	
1351	25.989	26.139	28.339	15.503	8.9301	5.9253	
1352	25.974	26.122	28.322	15.455	8.8241	6.3825	
1353	25.959	26.105	28.305	15.547	8.3823	6.2501	
1354	25.944	26.088	28.289	15.469	9.3073	6.3855	
1355	25.929	26.07	28.272	15.712	8.773	5.6078	
1356	25.914	26.053	28.255	15.648	9.1567	6.0752	
1357	25.899	26.036	28.239	15.444	9.0441	6.2724	
1358	25.885	26.019	28.222	16.248	9.371	6.3795	
1359	25.87	26.003	28.205	16.262	8.6908	6.918	
1426	24.955	24.93	27.14	15.655	9.2987	6.337	
1427	24.943	24.915	27.125	15.544	8.6458	6.0444	
1428	24.93	24.9	27.11	15.394	8.841	5.6434	
1429	24.917	24.885	27.095	15.638	8.6618	5.8162	
1430	24.905	24.87	27.08	15.645	8.8034	5.8313	
1431	24.892	24.855	27.065	15.324	8.9254	6.1083	
1432	24.88	24.84	27.05	15.558	8.5618	5.8907	
1433	24.867	24.825	27.034	15.35	8.5981	5.8503	
1434	24.855	24.81	27.019	15.504	8.9164	6.1849	
1435	24.842	24.795	27.004	15.523	8.856	5.7635	
1436	24.83	24.78	26.989	15.531	8.646	5.9371	
1437	24.817	24.765	26.974	15.437	8.9074	5.8618	
1438	24.805	24.75	26.959	15.329	8.6594	5.9473	
1439	24.792	24.735	26.944	15.448	8.7878	5.9026	
1440	24.78	24.72	26.929	15.332	8.7869	5.8234	
1441	24.768	24.705	26.914	15.418	8.6815	6.0523	
1442	24.755	24.691	26.9	15.471	8.6178	5.804	
1443	24.743	24.676	26.885	15.352	8.745	5.9607	
1444	24.731	24.661	26.87	15.461	8.7728	5.754	
1445	24.719	24.646	26.855	15.33	8.7337	5.8418	
1446	24.706	24.632	26.84	15.463	8.6349	5.8148	
1447	24.694	24.617	26.825	15.435	8.7027	5.7187	
1448	24.682	24.602	26.81	15.418	8.6759	5.8657	
1449	24.67	24.588	26.796	15.369	8.7286	5.8616	
1450	24.658	24.573	26.781	15.389	8.7223	5.7667	
1451	24.646	24.558	26.766	15.439	8.6835	5.8613	
1452	24.634	24.544	26.751	15.461	8.7416	5.9121	
1453	24.622	24.529	26.737	15.432	8.7434	5.9344	
1454	24.61	24.515	26.722	15.347	8.6775	5.7013	
1455	24.598	24.5	26.707	15.416	8.7501	5.778	
1456	24.586	24.486	26.693	15.442	8.7139	5.8162	
1457	24.574	24.471	26.678	15.384	8.5911	5.8161	
1458	24.562	24.457	26.663	15.382	8.7003	5.8269	
1459	24.55	24.443	26.649	15.364	8.5653	5.7475	
1460	24.538	24.428	26.634	15.406	8.6329	5.8577	
1461	24.526	24.414	26.62	15.425	8.6263	5.8131	
1462	24.514	24.399	26.605	15.392	8.6402	5.8205	
1463	24.503	24.385	26.591	15.378	8.6426	5.7707	
1464	24.491	24.371	26.576	15.356	8.6674	5.7556	
1465	24.479	24.357	26.561	15.367	8.7009	5.7782	
1466	24.467	24.342	26.547	15.362	8.5979	5.8152	
1467	24.456	24.328	26.533	15.382	8.6242	5.8072	
1468	24.444	24.314	26.518	15.351	8.6378	5.7845	
1469	24.432	24.3	26.504	15.375	8.6157	5.7777	
1470	24.421	24.285	26.489	15.368	8.6027	5.7829	
1471	24.409	24.271	26.475	15.371	8.6274	5.7814	
1472	24.397	24.257	26.46	15.372	8.6286	5.7604	
1473	24.386	24.243	26.446	15.361	8.64	5.7729	
1474	24.374	24.229	26.432	15.364	8.6233	5.7729	
1475	24.363	24.215	26.417	15.367	8.6216	5.7631	
1476	24.351	24.201	26.403	15.361	8.6167	5.7547	
1477	24.34	24.187	26.389	15.367	8.6407	5.7684	
1478	24.328	24.173	26.375	15.372	8.6251	5.7501	
1479	24.317	24.159	26.36	15.364	8.6199	5.7574	
1480	24.305	24.145	26.346	15.365	8.6238	5.7479	
1481	24.294	24.131	26.332	15.366	8.6113	5.7261	
1482	24.283	24.117	26.318	15.361	8.6283	5.7517	
1483	24.271	24.103	26.303	15.362	8.62	5.7472	
1484	24.26	24.089	26.289	15.378	8.6195	5.7384	
1485	24.249	24.075	26.275	15.355	8.6304	5.737	
1486	24.237	24.061	26.261	15.356	8.5946	5.6973	
1487	24.226	24.048	26.247	15.348	8.6228	5.7008	
1488	24.215	24.034	26.233	15.36	8.6145	5.7232	
1489	24.204	24.02	26.219	15.361	8.6151	5.7038	
1490	24.192	24.006	26.204	15.362	8.5895	5.747	
1491	24.181	23.992	26.19	15.345	8.6053	5.698	
1492	24.17	23.979	26.176	15.351	8.5961	5.7165	
1493	24.159	23.965	26.162	15.341	8.5614	5.7088	
1494	24.148	23.951	26.148	15.341	8.5719	5.697	
1495	24.137	23.938	26.134	15.332	8.5697	5.6877	
1496	24.126	23.924	26.12	15.36	8.6007	5.7053	
1497	24.115	23.91	26.106	15.331	8.5842	5.694	
1498	24.104	23.897	26.092	15.364	8.5808	5.6957	
1499	24.093	23.883	26.078	15.346	8.5729	5.7135	
1500	24.082	23.87	26.065	15.338	8.5688	5.6944	
1501	24.071	23.856	26.051	15.324	8.5615	5.6481	
1502	24.06	23.842	26.037	15.341	8.5663	5.6767	
1503	24.049	23.829	26.023	15.337	8.5858	5.6658	
1504	24.038	23.815	26.009	15.331	8.5525	5.6375	
1505	24.027	23.802	25.995	15.336	8.5556	5.6753	
1506	24.016	23.789	25.981	15.327	8.5511	5.6423	
1507	24.005	23.775	25.968	15.311	8.5398	5.6658	
1508	23.995	23.762	25.954	15.308	8.5416	5.6703	
1509	23.984	23.748	25.94	15.345	8.5427	5.6533	
1510	23.973	23.735	25.926	15.333	8.5601	5.6374	
1511	23.962	23.721	25.912	15.339	8.555	5.6471	
1512	23.951	23.708	25.899	15.33	8.5822	5.6517	
1513	23.941	23.695	25.885	15.364	8.5032	5.6648	
1514	23.93	23.682	25.871	15.322	8.5396	5.6835	
1515	23.919	23.668	25.858	15.295	8.5603	5.6483	
1516	23.909	23.655	25.844	15.318	8.5056	5.6522	
1517	23.898	23.642	25.83	15.315	8.5658	5.6102	
1518	23.887	23.629	25.817	15.295	8.5482	5.6359	
1519	23.877	23.615	25.803	15.297	8.5464	5.6432	
1520	23.866	23.602	25.79	15.291	8.534	5.6375	
1521	23.856	23.589	25.776	15.314	8.4871	5.5673	
1522	23.845	23.576	25.762	15.294	8.5187	5.5965	
1523	23.835	23.563	25.749	15.298	8.5355	5.6022	
1524	23.824	23.55	25.735	15.33	8.5488	5.6586	
1525	23.814	23.536	25.722	15.314	8.5414	5.6269	
1526	23.803	23.523	25.708	15.292	8.5151	5.6013	
1527	23.793	23.51	25.695	15.3	8.528	5.6024	
1528	23.782	23.497	25.681	15.288	8.5465	5.6141	
1529	23.772	23.484	25.668	15.293	8.4942	5.5902	
1530	23.761	23.471	25.654	15.303	8.5058	5.6026	
1531	23.751	23.458	25.641	15.28	8.4914	5.604	
1532	23.741	23.445	25.627	15.308	8.4916	5.603	
1533	23.73	23.432	25.614	15.284	8.4702	5.5967	
1534	23.72	23.419	25.601	15.305	8.4793	5.6376	
1535	23.71	23.406	25.587	15.298	8.4926	5.5712	
1536	23.7	23.394	25.574	15.276	8.4891	5.5791	
1537	23.689	23.381	25.561	15.283	8.4941	5.5846	
1538	23.679	23.368	25.547	15.277	8.5252	5.5789	
1539	23.669	23.355	25.534	15.294	8.4816	5.577	
1540	23.659	23.342	25.521	15.287	8.4628	5.578	
1541	23.648	23.329	25.507	15.275	8.4525	5.5494	
1542	23.638	23.316	25.494	15.281	8.4651	5.5754	
1543	23.628	23.304	25.481	15.279	8.4722	5.544	
1544	23.618	23.291	25.468	15.282	8.4897	5.5788	
1545	23.608	23.278	25.454	15.263	8.493	5.5536	
1546	23.598	23.265	25.441	15.278	8.4662	5.5539	
1547	23.588	23.253	25.428	15.274	8.4734	5.5453	
1548	23.578	23.24	25.415	15.277	8.4642	5.5399	
1549	23.568	23.227	25.402	15.277	8.4838	5.5347	
1550	23.558	23.215	25.388	15.282	8.4621	5.5433	
1551	23.548	23.202	25.375	15.26	8.4848	5.5405	
1552	23.538	23.189	25.362	15.272	8.4641	5.5476	
1553	23.528	23.177	25.349	15.253	8.4528	5.5522	
1554	23.518	23.164	25.336	15.262	8.4672	5.5335	
1555	23.508	23.152	25.323	15.281	8.442	5.52	
1556	23.498	23.139	25.31	15.259	8.4567	5.5561	
1557	23.488	23.127	25.297	15.253	8.4481	5.5181	
1558	23.478	23.114	25.284	15.256	8.4504	5.5207	
1559	23.468	23.102	25.271	15.276	8.4324	5.4932	
1560	23.458	23.089	25.258	15.271	8.4614	5.517	
1561	23.449	23.077	25.245	15.28	8.463	5.5073	
1562	23.439	23.064	25.232	15.286	8.4263	5.5184	
1563	23.429	23.052	25.219	15.246	8.4494	5.5213	
1564	23.419	23.039	25.206	15.253	8.4738	5.4959	
1565	23.41	23.027	25.193	15.26	8.475	5.4892	
1566	23.4	23.014	25.18	15.25	8.4211	5.471	
1567	23.39	23.002	25.167	15.272	8.4036	5.5013	
1568	23.38	22.99	25.154	15.254	8.4459	5.5132	
1569	23.371	22.977	25.141	15.273	8.4673	5.5183	
1570	23.361	22.965	25.128	15.258	8.4541	5.5109	
1571	23.351	22.953	25.115	15.251	8.43	5.5032	
1572	23.342	22.941	25.103	15.247	8.4216	5.516	
1573	23.332	22.928	25.09	15.253	8.4038	5.4898	
1574	23.323	22.916	25.077	15.271	8.4254	5.4739	
1575	23.313	22.904	25.064	15.231	8.4078	5.4942	
1576	23.303	22.892	25.051	15.249	8.3978	5.4296	
1577	23.294	22.879	25.039	15.217	8.3749	5.4756	
1578	23.284	22.867	25.026	15.237	8.4288	5.4607	
1579	23.275	22.855	25.013	15.228	8.4205	5.4795	
1580	23.265	22.843	25	15.239	8.3869	5.4487	
1581	23.256	22.831	24.988	15.234	8.4189	5.4105	
1582	23.246	22.819	24.975	15.257	8.4008	5.48	
1583	23.237	22.806	24.962	15.226	8.4345	5.4544	
1584	23.227	22.794	24.949	15.259	8.3606	5.4227	
1585	23.218	22.782	24.937	15.244	8.4289	5.4566	
1586	23.209	22.77	24.924	15.233	8.3734	5.502	
1587	23.199	22.758	24.912	15.238	8.4237	5.4611	
1588	23.19	22.746	24.899	15.245	8.3774	5.3926	
1589	23.181	22.734	24.886	15.215	8.3875	5.4566	
1590	23.171	22.722	24.874	15.228	8.3519	5.4219	
1591	23.162	22.71	24.861	15.219	8.3652	5.442	
1592	23.153	22.698	24.849	15.22	8.4063	5.4059	
1593	23.143	22.686	24.836	15.242	8.3902	5.4055	
1594	23.134	22.674	24.823	15.227	8.3533	5.4718	
1595	23.125	22.662	24.811	15.251	8.3693	5.388	
1596	23.116	22.65	24.798	15.218	8.396	5.4089	
1597	23.106	22.639	24.786	15.224	8.3787	5.4234	
1598	23.097	22.627	24.773	15.233	8.3674	5.3693	
1599	23.088	22.615	24.761	15.229	8.3583	5.4027	
1600	23.079	22.603	24.748	15.215	8.372	5.3582	
1601	23.07	22.591	24.736	15.245	8.3609	5.4297	
1602	23.06	22.579	24.723	15.238	8.3485	5.3855	
1603	23.051	22.567	24.711	15.243	8.3307	5.3756	
1604	23.042	22.556	24.699	15.231	8.3665	5.3766	
1605	23.033	22.544	24.686	15.219	8.355	5.4195	
1606	23.024	22.532	24.674	15.218	8.3515	5.381	
1607	23.015	22.52	24.661	15.236	8.3546	5.3807	
1608	23.006	22.509	24.649	15.198	8.3743	5.3834	
1609	22.997	22.497	24.637	15.209	8.3542	5.3865	
1610	22.988	22.485	24.624	15.217	8.3669	5.3679	
1611	22.979	22.474	24.612	15.223	8.3448	5.3933	
1612	22.97	22.462	24.6	15.243	8.3307	5.3638	
1613	22.961	22.45	24.587	15.178	8.3644	5.3728	
1614	22.952	22.439	24.575	15.202	8.361	5.4227	
1615	22.943	22.427	24.563	15.227	8.3397	5.3958	
1616	22.934	22.415	24.551	15.22	8.3127	5.3666	
1617	22.925	22.404	24.538	15.246	8.3553	5.3936	
1618	22.916	22.392	24.526	15.226	8.3236	5.3726	
1619	22.907	22.381	24.514	15.199	8.3466	5.3731	
1620	22.899	22.369	24.502	15.181	8.3603	5.3781	
1621	22.89	22.358	24.489	15.208	8.3253	5.3494	
1622	22.881	22.346	24.477	15.178	8.3112	5.3902	
1623	22.872	22.335	24.465	15.171	8.3181	5.3343	
1624	22.863	22.323	24.453	15.213	8.3478	5.3601	
1625	22.854	22.312	24.441	15.221	8.3268	5.3138	
1626	22.846	22.3	24.429	15.189	8.3195	5.3457	
1627	22.837	22.289	24.417	15.194	8.2845	5.3273	
1628	22.828	22.277	24.404	15.187	8.3499	5.3401	
1629	22.819	22.266	24.392	15.19	8.342	5.3735	
1630	22.811	22.254	24.38	15.179	8.3391	5.3371	
1631	22.802	22.243	24.368	15.173	8.3154	5.3855	
1632	22.793	22.232	24.356	15.186	8.35	5.3166	
1633	22.785	22.22	24.344	15.203	8.3497	5.3381	
1634	22.776	22.209	24.332	15.171	8.297	5.3258	
1635	22.767	22.198	24.32	15.194	8.3312	5.3287	
1636	22.759	22.186	24.308	15.188	8.3212	5.3036	
1637	22.75	22.175	24.296	15.199	8.3059	5.3668	
1638	22.741	22.164	24.284	15.222	8.2801	5.3259	
1639	22.733	22.153	24.272	15.182	8.3194	5.2974	
1640	22.724	22.141	24.26	15.173	8.2818	5.3281	
1641	22.716	22.13	24.248	15.175	8.354	5.2891	
1642	22.707	22.119	24.236	15.205	8.2703	5.335	
1643	22.699	22.108	24.224	15.19	8.3112	5.2849	
1644	22.69	22.096	24.212	15.187	8.2906	5.3078	
1645	22.682	22.085	24.2	15.188	8.2927	5.329	
1646	22.673	22.074	24.188	15.208	8.31	5.2496	
1647	22.665	22.063	24.177	15.15	8.3281	5.3322	
1648	22.656	22.052	24.165	15.196	8.214	5.2562	
1649	22.648	22.041	24.153	15.203	8.3041	5.32	
1650	22.639	22.029	24.141	15.183	8.3097	5.3172	
1651	22.631	22.018	24.129	15.183	8.2823	5.2789	
1652	22.622	22.007	24.117	15.167	8.2903	5.2806	
1653	22.614	21.996	24.106	15.222	8.273	5.3132	
1654	22.606	21.985	24.094	15.187	8.2721	5.3	
1655	22.597	21.974	24.082	15.181	8.3124	5.2674	
1656	22.589	21.963	24.07	15.178	8.2858	5.2886	
1657	22.581	21.952	24.058	15.182	8.2736	5.2715	
1658	22.572	21.941	24.047	15.168	8.2909	5.2684	
1659	22.564	21.93	24.035	15.198	8.2389	5.2994	
1660	22.556	21.919	24.023	15.134	8.2013	5.3163	
1661	22.547	21.908	24.011	15.18	8.22	5.277	
1662	22.539	21.897	24	15.141	8.2754	5.2561	
1663	22.531	21.886	23.988	15.16	8.3068	5.3083	
1664	22.523	21.875	23.976	15.139	8.2076	5.1903	
1665	22.514	21.864	23.965	15.134	8.2768	5.2901	
1666	22.506	21.853	23.953	15.203	8.2376	5.2267	
1667	22.498	21.843	23.941	15.116	8.178	5.2636	
1668	22.49	21.832	23.93	15.094	8.2587	5.2816	
1669	22.482	21.821	23.918	15.177	8.2221	5.1642	
1670	22.473	21.81	23.907	15.177	8.3188	5.28	
1671	22.465	21.799	23.895	15.144	8.2985	5.1962	
1672	22.457	21.788	23.883	15.205	8.2434	5.1552	
1673	22.449	21.777	23.872	15.194	8.2671	5.2595	
1674	22.441	21.767	23.86	15.196	8.273	5.2443	
1675	22.433	21.756	23.849	15.123	8.1082	5.2754	
1676	22.425	21.745	23.837	15.177	8.2951	5.2414	
1677	22.417	21.734	23.826	15.141	8.2686	5.3115	
1678	22.409	21.724	23.814	15.131	8.1656	5.2901	
1679	22.401	21.713	23.803	15.153	8.2106	5.2576	
1680	22.392	21.702	23.791	15.136	8.2649	5.3272	
1681	22.384	21.691	23.78	15.15	8.3289	5.2473	
1682	22.376	21.681	23.768	15.105	8.2398	5.2015	
1683	22.368	21.67	23.757	15.132	8.2922	5.1972	
1684	22.36	21.659	23.745	15.112	8.2552	5.3479	
1685	22.353	21.649	23.734	15.14	8.0623	5.0309	
1686	22.345	21.638	23.722	15.254	8.287	5.2897	
1687	22.337	21.628	23.711	15.066	8.3556	5.4453	
1688	22.329	21.617	23.7	15.075	8.27	5.2045	
1689	22.321	21.606	23.688	15.151	8.2085	5.0922	
1690	22.313	21.596	23.677	15.044	8.425	5.2279	
1691	22.305	21.585	23.665	15.226	8.1621	5.1941	
1692	22.297	21.575	23.654	15.228	8.4692	5.2754	
1693	22.289	21.564	23.643	14.99	8.3545	5.5722	
1694	22.281	21.553	23.631	14.9	8.082	5.2263	
1695	22.273	21.543	23.62	15.192	8.4939	5.4261	
1696	22.266	21.532	23.609	15.082	8.2301	5.4347	
1697	22.258	21.522	23.597	15.142	8.3357	5.437	
1698	22.25	21.511	23.586	14.719	8.2576	4.9981	
1699	22.242	21.501	23.575	14.916	8.6842	5.3629	
1700	22.234	21.49	23.563	14.932	8.1696	5.1826	
