	65	70	75	65	70	75	
300	38.14	37.126	36.776	37.511	37.209	37.514	
301	37.819	36.766	36.376	37.295	36.907	37.453	
302	37.508	36.413	35.979	37.087	36.772	37.279	
303	37.207	36.067	35.582	37.019	36.553	37.024	
304	36.916	35.726	35.186	36.99	36.489	37.052	
305	36.634	35.393	34.791	36.884	36.423	36.867	
306	36.361	35.064	34.396	36.614	36.185	36.77	
307	36.096	34.74	33.999	36.511	36.277	36.641	
308	35.839	34.422	33.602	36.334	36.128	36.541	
309	35.589	34.107	33.204	36.365	35.959	36.377	
310	35.346	33.797	32.803	36.171	35.873	36.379	
311	35.111	33.491	32.401	36.159	35.715	36.319	
312	34.882	33.188	31.996	36.209	35.719	36.207	
313	34.658	32.889	31.588	35.89	35.526	36.139	
314	34.441	32.593	31.178	35.955	35.547	35.953	
315	34.229	32.301	30.766	35.892	35.364	35.909	
316	34.023	32.012	30.351	35.798	35.418	35.815	
317	33.822	31.726	29.932	35.661	35.298	35.754	
318	33.626	31.443	29.511	35.561	35.153	35.59	
319	33.435	31.163	29.088	35.518	35.053	35.611	
320	33.249	30.887	28.662	35.535	35.035	35.459	
321	33.068	30.613	28.235	35.427	34.977	35.375	
322	32.891	30.344	27.805	35.393	34.901	35.332	
323	32.719	30.077	27.374	35.355	34.78	35.278	
324	32.552	29.815	26.942	35.23	34.786	35.152	
325	32.389	29.557	26.509	35.241	34.578	35.091	
326	32.231	29.303	26.077	35.155	34.568	35.032	
327	32.077	29.053	25.646	35.062	34.546	34.927	
328	31.928	28.809	25.216	35.028	34.498	34.847	
329	31.784	28.569	24.788	34.999	34.432	34.774	
330	31.644	28.335	24.364	35.011	34.459	34.767	
331	31.51	28.107	23.944	34.888	34.365	34.712	
332	31.38	27.885	23.53	34.842	34.23	34.555	
333	31.256	27.67	23.121	34.885	34.182	34.577	
334	31.136	27.461	22.721	34.798	34.161	34.525	
335	31.022	27.26	22.329	34.731	34.097	34.447	
336	30.914	27.067	21.947	34.609	34.041	34.358	
337	30.811	26.883	21.576	34.687	34.006	34.353	
338	30.714	26.707	21.219	34.632	33.962	34.303	
339	30.623	26.54	20.876	34.529	33.832	34.23	
340	30.538	26.383	20.549	34.579	33.724	34.179	
341	30.459	26.236	20.24	34.486	33.766	34.165	
342	30.387	26.099	19.949	34.466	33.725	34.1	
343	30.321	25.974	19.679	34.549	33.733	34.023	
344	30.263	25.859	19.431	34.521	33.702	33.95	
345	30.211	25.757	19.207	34.424	33.661	33.933	
346	30.167	25.668	19.009	34.455	33.622	33.892	
347	30.131	25.591	18.838	34.458	33.593	33.865	
348	30.102	25.528	18.696	34.377	33.616	33.812	
349	30.083	25.48	18.585	34.389	33.625	33.81	
350	30.072	25.447	18.506	34.388	33.625	33.767	
351	30.071	25.43	18.461	34.35	33.524	33.743	
352	30.081	25.43	18.452	34.396	33.574	33.8	
353	30.102	25.449	18.481	34.351	33.52	33.614	
354	30.134	25.486	18.548	34.458	33.583	33.722	
355	30.179	25.544	18.655	34.599	33.444	33.575	
356	30.236	25.62	18.803	34.579	33.535	33.58	
357	30.304	25.716	18.989	34.514	33.694	33.653	
358	30.381	25.829	19.214	34.45	33.599	33.561	
359	30.466	25.956	19.473	34.557	33.626	33.604	
360	30.554	26.093	19.76	34.568	33.602	33.533	
361	30.64	26.233	20.07	34.519	33.534	33.614	
362	30.721	26.372	20.394	34.468	33.471	33.318	
363	30.79	26.504	20.725	34.502	33.373	33.27	
364	30.844	26.622	21.055	34.485	33.406	33.141	
365	30.879	26.723	21.377	34.48	33.239	33.257	
366	30.894	26.804	21.686	34.43	33.18	32.916	
367	30.886	26.863	21.979	34.217	33.026	32.627	
368	30.857	26.9	22.252	34.2	33.006	32.484	
369	30.806	26.915	22.503	34.034	32.568	32.257	
370	30.733	26.908	22.731	33.841	32.395	31.955	
371	30.646	26.885	22.942	33.737	32.227	31.762	
372	30.546	26.852	23.137	33.555	32.089	31.437	
373	30.436	26.809	23.321	33.39	31.779	31.262	
374	30.32	26.761	23.495	33.076	31.523	30.992	
375	30.2	26.709	23.661	32.972	31.289	30.557	
376	30.078	26.657	23.821	32.744	31.026	30.281	
377	29.955	26.606	23.976	32.512	30.758	29.935	
378	29.833	26.556	24.128	32.361	30.452	29.755	
379	29.713	26.51	24.277	32.152	30.302	29.525	
380	29.598	26.469	24.425	31.847	30.094	29.22	
381	29.486	26.434	24.573	31.78	29.805	28.874	
382	29.378	26.404	24.721	31.618	29.702	28.718	
383	29.276	26.379	24.87	31.407	29.37	28.494	
384	29.178	26.36	25.018	31.178	29.194	28.195	
385	29.085	26.347	25.166	31.074	29.021	28.069	
386	28.998	26.34	25.314	30.864	28.789	27.848	
387	28.917	26.339	25.462	30.652	28.633	27.637	
388	28.841	26.343	25.611	30.583	28.41	27.476	
389	28.771	26.353	25.761	30.461	28.307	27.256	
390	28.706	26.369	25.91	30.26	28.108	27.05	
391	28.647	26.391	26.061	30.191	27.915	26.895	
392	28.595	26.418	26.212	29.981	27.735	26.665	
393	28.548	26.451	26.364	29.878	27.587	26.582	
394	28.507	26.49	26.517	29.682	27.397	26.4	
395	28.47	26.533	26.67	29.63	27.355	26.298	
396	28.441	26.581	26.825	29.422	27.142	26.077	
397	28.417	26.636	26.98	29.335	27.036	25.925	
398	28.398	26.694	27.136	29.275	26.882	25.776	
399	28.384	26.757	27.293	29.093	26.69	25.637	
400	28.374	26.824	27.45	29.072	26.6	25.423	
401	28.371	26.896	27.608	28.922	26.451	25.337	
402	28.371	26.971	27.766	28.768	26.379	25.181	
403	28.376	27.05	27.925	28.682	26.196	25.041	
404	28.384	27.132	28.084	28.573	26.143	24.894	
405	28.397	27.218	28.243	28.511	25.929	24.83	
406	28.414	27.306	28.402	28.418	25.831	24.647	
407	28.433	27.397	28.561	28.306	25.691	24.585	
408	28.456	27.49	28.719	28.204	25.67	24.441	
409	28.483	27.585	28.878	28.091	25.533	24.21	
410	28.512	27.683	29.036	28.031	25.423	24.179	
411	28.544	27.782	29.193	27.868	25.362	24.088	
412	28.578	27.883	29.349	27.819	25.199	23.977	
413	28.615	27.986	29.506	27.751	25.068	23.815	
414	28.655	28.09	29.661	27.647	25.046	23.779	
415	28.696	28.195	29.816	27.567	24.906	23.666	
416	28.74	28.302	29.969	27.436	24.81	23.564	
417	28.786	28.409	30.123	27.395	24.667	23.442	
418	28.834	28.518	30.275	27.242	24.576	23.314	
419	28.884	28.628	30.426	27.24	24.539	23.278	
420	28.936	28.738	30.577	27.177	24.391	23.051	
421	28.99	28.85	30.727	26.993	24.277	23.05	
422	29.045	28.962	30.876	27.016	24.164	22.99	
423	29.103	29.075	31.024	26.934	24.088	22.879	
424	29.162	29.189	31.172	26.867	24.049	22.714	
425	29.222	29.303	31.319	26.755	23.89	22.644	
426	29.284	29.418	31.465	26.651	23.86	22.58	
427	29.348	29.534	31.61	26.553	23.755	22.538	
428	29.413	29.65	31.755	26.479	23.663	22.372	
429	29.48	29.767	31.899	26.519	23.569	22.282	
430	29.548	29.885	32.043	26.369	23.426	22.284	
431	29.617	30.003	32.186	26.264	23.503	22.162	
432	29.688	30.121	32.328	26.276	23.311	21.984	
433	29.761	30.241	32.47	26.141	23.339	21.941	
434	29.834	30.36	32.612	26.086	23.175	21.795	
435	29.909	30.48	32.753	26.006	23.033	21.804	
436	29.986	30.601	32.894	25.973	22.899	21.543	
437	30.063	30.722	33.034	25.893	22.922	21.617	
438	30.142	30.844	33.174	25.872	22.893	21.469	
439	30.223	30.967	33.314	25.71	22.818	21.435	
440	30.304	31.09	33.453	25.695	22.639	21.343	
441	30.387	31.213	33.592	25.63	22.648	21.261	
442	30.471	31.337	33.731	25.588	22.648	21.104	
443	30.556	31.461	33.87	25.507	22.442	21.184	
444	30.642	31.587	34.008	25.556	22.424	20.985	
445	30.73	31.712	34.147	25.392	22.277	20.91	
446	30.819	31.839	34.286	25.234	22.293	20.863	
447	30.909	31.965	34.424	25.292	22.112	20.749	
448	31	32.093	34.563	25.195	22.141	20.723	
449	31.092	32.221	34.701	25.183	22.026	20.627	
450	31.186	32.35	34.84	25.118	21.916	20.654	
451	31.281	32.479	34.979	25.118	21.857	20.554	
452	31.377	32.609	35.118	25.026	21.784	20.444	
453	31.474	32.74	35.257	24.922	21.755	20.443	
454	31.572	32.871	35.396	24.835	21.684	20.273	
455	31.672	33.003	35.536	24.769	21.671	20.279	
456	31.772	33.136	35.675	24.72	21.58	20.095	
457	31.874	33.27	35.816	24.709	21.546	20.092	
458	31.977	33.404	35.956	24.66	21.441	20.062	
459	32.081	33.539	36.097	24.663	21.481	19.975	
460	32.187	33.675	36.239	24.545	21.331	19.906	
461	32.293	33.811	36.381	24.62	21.233	19.818	
462	32.401	33.949	36.523	24.431	21.183	19.772	
463	32.51	34.087	36.666	24.46	21.21	19.722	
464	32.62	34.227	36.809	24.327	21.031	19.609	
465	32.732	34.367	36.953	24.36	21.017	19.608	
466	32.844	34.508	37.098	24.267	20.954	19.454	
467	32.958	34.65	37.243	24.206	20.854	19.484	
468	33.073	34.792	37.389	24.17	20.799	19.396	
469	33.189	34.936	37.536	24.092	20.77	19.34	
470	33.307	35.081	37.684	24.061	20.699	19.193	
471	33.426	35.227	37.832	24.012	20.652	19.217	
472	33.546	35.374	37.981	23.934	20.679	19.142	
473	33.667	35.522	38.131	23.947	20.517	19.035	
474	33.79	35.671	38.282	23.908	20.509	19.076	
475	33.914	35.821	38.434	23.846	20.472	18.955	
476	34.039	35.972	38.587	23.824	20.439	18.928	
477	34.165	36.124	38.74	23.74	20.279	18.806	
478	34.293	36.278	38.895	23.684	20.28	18.775	
479	34.422	36.433	39.051	23.667	20.197	18.72	
480	34.553	36.589	39.208	23.599	20.142	18.638	
481	34.685	36.746	39.366	23.572	20.093	18.615	
482	34.818	36.904	39.525	23.495	20.1	18.561	
483	34.953	37.064	39.685	23.543	20.037	18.524	
484	35.089	37.225	39.847	23.447	19.952	18.437	
485	35.226	37.387	40.009	23.405	19.904	18.479	
486	35.365	37.551	40.173	23.388	19.787	18.36	
487	35.505	37.716	40.339	23.308	19.783	18.254	
488	35.646	37.882	40.505	23.318	19.714	18.213	
489	35.79	38.05	40.673	23.228	19.691	18.178	
490	35.934	38.219	40.843	23.239	19.606	18.185	
491	36.08	38.39	41.013	23.162	19.598	18.078	
492	36.228	38.562	41.186	23.125	19.513	18.036	
493	36.377	38.736	41.359	23.098	19.505	17.975	
494	36.527	38.911	41.534	23.049	19.475	17.976	
495	36.679	39.088	41.711	23.039	19.452	17.877	
496	36.833	39.266	41.89	22.991	19.38	17.876	
497	36.988	39.446	42.069	22.952	19.303	17.874	
498	37.144	39.628	42.251	22.922	19.281	17.787	
499	37.303	39.811	42.434	22.888	19.204	17.73	
500	37.463	39.996	42.619	22.873	19.164	17.653	
501	37.624	40.183	42.806	22.799	19.155	17.607	
502	37.787	40.372	42.994	22.748	19.072	17.553	
503	37.952	40.562	43.184	22.745	19.08	17.515	
504	38.118	40.754	43.376	22.67	18.989	17.461	
505	38.287	40.948	43.57	22.66	18.966	17.426	
506	38.456	41.144	43.765	22.59	18.9	17.357	
507	38.628	41.341	43.963	22.573	18.858	17.36	
508	38.801	41.541	44.162	22.544	18.831	17.264	
509	38.976	41.742	44.364	22.54	18.784	17.234	
510	39.153	41.945	44.567	22.464	18.744	17.185	
511	39.331	42.151	44.772	22.441	18.672	17.172	
512	39.512	42.358	44.979	22.411	18.653	17.095	
513	39.694	42.567	45.189	22.38	18.604	17.039	
514	39.878	42.779	45.4	22.329	18.581	17.008	
515	40.063	42.992	45.614	22.323	18.521	16.956	
516	40.251	43.207	45.83	22.272	18.488	16.925	
517	40.44	43.425	46.047	22.233	18.453	16.889	
518	40.632	43.645	46.267	22.213	18.429	16.8	
519	40.825	43.867	46.49	22.156	18.383	16.8	
520	41.02	44.091	46.714	22.155	18.329	16.783	
521	41.217	44.317	46.941	22.107	18.281	16.705	
522	41.416	44.546	47.17	22.082	18.236	16.682	
523	41.617	44.776	47.401	22.044	18.197	16.633	
524	41.82	45.009	47.634	22.008	18.175	16.576	
525	42.025	45.245	47.87	21.973	18.11	16.541	
526	42.232	45.482	48.108	21.948	18.101	16.479	
527	42.441	45.723	48.349	21.919	18.041	16.467	
528	42.652	45.965	48.592	21.871	18.015	16.444	
529	42.865	46.21	48.837	21.848	17.935	16.346	
530	43.08	46.457	49.085	21.807	17.963	16.332	
531	43.297	46.707	49.335	21.787	17.894	16.282	
532	43.516	46.959	49.588	21.792	17.872	16.249	
533	43.738	47.213	49.843	21.715	17.836	16.21	
534	43.961	47.47	50.1	21.688	17.765	16.173	
535	44.187	47.73	50.36	21.675	17.736	16.118	
536	44.415	47.992	50.623	21.642	17.728	16.071	
537	44.645	48.257	50.888	21.635	17.67	16.051	
538	44.877	48.524	51.155	21.595	17.649	16.008	
539	45.111	48.794	51.425	21.569	17.626	15.99	
540	45.348	49.066	51.698	21.55	17.587	15.938	
541	45.587	49.341	51.973	21.51	17.537	15.923	
542	45.828	49.619	52.25	21.482	17.509	15.858	
543	46.071	49.899	52.53	21.476	17.461	15.814	
544	46.316	50.182	52.813	21.431	17.422	15.773	
545	46.564	50.468	53.098	21.41	17.437	15.761	
546	46.814	50.756	53.386	21.352	17.352	15.71	
547	47.066	51.047	53.676	21.367	17.317	15.707	
548	47.321	51.341	53.969	21.329	17.285	15.648	
549	47.577	51.638	54.264	21.326	17.238	15.622	
550	47.836	51.937	54.561	21.261	17.228	15.591	
551	48.098	52.239	54.861	21.239	17.193	15.54	
552	48.362	52.544	55.164	21.241	17.157	15.508	
553	48.628	52.851	55.469	21.207	17.129	15.477	
554	48.896	53.161	55.776	21.168	17.077	15.44	
555	49.167	53.474	56.086	21.16	17.056	15.395	
556	49.44	53.79	56.398	21.131	17.016	15.362	
557	49.715	54.109	56.712	21.103	16.947	15.317	
558	49.993	54.43	57.029	21.084	16.962	15.3	
559	50.273	54.754	57.348	21.046	16.928	15.278	
560	50.555	55.081	57.669	21.019	16.886	15.228	
561	50.84	55.411	57.992	21.007	16.84	15.186	
562	51.127	55.744	58.318	21	16.812	15.184	
563	51.416	56.079	58.645	20.961	16.801	15.133	
564	51.708	56.417	58.975	20.944	16.75	15.126	
565	52.002	56.758	59.306	20.9	16.721	15.064	
566	52.298	57.102	59.64	20.879	16.684	15.074	
567	52.597	57.448	59.976	20.845	16.66	15.01	
568	52.898	57.797	60.313	20.818	16.626	14.969	
569	53.201	58.149	60.652	20.805	16.591	14.939	
570	53.506	58.504	60.993	20.791	16.566	14.891	
571	53.814	58.861	61.335	20.756	16.54	14.877	
572	54.124	59.221	61.679	20.734	16.528	14.866	
573	54.436	59.583	62.024	20.719	16.489	14.815	
574	54.751	59.949	62.371	20.685	16.473	14.755	
575	55.068	60.317	62.719	20.662	16.434	14.74	
576	55.387	60.687	63.068	20.631	16.404	14.719	
577	55.708	61.06	63.418	20.644	16.385	14.694	
578	56.031	61.436	63.769	20.618	16.331	14.681	
579	56.357	61.814	64.121	20.576	16.316	14.62	
580	56.684	62.195	64.474	20.577	16.277	14.621	
581	57.014	62.578	64.827	20.535	16.251	14.584	
582	57.346	62.964	65.181	20.524	16.22	14.522	
583	57.68	63.352	65.536	20.504	16.18	14.507	
584	58.015	63.742	65.89	20.492	16.17	14.517	
585	58.353	64.135	66.244	20.442	16.155	14.449	
586	58.693	64.53	66.599	20.431	16.123	14.417	
587	59.035	64.927	66.953	20.436	16.098	14.362	
588	59.378	65.327	67.307	20.408	16.07	14.357	
589	59.724	65.729	67.66	20.364	16.041	14.332	
590	60.071	66.133	68.012	20.345	16.005	14.287	
591	60.42	66.539	68.363	20.333	15.99	14.25	
592	60.77	66.947	68.713	20.31	15.918	14.221	
593	61.123	67.357	69.062	20.296	15.969	14.198	
594	61.476	67.769	69.409	20.283	15.892	14.209	
595	61.832	68.183	69.754	20.24	15.88	14.155	
596	62.189	68.599	70.097	20.22	15.879	14.124	
597	62.547	69.016	70.437	20.21	15.839	14.089	
598	62.907	69.436	70.775	20.202	15.8	14.07	
599	63.268	69.857	71.11	20.184	15.748	14.033	
600	63.63	70.28	71.442	20.146	15.774	14.024	
601	63.994	70.704	71.77	20.111	15.734	13.982	
602	64.359	71.129	72.094	20.089	15.676	13.946	
603	64.724	71.557	72.414	20.073	15.681	13.918	
604	65.091	71.985	72.73	20.062	15.645	13.915	
605	65.459	72.415	73.04	20.041	15.608	13.859	
606	65.827	72.846	73.345	20.03	15.616	13.815	
607	66.196	73.278	73.644	19.998	15.592	13.779	
608	66.566	73.712	73.937	20.014	15.535	13.804	
609	66.936	74.146	74.224	19.982	15.547	13.748	
610	67.306	74.581	74.504	19.959	15.505	13.733	
611	67.677	75.017	74.776	19.939	15.468	13.708	
612	68.048	75.454	75.04	19.937	15.48	13.705	
613	68.419	75.892	75.295	19.905	15.44	13.625	
614	68.791	76.33	75.542	19.873	15.416	13.633	
615	69.161	76.769	75.779	19.872	15.373	13.599	
616	69.532	77.209	76.007	19.848	15.366	13.567	
617	69.902	77.648	76.223	19.833	15.339	13.548	
618	70.272	78.088	76.43	19.81	15.324	13.544	
619	70.64	78.529	76.624	19.793	15.289	13.484	
620	71.008	78.969	76.806	19.769	15.26	13.464	
621	71.375	79.41	76.976	19.744	15.245	13.463	
622	71.74	79.85	77.134	19.758	15.223	13.435	
623	72.104	80.29	77.277	19.727	15.19	13.375	
624	72.467	80.73	77.408	19.705	15.17	13.372	
625	72.827	81.169	77.524	19.678	15.168	13.392	
626	73.185	81.608	77.625	19.681	15.12	13.311	
627	73.541	82.046	77.712	19.667	15.098	13.304	
628	73.894	82.484	77.785	19.638	15.06	13.283	
629	74.245	82.92	77.842	19.635	15.075	13.294	
630	74.592	83.355	77.884	19.57	15.013	13.233	
631	74.936	83.789	77.911	19.565	15.066	13.236	
632	75.276	84.221	77.923	19.575	15.011	13.141	
633	75.611	84.651	77.92	19.564	14.965	13.12	
634	75.942	85.078	77.902	19.51	14.954	13.069	
635	76.269	85.502	77.87	19.493	14.942	13.106	
636	76.59	85.923	77.823	19.49	14.951	13.106	
637	76.904	86.338	77.763	19.498	14.872	13.056	
638	77.213	86.747	77.689	19.454	14.846	13.046	
639	77.515	87.146	77.602	19.459	14.818	13.027	
640	77.81	87.533	77.502	19.425	14.799	13.018	
641	78.096	87.9	77.391	19.452	14.778	12.939	
642	78.375	88.235	77.267	19.402	14.772	12.986	
643	78.644	88.52	77.133	19.387	14.721	12.945	
644	78.903	88.72	76.988	19.404	14.727	12.899	
645	79.152	88.793	76.833	19.385	14.71	12.869	
646	79.389	88.72	76.669	19.341	14.67	12.857	
647	79.615	88.524	76.496	19.34	14.697	12.832	
648	79.828	88.245	76.315	19.298	14.644	12.833	
649	80.027	87.919	76.126	19.29	14.633	12.793	
650	80.213	87.564	75.93	19.268	14.571	12.757	
651	80.383	87.194	75.727	19.249	14.593	12.771	
652	80.538	86.813	75.518	19.245	14.544	12.718	
653	80.676	86.425	75.303	19.224	14.556	12.69	
654	80.797	86.034	75.083	19.213	14.505	12.636	
655	80.901	85.641	74.858	19.188	14.528	12.643	
656	80.986	85.247	74.629	19.173	14.551	12.655	
657	81.053	84.852	74.396	19.182	14.495	12.58	
658	81.102	84.458	74.159	19.145	14.451	12.585	
659	81.132	84.064	73.918	19.135	14.393	12.576	
660	81.142	83.671	73.675	19.131	14.406	12.557	
661	81.134	83.279	73.429	19.149	14.366	12.521	
662	81.108	82.889	73.18	19.141	14.38	12.487	
663	81.063	82.5	72.93	19.085	14.354	12.478	
664	81.001	82.113	72.678	19.067	14.358	12.46	
665	80.921	81.728	72.424	19.05	14.329	12.422	
666	80.825	81.344	72.168	19.037	14.283	12.4	
667	80.714	80.962	71.912	19.049	14.264	12.403	
668	80.587	80.583	71.655	19.03	14.28	12.379	
669	80.446	80.206	71.397	19.015	14.24	12.357	
670	80.292	79.83	71.138	18.996	14.227	12.341	
671	80.125	79.457	70.879	18.983	14.189	12.272	
672	79.946	79.086	70.62	18.968	14.151	12.307	
673	79.757	78.718	70.361	18.924	14.153	12.286	
674	79.558	78.351	70.102	18.939	14.161	12.278	
675	79.349	77.987	69.843	18.916	14.153	12.296	
676	79.132	77.626	69.584	18.918	14.072	12.203	
677	78.907	77.267	69.326	18.905	14.111	12.199	
678	78.675	76.91	69.068	18.877	14.073	12.219	
679	78.436	76.556	68.811	18.874	14.028	12.143	
680	78.192	76.204	68.555	18.865	14.013	12.153	
681	77.942	75.854	68.299	18.846	13.999	12.088	
682	77.688	75.507	68.045	18.845	14.005	12.109	
683	77.429	75.163	67.791	18.808	13.954	12.072	
684	77.166	74.821	67.538	18.784	13.945	12.093	
685	76.9	74.482	67.287	18.793	13.961	12.052	
686	76.63	74.145	67.037	18.775	13.924	12.002	
687	76.358	73.81	66.787	18.777	13.89	11.991	
688	76.084	73.478	66.54	18.772	13.868	11.962	
689	75.808	73.149	66.293	18.761	13.903	11.957	
690	75.53	72.822	66.048	18.716	13.875	11.965	
691	75.25	72.498	65.804	18.724	13.843	11.91	
692	74.969	72.176	65.561	18.709	13.782	11.94	
693	74.688	71.857	65.32	18.696	13.781	11.891	
694	74.405	71.54	65.081	18.682	13.775	11.898	
695	74.122	71.226	64.843	18.653	13.738	11.859	
696	73.838	70.915	64.606	18.654	13.704	11.854	
697	73.554	70.606	64.372	18.647	13.742	11.818	
698	73.27	70.299	64.138	18.656	13.697	11.76	
699	72.986	69.995	63.906	18.615	13.678	11.745	
700	72.702	69.693	63.676	18.603	13.714	11.763	
701	72.419	69.394	63.448	18.616	13.601	11.754	
702	72.136	69.098	63.221	18.605	13.677	11.742	
703	71.853	68.803	62.996	18.55	13.664	11.695	
704	71.572	68.512	62.772	18.548	13.616	11.689	
705	71.29	68.222	62.55	18.593	13.586	11.663	
706	71.01	67.936	62.33	18.539	13.595	11.627	
707	70.731	67.651	62.112	18.519	13.587	11.625	
708	70.452	67.369	61.895	18.499	13.513	11.634	
709	70.175	67.09	61.68	18.52	13.555	11.58	
710	69.898	66.813	61.466	18.509	13.487	11.628	
711	69.623	66.538	61.254	18.491	13.491	11.511	
712	69.349	66.265	61.044	18.46	13.43	11.505	
713	69.076	65.995	60.836	18.443	13.501	11.532	
714	68.804	65.728	60.629	18.434	13.419	11.487	
715	68.534	65.462	60.424	18.397	13.433	11.469	
716	68.265	65.199	60.22	18.418	13.356	11.374	
717	67.998	64.938	60.018	18.408	13.398	11.468	
718	67.732	64.68	59.818	18.389	13.347	11.371	
719	67.467	64.424	59.62	18.416	13.365	11.461	
720	67.204	64.17	59.423	18.332	13.336	11.414	
721	66.943	63.918	59.228	18.377	13.311	11.389	
722	66.683	63.668	59.034	18.373	13.341	11.365	
723	66.424	63.421	58.842	18.316	13.339	11.362	
724	66.167	63.176	58.652	18.348	13.267	11.357	
725	65.912	62.932	58.463	18.293	13.366	11.278	
726	65.658	62.692	58.276	18.343	13.2	11.279	
727	65.406	62.453	58.091	18.3	13.25	11.255	
728	65.156	62.216	57.907	18.318	13.194	11.255	
729	64.907	61.982	57.724	18.272	13.178	11.254	
730	64.66	61.749	57.544	18.26	13.183	11.173	
731	64.415	61.519	57.364	18.22	13.167	11.208	
732	64.171	61.29	57.187	18.247	13.116	11.197	
733	63.929	61.064	57.01	18.236	13.152	11.165	
734	63.688	60.839	56.836	18.263	13.117	11.143	
735	63.449	60.617	56.662	18.212	13.131	11.119	
736	63.212	60.397	56.491	18.211	13.114	11.12	
737	62.977	60.178	56.32	18.221	13.084	11.153	
738	62.743	59.962	56.152	18.175	13.091	11.076	
739	62.511	59.747	55.984	18.168	13.067	11.094	
740	62.281	59.534	55.818	18.198	13.06	11.074	
741	62.052	59.324	55.654	18.146	13.012	11.072	
742	61.825	59.115	55.491	18.159	13.021	11.016	
743	61.6	58.907	55.329	18.16	13.027	10.987	
744	61.376	58.702	55.169	18.128	13	11.023	
745	61.154	58.499	55.01	18.098	13.023	11.013	
746	60.933	58.297	54.853	18.113	12.97	10.981	
747	60.715	58.097	54.696	18.112	13.001	10.944	
748	60.498	57.899	54.542	18.09	12.967	10.93	
749	60.282	57.702	54.388	18.087	12.928	10.902	
750	60.068	57.508	54.236	18.026	12.909	10.938	
751	59.856	57.315	54.085	18.064	12.892	10.873	
752	59.646	57.123	53.935	18.016	12.923	10.846	
753	59.437	56.934	53.787	18.042	12.881	10.845	
754	59.229	56.746	53.64	18.033	12.862	10.87	
755	59.024	56.56	53.494	17.998	12.896	10.794	
756	58.819	56.375	53.35	18.017	12.83	10.84	
757	58.617	56.192	53.206	18.016	12.778	10.837	
758	58.416	56.01	53.064	17.993	12.814	10.794	
759	58.216	55.83	52.923	17.991	12.817	10.766	
760	58.019	55.652	52.784	17.965	12.743	10.723	
761	57.822	55.475	52.645	17.94	12.757	10.727	
762	57.627	55.3	52.508	17.968	12.744	10.685	
763	57.434	55.126	52.372	17.942	12.757	10.67	
764	57.242	54.954	52.236	17.942	12.75	10.703	
765	57.052	54.783	52.103	17.928	12.723	10.649	
766	56.863	54.613	51.97	17.945	12.732	10.659	
767	56.676	54.446	51.838	17.932	12.689	10.658	
768	56.49	54.279	51.707	17.898	12.676	10.604	
769	56.305	54.114	51.578	17.901	12.684	10.63	
770	56.122	53.95	51.449	17.88	12.632	10.573	
771	55.941	53.788	51.322	17.839	12.621	10.567	
772	55.761	53.627	51.196	17.837	12.664	10.567	
773	55.582	53.468	51.07	17.851	12.613	10.567	
774	55.405	53.309	50.946	17.831	12.605	10.51	
775	55.229	53.152	50.823	17.81	12.584	10.517	
776	55.054	52.997	50.701	17.872	12.563	10.49	
777	54.881	52.843	50.579	17.813	12.541	10.499	
778	54.709	52.69	50.459	17.814	12.507	10.516	
779	54.539	52.538	50.34	17.771	12.515	10.473	
780	54.37	52.387	50.221	17.769	12.529	10.484	
781	54.202	52.238	50.104	17.816	12.552	10.405	
782	54.035	52.09	49.988	17.788	12.453	10.414	
783	53.87	51.944	49.872	17.766	12.44	10.413	
784	53.706	51.798	49.757	17.747	12.468	10.369	
785	53.544	51.654	49.644	17.727	12.424	10.347	
786	53.382	51.51	49.531	17.72	12.435	10.349	
787	53.222	51.368	49.419	17.725	12.412	10.345	
788	53.063	51.228	49.308	17.722	12.394	10.324	
789	52.906	51.088	49.198	17.703	12.376	10.317	
790	52.749	50.949	49.089	17.705	12.403	10.277	
791	52.594	50.812	48.98	17.675	12.368	10.278	
792	52.44	50.675	48.873	17.689	12.361	10.267	
793	52.287	50.54	48.766	17.679	12.381	10.266	
794	52.136	50.406	48.66	17.66	12.327	10.239	
795	51.985	50.273	48.555	17.659	12.309	10.224	
796	51.836	50.141	48.451	17.662	12.313	10.213	
797	51.688	50.01	48.347	17.654	12.325	10.176	
798	51.541	49.88	48.245	17.666	12.323	10.181	
799	51.395	49.751	48.143	17.647	12.261	10.206	
800	51.25	49.623	48.042	17.62	12.266	10.135	
801	51.107	49.496	47.941	17.605	12.279	10.152	
802	50.964	49.37	47.842	17.648	12.257	10.122	
803	50.823	49.245	47.743	17.585	12.228	10.092	
804	50.682	49.121	47.645	17.575	12.219	10.133	
805	50.543	48.998	47.548	17.566	12.198	10.093	
806	50.405	48.876	47.451	17.583	12.17	10.084	
807	50.268	48.755	47.355	17.566	12.126	10.115	
808	50.132	48.635	47.26	17.569	12.174	10.024	
809	49.996	48.515	47.165	17.516	12.099	10.047	
810	49.862	48.397	47.071	17.556	12.165	10.014	
811	49.729	48.279	46.978	17.537	12.131	9.9973	
812	49.597	48.163	46.886	17.532	12.176	10.005	
813	49.466	48.047	46.794	17.542	12.077	9.9926	
814	49.336	47.932	46.703	17.52	12.11	10.013	
815	49.207	47.818	46.613	17.499	12.091	9.9656	
816	49.079	47.705	46.523	17.51	12.082	9.9131	
817	48.951	47.593	46.434	17.487	12.062	9.9298	
818	48.825	47.481	46.345	17.492	12.059	9.9034	
819	48.7	47.371	46.257	17.483	12.042	9.9129	
820	48.575	47.261	46.17	17.46	12.018	9.8719	
821	48.452	47.152	46.083	17.453	12.005	9.8656	
822	48.329	47.044	45.997	17.45	12.012	9.8616	
823	48.207	46.936	45.912	17.451	12.006	9.8525	
824	48.086	46.83	45.827	17.443	12.007	9.8497	
825	47.967	46.724	45.743	17.437	11.988	9.8449	
826	47.847	46.619	45.659	17.433	11.98	9.8362	
827	47.729	46.514	45.576	17.43	11.974	9.8144	
828	47.612	46.411	45.493	17.419	11.964	9.8087	
829	47.495	46.308	45.411	17.407	11.95	9.7941	
830	47.38	46.206	45.33	17.407	11.946	9.8031	
831	47.265	46.105	45.249	17.4	11.919	9.7859	
832	47.151	46.004	45.169	17.384	11.91	9.7662	
833	47.038	45.904	45.089	17.379	11.905	9.7353	
834	46.925	45.805	45.01	17.367	11.897	9.7158	
835	46.814	45.706	44.931	17.36	11.889	9.7177	
836	46.703	45.608	44.853	17.358	11.888	9.6974	
837	46.593	45.511	44.776	17.35	11.861	9.7024	
838	46.484	45.415	44.698	17.356	11.846	9.6741	
839	46.375	45.319	44.622	17.339	11.835	9.6728	
840	46.268	45.224	44.546	17.323	11.851	9.6213	
841	46.161	45.129	44.47	17.338	11.799	9.6059	
842	46.054	45.035	44.395	17.35	11.812	9.6524	
843	45.949	44.942	44.32	17.333	11.79	9.6237	
844	45.844	44.849	44.246	17.328	11.8	9.6135	
845	45.74	44.757	44.173	17.337	11.83	9.5864	
846	45.637	44.666	44.099	17.25	11.762	9.5728	
847	45.534	44.575	44.027	17.316	11.671	9.6306	
848	45.433	44.485	43.954	17.299	11.801	9.6341	
849	45.331	44.396	43.883	17.296	11.713	9.5251	
850	45.231	44.307	43.811	17.278	11.74	9.5683	
851	45.131	44.218	43.74	17.254	11.712	9.5872	
852	45.032	44.131	43.67	17.249	11.723	9.4661	
853	44.934	44.044	43.6	17.279	11.658	9.4759	
854	44.836	43.957	43.53	17.228	11.704	9.4325	
855	44.739	43.871	43.461	17.23	11.626	9.478	
856	44.642	43.785	43.392	17.202	11.678	9.4881	
857	44.547	43.701	43.324	17.234	11.659	9.4508	
858	44.452	43.616	43.256	17.248	11.682	9.4151	
859	44.357	43.532	43.189	17.26	11.629	9.461	
860	44.263	43.449	43.122	17.206	11.667	9.4684	
861	44.17	43.366	43.055	17.177	11.615	9.3825	
862	44.077	43.284	42.989	17.215	11.595	9.3837	
863	43.985	43.202	42.923	17.205	11.644	9.3907	
864	43.894	43.121	42.857	17.208	11.589	9.387	
865	43.803	43.041	42.792	17.157	11.577	9.3165	
866	43.713	42.96	42.728	17.167	11.563	9.3468	
867	43.623	42.881	42.663	17.147	11.513	9.3459	
868	43.534	42.802	42.599	17.118	11.543	9.3501	
869	43.446	42.723	42.536	17.15	11.508	9.2901	
870	43.358	42.645	42.473	17.159	11.516	9.3057	
871	43.271	42.567	42.41	17.146	11.508	9.2767	
872	43.184	42.49	42.348	17.131	11.512	9.3136	
873	43.098	42.413	42.285	17.157	11.469	9.267	
874	43.012	42.337	42.224	17.129	11.488	9.2504	
875	42.927	42.261	42.162	17.111	11.474	9.2559	
876	42.842	42.186	42.101	17.115	11.465	9.2204	
877	42.758	42.111	42.041	17.112	11.46	9.2537	
878	42.675	42.036	41.98	17.083	11.444	9.2191	
879	42.592	41.962	41.92	17.079	11.432	9.1998	
880	42.509	41.889	41.861	17.071	11.421	9.1926	
881	42.427	41.816	41.801	17.069	11.417	9.1849	
882	42.346	41.743	41.742	17.067	11.412	9.1889	
883	42.265	41.671	41.684	17.063	11.408	9.1794	
884	42.185	41.599	41.625	17.061	11.404	9.1718	
885	42.105	41.528	41.567	17.061	11.396	9.1709	
886	42.026	41.457	41.509	17.056	11.388	9.1566	
887	41.947	41.386	41.452	17.046	11.371	9.1428	
888	41.868	41.316	41.395	17.044	11.364	9.1243	
889	41.79	41.246	41.338	17.031	11.351	9.1119	
890	41.713	41.177	41.282	17.018	11.337	9.0964	
891	41.636	41.108	41.226	17.012	11.328	9.0812	
892	41.559	41.039	41.17	17.01	11.316	9.0788	
893	41.483	40.971	41.114	17.003	11.31	9.0602	
894	41.408	40.904	41.059	16.991	11.308	9.0486	
895	41.333	40.836	41.004	16.999	11.303	9.0533	
896	41.258	40.769	40.949	16.989	11.29	9.0498	
897	41.184	40.702	40.895	16.989	11.285	9.0476	
898	41.11	40.636	40.841	16.987	11.282	9.0195	
899	41.036	40.57	40.787	16.979	11.268	9.0175	
900	40.964	40.505	40.733	16.966	11.258	8.9949	
901	40.891	40.44	40.68	16.947	11.247	8.9733	
902	40.819	40.375	40.627	16.948	11.229	8.9685	
903	40.747	40.31	40.574	16.945	11.226	8.9618	
904	40.676	40.246	40.522	16.94	11.217	8.9595	
905	40.605	40.183	40.469	16.932	11.215	8.9576	
906	40.535	40.119	40.417	16.934	11.21	8.9517	
907	40.465	40.056	40.366	16.929	11.206	8.9528	
908	40.395	39.994	40.314	16.931	11.194	8.9288	
909	40.326	39.931	40.263	16.916	11.183	8.9209	
910	40.257	39.869	40.212	16.902	11.167	8.91	
911	40.189	39.807	40.161	16.906	11.155	8.9055	
912	40.121	39.746	40.111	16.894	11.128	8.8691	
913	40.054	39.685	40.061	16.881	11.137	8.8493	
914	39.986	39.624	40.011	16.883	11.127	8.8511	
915	39.919	39.564	39.961	16.876	11.114	8.8449	
916	39.853	39.504	39.912	16.869	11.119	8.8435	
917	39.787	39.444	39.862	16.869	11.116	8.8377	
918	39.721	39.385	39.813	16.872	11.111	8.8326	
919	39.656	39.325	39.765	16.868	11.102	8.8198	
920	39.591	39.267	39.716	16.862	11.094	8.8106	
921	39.526	39.208	39.668	16.852	11.081	8.8013	
922	39.462	39.15	39.62	16.848	11.073	8.8045	
923	39.398	39.092	39.572	16.851	11.066	8.7956	
924	39.335	39.034	39.524	16.835	11.037	8.7695	
925	39.272	38.977	39.477	16.832	11.054	8.7564	
926	39.209	38.92	39.43	16.815	11.035	8.7417	
927	39.146	38.863	39.383	16.816	11.041	8.7315	
928	39.084	38.807	39.336	16.814	11.034	8.7362	
929	39.022	38.75	39.29	16.797	10.994	8.7477	
930	38.961	38.694	39.243	16.793	10.972	8.7269	
931	38.9	38.639	39.197	16.805	11.016	8.7154	
932	38.839	38.583	39.151	16.812	10.951	8.6826	
933	38.778	38.528	39.106	16.782	11.008	8.6791	
934	38.718	38.474	39.06	16.775	10.976	8.695	
935	38.658	38.419	39.015	16.773	10.978	8.6554	
936	38.599	38.365	38.97	16.753	10.941	8.6501	
937	38.54	38.311	38.925	16.753	10.935	8.6851	
938	38.481	38.257	38.88	16.783	10.944	8.6069	
939	38.422	38.203	38.836	16.761	10.933	8.6336	
940	38.364	38.15	38.791	16.766	10.894	8.6504	
941	38.306	38.097	38.747	16.76	10.92	8.6114	
942	38.248	38.044	38.703	16.739	10.886	8.5574	
943	38.191	37.992	38.66	16.715	10.91	8.5951	
944	38.134	37.94	38.616	16.717	10.929	8.5787	
945	38.077	37.888	38.573	16.744	10.893	8.5827	
946	38.021	37.836	38.53	16.743	10.888	8.5713	
947	37.965	37.785	38.487	16.722	10.888	8.5569	
948	37.909	37.733	38.444	16.718	10.861	8.5456	
949	37.853	37.682	38.401	16.708	10.84	8.5238	
950	37.798	37.632	38.359	16.702	10.832	8.5213	
951	37.743	37.581	38.317	16.691	10.851	8.5259	
952	37.688	37.531	38.275	16.683	10.844	8.5209	
953	37.634	37.481	38.233	16.694	10.825	8.4986	
954	37.58	37.431	38.191	16.695	10.819	8.5124	
955	37.526	37.381	38.149	16.682	10.807	8.4784	
956	37.472	37.332	38.108	16.663	10.812	8.4848	
957	37.419	37.283	38.067	16.664	10.803	8.5324	
958	37.366	37.234	38.026	16.644	10.785	8.4534	
959	37.313	37.185	37.985	16.666	10.771	8.4791	
960	37.26	37.136	37.944	16.678	10.753	8.4078	
961	37.208	37.088	37.904	16.673	10.778	8.3952	
962	37.156	37.04	37.863	16.661	10.689	8.3687	
963	37.104	36.992	37.823	16.62	10.712	8.4149	
964	37.052	36.944	37.783	16.649	10.748	8.3485	
965	37.001	36.897	37.743	16.617	10.733	8.3817	
966	36.95	36.85	37.703	16.628	10.753	8.359	
967	36.899	36.803	37.664	16.623	10.733	8.3919	
968	36.849	36.756	37.624	16.627	10.745	8.3832	
969	36.798	36.709	37.585	16.611	10.709	8.3707	
970	36.748	36.663	37.546	16.625	10.692	8.3925	
971	36.699	36.617	37.507	16.613	10.68	8.3706	
972	36.649	36.571	37.468	16.61	10.702	8.3492	
973	36.6	36.525	37.43	16.61	10.685	8.3224	
974	36.551	36.479	37.391	16.594	10.661	8.3374	
975	36.502	36.434	37.353	16.588	10.668	8.2816	
976	36.453	36.389	37.314	16.58	10.653	8.2972	
977	36.405	36.344	37.276	16.575	10.641	8.2843	
978	36.357	36.299	37.238	16.572	10.632	8.2858	
979	36.309	36.254	37.201	16.57	10.638	8.2719	
980	36.261	36.21	37.163	16.575	10.628	8.2724	
981	36.213	36.165	37.125	16.572	10.626	8.2804	
982	36.166	36.121	37.088	16.566	10.621	8.2707	
983	36.119	36.077	37.051	16.562	10.623	8.2828	
984	36.072	36.033	37.014	16.548	10.613	8.2676	
985	36.026	35.99	36.977	16.546	10.617	8.2362	
986	35.979	35.947	36.94	16.573	10.595	8.2584	
987	35.933	35.903	36.903	16.537	10.591	8.2149	
988	35.887	35.86	36.867	16.532	10.56	8.1936	
989	35.841	35.817	36.83	16.524	10.566	8.1933	
990	35.796	35.775	36.794	16.52	10.547	8.1876	
991	35.75	35.732	36.758	16.519	10.55	8.1676	
992	35.705	35.69	36.722	16.52	10.545	8.1802	
993	35.66	35.648	36.686	16.509	10.544	8.1739	
994	35.616	35.606	36.65	16.517	10.548	8.1768	
995	35.571	35.564	36.614	16.503	10.54	8.1619	
996	35.527	35.522	36.579	16.496	10.533	8.1554	
997	35.483	35.481	36.543	16.504	10.529	8.1444	
998	35.439	35.439	36.508	16.493	10.516	8.1417	
999	35.395	35.398	36.473	16.483	10.502	8.1776	
1000	35.351	35.357	36.438	16.5	10.478	8.1157	
1001	35.308	35.316	36.403	16.464	10.53	8.0949	
1002	35.265	35.276	36.368	16.485	10.51	8.0982	
1003	35.222	35.235	36.333	16.476	10.477	8.0989	
1004	35.179	35.195	36.299	16.475	10.443	8.0759	
1005	35.137	35.154	36.264	16.439	10.542	8.1117	
1006	35.094	35.114	36.23	16.467	10.428	8.1096	
1007	35.052	35.074	36.196	16.465	10.492	8.0327	
1008	35.01	35.035	36.162	16.449	10.484	8.0563	
1009	34.968	34.995	36.128	16.429	10.432	8.0496	
1010	34.926	34.956	36.094	16.466	10.451	8.0414	
1011	34.885	34.916	36.06	16.433	10.444	8.0428	
1012	34.844	34.877	36.027	16.438	10.431	8.0143	
1013	34.802	34.838	35.993	16.434	10.414	8.0082	
1014	34.761	34.799	35.96	16.435	10.394	8.0042	
1015	34.721	34.761	35.926	16.437	10.4	7.9932	
1016	34.68	34.722	35.893	16.413	10.402	8.087	
1017	34.64	34.683	35.86	16.395	10.365	7.9546	
1018	34.599	34.645	35.827	16.391	10.366	7.9748	
1019	34.559	34.607	35.794	16.377	10.349	7.938	
1020	34.519	34.569	35.761	16.428	10.409	7.9076	
1021	34.479	34.531	35.729	16.344	10.406	7.9482	
1022	34.44	34.493	35.696	16.399	10.335	7.9468	
1023	34.4	34.456	35.664	16.418	10.322	7.9437	
1024	34.361	34.418	35.631	16.374	10.301	7.9785	
1025	34.322	34.381	35.599	16.416	10.31	7.9159	
1026	34.283	34.344	35.567	16.38	10.359	7.8728	
1027	34.244	34.307	35.535	16.414	10.241	7.8987	
1028	34.206	34.27	35.503	16.371	10.339	7.8451	
1029	34.167	34.233	35.471	16.355	10.283	7.8299	
1030	34.129	34.196	35.439	16.359	10.328	7.903	
1031	34.091	34.16	35.408	16.422	10.333	7.9249	
1032	34.053	34.123	35.376	16.316	10.327	7.8632	
1033	34.015	34.087	35.344	16.382	10.287	7.887	
1034	33.977	34.051	35.313	16.356	10.309	7.8533	
1035	33.94	34.015	35.282	16.379	10.251	7.9231	
1036	33.902	33.979	35.251	16.253	10.285	7.8388	
1037	33.865	33.943	35.22	16.397	10.175	7.8035	
1038	33.828	33.908	35.189	16.319	10.24	7.9786	
1039	33.791	33.872	35.158	16.361	10.29	7.9209	
1040	33.754	33.837	35.127	16.298	10.088	7.8087	
1041	33.718	33.801	35.096	16.335	10.216	7.8567	
1042	33.681	33.766	35.066	16.445	10.238	7.6434	
1043	33.645	33.731	35.035	16.412	10.176	7.6925	
1044	33.609	33.696	35.005	16.267	10.268	7.7417	
1045	33.573	33.661	34.974	16.308	10.204	7.7873	
1046	33.537	33.627	34.944	16.204	10.35	7.5825	
1047	33.501	33.592	34.914	16.266	10.039	7.7932	
1048	33.465	33.558	34.884	16.229	10.157	7.8069	
1049	33.43	33.523	34.854	16.299	10.171	7.7236	
1050	33.394	33.489	34.824	16.276	10.083	7.8107	
1051	33.359	33.455	34.794	16.278	10.17	7.7396	
1052	33.324	33.421	34.764	16.273	10.161	7.7044	
1053	33.289	33.387	34.735	16.277	10.167	7.7231	
1054	33.254	33.353	34.705	16.277	10.148	7.7089	
1055	33.219	33.32	34.676	16.277	10.167	7.6972	
1056	33.185	33.286	34.646	16.273	10.135	7.687	
1057	33.151	33.253	34.617	16.269	10.153	7.6997	
1058	33.116	33.219	34.588	16.262	10.142	7.6709	
1059	33.082	33.186	34.558	16.247	10.134	7.6933	
1060	33.048	33.153	34.529	16.254	10.134	7.6648	
1061	33.014	33.12	34.5	16.263	10.116	7.6747	
1062	32.98	33.087	34.471	16.239	10.115	7.6648	
1063	32.947	33.054	34.443	16.235	10.098	7.6667	
1064	32.913	33.021	34.414	16.233	10.093	7.6472	
1065	32.88	32.989	34.385	16.225	10.087	7.629	
1066	32.846	32.956	34.357	16.232	10.086	7.618	
1067	32.813	32.924	34.328	16.223	10.089	7.6219	
1068	32.78	32.892	34.3	16.218	10.078	7.6284	
1069	32.747	32.859	34.271	16.223	10.054	7.6005	
1070	32.715	32.827	34.243	16.22	10.079	7.5985	
1071	32.682	32.795	34.215	16.218	10.063	7.599	
1072	32.649	32.763	34.187	16.202	10.065	7.5925	
1073	32.617	32.732	34.159	16.215	10.029	7.5661	
1074	32.585	32.7	34.131	16.199	10.044	7.5808	
1075	32.552	32.668	34.103	16.193	10.033	7.5517	
1076	32.52	32.637	34.075	16.201	10.022	7.5548	
1077	32.488	32.605	34.047	16.189	10.024	7.5511	
1078	32.457	32.574	34.019	16.185	10.008	7.5417	
1079	32.425	32.543	33.992	16.186	10.022	7.5314	
1080	32.393	32.512	33.964	16.186	10.011	7.5387	
1081	32.362	32.481	33.937	16.179	10.01	7.5348	
1082	32.33	32.45	33.909	16.172	10.007	7.5257	
1083	32.299	32.419	33.882	16.18	9.9947	7.5117	
1084	32.268	32.388	33.855	16.172	9.995	7.5129	
1085	32.237	32.358	33.828	16.166	9.9914	7.5014	
1086	32.206	32.327	33.8	16.171	9.9923	7.5038	
1087	32.175	32.297	33.773	16.156	9.9873	7.4945	
1088	32.144	32.266	33.746	16.166	9.9817	7.4997	
1089	32.114	32.236	33.72	16.159	9.9779	7.4821	
1090	32.083	32.206	33.693	16.158	9.9803	7.4881	
1091	32.053	32.176	33.666	16.153	9.9785	7.4853	
1092	32.023	32.146	33.639	16.144	9.9565	7.4715	
1093	31.993	32.116	33.613	16.148	9.9506	7.4729	
1094	31.962	32.086	33.586	16.141	9.9601	7.4722	
1095	31.932	32.056	33.559	16.15	9.9318	7.4483	
1096	31.903	32.027	33.533	16.144	9.9407	7.4519	
1097	31.873	31.997	33.507	16.13	9.9283	7.4383	
1098	31.843	31.968	33.48	16.124	9.9234	7.4168	
1099	31.814	31.938	33.454	16.123	9.9232	7.4195	
1100	31.784	31.909	33.428	16.113	9.9178	7.4139	
1101	31.755	31.88	33.402	16.124	9.9056	7.3964	
1102	31.726	31.85	33.376	16.116	9.8945	7.3888	
1103	31.696	31.821	33.35	16.109	9.8791	7.3797	
1104	31.667	31.792	33.324	16.105	9.888	7.3786	
1105	31.638	31.763	33.298	16.097	9.8862	7.3711	
1106	31.609	31.735	33.272	16.101	9.8753	7.3644	
1107	31.581	31.706	33.246	16.09	9.8672	7.3615	
1108	31.552	31.677	33.221	16.098	9.873	7.3533	
1109	31.524	31.649	33.195	16.089	9.8628	7.35	
1110	31.495	31.62	33.169	16.087	9.8562	7.3493	
1111	31.467	31.592	33.144	16.086	9.8575	7.3426	
1112	31.438	31.563	33.119	16.085	9.8439	7.3361	
1113	31.41	31.535	33.093	16.085	9.8491	7.3346	
1114	31.382	31.507	33.068	16.08	9.8466	7.3305	
1115	31.354	31.479	33.043	16.077	9.8484	7.3291	
1116	31.326	31.451	33.017	16.078	9.8409	7.3321	
1117	31.298	31.423	32.992	16.079	9.8416	7.3209	
1118	31.271	31.395	32.967	16.072	9.8334	7.3214	
1119	31.243	31.367	32.942	16.06	9.8347	7.3015	
1120	31.215	31.34	32.917	16.068	9.8313	7.2924	
1121	31.188	31.312	32.892	16.067	9.8176	7.2878	
1122	31.161	31.284	32.867	16.06	9.8063	7.2978	
1123	31.133	31.257	32.843	16.048	9.8069	7.2903	
1124	31.106	31.229	32.818	16.063	9.8076	7.2673	
1125	31.079	31.202	32.793	16.054	9.7979	7.2623	
1126	31.052	31.175	32.769	16.058	9.8085	7.2676	
1127	31.025	31.148	32.744	16.033	9.7894	7.2435	
1128	30.998	31.12	32.719	16.033	9.7801	7.246	
1129	30.972	31.093	32.695	16.039	9.78	7.2589	
1130	30.945	31.066	32.671	16.029	9.784	7.2303	
1131	30.918	31.04	32.646	16.028	9.7661	7.2327	
1132	30.892	31.013	32.622	16.029	9.7641	7.2224	
1133	30.865	30.986	32.598	16.022	9.7746	7.22	
1134	30.839	30.959	32.573	16.013	9.7404	7.2208	
1135	30.813	30.933	32.549	16.016	9.7516	7.1929	
1136	30.787	30.906	32.525	16.019	9.733	7.2045	
1137	30.761	30.879	32.501	16.012	9.7186	7.2018	
1138	30.735	30.853	32.477	16.011	9.7314	7.1817	
1139	30.709	30.827	32.453	16.007	9.7294	7.188	
1140	30.683	30.8	32.429	16	9.711	7.1734	
1141	30.657	30.774	32.406	16.013	9.7229	7.1701	
1142	30.631	30.748	32.382	16.009	9.7157	7.1425	
1143	30.606	30.722	32.358	15.991	9.7047	7.1754	
1144	30.58	30.696	32.334	15.991	9.6948	7.1627	
1145	30.555	30.67	32.311	15.994	9.7082	7.1617	
1146	30.53	30.644	32.287	15.991	9.6734	7.1488	
1147	30.504	30.618	32.264	15.987	9.6773	7.1375	
1148	30.479	30.593	32.24	15.993	9.6824	7.1398	
1149	30.454	30.567	32.217	15.982	9.6859	7.1336	
1150	30.429	30.541	32.193	15.971	9.6696	7.1285	
1151	30.404	30.516	32.17	15.973	9.6557	7.1144	
1152	30.379	30.49	32.147	15.974	9.6664	7.1066	
1153	30.354	30.465	32.124	15.967	9.6521	7.0941	
1154	30.33	30.439	32.1	15.961	9.6519	7.0958	
1155	30.305	30.414	32.077	15.966	9.6506	7.0979	
1156	30.28	30.389	32.054	15.955	9.6498	7.0837	
1157	30.256	30.364	32.031	15.955	9.6421	7.0727	
1158	30.231	30.339	32.008	15.956	9.6421	7.0731	
1159	30.207	30.313	31.985	15.96	9.6267	7.0708	
1160	30.183	30.288	31.962	15.957	9.628	7.0722	
1161	30.158	30.264	31.94	15.947	9.6061	7.0769	
1162	30.134	30.239	31.917	15.943	9.6372	7.0503	
1163	30.11	30.214	31.894	15.932	9.6109	7.0423	
1164	30.086	30.189	31.871	15.933	9.5892	7.0355	
1165	30.062	30.164	31.849	15.926	9.6021	7.0251	
1166	30.038	30.14	31.826	15.934	9.5923	7.0232	
1167	30.015	30.115	31.803	15.935	9.6092	7.0307	
1168	29.991	30.091	31.781	15.925	9.5875	7.0159	
1169	29.967	30.066	31.758	15.919	9.579	7.0094	
1170	29.944	30.042	31.736	15.923	9.5874	6.9969	
1171	29.92	30.017	31.714	15.918	9.5745	6.9927	
1172	29.897	29.993	31.691	15.915	9.5753	6.9904	
1173	29.873	29.969	31.669	15.913	9.572	6.9898	
1174	29.85	29.945	31.647	15.912	9.5717	6.9855	
1175	29.827	29.921	31.625	15.911	9.5671	6.9893	
1176	29.804	29.897	31.602	15.909	9.5553	6.9753	
1177	29.781	29.873	31.58	15.913	9.5548	6.9734	
1178	29.757	29.849	31.558	15.902	9.5491	6.9642	
1179	29.735	29.825	31.536	15.902	9.5544	6.9693	
1180	29.712	29.801	31.514	15.901	9.5467	6.9584	
1181	29.689	29.777	31.492	15.901	9.5467	6.9598	
1182	29.666	29.754	31.47	15.894	9.5385	6.9547	
1183	29.643	29.73	31.448	15.897	9.537	6.95	
1184	29.621	29.706	31.427	15.892	9.532	6.9421	
1185	29.598	29.683	31.405	15.883	9.531	6.946	
1186	29.576	29.659	31.383	15.885	9.5219	6.9289	
1187	29.553	29.636	31.361	15.884	9.5224	6.9354	
1188	29.531	29.612	31.34	15.877	9.523	6.9241	
1189	29.508	29.589	31.318	15.882	9.5084	6.9071	
1190	29.486	29.566	31.297	15.876	9.5137	6.9197	
1191	29.464	29.543	31.275	15.87	9.5099	6.9094	
1192	29.442	29.519	31.254	15.871	9.4961	6.8957	
1193	29.42	29.496	31.232	15.868	9.4961	6.8932	
1194	29.398	29.473	31.211	15.862	9.5027	6.9035	
1195	29.376	29.45	31.189	15.874	9.474	6.8908	
1196	29.354	29.427	31.168	15.86	9.4905	6.8699	
1197	29.332	29.404	31.147	15.862	9.4762	6.8911	
1198	29.31	29.382	31.125	15.852	9.4631	6.8864	
1199	29.289	29.359	31.104	15.851	9.477	6.8633	
1200	29.267	29.336	31.083	15.858	9.4625	6.8505	
1201	29.245	29.313	31.062	15.861	9.4796	6.8706	
1202	29.224	29.291	31.041	15.841	9.4636	6.8566	
1203	29.202	29.268	31.02	15.848	9.4582	6.8337	
1204	29.181	29.245	30.999	15.851	9.4464	6.8183	
1205	29.16	29.223	30.978	15.832	9.4472	6.8323	
1206	29.138	29.2	30.957	15.836	9.466	6.8321	
1207	29.117	29.178	30.936	15.846	9.4633	6.8204	
1208	29.096	29.156	30.915	15.832	9.4402	6.8124	
1209	29.075	29.133	30.894	15.836	9.4279	6.8174	
1210	29.054	29.111	30.874	15.829	9.4198	6.7981	
1211	29.033	29.089	30.853	15.824	9.4014	6.7811	
1212	29.012	29.067	30.832	15.822	9.4159	6.7865	
1213	28.991	29.045	30.811	15.831	9.4125	6.7945	
1214	28.97	29.023	30.791	15.818	9.422	6.771	
1215	28.949	29.001	30.77	15.827	9.4065	6.7776	
1216	28.929	28.979	30.75	15.816	9.3902	6.7962	
1217	28.908	28.957	30.729	15.82	9.3945	6.7799	
1218	28.887	28.935	30.709	15.792	9.3676	6.7812	
1219	28.867	28.913	30.688	15.814	9.3787	6.7488	
1220	28.846	28.891	30.668	15.812	9.3724	6.7566	
1221	28.826	28.869	30.647	15.792	9.3678	6.7577	
1222	28.805	28.848	30.627	15.806	9.4041	6.7482	
1223	28.785	28.826	30.607	15.808	9.3612	6.7497	
1224	28.765	28.804	30.586	15.802	9.3661	6.7322	
1225	28.745	28.783	30.566	15.793	9.3623	6.7376	
1226	28.724	28.761	30.546	15.803	9.3763	6.7294	
1227	28.704	28.74	30.526	15.81	9.3589	6.7325	
1228	28.684	28.719	30.506	15.774	9.3448	6.7237	
1229	28.664	28.697	30.485	15.767	9.3236	6.7278	
1230	28.644	28.676	30.465	15.774	9.3573	6.7086	
1231	28.624	28.655	30.445	15.796	9.3605	6.676	
1232	28.604	28.633	30.425	15.789	9.3331	6.7336	
1233	28.585	28.612	30.405	15.803	9.3612	6.6865	
1234	28.565	28.591	30.385	15.779	9.3636	6.7088	
1235	28.545	28.57	30.366	15.762	9.3504	6.6856	
1236	28.525	28.549	30.346	15.776	9.3508	6.7156	
1237	28.506	28.528	30.326	15.771	9.3581	6.6932	
1238	28.486	28.507	30.306	15.803	9.3178	6.7029	
1239	28.467	28.486	30.286	15.735	9.3726	6.7182	
1240	28.447	28.465	30.267	15.732	9.2717	6.6779	
1241	28.428	28.444	30.247	15.745	9.341	6.6356	
1242	28.409	28.423	30.227	15.735	9.3044	6.6996	
1243	28.389	28.403	30.208	15.764	9.3127	6.761	
1244	28.37	28.382	30.188	15.782	9.3076	6.6586	
1245	28.351	28.361	30.168	15.721	9.362	6.5928	
1246	28.332	28.341	30.149	15.748	9.298	6.6041	
1247	28.313	28.32	30.129	15.731	9.2333	6.6094	
1248	28.294	28.299	30.11	15.743	9.2731	6.5843	
1249	28.275	28.279	30.091	15.775	9.2931	6.6536	
1250	28.256	28.258	30.071	15.753	9.3398	6.5861	
1251	28.237	28.238	30.052	15.739	9.2561	6.6486	
1252	28.218	28.218	30.032	15.709	9.2021	6.5795	
1253	28.199	28.197	30.013	15.708	9.3079	6.5872	
1254	28.18	28.177	29.994	15.716	9.2289	6.5936	
1255	28.161	28.157	29.975	15.74	9.2415	6.623	
1256	28.143	28.136	29.955	15.719	9.2629	6.5966	
1257	28.124	28.116	29.936	15.717	9.2216	6.5567	
1258	28.106	28.096	29.917	15.725	9.2458	6.548	
1259	28.087	28.076	29.898	15.694	9.2312	6.5771	
1260	28.069	28.056	29.879	15.709	9.2387	6.553	
1261	28.05	28.036	29.86	15.706	9.2178	6.5473	
1262	28.032	28.016	29.841	15.689	9.2162	6.5425	
1263	28.013	27.996	29.822	15.706	9.2186	6.5313	
1264	27.995	27.976	29.803	15.682	9.2026	6.5444	
1265	27.977	27.956	29.784	15.708	9.2245	6.5324	
1266	27.958	27.936	29.765	15.696	9.2306	6.5176	
1267	27.94	27.917	29.746	15.709	9.2023	6.5414	
1268	27.922	27.897	29.727	15.714	9.2095	6.5453	
1269	27.904	27.877	29.709	15.701	9.2186	6.5538	
1270	27.886	27.857	29.69	15.696	9.198	6.5367	
1271	27.868	27.838	29.671	15.683	9.2039	6.5136	
1272	27.85	27.818	29.652	15.688	9.2189	6.5472	
1273	27.832	27.799	29.634	15.705	9.2243	6.5247	
1274	27.814	27.779	29.615	15.701	9.2005	6.5306	
1275	27.796	27.76	29.596	15.686	9.1823	6.4939	
1276	27.779	27.74	29.578	15.699	9.2087	6.5205	
1277	27.761	27.721	29.559	15.663	9.1993	6.5191	
1278	27.743	27.701	29.541	15.665	9.1892	6.5112	
1279	27.726	27.682	29.522	15.681	9.1589	6.4593	
1280	27.708	27.663	29.504	15.675	9.156	6.4798	
1281	27.69	27.643	29.485	15.682	9.1567	6.4748	
1282	27.673	27.624	29.467	15.676	9.169	6.4949	
1283	27.655	27.605	29.448	15.656	9.1537	6.4527	
1284	27.638	27.586	29.43	15.632	9.1916	6.4591	
1285	27.621	27.567	29.412	15.644	9.1608	6.4782	
1286	27.603	27.548	29.393	15.669	9.1557	6.4463	
1287	27.586	27.529	29.375	15.652	9.1412	6.4697	
1288	27.569	27.51	29.357	15.663	9.1606	6.4591	
1289	27.551	27.491	29.338	15.652	9.1422	6.4344	
1290	27.534	27.472	29.32	15.657	9.1551	6.4376	
1291	27.517	27.453	29.302	15.64	9.1345	6.4164	
1292	27.5	27.434	29.284	15.656	9.1345	6.4736	
1293	27.483	27.415	29.266	15.647	9.1239	6.4379	
1294	27.466	27.396	29.248	15.668	9.1578	6.4281	
1295	27.449	27.378	29.23	15.646	9.1369	6.3954	
1296	27.432	27.359	29.212	15.653	9.1292	6.3926	
1297	27.415	27.34	29.194	15.651	9.0942	6.4387	
1298	27.398	27.321	29.176	15.631	9.1357	6.4042	
1299	27.381	27.303	29.158	15.641	9.0837	6.373	
1300	27.364	27.284	29.14	15.624	9.1037	6.3995	
1301	27.348	27.266	29.122	15.641	9.126	6.3705	
1302	27.331	27.247	29.104	15.611	9.0799	6.4187	
1303	27.314	27.229	29.086	15.637	9.1245	6.3851	
1304	27.298	27.21	29.068	15.648	9.1135	6.3952	
1305	27.281	27.192	29.05	15.652	9.0861	6.3467	
1306	27.264	27.173	29.033	15.629	9.1235	6.3831	
1307	27.248	27.155	29.015	15.62	9.108	6.3954	
1308	27.231	27.137	28.997	15.613	9.0891	6.388	
1309	27.215	27.118	28.979	15.62	9.0991	6.3783	
1310	27.199	27.1	28.962	15.612	9.0767	6.3653	
1311	27.182	27.082	28.944	15.62	9.0461	6.3913	
1312	27.166	27.064	28.927	15.608	9.0606	6.3221	
1313	27.149	27.046	28.909	15.613	9.0866	6.3847	
1314	27.133	27.027	28.891	15.607	9.0596	6.3495	
1315	27.117	27.009	28.874	15.602	9.0327	6.3262	
1316	27.101	26.991	28.856	15.629	8.9941	6.3194	
1317	27.085	26.973	28.839	15.605	9.0557	6.3822	
1318	27.068	26.955	28.821	15.589	9.0545	6.3601	
1319	27.052	26.937	28.804	15.631	9.0479	6.354	
1320	27.036	26.919	28.786	15.574	9.0367	6.3584	
1321	27.02	26.901	28.769	15.612	9.0226	6.3347	
1322	27.004	26.884	28.752	15.601	8.9983	6.2378	
1323	26.988	26.866	28.734	15.554	9.0135	6.278	
1324	26.973	26.848	28.717	15.608	9.0519	6.2872	
1325	26.957	26.83	28.7	15.621	8.9865	6.3038	
1326	26.941	26.812	28.683	15.629	8.988	6.2721	
1327	26.925	26.795	28.665	15.6	9.0561	6.2622	
1328	26.909	26.777	28.648	15.561	8.9618	6.3632	
1329	26.894	26.759	28.631	15.563	8.9748	6.2771	
1330	26.878	26.742	28.614	15.621	9.0407	6.2531	
1331	26.862	26.724	28.597	15.566	9.0607	6.3246	
1332	26.847	26.706	28.579	15.561	8.9719	6.418	
1333	26.831	26.689	28.562	15.578	9.0236	6.2824	
1334	26.815	26.671	28.545	15.6	8.9906	6.2743	
1335	26.8	26.654	28.528	15.55	9.0051	6.153	
1336	26.784	26.637	28.511	15.537	9.0374	6.3185	
1337	26.769	26.619	28.494	15.618	8.9803	6.1591	
1338	26.754	26.602	28.477	15.535	9.048	6.2468	
1339	26.738	26.584	28.46	15.561	9.032	6.2708	
1340	26.723	26.567	28.443	15.593	9.0077	6.1586	
1341	26.708	26.55	28.427	15.666	8.8259	6.2786	
1342	26.692	26.533	28.41	15.575	8.9248	6.4947	
1343	26.677	26.515	28.393	15.64	9.0003	6.4568	
1344	26.662	26.498	28.376	15.52	9.0383	6.2736	
1345	26.647	26.481	28.359	15.567	9.1261	6.2256	
1346	26.631	26.464	28.342	15.405	8.8527	6.0078	
1347	26.616	26.447	28.326	15.559	9.1196	5.8337	
1348	26.601	26.43	28.309	15.504	9.1334	6.1728	
1349	26.586	26.412	28.292	15.419	9.278	6.2167	
1350	26.571	26.395	28.275	15.265	9.0644	6.2217	
1351	26.556	26.378	28.259	15.503	8.9301	5.9253	
1352	26.541	26.361	28.242	15.455	8.8241	6.3825	
1353	26.526	26.345	28.225	15.547	8.3823	6.2501	
1354	26.511	26.328	28.209	15.469	9.3073	6.3855	
1355	26.497	26.311	28.192	15.712	8.773	5.6078	
1356	26.482	26.294	28.176	15.648	9.1567	6.0752	
1357	26.467	26.277	28.159	15.444	9.0441	6.2724	
1358	26.452	26.26	28.143	16.248	9.371	6.3795	
1359	26.438	26.243	28.126	16.262	8.6908	6.918	
1426	25.517	25.179	27.069	15.655	9.2987	6.337	
1427	25.504	25.164	27.054	15.544	8.6458	6.0444	
1428	25.491	25.149	27.039	15.394	8.841	5.6434	
1429	25.479	25.134	27.024	15.638	8.6618	5.8162	
1430	25.466	25.119	27.009	15.645	8.8034	5.8313	
1431	25.453	25.104	26.994	15.324	8.9254	6.1083	
1432	25.44	25.089	26.979	15.558	8.5618	5.8907	
1433	25.428	25.074	26.964	15.35	8.5981	5.8503	
1434	25.415	25.059	26.949	15.504	8.9164	6.1849	
1435	25.403	25.044	26.934	15.523	8.856	5.7635	
1436	25.39	25.029	26.919	15.531	8.646	5.9371	
1437	25.377	25.015	26.904	15.437	8.9074	5.8618	
1438	25.365	25	26.889	15.329	8.6594	5.9473	
1439	25.352	24.985	26.874	15.448	8.7878	5.9026	
1440	25.34	24.97	26.86	15.332	8.7869	5.8234	
1441	25.327	24.955	26.845	15.418	8.6815	6.0523	
1442	25.315	24.941	26.83	15.471	8.6178	5.804	
1443	25.302	24.926	26.815	15.352	8.745	5.9607	
1444	25.29	24.911	26.8	15.461	8.7728	5.754	
1445	25.278	24.897	26.786	15.33	8.7337	5.8418	
1446	25.265	24.882	26.771	15.463	8.6349	5.8148	
1447	25.253	24.867	26.756	15.435	8.7027	5.7187	
1448	25.241	24.853	26.741	15.418	8.6759	5.8657	
1449	25.228	24.838	26.727	15.369	8.7286	5.8616	
1450	25.216	24.824	26.712	15.389	8.7223	5.7667	
1451	25.204	24.809	26.697	15.439	8.6835	5.8613	
1452	25.192	24.795	26.683	15.461	8.7416	5.9121	
1453	25.179	24.78	26.668	15.432	8.7434	5.9344	
1454	25.167	24.766	26.653	15.347	8.6775	5.7013	
1455	25.155	24.751	26.639	15.416	8.7501	5.778	
1456	25.143	24.737	26.624	15.442	8.7139	5.8162	
1457	25.131	24.722	26.61	15.384	8.5911	5.8161	
1458	25.119	24.708	26.595	15.382	8.7003	5.8269	
1459	25.107	24.694	26.581	15.364	8.5653	5.7475	
1460	25.095	24.679	26.566	15.406	8.6329	5.8577	
1461	25.083	24.665	26.552	15.425	8.6263	5.8131	
1462	25.071	24.651	26.537	15.392	8.6402	5.8205	
1463	25.059	24.636	26.523	15.378	8.6426	5.7707	
1464	25.047	24.622	26.508	15.356	8.6674	5.7556	
1465	25.035	24.608	26.494	15.367	8.7009	5.7782	
1466	25.023	24.594	26.479	15.362	8.5979	5.8152	
1467	25.011	24.58	26.465	15.382	8.6242	5.8072	
1468	24.999	24.565	26.451	15.351	8.6378	5.7845	
1469	24.987	24.551	26.436	15.375	8.6157	5.7777	
1470	24.976	24.537	26.422	15.368	8.6027	5.7829	
1471	24.964	24.523	26.408	15.371	8.6274	5.7814	
1472	24.952	24.509	26.393	15.372	8.6286	5.7604	
1473	24.94	24.495	26.379	15.361	8.64	5.7729	
1474	24.929	24.481	26.365	15.364	8.6233	5.7729	
1475	24.917	24.467	26.35	15.367	8.6216	5.7631	
1476	24.905	24.453	26.336	15.361	8.6167	5.7547	
1477	24.894	24.439	26.322	15.367	8.6407	5.7684	
1478	24.882	24.425	26.308	15.372	8.6251	5.7501	
1479	24.87	24.411	26.294	15.364	8.6199	5.7574	
1480	24.859	24.397	26.279	15.365	8.6238	5.7479	
1481	24.847	24.383	26.265	15.366	8.6113	5.7261	
1482	24.836	24.369	26.251	15.361	8.6283	5.7517	
1483	24.824	24.355	26.237	15.362	8.62	5.7472	
1484	24.813	24.341	26.223	15.378	8.6195	5.7384	
1485	24.801	24.327	26.209	15.355	8.6304	5.737	
1486	24.79	24.314	26.195	15.356	8.5946	5.6973	
1487	24.778	24.3	26.181	15.348	8.6228	5.7008	
1488	24.767	24.286	26.167	15.36	8.6145	5.7232	
1489	24.755	24.272	26.152	15.361	8.6151	5.7038	
1490	24.744	24.259	26.138	15.362	8.5895	5.747	
1491	24.733	24.245	26.124	15.345	8.6053	5.698	
1492	24.721	24.231	26.11	15.351	8.5961	5.7165	
1493	24.71	24.217	26.097	15.341	8.5614	5.7088	
1494	24.699	24.204	26.083	15.341	8.5719	5.697	
1495	24.687	24.19	26.069	15.332	8.5697	5.6877	
1496	24.676	24.177	26.055	15.36	8.6007	5.7053	
1497	24.665	24.163	26.041	15.331	8.5842	5.694	
1498	24.654	24.149	26.027	15.364	8.5808	5.6957	
1499	24.642	24.136	26.013	15.346	8.5729	5.7135	
1500	24.631	24.122	25.999	15.338	8.5688	5.6944	
1501	24.62	24.109	25.985	15.324	8.5615	5.6481	
1502	24.609	24.095	25.972	15.341	8.5663	5.6767	
1503	24.598	24.082	25.958	15.337	8.5858	5.6658	
1504	24.587	24.068	25.944	15.331	8.5525	5.6375	
1505	24.576	24.055	25.93	15.336	8.5556	5.6753	
1506	24.565	24.041	25.916	15.327	8.5511	5.6423	
1507	24.554	24.028	25.903	15.311	8.5398	5.6658	
1508	24.543	24.015	25.889	15.308	8.5416	5.6703	
1509	24.532	24.001	25.875	15.345	8.5427	5.6533	
1510	24.521	23.988	25.861	15.333	8.5601	5.6374	
1511	24.51	23.974	25.848	15.339	8.555	5.6471	
1512	24.499	23.961	25.834	15.33	8.5822	5.6517	
1513	24.488	23.948	25.82	15.364	8.5032	5.6648	
1514	24.477	23.935	25.807	15.322	8.5396	5.6835	
1515	24.466	23.921	25.793	15.295	8.5603	5.6483	
1516	24.455	23.908	25.78	15.318	8.5056	5.6522	
1517	24.444	23.895	25.766	15.315	8.5658	5.6102	
1518	24.433	23.882	25.752	15.295	8.5482	5.6359	
1519	24.423	23.868	25.739	15.297	8.5464	5.6432	
1520	24.412	23.855	25.725	15.291	8.534	5.6375	
1521	24.401	23.842	25.712	15.314	8.4871	5.5673	
1522	24.39	23.829	25.698	15.294	8.5187	5.5965	
1523	24.38	23.816	25.685	15.298	8.5355	5.6022	
1524	24.369	23.803	25.671	15.33	8.5488	5.6586	
1525	24.358	23.79	25.658	15.314	8.5414	5.6269	
1526	24.348	23.776	25.644	15.292	8.5151	5.6013	
1527	24.337	23.763	25.631	15.3	8.528	5.6024	
1528	24.326	23.75	25.618	15.288	8.5465	5.6141	
1529	24.316	23.737	25.604	15.293	8.4942	5.5902	
1530	24.305	23.724	25.591	15.303	8.5058	5.6026	
1531	24.294	23.711	25.577	15.28	8.4914	5.604	
1532	24.284	23.698	25.564	15.308	8.4916	5.603	
1533	24.273	23.685	25.551	15.284	8.4702	5.5967	
1534	24.263	23.673	25.537	15.305	8.4793	5.6376	
1535	24.252	23.66	25.524	15.298	8.4926	5.5712	
1536	24.242	23.647	25.511	15.276	8.4891	5.5791	
1537	24.231	23.634	25.497	15.283	8.4941	5.5846	
1538	24.221	23.621	25.484	15.277	8.5252	5.5789	
1539	24.21	23.608	25.471	15.294	8.4816	5.577	
1540	24.2	23.595	25.458	15.287	8.4628	5.578	
1541	24.19	23.582	25.444	15.275	8.4525	5.5494	
1542	24.179	23.57	25.431	15.281	8.4651	5.5754	
1543	24.169	23.557	25.418	15.279	8.4722	5.544	
1544	24.159	23.544	25.405	15.282	8.4897	5.5788	
1545	24.148	23.531	25.391	15.263	8.493	5.5536	
1546	24.138	23.519	25.378	15.278	8.4662	5.5539	
1547	24.128	23.506	25.365	15.274	8.4734	5.5453	
1548	24.117	23.493	25.352	15.277	8.4642	5.5399	
1549	24.107	23.481	25.339	15.277	8.4838	5.5347	
1550	24.097	23.468	25.326	15.282	8.4621	5.5433	
1551	24.087	23.455	25.313	15.26	8.4848	5.5405	
1552	24.076	23.443	25.3	15.272	8.4641	5.5476	
1553	24.066	23.43	25.287	15.253	8.4528	5.5522	
1554	24.056	23.417	25.273	15.262	8.4672	5.5335	
1555	24.046	23.405	25.26	15.281	8.442	5.52	
1556	24.036	23.392	25.247	15.259	8.4567	5.5561	
1557	24.026	23.38	25.234	15.253	8.4481	5.5181	
1558	24.016	23.367	25.221	15.256	8.4504	5.5207	
1559	24.006	23.355	25.208	15.276	8.4324	5.4932	
1560	23.995	23.342	25.195	15.271	8.4614	5.517	
1561	23.985	23.33	25.182	15.28	8.463	5.5073	
1562	23.975	23.317	25.17	15.286	8.4263	5.5184	
1563	23.965	23.305	25.157	15.246	8.4494	5.5213	
1564	23.955	23.292	25.144	15.253	8.4738	5.4959	
1565	23.945	23.28	25.131	15.26	8.475	5.4892	
1566	23.935	23.268	25.118	15.25	8.4211	5.471	
1567	23.925	23.255	25.105	15.272	8.4036	5.5013	
1568	23.916	23.243	25.092	15.254	8.4459	5.5132	
1569	23.906	23.23	25.079	15.273	8.4673	5.5183	
1570	23.896	23.218	25.066	15.258	8.4541	5.5109	
1571	23.886	23.206	25.054	15.251	8.43	5.5032	
1572	23.876	23.194	25.041	15.247	8.4216	5.516	
1573	23.866	23.181	25.028	15.253	8.4038	5.4898	
1574	23.856	23.169	25.015	15.271	8.4254	5.4739	
1575	23.847	23.157	25.003	15.231	8.4078	5.4942	
1576	23.837	23.145	24.99	15.249	8.3978	5.4296	
1577	23.827	23.132	24.977	15.217	8.3749	5.4756	
1578	23.817	23.12	24.964	15.237	8.4288	5.4607	
1579	23.807	23.108	24.952	15.228	8.4205	5.4795	
1580	23.798	23.096	24.939	15.239	8.3869	5.4487	
1581	23.788	23.084	24.926	15.234	8.4189	5.4105	
1582	23.778	23.071	24.914	15.257	8.4008	5.48	
1583	23.769	23.059	24.901	15.226	8.4345	5.4544	
1584	23.759	23.047	24.888	15.259	8.3606	5.4227	
1585	23.749	23.035	24.876	15.244	8.4289	5.4566	
1586	23.74	23.023	24.863	15.233	8.3734	5.502	
1587	23.73	23.011	24.85	15.238	8.4237	5.4611	
1588	23.72	22.999	24.838	15.245	8.3774	5.3926	
1589	23.711	22.987	24.825	15.215	8.3875	5.4566	
1590	23.701	22.975	24.813	15.228	8.3519	5.4219	
1591	23.692	22.963	24.8	15.219	8.3652	5.442	
1592	23.682	22.951	24.788	15.22	8.4063	5.4059	
1593	23.673	22.939	24.775	15.242	8.3902	5.4055	
1594	23.663	22.927	24.763	15.227	8.3533	5.4718	
1595	23.654	22.915	24.75	15.251	8.3693	5.388	
1596	23.644	22.903	24.738	15.218	8.396	5.4089	
1597	23.635	22.891	24.725	15.224	8.3787	5.4234	
1598	23.625	22.879	24.713	15.233	8.3674	5.3693	
1599	23.616	22.867	24.7	15.229	8.3583	5.4027	
1600	23.607	22.855	24.688	15.215	8.372	5.3582	
1601	23.597	22.844	24.675	15.245	8.3609	5.4297	
1602	23.588	22.832	24.663	15.238	8.3485	5.3855	
1603	23.578	22.82	24.651	15.243	8.3307	5.3756	
1604	23.569	22.808	24.638	15.231	8.3665	5.3766	
1605	23.56	22.796	24.626	15.219	8.355	5.4195	
1606	23.55	22.785	24.613	15.218	8.3515	5.381	
1607	23.541	22.773	24.601	15.236	8.3546	5.3807	
1608	23.532	22.761	24.589	15.198	8.3743	5.3834	
1609	23.522	22.749	24.576	15.209	8.3542	5.3865	
1610	23.513	22.738	24.564	15.217	8.3669	5.3679	
1611	23.504	22.726	24.552	15.223	8.3448	5.3933	
1612	23.495	22.714	24.54	15.243	8.3307	5.3638	
1613	23.486	22.702	24.527	15.178	8.3644	5.3728	
1614	23.476	22.691	24.515	15.202	8.361	5.4227	
1615	23.467	22.679	24.503	15.227	8.3397	5.3958	
1616	23.458	22.668	24.491	15.22	8.3127	5.3666	
1617	23.449	22.656	24.478	15.246	8.3553	5.3936	
1618	23.44	22.644	24.466	15.226	8.3236	5.3726	
1619	23.431	22.633	24.454	15.199	8.3466	5.3731	
1620	23.421	22.621	24.442	15.181	8.3603	5.3781	
1621	23.412	22.61	24.43	15.208	8.3253	5.3494	
1622	23.403	22.598	24.417	15.178	8.3112	5.3902	
1623	23.394	22.587	24.405	15.171	8.3181	5.3343	
1624	23.385	22.575	24.393	15.213	8.3478	5.3601	
1625	23.376	22.563	24.381	15.221	8.3268	5.3138	
1626	23.367	22.552	24.369	15.189	8.3195	5.3457	
1627	23.358	22.541	24.357	15.194	8.2845	5.3273	
1628	23.349	22.529	24.345	15.187	8.3499	5.3401	
1629	23.34	22.518	24.333	15.19	8.342	5.3735	
1630	23.331	22.506	24.321	15.179	8.3391	5.3371	
1631	23.322	22.495	24.309	15.173	8.3154	5.3855	
1632	23.313	22.483	24.296	15.186	8.35	5.3166	
1633	23.304	22.472	24.284	15.203	8.3497	5.3381	
1634	23.295	22.461	24.272	15.171	8.297	5.3258	
1635	23.287	22.449	24.26	15.194	8.3312	5.3287	
1636	23.278	22.438	24.248	15.188	8.3212	5.3036	
1637	23.269	22.427	24.237	15.199	8.3059	5.3668	
1638	23.26	22.415	24.225	15.222	8.2801	5.3259	
1639	23.251	22.404	24.213	15.182	8.3194	5.2974	
1640	23.242	22.393	24.201	15.173	8.2818	5.3281	
1641	23.233	22.381	24.189	15.175	8.354	5.2891	
1642	23.225	22.37	24.177	15.205	8.2703	5.335	
1643	23.216	22.359	24.165	15.19	8.3112	5.2849	
1644	23.207	22.348	24.153	15.187	8.2906	5.3078	
1645	23.198	22.336	24.141	15.188	8.2927	5.329	
1646	23.19	22.325	24.129	15.208	8.31	5.2496	
1647	23.181	22.314	24.117	15.15	8.3281	5.3322	
1648	23.172	22.303	24.106	15.196	8.214	5.2562	
1649	23.163	22.292	24.094	15.203	8.3041	5.32	
1650	23.155	22.28	24.082	15.183	8.3097	5.3172	
1651	23.146	22.269	24.07	15.183	8.2823	5.2789	
1652	23.137	22.258	24.058	15.167	8.2903	5.2806	
1653	23.129	22.247	24.047	15.222	8.273	5.3132	
1654	23.12	22.236	24.035	15.187	8.2721	5.3	
1655	23.112	22.225	24.023	15.181	8.3124	5.2674	
1656	23.103	22.214	24.011	15.178	8.2858	5.2886	
1657	23.094	22.203	24	15.182	8.2736	5.2715	
1658	23.086	22.192	23.988	15.168	8.2909	5.2684	
1659	23.077	22.181	23.976	15.198	8.2389	5.2994	
1660	23.069	22.17	23.964	15.134	8.2013	5.3163	
1661	23.06	22.159	23.953	15.18	8.22	5.277	
1662	23.052	22.148	23.941	15.141	8.2754	5.2561	
1663	23.043	22.137	23.929	15.16	8.3068	5.3083	
1664	23.035	22.126	23.918	15.139	8.2076	5.1903	
1665	23.026	22.115	23.906	15.134	8.2768	5.2901	
1666	23.018	22.104	23.894	15.203	8.2376	5.2267	
1667	23.009	22.093	23.883	15.116	8.178	5.2636	
1668	23.001	22.082	23.871	15.094	8.2587	5.2816	
1669	22.992	22.071	23.86	15.177	8.2221	5.1642	
1670	22.984	22.06	23.848	15.177	8.3188	5.28	
1671	22.976	22.049	23.836	15.144	8.2985	5.1962	
1672	22.967	22.038	23.825	15.205	8.2434	5.1552	
1673	22.959	22.027	23.813	15.194	8.2671	5.2595	
1674	22.95	22.017	23.802	15.196	8.273	5.2443	
1675	22.942	22.006	23.79	15.123	8.1082	5.2754	
1676	22.934	21.995	23.779	15.177	8.2951	5.2414	
1677	22.925	21.984	23.767	15.141	8.2686	5.3115	
1678	22.917	21.973	23.756	15.131	8.1656	5.2901	
1679	22.909	21.963	23.744	15.153	8.2106	5.2576	
1680	22.9	21.952	23.733	15.136	8.2649	5.3272	
1681	22.892	21.941	23.721	15.15	8.3289	5.2473	
1682	22.884	21.93	23.71	15.105	8.2398	5.2015	
1683	22.876	21.92	23.698	15.132	8.2922	5.1972	
1684	22.867	21.909	23.687	15.112	8.2552	5.3479	
1685	22.859	21.898	23.675	15.14	8.0623	5.0309	
1686	22.851	21.887	23.664	15.254	8.287	5.2897	
1687	22.843	21.877	23.653	15.066	8.3556	5.4453	
1688	22.835	21.866	23.641	15.075	8.27	5.2045	
1689	22.826	21.855	23.63	15.151	8.2085	5.0922	
1690	22.818	21.845	23.619	15.044	8.425	5.2279	
1691	22.81	21.834	23.607	15.226	8.1621	5.1941	
1692	22.802	21.824	23.596	15.228	8.4692	5.2754	
1693	22.794	21.813	23.585	14.99	8.3545	5.5722	
1694	22.786	21.802	23.573	14.9	8.082	5.2263	
1695	22.778	21.792	23.562	15.192	8.4939	5.4261	
1696	22.77	21.781	23.551	15.082	8.2301	5.4347	
1697	22.761	21.771	23.539	15.142	8.3357	5.437	
1698	22.753	21.76	23.528	14.719	8.2576	4.9981	
1699	22.745	21.75	23.517	14.916	8.6842	5.3629	
1700	22.737	21.739	23.506	14.932	8.1696	5.1826	
