	65	70	75	65	70	75	
300	34.546	31.873	28.57	37.511	37.209	37.514	
301	34.253	31.456	27.933	37.295	36.907	37.453	
302	33.974	31.055	27.312	37.087	36.772	37.279	
303	33.706	30.667	26.702	37.019	36.553	37.024	
304	33.449	30.292	26.107	36.99	36.489	37.052	
305	33.204	29.933	25.527	36.884	36.423	36.867	
306	32.97	29.585	24.961	36.614	36.185	36.77	
307	32.745	29.25	24.41	36.511	36.277	36.641	
308	32.531	28.93	23.877	36.334	36.128	36.541	
309	32.325	28.621	23.361	36.365	35.959	36.377	
310	32.128	28.325	22.863	36.171	35.873	36.379	
311	31.941	28.042	22.386	36.159	35.715	36.319	
312	31.762	27.771	21.929	36.209	35.719	36.207	
313	31.591	27.513	21.494	35.89	35.526	36.139	
314	31.428	27.267	21.083	35.955	35.547	35.953	
315	31.273	27.034	20.698	35.892	35.364	35.909	
316	31.126	26.814	20.339	35.798	35.418	35.815	
317	30.985	26.607	20.007	35.661	35.298	35.754	
318	30.852	26.412	19.705	35.561	35.153	35.59	
319	30.726	26.231	19.433	35.518	35.053	35.611	
320	30.608	26.062	19.193	35.535	35.035	35.459	
321	30.496	25.907	18.984	35.427	34.977	35.375	
322	30.39	25.765	18.809	35.393	34.901	35.332	
323	30.292	25.635	18.667	35.355	34.78	35.278	
324	30.2	25.52	18.559	35.23	34.786	35.152	
325	30.116	25.417	18.484	35.241	34.578	35.091	
326	30.037	25.328	18.443	35.155	34.568	35.032	
327	29.965	25.251	18.434	35.062	34.546	34.927	
328	29.9	25.188	18.456	35.028	34.498	34.847	
329	29.842	25.138	18.51	34.999	34.432	34.774	
330	29.79	25.101	18.594	35.011	34.459	34.767	
331	29.744	25.077	18.705	34.888	34.365	34.712	
332	29.706	25.066	18.844	34.842	34.23	34.555	
333	29.673	25.067	19.007	34.885	34.182	34.577	
334	29.648	25.081	19.194	34.798	34.161	34.525	
335	29.629	25.107	19.403	34.731	34.097	34.447	
336	29.617	25.145	19.632	34.609	34.041	34.358	
337	29.612	25.195	19.88	34.687	34.006	34.353	
338	29.613	25.257	20.145	34.632	33.962	34.303	
339	29.621	25.33	20.426	34.529	33.832	34.23	
340	29.637	25.415	20.721	34.579	33.724	34.179	
341	29.659	25.51	21.028	34.486	33.766	34.165	
342	29.688	25.617	21.347	34.466	33.725	34.1	
343	29.724	25.734	21.677	34.549	33.733	34.023	
344	29.767	25.862	22.016	34.521	33.702	33.95	
345	29.817	26	22.363	34.424	33.661	33.933	
346	29.875	26.148	22.718	34.455	33.622	33.892	
347	29.94	26.306	23.081	34.458	33.593	33.865	
348	30.013	26.474	23.45	34.377	33.616	33.812	
349	30.094	26.653	23.825	34.389	33.625	33.81	
350	30.184	26.843	24.207	34.388	33.625	33.767	
351	30.283	27.044	24.596	34.35	33.524	33.743	
352	30.391	27.256	24.992	34.396	33.574	33.8	
353	30.51	27.48	25.396	34.351	33.52	33.614	
354	30.64	27.718	25.808	34.458	33.583	33.722	
355	30.781	27.968	26.23	34.599	33.444	33.575	
356	30.933	28.232	26.661	34.579	33.535	33.58	
357	31.096	28.509	27.102	34.514	33.694	33.653	
358	31.268	28.798	27.552	34.45	33.599	33.561	
359	31.447	29.095	28.008	34.557	33.626	33.604	
360	31.63	29.398	28.466	34.568	33.602	33.533	
361	31.812	29.7	28.922	34.519	33.534	33.614	
362	31.988	29.998	29.371	34.468	33.471	33.318	
363	32.155	30.285	29.805	34.502	33.373	33.27	
364	32.308	30.556	30.219	34.485	33.406	33.141	
365	32.443	30.807	30.61	34.48	33.239	33.257	
366	32.559	31.036	30.972	34.43	33.18	32.916	
367	32.654	31.241	31.306	34.217	33.026	32.627	
368	32.728	31.422	31.61	34.2	33.006	32.484	
369	32.781	31.577	31.883	34.034	32.568	32.257	
370	32.814	31.709	32.126	33.841	32.395	31.955	
371	32.831	31.821	32.345	33.737	32.227	31.762	
372	32.837	31.918	32.542	33.555	32.089	31.437	
373	32.832	32.001	32.721	33.39	31.779	31.262	
374	32.819	32.073	32.885	33.076	31.523	30.992	
375	32.801	32.138	33.035	32.972	31.289	30.557	
376	32.78	32.196	33.175	32.744	31.026	30.281	
377	32.757	32.25	33.307	32.512	30.758	29.935	
378	32.733	32.301	33.431	32.361	30.452	29.755	
379	32.709	32.35	33.55	32.152	30.302	29.525	
380	32.687	32.399	33.664	31.847	30.094	29.22	
381	32.668	32.448	33.777	31.78	29.805	28.874	
382	32.651	32.498	33.887	31.618	29.702	28.718	
383	32.636	32.55	33.995	31.407	29.37	28.494	
384	32.625	32.603	34.102	31.178	29.194	28.195	
385	32.617	32.657	34.208	31.074	29.021	28.069	
386	32.613	32.714	34.313	30.864	28.789	27.848	
387	32.613	32.773	34.419	30.652	28.633	27.637	
388	32.616	32.834	34.525	30.583	28.41	27.476	
389	32.623	32.898	34.631	30.461	28.307	27.256	
390	32.634	32.964	34.737	30.26	28.108	27.05	
391	32.649	33.034	34.845	30.191	27.915	26.895	
392	32.669	33.106	34.954	29.981	27.735	26.665	
393	32.692	33.181	35.064	29.878	27.587	26.582	
394	32.72	33.26	35.175	29.682	27.397	26.4	
395	32.751	33.341	35.287	29.63	27.355	26.298	
396	32.787	33.425	35.401	29.422	27.142	26.077	
397	32.828	33.513	35.517	29.335	27.036	25.925	
398	32.872	33.603	35.635	29.275	26.882	25.776	
399	32.919	33.697	35.754	29.093	26.69	25.637	
400	32.97	33.793	35.874	29.072	26.6	25.423	
401	33.026	33.892	35.997	28.922	26.451	25.337	
402	33.085	33.994	36.122	28.768	26.379	25.181	
403	33.147	34.099	36.247	28.682	26.196	25.041	
404	33.212	34.206	36.375	28.573	26.143	24.894	
405	33.281	34.316	36.504	28.511	25.929	24.83	
406	33.352	34.428	36.635	28.418	25.831	24.647	
407	33.427	34.542	36.768	28.306	25.691	24.585	
408	33.503	34.658	36.901	28.204	25.67	24.441	
409	33.583	34.777	37.037	28.091	25.533	24.21	
410	33.665	34.897	37.174	28.031	25.423	24.179	
411	33.75	35.02	37.312	27.868	25.362	24.088	
412	33.836	35.144	37.452	27.819	25.199	23.977	
413	33.925	35.27	37.593	27.751	25.068	23.815	
414	34.016	35.398	37.736	27.647	25.046	23.779	
415	34.11	35.528	37.88	27.567	24.906	23.666	
416	34.205	35.66	38.025	27.436	24.81	23.564	
417	34.302	35.793	38.172	27.395	24.667	23.442	
418	34.401	35.928	38.321	27.242	24.576	23.314	
419	34.502	36.064	38.471	27.24	24.539	23.278	
420	34.606	36.203	38.622	27.177	24.391	23.051	
421	34.711	36.343	38.775	26.993	24.277	23.05	
422	34.817	36.484	38.93	27.016	24.164	22.99	
423	34.926	36.628	39.086	26.934	24.088	22.879	
424	35.036	36.773	39.244	26.867	24.049	22.714	
425	35.149	36.919	39.404	26.755	23.89	22.644	
426	35.262	37.068	39.565	26.651	23.86	22.58	
427	35.378	37.218	39.728	26.553	23.755	22.538	
428	35.496	37.37	39.893	26.479	23.663	22.372	
429	35.615	37.523	40.06	26.519	23.569	22.282	
430	35.736	37.679	40.228	26.369	23.426	22.284	
431	35.859	37.836	40.399	26.264	23.503	22.162	
432	35.984	37.995	40.571	26.276	23.311	21.984	
433	36.11	38.156	40.746	26.141	23.339	21.941	
434	36.238	38.318	40.923	26.086	23.175	21.795	
435	36.368	38.483	41.101	26.006	23.033	21.804	
436	36.5	38.649	41.282	25.973	22.899	21.543	
437	36.633	38.818	41.465	25.893	22.922	21.617	
438	36.768	38.988	41.65	25.872	22.893	21.469	
439	36.905	39.16	41.838	25.71	22.818	21.435	
440	37.044	39.334	42.028	25.695	22.639	21.343	
441	37.184	39.511	42.22	25.63	22.648	21.261	
442	37.326	39.689	42.415	25.588	22.648	21.104	
443	37.47	39.869	42.612	25.507	22.442	21.184	
444	37.616	40.052	42.812	25.556	22.424	20.985	
445	37.764	40.236	43.014	25.392	22.277	20.91	
446	37.913	40.423	43.219	25.234	22.293	20.863	
447	38.064	40.612	43.427	25.292	22.112	20.749	
448	38.217	40.803	43.637	25.195	22.141	20.723	
449	38.372	40.996	43.85	25.183	22.026	20.627	
450	38.528	41.191	44.066	25.118	21.916	20.654	
451	38.687	41.389	44.285	25.118	21.857	20.554	
452	38.847	41.589	44.507	25.026	21.784	20.444	
453	39.009	41.792	44.731	24.922	21.755	20.443	
454	39.173	41.996	44.959	24.835	21.684	20.273	
455	39.339	42.204	45.19	24.769	21.671	20.279	
456	39.507	42.413	45.424	24.72	21.58	20.095	
457	39.676	42.625	45.661	24.709	21.546	20.092	
458	39.848	42.84	45.901	24.66	21.441	20.062	
459	40.021	43.056	46.145	24.663	21.481	19.975	
460	40.197	43.276	46.392	24.545	21.331	19.906	
461	40.374	43.498	46.642	24.62	21.233	19.818	
462	40.553	43.722	46.896	24.431	21.183	19.772	
463	40.734	43.95	47.153	24.46	21.21	19.722	
464	40.917	44.179	47.413	24.327	21.031	19.609	
465	41.101	44.412	47.678	24.36	21.017	19.608	
466	41.288	44.647	47.945	24.267	20.954	19.454	
467	41.477	44.884	48.217	24.206	20.854	19.484	
468	41.668	45.125	48.492	24.17	20.799	19.396	
469	41.86	45.368	48.771	24.092	20.77	19.34	
470	42.055	45.613	49.053	24.061	20.699	19.193	
471	42.251	45.862	49.34	24.012	20.652	19.217	
472	42.449	46.113	49.63	23.934	20.679	19.142	
473	42.65	46.367	49.924	23.947	20.517	19.035	
474	42.852	46.624	50.222	23.908	20.509	19.076	
475	43.056	46.884	50.524	23.846	20.472	18.955	
476	43.263	47.147	50.83	23.824	20.439	18.928	
477	43.471	47.412	51.141	23.74	20.279	18.806	
478	43.681	47.68	51.455	23.684	20.28	18.775	
479	43.893	47.952	51.773	23.667	20.197	18.72	
480	44.107	48.226	52.095	23.599	20.142	18.638	
481	44.323	48.503	52.422	23.572	20.093	18.615	
482	44.54	48.782	52.753	23.495	20.1	18.561	
483	44.76	49.065	53.088	23.543	20.037	18.524	
484	44.982	49.351	53.427	23.447	19.952	18.437	
485	45.205	49.639	53.77	23.405	19.904	18.479	
486	45.431	49.931	54.118	23.388	19.787	18.36	
487	45.658	50.225	54.47	23.308	19.783	18.254	
488	45.887	50.522	54.827	23.318	19.714	18.213	
489	46.118	50.823	55.187	23.228	19.691	18.178	
490	46.351	51.126	55.553	23.239	19.606	18.185	
491	46.586	51.432	55.922	23.162	19.598	18.078	
492	46.823	51.741	56.296	23.125	19.513	18.036	
493	47.061	52.052	56.674	23.098	19.505	17.975	
494	47.301	52.367	57.057	23.049	19.475	17.976	
495	47.543	52.684	57.443	23.039	19.452	17.877	
496	47.787	53.005	57.835	22.991	19.38	17.876	
497	48.032	53.328	58.23	22.952	19.303	17.874	
498	48.279	53.654	58.63	22.922	19.281	17.787	
499	48.528	53.982	59.035	22.888	19.204	17.73	
500	48.778	54.314	59.443	22.873	19.164	17.653	
501	49.03	54.648	59.856	22.799	19.155	17.607	
502	49.284	54.984	60.274	22.748	19.072	17.553	
503	49.539	55.324	60.695	22.745	19.08	17.515	
504	49.795	55.666	61.121	22.67	18.989	17.461	
505	50.053	56.01	61.551	22.66	18.966	17.426	
506	50.313	56.357	61.985	22.59	18.9	17.357	
507	50.574	56.706	62.423	22.573	18.858	17.36	
508	50.836	57.058	62.865	22.544	18.831	17.264	
509	51.099	57.412	63.311	22.54	18.784	17.234	
510	51.364	57.768	63.761	22.464	18.744	17.185	
511	51.63	58.126	64.215	22.441	18.672	17.172	
512	51.897	58.487	64.673	22.411	18.653	17.095	
513	52.165	58.85	65.135	22.38	18.604	17.039	
514	52.434	59.214	65.6	22.329	18.581	17.008	
515	52.704	59.58	66.069	22.323	18.521	16.956	
516	52.975	59.949	66.542	22.272	18.488	16.925	
517	53.247	60.318	67.018	22.233	18.453	16.889	
518	53.52	60.69	67.498	22.213	18.429	16.8	
519	53.793	61.063	67.98	22.156	18.383	16.8	
520	54.067	61.437	68.466	22.155	18.329	16.783	
521	54.342	61.812	68.956	22.107	18.281	16.705	
522	54.617	62.189	69.448	22.082	18.236	16.682	
523	54.892	62.567	69.943	22.044	18.197	16.633	
524	55.168	62.945	70.441	22.008	18.175	16.576	
525	55.444	63.324	70.941	21.973	18.11	16.541	
526	55.72	63.704	71.444	21.948	18.101	16.479	
527	55.996	64.084	71.95	21.919	18.041	16.467	
528	56.272	64.464	72.458	21.871	18.015	16.444	
529	56.548	64.844	72.968	21.848	17.935	16.346	
530	56.824	65.225	73.48	21.807	17.963	16.332	
531	57.099	65.604	73.994	21.787	17.894	16.282	
532	57.374	65.984	74.51	21.792	17.872	16.249	
533	57.648	66.363	75.028	21.715	17.836	16.21	
534	57.921	66.74	75.547	21.688	17.765	16.173	
535	58.194	67.117	76.068	21.675	17.736	16.118	
536	58.466	67.492	76.589	21.642	17.728	16.071	
537	58.737	67.865	77.112	21.635	17.67	16.051	
538	59.006	68.237	77.636	21.595	17.649	16.008	
539	59.275	68.606	78.16	21.569	17.626	15.99	
540	59.541	68.973	78.685	21.55	17.587	15.938	
541	59.807	69.337	79.21	21.51	17.537	15.923	
542	60.07	69.698	79.736	21.482	17.509	15.858	
543	60.332	70.055	80.262	21.476	17.461	15.814	
544	60.592	70.409	80.787	21.431	17.422	15.773	
545	60.849	70.758	81.312	21.41	17.437	15.761	
546	61.105	71.103	81.836	21.352	17.352	15.71	
547	61.357	71.443	82.359	21.367	17.317	15.707	
548	61.608	71.778	82.881	21.329	17.285	15.648	
549	61.855	72.107	83.401	21.326	17.238	15.622	
550	62.099	72.43	83.919	21.261	17.228	15.591	
551	62.341	72.746	84.434	21.239	17.193	15.54	
552	62.579	73.055	84.946	21.241	17.157	15.508	
553	62.814	73.356	85.454	21.207	17.129	15.477	
554	63.045	73.65	85.956	21.168	17.077	15.44	
555	63.273	73.934	86.45	21.16	17.056	15.395	
556	63.496	74.21	86.933	21.131	17.016	15.362	
557	63.716	74.476	87.4	21.103	16.947	15.317	
558	63.931	74.731	87.841	21.084	16.962	15.3	
559	64.142	74.976	88.237	21.046	16.928	15.278	
560	64.348	75.209	88.554	21.019	16.886	15.228	
561	64.55	75.431	88.733	21.007	16.84	15.186	
562	64.746	75.64	88.718	21	16.812	15.184	
563	64.938	75.836	88.516	20.961	16.801	15.133	
564	65.124	76.019	88.191	20.944	16.75	15.126	
565	65.305	76.187	87.799	20.9	16.721	15.064	
566	65.481	76.341	87.371	20.879	16.684	15.074	
567	65.651	76.481	86.922	20.845	16.66	15.01	
568	65.815	76.605	86.463	20.818	16.626	14.969	
569	65.973	76.714	85.998	20.805	16.591	14.939	
570	66.125	76.806	85.53	20.791	16.566	14.891	
571	66.27	76.883	85.06	20.756	16.54	14.877	
572	66.41	76.944	84.59	20.734	16.528	14.866	
573	66.542	76.988	84.121	20.719	16.489	14.815	
574	66.669	77.017	83.653	20.685	16.473	14.755	
575	66.788	77.029	83.187	20.662	16.434	14.74	
576	66.901	77.025	82.723	20.631	16.404	14.719	
577	67.007	77.005	82.262	20.644	16.385	14.694	
578	67.106	76.969	81.803	20.618	16.331	14.681	
579	67.198	76.919	81.347	20.576	16.316	14.62	
580	67.283	76.853	80.894	20.577	16.277	14.621	
581	67.361	76.773	80.445	20.535	16.251	14.584	
582	67.431	76.679	79.998	20.524	16.22	14.522	
583	67.495	76.572	79.555	20.504	16.18	14.507	
584	67.551	76.452	79.116	20.492	16.17	14.517	
585	67.6	76.32	78.679	20.442	16.155	14.449	
586	67.642	76.175	78.247	20.431	16.123	14.417	
587	67.676	76.02	77.818	20.436	16.098	14.362	
588	67.704	75.855	77.392	20.408	16.07	14.357	
589	67.724	75.679	76.971	20.364	16.041	14.332	
590	67.737	75.494	76.553	20.345	16.005	14.287	
591	67.743	75.301	76.139	20.333	15.99	14.25	
592	67.742	75.099	75.728	20.31	15.918	14.221	
593	67.735	74.89	75.322	20.296	15.969	14.198	
594	67.72	74.674	74.919	20.283	15.892	14.209	
595	67.699	74.452	74.52	20.24	15.88	14.155	
596	67.672	74.223	74.125	20.22	15.879	14.124	
597	67.637	73.989	73.734	20.21	15.839	14.089	
598	67.596	73.75	73.347	20.202	15.8	14.07	
599	67.55	73.507	72.963	20.184	15.748	14.033	
600	67.497	73.259	72.583	20.146	15.774	14.024	
601	67.437	73.007	72.208	20.111	15.734	13.982	
602	67.373	72.753	71.836	20.089	15.676	13.946	
603	67.302	72.495	71.468	20.073	15.681	13.918	
604	67.226	72.234	71.103	20.062	15.645	13.915	
605	67.145	71.971	70.743	20.041	15.608	13.859	
606	67.058	71.706	70.386	20.03	15.616	13.815	
607	66.966	71.439	70.033	19.998	15.592	13.779	
608	66.869	71.171	69.684	20.014	15.535	13.804	
609	66.768	70.901	69.338	19.982	15.547	13.748	
610	66.661	70.631	68.997	19.959	15.505	13.733	
611	66.551	70.359	68.659	19.939	15.468	13.708	
612	66.436	70.087	68.324	19.937	15.48	13.705	
613	66.317	69.814	67.993	19.905	15.44	13.625	
614	66.194	69.542	67.666	19.873	15.416	13.633	
615	66.067	69.269	67.343	19.872	15.373	13.599	
616	65.937	68.996	67.023	19.848	15.366	13.567	
617	65.804	68.723	66.707	19.833	15.339	13.548	
618	65.666	68.451	66.394	19.81	15.324	13.544	
619	65.526	68.179	66.084	19.793	15.289	13.484	
620	65.383	67.907	65.778	19.769	15.26	13.464	
621	65.237	67.637	65.476	19.744	15.245	13.463	
622	65.088	67.367	65.177	19.758	15.223	13.435	
623	64.936	67.098	64.881	19.727	15.19	13.375	
624	64.783	66.829	64.588	19.705	15.17	13.372	
625	64.626	66.562	64.299	19.678	15.168	13.392	
626	64.468	66.296	64.013	19.681	15.12	13.311	
627	64.308	66.032	63.731	19.667	15.098	13.304	
628	64.145	65.768	63.451	19.638	15.06	13.283	
629	63.981	65.506	63.175	19.635	15.075	13.294	
630	63.816	65.245	62.902	19.57	15.013	13.233	
631	63.648	64.986	62.632	19.565	15.066	13.236	
632	63.479	64.728	62.365	19.575	15.011	13.141	
633	63.309	64.471	62.101	19.564	14.965	13.12	
634	63.138	64.216	61.84	19.51	14.954	13.069	
635	62.966	63.963	61.582	19.493	14.942	13.106	
636	62.792	63.711	61.327	19.49	14.951	13.106	
637	62.618	63.461	61.074	19.498	14.872	13.056	
638	62.442	63.212	60.825	19.454	14.846	13.046	
639	62.266	62.965	60.578	19.459	14.818	13.027	
640	62.089	62.72	60.335	19.425	14.799	13.018	
641	61.912	62.477	60.094	19.452	14.778	12.939	
642	61.734	62.235	59.855	19.402	14.772	12.986	
643	61.556	61.995	59.62	19.387	14.721	12.945	
644	61.377	61.757	59.387	19.404	14.727	12.899	
645	61.198	61.52	59.156	19.385	14.71	12.869	
646	61.019	61.286	58.929	19.341	14.67	12.857	
647	60.84	61.053	58.703	19.34	14.697	12.832	
648	60.66	60.822	58.481	19.298	14.644	12.833	
649	60.481	60.593	58.26	19.29	14.633	12.793	
650	60.301	60.365	58.043	19.268	14.571	12.757	
651	60.122	60.139	57.827	19.249	14.593	12.771	
652	59.942	59.915	57.614	19.245	14.544	12.718	
653	59.763	59.693	57.404	19.224	14.556	12.69	
654	59.584	59.473	57.196	19.213	14.505	12.636	
655	59.405	59.255	56.99	19.188	14.528	12.643	
656	59.227	59.038	56.786	19.173	14.551	12.655	
657	59.049	58.823	56.584	19.182	14.495	12.58	
658	58.871	58.61	56.385	19.145	14.451	12.585	
659	58.693	58.398	56.188	19.135	14.393	12.576	
660	58.517	58.189	55.993	19.131	14.406	12.557	
661	58.34	57.981	55.8	19.149	14.366	12.521	
662	58.164	57.775	55.61	19.141	14.38	12.487	
663	57.989	57.57	55.421	19.085	14.354	12.478	
664	57.814	57.368	55.234	19.067	14.358	12.46	
665	57.639	57.167	55.05	19.05	14.329	12.422	
666	57.466	56.968	54.867	19.037	14.283	12.4	
667	57.293	56.77	54.686	19.049	14.264	12.403	
668	57.12	56.574	54.508	19.03	14.28	12.379	
669	56.949	56.38	54.331	19.015	14.24	12.357	
670	56.778	56.188	54.156	18.996	14.227	12.341	
671	56.607	55.997	53.982	18.983	14.189	12.272	
672	56.438	55.808	53.811	18.968	14.151	12.307	
673	56.269	55.62	53.642	18.924	14.153	12.286	
674	56.101	55.434	53.474	18.939	14.161	12.278	
675	55.934	55.25	53.308	18.916	14.153	12.296	
676	55.768	55.067	53.143	18.918	14.072	12.203	
677	55.602	54.886	52.981	18.905	14.111	12.199	
678	55.437	54.706	52.82	18.877	14.073	12.219	
679	55.273	54.528	52.661	18.874	14.028	12.143	
680	55.11	54.352	52.503	18.865	14.013	12.153	
681	54.948	54.177	52.347	18.846	13.999	12.088	
682	54.786	54.004	52.192	18.845	14.005	12.109	
683	54.626	53.832	52.039	18.808	13.954	12.072	
684	54.466	53.661	51.888	18.784	13.945	12.093	
685	54.307	53.492	51.738	18.793	13.961	12.052	
686	54.15	53.325	51.59	18.775	13.924	12.002	
687	53.993	53.159	51.443	18.777	13.89	11.991	
688	53.837	52.994	51.298	18.772	13.868	11.962	
689	53.681	52.831	51.154	18.761	13.903	11.957	
690	53.527	52.669	51.011	18.716	13.875	11.965	
691	53.374	52.509	50.87	18.724	13.843	11.91	
692	53.221	52.35	50.73	18.709	13.782	11.94	
693	53.07	52.192	50.592	18.696	13.781	11.891	
694	52.919	52.036	50.455	18.682	13.775	11.898	
695	52.769	51.881	50.319	18.653	13.738	11.859	
696	52.62	51.727	50.184	18.654	13.704	11.854	
697	52.473	51.574	50.051	18.647	13.742	11.818	
698	52.326	51.423	49.919	18.656	13.697	11.76	
699	52.179	51.274	49.789	18.615	13.678	11.745	
700	52.034	51.125	49.659	18.603	13.714	11.763	
701	51.89	50.978	49.531	18.616	13.601	11.754	
702	51.747	50.832	49.404	18.605	13.677	11.742	
703	51.604	50.687	49.278	18.55	13.664	11.695	
704	51.463	50.543	49.153	18.548	13.616	11.689	
705	51.322	50.401	49.03	18.593	13.586	11.663	
706	51.183	50.26	48.907	18.539	13.595	11.627	
707	51.044	50.12	48.786	18.519	13.587	11.625	
708	50.906	49.981	48.666	18.499	13.513	11.634	
709	50.769	49.843	48.547	18.52	13.555	11.58	
710	50.633	49.707	48.429	18.509	13.487	11.628	
711	50.498	49.571	48.312	18.491	13.491	11.511	
712	50.363	49.437	48.196	18.46	13.43	11.505	
713	50.23	49.304	48.081	18.443	13.501	11.532	
714	50.097	49.172	47.968	18.434	13.419	11.487	
715	49.966	49.041	47.855	18.397	13.433	11.469	
716	49.835	48.911	47.743	18.418	13.356	11.374	
717	49.705	48.782	47.632	18.408	13.398	11.468	
718	49.576	48.654	47.522	18.389	13.347	11.371	
719	49.448	48.527	47.413	18.416	13.365	11.461	
720	49.32	48.401	47.305	18.332	13.336	11.414	
721	49.194	48.277	47.198	18.377	13.311	11.389	
722	49.068	48.153	47.092	18.373	13.341	11.365	
723	48.943	48.03	46.987	18.316	13.339	11.362	
724	48.819	47.908	46.883	18.348	13.267	11.357	
725	48.696	47.787	46.779	18.293	13.366	11.278	
726	48.574	47.667	46.677	18.343	13.2	11.279	
727	48.452	47.548	46.575	18.3	13.25	11.255	
728	48.332	47.43	46.474	18.318	13.194	11.255	
729	48.212	47.313	46.374	18.272	13.178	11.254	
730	48.093	47.197	46.275	18.26	13.183	11.173	
731	47.974	47.082	46.176	18.22	13.167	11.208	
732	47.857	46.968	46.079	18.247	13.116	11.197	
733	47.74	46.854	45.982	18.236	13.152	11.165	
734	47.624	46.741	45.886	18.263	13.117	11.143	
735	47.509	46.63	45.791	18.212	13.131	11.119	
736	47.395	46.519	45.696	18.211	13.114	11.12	
737	47.281	46.409	45.603	18.221	13.084	11.153	
738	47.168	46.3	45.51	18.175	13.091	11.076	
739	47.056	46.191	45.417	18.168	13.067	11.094	
740	46.945	46.084	45.326	18.198	13.06	11.074	
741	46.834	45.977	45.235	18.146	13.012	11.072	
742	46.724	45.871	45.145	18.159	13.021	11.016	
743	46.615	45.766	45.056	18.16	13.027	10.987	
744	46.507	45.661	44.967	18.128	13	11.023	
745	46.399	45.558	44.879	18.098	13.023	11.013	
746	46.292	45.455	44.791	18.113	12.97	10.981	
747	46.186	45.353	44.705	18.112	13.001	10.944	
748	46.08	45.252	44.619	18.09	12.967	10.93	
749	45.976	45.151	44.533	18.087	12.928	10.902	
750	45.871	45.051	44.449	18.026	12.909	10.938	
751	45.768	44.952	44.364	18.064	12.892	10.873	
752	45.665	44.854	44.281	18.016	12.923	10.846	
753	45.563	44.756	44.198	18.042	12.881	10.845	
754	45.462	44.659	44.116	18.033	12.862	10.87	
755	45.361	44.563	44.034	17.998	12.896	10.794	
756	45.261	44.467	43.953	18.017	12.83	10.84	
757	45.161	44.372	43.873	18.016	12.778	10.837	
758	45.063	44.278	43.793	17.993	12.814	10.794	
759	44.965	44.184	43.713	17.991	12.817	10.766	
760	44.867	44.091	43.635	17.965	12.743	10.723	
761	44.77	43.999	43.556	17.94	12.757	10.727	
762	44.674	43.907	43.479	17.968	12.744	10.685	
763	44.578	43.816	43.402	17.942	12.757	10.67	
764	44.483	43.726	43.325	17.942	12.75	10.703	
765	44.389	43.636	43.249	17.928	12.723	10.649	
766	44.295	43.547	43.174	17.945	12.732	10.659	
767	44.202	43.459	43.099	17.932	12.689	10.658	
768	44.109	43.371	43.024	17.898	12.676	10.604	
769	44.018	43.283	42.95	17.901	12.684	10.63	
770	43.926	43.197	42.877	17.88	12.632	10.573	
771	43.835	43.111	42.804	17.839	12.621	10.567	
772	43.745	43.025	42.731	17.837	12.664	10.567	
773	43.655	42.94	42.659	17.851	12.613	10.567	
774	43.566	42.856	42.588	17.831	12.605	10.51	
775	43.478	42.772	42.517	17.81	12.584	10.517	
776	43.39	42.688	42.446	17.872	12.563	10.49	
777	43.303	42.606	42.376	17.813	12.541	10.499	
778	43.216	42.523	42.307	17.814	12.507	10.516	
779	43.129	42.442	42.237	17.771	12.515	10.473	
780	43.044	42.361	42.169	17.769	12.529	10.484	
781	42.958	42.28	42.1	17.816	12.552	10.405	
782	42.874	42.2	42.033	17.788	12.453	10.414	
783	42.79	42.12	41.965	17.766	12.44	10.413	
784	42.706	42.041	41.898	17.747	12.468	10.369	
785	42.623	41.963	41.832	17.727	12.424	10.347	
786	42.54	41.885	41.765	17.72	12.435	10.349	
787	42.458	41.807	41.7	17.725	12.412	10.345	
788	42.377	41.73	41.634	17.722	12.394	10.324	
789	42.295	41.653	41.569	17.703	12.376	10.317	
790	42.215	41.577	41.505	17.705	12.403	10.277	
791	42.135	41.501	41.441	17.675	12.368	10.278	
792	42.055	41.426	41.377	17.689	12.361	10.267	
793	41.976	41.352	41.314	17.679	12.381	10.266	
794	41.897	41.277	41.251	17.66	12.327	10.239	
795	41.819	41.204	41.188	17.659	12.309	10.224	
796	41.741	41.13	41.126	17.662	12.313	10.213	
797	41.664	41.057	41.064	17.654	12.325	10.176	
798	41.587	40.985	41.003	17.666	12.323	10.181	
799	41.511	40.913	40.942	17.647	12.261	10.206	
800	41.435	40.841	40.881	17.62	12.266	10.135	
801	41.36	40.77	40.82	17.605	12.279	10.152	
802	41.285	40.699	40.76	17.648	12.257	10.122	
803	41.21	40.629	40.701	17.585	12.228	10.092	
804	41.136	40.559	40.641	17.575	12.219	10.133	
805	41.063	40.49	40.582	17.566	12.198	10.093	
806	40.989	40.42	40.524	17.583	12.17	10.084	
807	40.917	40.352	40.465	17.566	12.126	10.115	
808	40.844	40.284	40.407	17.569	12.174	10.024	
809	40.772	40.216	40.35	17.516	12.099	10.047	
810	40.701	40.148	40.292	17.556	12.165	10.014	
811	40.63	40.081	40.235	17.537	12.131	9.9973	
812	40.559	40.014	40.178	17.532	12.176	10.005	
813	40.489	39.948	40.122	17.542	12.077	9.9926	
814	40.419	39.882	40.066	17.52	12.11	10.013	
815	40.349	39.816	40.01	17.499	12.091	9.9656	
816	40.28	39.751	39.955	17.51	12.082	9.9131	
817	40.212	39.686	39.899	17.487	12.062	9.9298	
818	40.143	39.622	39.844	17.492	12.059	9.9034	
819	40.075	39.558	39.79	17.483	12.042	9.9129	
820	40.008	39.494	39.736	17.46	12.018	9.8719	
821	39.941	39.431	39.682	17.453	12.005	9.8656	
822	39.874	39.367	39.628	17.45	12.012	9.8616	
823	39.808	39.305	39.574	17.451	12.006	9.8525	
824	39.742	39.242	39.521	17.443	12.007	9.8497	
825	39.676	39.18	39.468	17.437	11.988	9.8449	
826	39.611	39.119	39.416	17.433	11.98	9.8362	
827	39.546	39.057	39.363	17.43	11.974	9.8144	
828	39.481	38.996	39.311	17.419	11.964	9.8087	
829	39.417	38.936	39.259	17.407	11.95	9.7941	
830	39.353	38.875	39.208	17.407	11.946	9.8031	
831	39.289	38.815	39.156	17.4	11.919	9.7859	
832	39.226	38.755	39.105	17.384	11.91	9.7662	
833	39.163	38.696	39.055	17.379	11.905	9.7353	
834	39.101	38.637	39.004	17.367	11.897	9.7158	
835	39.039	38.578	38.954	17.36	11.889	9.7177	
836	38.977	38.519	38.904	17.358	11.888	9.6974	
837	38.916	38.461	38.854	17.35	11.861	9.7024	
838	38.854	38.403	38.804	17.356	11.846	9.6741	
839	38.794	38.346	38.755	17.339	11.835	9.6728	
840	38.733	38.288	38.706	17.323	11.851	9.6213	
841	38.673	38.231	38.657	17.338	11.799	9.6059	
842	38.613	38.175	38.609	17.35	11.812	9.6524	
843	38.553	38.118	38.56	17.333	11.79	9.6237	
844	38.494	38.062	38.512	17.328	11.8	9.6135	
845	38.435	38.006	38.464	17.337	11.83	9.5864	
846	38.377	37.951	38.416	17.25	11.762	9.5728	
847	38.318	37.895	38.369	17.316	11.671	9.6306	
848	38.26	37.84	38.322	17.299	11.801	9.6341	
849	38.203	37.785	38.275	17.296	11.713	9.5251	
850	38.145	37.731	38.228	17.278	11.74	9.5683	
851	38.088	37.677	38.181	17.254	11.712	9.5872	
852	38.031	37.623	38.135	17.249	11.723	9.4661	
853	37.975	37.569	38.089	17.279	11.658	9.4759	
854	37.919	37.516	38.043	17.228	11.704	9.4325	
855	37.863	37.462	37.997	17.23	11.626	9.478	
856	37.807	37.409	37.952	17.202	11.678	9.4881	
857	37.752	37.357	37.906	17.234	11.659	9.4508	
858	37.697	37.304	37.861	17.248	11.682	9.4151	
859	37.642	37.252	37.816	17.26	11.629	9.461	
860	37.587	37.2	37.771	17.206	11.667	9.4684	
861	37.533	37.149	37.727	17.177	11.615	9.3825	
862	37.479	37.097	37.682	17.215	11.595	9.3837	
863	37.425	37.046	37.638	17.205	11.644	9.3907	
864	37.372	36.995	37.594	17.208	11.589	9.387	
865	37.319	36.944	37.551	17.157	11.577	9.3165	
866	37.266	36.894	37.507	17.167	11.563	9.3468	
867	37.213	36.844	37.464	17.147	11.513	9.3459	
868	37.161	36.793	37.42	17.118	11.543	9.3501	
869	37.108	36.744	37.377	17.15	11.508	9.2901	
870	37.057	36.694	37.335	17.159	11.516	9.3057	
871	37.005	36.645	37.292	17.146	11.508	9.2767	
872	36.954	36.596	37.249	17.131	11.512	9.3136	
873	36.902	36.547	37.207	17.157	11.469	9.267	
874	36.851	36.498	37.165	17.129	11.488	9.2504	
875	36.801	36.45	37.123	17.111	11.474	9.2559	
876	36.75	36.401	37.081	17.115	11.465	9.2204	
877	36.7	36.353	37.04	17.112	11.46	9.2537	
878	36.65	36.306	36.998	17.083	11.444	9.2191	
879	36.601	36.258	36.957	17.079	11.432	9.1998	
880	36.551	36.211	36.916	17.071	11.421	9.1926	
881	36.502	36.163	36.875	17.069	11.417	9.1849	
882	36.453	36.116	36.834	17.067	11.412	9.1889	
883	36.404	36.07	36.793	17.063	11.408	9.1794	
884	36.356	36.023	36.753	17.061	11.404	9.1718	
885	36.307	35.977	36.713	17.061	11.396	9.1709	
886	36.259	35.931	36.672	17.056	11.388	9.1566	
887	36.211	35.885	36.632	17.046	11.371	9.1428	
888	36.164	35.839	36.593	17.044	11.364	9.1243	
889	36.116	35.793	36.553	17.031	11.351	9.1119	
890	36.069	35.748	36.513	17.018	11.337	9.0964	
891	36.022	35.703	36.474	17.012	11.328	9.0812	
892	35.975	35.658	36.435	17.01	11.316	9.0788	
893	35.929	35.613	36.396	17.003	11.31	9.0602	
894	35.883	35.568	36.357	16.991	11.308	9.0486	
895	35.836	35.524	36.318	16.999	11.303	9.0533	
896	35.791	35.479	36.279	16.989	11.29	9.0498	
897	35.745	35.435	36.241	16.989	11.285	9.0476	
898	35.699	35.391	36.202	16.987	11.282	9.0195	
899	35.654	35.348	36.164	16.979	11.268	9.0175	
900	35.609	35.304	36.126	16.966	11.258	8.9949	
901	35.564	35.261	36.088	16.947	11.247	8.9733	
902	35.519	35.218	36.051	16.948	11.229	8.9685	
903	35.475	35.175	36.013	16.945	11.226	8.9618	
904	35.431	35.132	35.975	16.94	11.217	8.9595	
905	35.386	35.089	35.938	16.932	11.215	8.9576	
906	35.343	35.047	35.901	16.934	11.21	8.9517	
907	35.299	35.004	35.864	16.929	11.206	8.9528	
908	35.255	34.962	35.827	16.931	11.194	8.9288	
909	35.212	34.92	35.79	16.916	11.183	8.9209	
910	35.169	34.878	35.753	16.902	11.167	8.91	
911	35.126	34.837	35.717	16.906	11.155	8.9055	
912	35.083	34.795	35.68	16.894	11.128	8.8691	
913	35.041	34.754	35.644	16.881	11.137	8.8493	
914	34.998	34.713	35.608	16.883	11.127	8.8511	
915	34.956	34.672	35.572	16.876	11.114	8.8449	
916	34.914	34.631	35.536	16.869	11.119	8.8435	
917	34.872	34.59	35.5	16.869	11.116	8.8377	
918	34.83	34.549	35.464	16.872	11.111	8.8326	
919	34.789	34.509	35.428	16.868	11.102	8.8198	
920	34.747	34.469	35.393	16.862	11.094	8.8106	
921	34.706	34.429	35.358	16.852	11.081	8.8013	
922	34.665	34.389	35.322	16.848	11.073	8.8045	
923	34.625	34.349	35.287	16.851	11.066	8.7956	
924	34.584	34.309	35.252	16.835	11.037	8.7695	
925	34.543	34.27	35.218	16.832	11.054	8.7564	
926	34.503	34.23	35.183	16.815	11.035	8.7417	
927	34.463	34.191	35.148	16.816	11.041	8.7315	
928	34.423	34.152	35.114	16.814	11.034	8.7362	
929	34.383	34.113	35.079	16.797	10.994	8.7477	
930	34.344	34.074	35.045	16.793	10.972	8.7269	
931	34.304	34.036	35.011	16.805	11.016	8.7154	
932	34.265	33.997	34.977	16.812	10.951	8.6826	
933	34.226	33.959	34.943	16.782	11.008	8.6791	
934	34.187	33.921	34.909	16.775	10.976	8.695	
935	34.148	33.883	34.875	16.773	10.978	8.6554	
936	34.109	33.845	34.842	16.753	10.941	8.6501	
937	34.071	33.807	34.808	16.753	10.935	8.6851	
938	34.032	33.769	34.775	16.783	10.944	8.6069	
939	33.994	33.732	34.741	16.761	10.933	8.6336	
940	33.956	33.694	34.708	16.766	10.894	8.6504	
941	33.918	33.657	34.675	16.76	10.92	8.6114	
942	33.88	33.62	34.642	16.739	10.886	8.5574	
943	33.843	33.583	34.609	16.715	10.91	8.5951	
944	33.805	33.546	34.576	16.717	10.929	8.5787	
945	33.768	33.509	34.544	16.744	10.893	8.5827	
946	33.731	33.473	34.511	16.743	10.888	8.5713	
947	33.694	33.436	34.478	16.722	10.888	8.5569	
948	33.657	33.4	34.446	16.718	10.861	8.5456	
949	33.62	33.364	34.414	16.708	10.84	8.5238	
950	33.584	33.328	34.382	16.702	10.832	8.5213	
951	33.547	33.292	34.349	16.691	10.851	8.5259	
952	33.511	33.256	34.317	16.683	10.844	8.5209	
953	33.475	33.22	34.285	16.694	10.825	8.4986	
954	33.439	33.184	34.254	16.695	10.819	8.5124	
955	33.403	33.149	34.222	16.682	10.807	8.4784	
956	33.367	33.113	34.19	16.663	10.812	8.4848	
957	33.331	33.078	34.159	16.664	10.803	8.5324	
958	33.296	33.043	34.127	16.644	10.785	8.4534	
959	33.261	33.008	34.096	16.666	10.771	8.4791	
960	33.225	32.973	34.065	16.678	10.753	8.4078	
961	33.19	32.938	34.034	16.673	10.778	8.3952	
962	33.155	32.904	34.002	16.661	10.689	8.3687	
963	33.121	32.869	33.971	16.62	10.712	8.4149	
964	33.086	32.835	33.941	16.649	10.748	8.3485	
965	33.051	32.8	33.91	16.617	10.733	8.3817	
966	33.017	32.766	33.879	16.628	10.753	8.359	
967	32.983	32.732	33.848	16.623	10.733	8.3919	
968	32.949	32.698	33.818	16.627	10.745	8.3832	
969	32.915	32.664	33.787	16.611	10.709	8.3707	
970	32.881	32.63	33.757	16.625	10.692	8.3925	
971	32.847	32.596	33.727	16.613	10.68	8.3706	
972	32.813	32.563	33.696	16.61	10.702	8.3492	
973	32.78	32.529	33.666	16.61	10.685	8.3224	
974	32.746	32.496	33.636	16.594	10.661	8.3374	
975	32.713	32.463	33.606	16.588	10.668	8.2816	
976	32.68	32.43	33.576	16.58	10.653	8.2972	
977	32.647	32.397	33.547	16.575	10.641	8.2843	
978	32.614	32.364	33.517	16.572	10.632	8.2858	
979	32.581	32.331	33.487	16.57	10.638	8.2719	
980	32.548	32.298	33.458	16.575	10.628	8.2724	
981	32.516	32.265	33.428	16.572	10.626	8.2804	
982	32.483	32.233	33.399	16.566	10.621	8.2707	
983	32.451	32.2	33.37	16.562	10.623	8.2828	
984	32.419	32.168	33.34	16.548	10.613	8.2676	
985	32.387	32.136	33.311	16.546	10.617	8.2362	
986	32.355	32.104	33.282	16.573	10.595	8.2584	
987	32.323	32.072	33.253	16.537	10.591	8.2149	
988	32.291	32.04	33.224	16.532	10.56	8.1936	
989	32.26	32.008	33.195	16.524	10.566	8.1933	
990	32.228	31.976	33.167	16.52	10.547	8.1876	
991	32.197	31.944	33.138	16.519	10.55	8.1676	
992	32.165	31.913	33.109	16.52	10.545	8.1802	
993	32.134	31.881	33.081	16.509	10.544	8.1739	
994	32.103	31.85	33.052	16.517	10.548	8.1768	
995	32.072	31.819	33.024	16.503	10.54	8.1619	
996	32.041	31.788	32.995	16.496	10.533	8.1554	
997	32.01	31.757	32.967	16.504	10.529	8.1444	
998	31.98	31.726	32.939	16.493	10.516	8.1417	
999	31.949	31.695	32.911	16.483	10.502	8.1776	
1000	31.919	31.664	32.883	16.5	10.478	8.1157	
1001	31.888	31.633	32.855	16.464	10.53	8.0949	
1002	31.858	31.602	32.827	16.485	10.51	8.0982	
1003	31.828	31.572	32.799	16.476	10.477	8.0989	
1004	31.798	31.541	32.771	16.475	10.443	8.0759	
1005	31.768	31.511	32.744	16.439	10.542	8.1117	
1006	31.738	31.481	32.716	16.467	10.428	8.1096	
1007	31.708	31.451	32.689	16.465	10.492	8.0327	
1008	31.679	31.42	32.661	16.449	10.484	8.0563	
1009	31.649	31.39	32.634	16.429	10.432	8.0496	
1010	31.62	31.361	32.606	16.466	10.451	8.0414	
1011	31.59	31.331	32.579	16.433	10.444	8.0428	
1012	31.561	31.301	32.552	16.438	10.431	8.0143	
1013	31.532	31.271	32.525	16.434	10.414	8.0082	
1014	31.503	31.242	32.498	16.435	10.394	8.0042	
1015	31.474	31.212	32.47	16.437	10.4	7.9932	
1016	31.445	31.183	32.444	16.413	10.402	8.087	
1017	31.416	31.153	32.417	16.395	10.365	7.9546	
1018	31.388	31.124	32.39	16.391	10.366	7.9748	
1019	31.359	31.095	32.363	16.377	10.349	7.938	
1020	31.331	31.066	32.336	16.428	10.409	7.9076	
1021	31.302	31.037	32.31	16.344	10.406	7.9482	
1022	31.274	31.008	32.283	16.399	10.335	7.9468	
1023	31.246	30.979	32.257	16.418	10.322	7.9437	
1024	31.218	30.95	32.23	16.374	10.301	7.9785	
1025	31.19	30.921	32.204	16.416	10.31	7.9159	
1026	31.162	30.893	32.177	16.38	10.359	7.8728	
1027	31.134	30.864	32.151	16.414	10.241	7.8987	
1028	31.106	30.836	32.125	16.371	10.339	7.8451	
1029	31.078	30.807	32.099	16.355	10.283	7.8299	
1030	31.051	30.779	32.073	16.359	10.328	7.903	
1031	31.023	30.751	32.047	16.422	10.333	7.9249	
1032	30.996	30.723	32.021	16.316	10.327	7.8632	
1033	30.969	30.695	31.995	16.382	10.287	7.887	
1034	30.941	30.666	31.969	16.356	10.309	7.8533	
1035	30.914	30.639	31.943	16.379	10.251	7.9231	
1036	30.887	30.611	31.918	16.253	10.285	7.8388	
1037	30.86	30.583	31.892	16.397	10.175	7.8035	
1038	30.833	30.555	31.866	16.319	10.24	7.9786	
1039	30.807	30.528	31.841	16.361	10.29	7.9209	
1040	30.78	30.5	31.815	16.298	10.088	7.8087	
1041	30.753	30.472	31.79	16.335	10.216	7.8567	
1042	30.727	30.445	31.764	16.445	10.238	7.6434	
1043	30.7	30.418	31.739	16.412	10.176	7.6925	
1044	30.674	30.39	31.714	16.267	10.268	7.7417	
1045	30.648	30.363	31.689	16.308	10.204	7.7873	
1046	30.621	30.336	31.663	16.204	10.35	7.5825	
1047	30.595	30.309	31.638	16.266	10.039	7.7932	
1048	30.569	30.282	31.613	16.229	10.157	7.8069	
1049	30.543	30.255	31.588	16.299	10.171	7.7236	
1050	30.517	30.228	31.563	16.276	10.083	7.8107	
1051	30.491	30.201	31.538	16.278	10.17	7.7396	
1052	30.466	30.175	31.514	16.273	10.161	7.7044	
1053	30.44	30.148	31.489	16.277	10.167	7.7231	
1054	30.415	30.121	31.464	16.277	10.148	7.7089	
1055	30.389	30.095	31.439	16.277	10.167	7.6972	
1056	30.364	30.068	31.415	16.273	10.135	7.687	
1057	30.338	30.042	31.39	16.269	10.153	7.6997	
1058	30.313	30.016	31.366	16.262	10.142	7.6709	
1059	30.288	29.989	31.341	16.247	10.134	7.6933	
1060	30.263	29.963	31.317	16.254	10.134	7.6648	
1061	30.238	29.937	31.292	16.263	10.116	7.6747	
1062	30.213	29.911	31.268	16.239	10.115	7.6648	
1063	30.188	29.885	31.244	16.235	10.098	7.6667	
1064	30.163	29.859	31.22	16.233	10.093	7.6472	
1065	30.138	29.833	31.196	16.225	10.087	7.629	
1066	30.114	29.807	31.171	16.232	10.086	7.618	
1067	30.089	29.782	31.147	16.223	10.089	7.6219	
1068	30.064	29.756	31.123	16.218	10.078	7.6284	
1069	30.04	29.73	31.099	16.223	10.054	7.6005	
1070	30.016	29.705	31.076	16.22	10.079	7.5985	
1071	29.991	29.679	31.052	16.218	10.063	7.599	
1072	29.967	29.654	31.028	16.202	10.065	7.5925	
1073	29.943	29.628	31.004	16.215	10.029	7.5661	
1074	29.919	29.603	30.98	16.199	10.044	7.5808	
1075	29.895	29.578	30.957	16.193	10.033	7.5517	
1076	29.871	29.553	30.933	16.201	10.022	7.5548	
1077	29.847	29.528	30.91	16.189	10.024	7.5511	
1078	29.823	29.502	30.886	16.185	10.008	7.5417	
1079	29.799	29.477	30.863	16.186	10.022	7.5314	
1080	29.776	29.452	30.839	16.186	10.011	7.5387	
1081	29.752	29.428	30.816	16.179	10.01	7.5348	
1082	29.728	29.403	30.792	16.172	10.007	7.5257	
1083	29.705	29.378	30.769	16.18	9.9947	7.5117	
1084	29.682	29.353	30.746	16.172	9.995	7.5129	
1085	29.658	29.329	30.723	16.166	9.9914	7.5014	
1086	29.635	29.304	30.7	16.171	9.9923	7.5038	
1087	29.612	29.279	30.676	16.156	9.9873	7.4945	
1088	29.589	29.255	30.653	16.166	9.9817	7.4997	
1089	29.565	29.231	30.63	16.159	9.9779	7.4821	
1090	29.542	29.206	30.607	16.158	9.9803	7.4881	
1091	29.52	29.182	30.584	16.153	9.9785	7.4853	
1092	29.497	29.158	30.562	16.144	9.9565	7.4715	
1093	29.474	29.133	30.539	16.148	9.9506	7.4729	
1094	29.451	29.109	30.516	16.141	9.9601	7.4722	
1095	29.428	29.085	30.493	16.15	9.9318	7.4483	
1096	29.406	29.061	30.471	16.144	9.9407	7.4519	
1097	29.383	29.037	30.448	16.13	9.9283	7.4383	
1098	29.361	29.013	30.425	16.124	9.9234	7.4168	
1099	29.338	28.989	30.403	16.123	9.9232	7.4195	
1100	29.316	28.966	30.38	16.113	9.9178	7.4139	
1101	29.294	28.942	30.358	16.124	9.9056	7.3964	
1102	29.271	28.918	30.335	16.116	9.8945	7.3888	
1103	29.249	28.894	30.313	16.109	9.8791	7.3797	
1104	29.227	28.871	30.29	16.105	9.888	7.3786	
1105	29.205	28.847	30.268	16.097	9.8862	7.3711	
1106	29.183	28.824	30.246	16.101	9.8753	7.3644	
1107	29.161	28.8	30.224	16.09	9.8672	7.3615	
1108	29.139	28.777	30.201	16.098	9.873	7.3533	
1109	29.117	28.754	30.179	16.089	9.8628	7.35	
1110	29.095	28.73	30.157	16.087	9.8562	7.3493	
1111	29.074	28.707	30.135	16.086	9.8575	7.3426	
1112	29.052	28.684	30.113	16.085	9.8439	7.3361	
1113	29.03	28.661	30.091	16.085	9.8491	7.3346	
1114	29.009	28.638	30.069	16.08	9.8466	7.3305	
1115	28.987	28.615	30.047	16.077	9.8484	7.3291	
1116	28.966	28.592	30.025	16.078	9.8409	7.3321	
1117	28.945	28.569	30.004	16.079	9.8416	7.3209	
1118	28.923	28.546	29.982	16.072	9.8334	7.3214	
1119	28.902	28.523	29.96	16.06	9.8347	7.3015	
1120	28.881	28.5	29.938	16.068	9.8313	7.2924	
1121	28.86	28.478	29.917	16.067	9.8176	7.2878	
1122	28.839	28.455	29.895	16.06	9.8063	7.2978	
1123	28.818	28.432	29.873	16.048	9.8069	7.2903	
1124	28.797	28.41	29.852	16.063	9.8076	7.2673	
1125	28.776	28.387	29.83	16.054	9.7979	7.2623	
1126	28.755	28.365	29.809	16.058	9.8085	7.2676	
1127	28.734	28.342	29.787	16.033	9.7894	7.2435	
1128	28.713	28.32	29.766	16.033	9.7801	7.246	
1129	28.693	28.297	29.745	16.039	9.78	7.2589	
1130	28.672	28.275	29.723	16.029	9.784	7.2303	
1131	28.651	28.253	29.702	16.028	9.7661	7.2327	
1132	28.631	28.231	29.681	16.029	9.7641	7.2224	
1133	28.61	28.209	29.66	16.022	9.7746	7.22	
1134	28.59	28.186	29.639	16.013	9.7404	7.2208	
1135	28.57	28.164	29.617	16.016	9.7516	7.1929	
1136	28.549	28.142	29.596	16.019	9.733	7.2045	
1137	28.529	28.12	29.575	16.012	9.7186	7.2018	
1138	28.509	28.098	29.554	16.011	9.7314	7.1817	
1139	28.489	28.077	29.533	16.007	9.7294	7.188	
1140	28.468	28.055	29.512	16	9.711	7.1734	
1141	28.448	28.033	29.491	16.013	9.7229	7.1701	
1142	28.428	28.011	29.471	16.009	9.7157	7.1425	
1143	28.408	27.99	29.45	15.991	9.7047	7.1754	
1144	28.389	27.968	29.429	15.991	9.6948	7.1627	
1145	28.369	27.946	29.408	15.994	9.7082	7.1617	
1146	28.349	27.925	29.387	15.991	9.6734	7.1488	
1147	28.329	27.903	29.367	15.987	9.6773	7.1375	
1148	28.309	27.882	29.346	15.993	9.6824	7.1398	
1149	28.29	27.86	29.325	15.982	9.6859	7.1336	
1150	28.27	27.839	29.305	15.971	9.6696	7.1285	
1151	28.251	27.818	29.284	15.973	9.6557	7.1144	
1152	28.231	27.796	29.264	15.974	9.6664	7.1066	
1153	28.212	27.775	29.243	15.967	9.6521	7.0941	
1154	28.192	27.754	29.223	15.961	9.6519	7.0958	
1155	28.173	27.733	29.202	15.966	9.6506	7.0979	
1156	28.154	27.712	29.182	15.955	9.6498	7.0837	
1157	28.134	27.69	29.162	15.955	9.6421	7.0727	
1158	28.115	27.669	29.141	15.956	9.6421	7.0731	
1159	28.096	27.648	29.121	15.96	9.6267	7.0708	
1160	28.077	27.627	29.101	15.957	9.628	7.0722	
1161	28.058	27.607	29.081	15.947	9.6061	7.0769	
1162	28.039	27.586	29.06	15.943	9.6372	7.0503	
1163	28.02	27.565	29.04	15.932	9.6109	7.0423	
1164	28.001	27.544	29.02	15.933	9.5892	7.0355	
1165	27.982	27.523	29	15.926	9.6021	7.0251	
1166	27.963	27.503	28.98	15.934	9.5923	7.0232	
1167	27.944	27.482	28.96	15.935	9.6092	7.0307	
1168	27.925	27.461	28.94	15.925	9.5875	7.0159	
1169	27.907	27.441	28.92	15.919	9.579	7.0094	
1170	27.888	27.42	28.9	15.923	9.5874	6.9969	
1171	27.869	27.4	28.88	15.918	9.5745	6.9927	
1172	27.851	27.379	28.861	15.915	9.5753	6.9904	
1173	27.832	27.359	28.841	15.913	9.572	6.9898	
1174	27.814	27.338	28.821	15.912	9.5717	6.9855	
1175	27.796	27.318	28.801	15.911	9.5671	6.9893	
1176	27.777	27.298	28.781	15.909	9.5553	6.9753	
1177	27.759	27.277	28.762	15.913	9.5548	6.9734	
1178	27.74	27.257	28.742	15.902	9.5491	6.9642	
1179	27.722	27.237	28.722	15.902	9.5544	6.9693	
1180	27.704	27.217	28.703	15.901	9.5467	6.9584	
1181	27.686	27.197	28.683	15.901	9.5467	6.9598	
1182	27.668	27.177	28.664	15.894	9.5385	6.9547	
1183	27.65	27.157	28.644	15.897	9.537	6.95	
1184	27.632	27.137	28.625	15.892	9.532	6.9421	
1185	27.614	27.117	28.605	15.883	9.531	6.946	
1186	27.596	27.097	28.586	15.885	9.5219	6.9289	
1187	27.578	27.077	28.567	15.884	9.5224	6.9354	
1188	27.56	27.057	28.547	15.877	9.523	6.9241	
1189	27.542	27.037	28.528	15.882	9.5084	6.9071	
1190	27.524	27.018	28.509	15.876	9.5137	6.9197	
1191	27.507	26.998	28.489	15.87	9.5099	6.9094	
1192	27.489	26.978	28.47	15.871	9.4961	6.8957	
1193	27.471	26.958	28.451	15.868	9.4961	6.8932	
1194	27.454	26.939	28.432	15.862	9.5027	6.9035	
1195	27.436	26.919	28.413	15.874	9.474	6.8908	
1196	27.419	26.9	28.394	15.86	9.4905	6.8699	
1197	27.401	26.88	28.375	15.862	9.4762	6.8911	
1198	27.384	26.861	28.355	15.852	9.4631	6.8864	
1199	27.366	26.841	28.336	15.851	9.477	6.8633	
1200	27.349	26.822	28.317	15.858	9.4625	6.8505	
1201	27.332	26.803	28.299	15.861	9.4796	6.8706	
1202	27.314	26.783	28.28	15.841	9.4636	6.8566	
1203	27.297	26.764	28.261	15.848	9.4582	6.8337	
1204	27.28	26.745	28.242	15.851	9.4464	6.8183	
1205	27.263	26.726	28.223	15.832	9.4472	6.8323	
1206	27.245	26.706	28.204	15.836	9.466	6.8321	
1207	27.228	26.687	28.185	15.846	9.4633	6.8204	
1208	27.211	26.668	28.167	15.832	9.4402	6.8124	
1209	27.194	26.649	28.148	15.836	9.4279	6.8174	
1210	27.177	26.63	28.129	15.829	9.4198	6.7981	
1211	27.16	26.611	28.111	15.824	9.4014	6.7811	
1212	27.144	26.592	28.092	15.822	9.4159	6.7865	
1213	27.127	26.573	28.073	15.831	9.4125	6.7945	
1214	27.11	26.554	28.055	15.818	9.422	6.771	
1215	27.093	26.535	28.036	15.827	9.4065	6.7776	
1216	27.076	26.516	28.018	15.816	9.3902	6.7962	
1217	27.06	26.498	27.999	15.82	9.3945	6.7799	
1218	27.043	26.479	27.981	15.792	9.3676	6.7812	
1219	27.026	26.46	27.962	15.814	9.3787	6.7488	
1220	27.01	26.441	27.944	15.812	9.3724	6.7566	
1221	26.993	26.423	27.925	15.792	9.3678	6.7577	
1222	26.977	26.404	27.907	15.806	9.4041	6.7482	
1223	26.96	26.386	27.889	15.808	9.3612	6.7497	
1224	26.944	26.367	27.87	15.802	9.3661	6.7322	
1225	26.927	26.348	27.852	15.793	9.3623	6.7376	
1226	26.911	26.33	27.834	15.803	9.3763	6.7294	
1227	26.895	26.311	27.816	15.81	9.3589	6.7325	
1228	26.878	26.293	27.797	15.774	9.3448	6.7237	
1229	26.862	26.275	27.779	15.767	9.3236	6.7278	
1230	26.846	26.256	27.761	15.774	9.3573	6.7086	
1231	26.83	26.238	27.743	15.796	9.3605	6.676	
1232	26.814	26.22	27.725	15.789	9.3331	6.7336	
1233	26.798	26.201	27.707	15.803	9.3612	6.6865	
1234	26.781	26.183	27.689	15.779	9.3636	6.7088	
1235	26.765	26.165	27.671	15.762	9.3504	6.6856	
1236	26.749	26.147	27.653	15.776	9.3508	6.7156	
1237	26.733	26.129	27.635	15.771	9.3581	6.6932	
1238	26.718	26.111	27.617	15.803	9.3178	6.7029	
1239	26.702	26.092	27.599	15.735	9.3726	6.7182	
1240	26.686	26.074	27.581	15.732	9.2717	6.6779	
1241	26.67	26.056	27.563	15.745	9.341	6.6356	
1242	26.654	26.038	27.545	15.735	9.3044	6.6996	
1243	26.638	26.02	27.528	15.764	9.3127	6.761	
1244	26.623	26.003	27.51	15.782	9.3076	6.6586	
1245	26.607	25.985	27.492	15.721	9.362	6.5928	
1246	26.591	25.967	27.474	15.748	9.298	6.6041	
1247	26.576	25.949	27.457	15.731	9.2333	6.6094	
1248	26.56	25.931	27.439	15.743	9.2731	6.5843	
1249	26.545	25.913	27.421	15.775	9.2931	6.6536	
1250	26.529	25.896	27.404	15.753	9.3398	6.5861	
1251	26.514	25.878	27.386	15.739	9.2561	6.6486	
1252	26.498	25.86	27.369	15.709	9.2021	6.5795	
1253	26.483	25.843	27.351	15.708	9.3079	6.5872	
1254	26.467	25.825	27.333	15.716	9.2289	6.5936	
1255	26.452	25.807	27.316	15.74	9.2415	6.623	
1256	26.437	25.79	27.298	15.719	9.2629	6.5966	
1257	26.421	25.772	27.281	15.717	9.2216	6.5567	
1258	26.406	25.755	27.264	15.725	9.2458	6.548	
1259	26.391	25.737	27.246	15.694	9.2312	6.5771	
1260	26.376	25.72	27.229	15.709	9.2387	6.553	
1261	26.361	25.703	27.211	15.706	9.2178	6.5473	
1262	26.345	25.685	27.194	15.689	9.2162	6.5425	
1263	26.33	25.668	27.177	15.706	9.2186	6.5313	
1264	26.315	25.651	27.16	15.682	9.2026	6.5444	
1265	26.3	25.633	27.142	15.708	9.2245	6.5324	
1266	26.285	25.616	27.125	15.696	9.2306	6.5176	
1267	26.27	25.599	27.108	15.709	9.2023	6.5414	
1268	26.255	25.582	27.091	15.714	9.2095	6.5453	
1269	26.24	25.564	27.073	15.701	9.2186	6.5538	
1270	26.226	25.547	27.056	15.696	9.198	6.5367	
1271	26.211	25.53	27.039	15.683	9.2039	6.5136	
1272	26.196	25.513	27.022	15.688	9.2189	6.5472	
1273	26.181	25.496	27.005	15.705	9.2243	6.5247	
1274	26.166	25.479	26.988	15.701	9.2005	6.5306	
1275	26.152	25.462	26.971	15.686	9.1823	6.4939	
1276	26.137	25.445	26.954	15.699	9.2087	6.5205	
1277	26.122	25.428	26.937	15.663	9.1993	6.5191	
1278	26.108	25.411	26.92	15.665	9.1892	6.5112	
1279	26.093	25.394	26.903	15.681	9.1589	6.4593	
1280	26.079	25.377	26.886	15.675	9.156	6.4798	
1281	26.064	25.361	26.869	15.682	9.1567	6.4748	
1282	26.05	25.344	26.853	15.676	9.169	6.4949	
1283	26.035	25.327	26.836	15.656	9.1537	6.4527	
1284	26.021	25.31	26.819	15.632	9.1916	6.4591	
1285	26.006	25.294	26.802	15.644	9.1608	6.4782	
1286	25.992	25.277	26.785	15.669	9.1557	6.4463	
1287	25.978	25.26	26.769	15.652	9.1412	6.4697	
1288	25.963	25.244	26.752	15.663	9.1606	6.4591	
1289	25.949	25.227	26.735	15.652	9.1422	6.4344	
1290	25.935	25.21	26.718	15.657	9.1551	6.4376	
1291	25.92	25.194	26.702	15.64	9.1345	6.4164	
1292	25.906	25.177	26.685	15.656	9.1345	6.4736	
1293	25.892	25.161	26.669	15.647	9.1239	6.4379	
1294	25.878	25.144	26.652	15.668	9.1578	6.4281	
1295	25.864	25.128	26.635	15.646	9.1369	6.3954	
1296	25.85	25.111	26.619	15.653	9.1292	6.3926	
1297	25.836	25.095	26.602	15.651	9.0942	6.4387	
1298	25.822	25.079	26.586	15.631	9.1357	6.4042	
1299	25.808	25.062	26.569	15.641	9.0837	6.373	
1300	25.794	25.046	26.553	15.624	9.1037	6.3995	
1301	25.78	25.03	26.537	15.641	9.126	6.3705	
1302	25.766	25.013	26.52	15.611	9.0799	6.4187	
1303	25.752	24.997	26.504	15.637	9.1245	6.3851	
1304	25.738	24.981	26.487	15.648	9.1135	6.3952	
1305	25.724	24.965	26.471	15.652	9.0861	6.3467	
1306	25.71	24.949	26.455	15.629	9.1235	6.3831	
1307	25.697	24.933	26.438	15.62	9.108	6.3954	
1308	25.683	24.916	26.422	15.613	9.0891	6.388	
1309	25.669	24.9	26.406	15.62	9.0991	6.3783	
1310	25.655	24.884	26.39	15.612	9.0767	6.3653	
1311	25.642	24.868	26.373	15.62	9.0461	6.3913	
1312	25.628	24.852	26.357	15.608	9.0606	6.3221	
1313	25.615	24.836	26.341	15.613	9.0866	6.3847	
1314	25.601	24.82	26.325	15.607	9.0596	6.3495	
1315	25.587	24.804	26.309	15.602	9.0327	6.3262	
1316	25.574	24.788	26.293	15.629	8.9941	6.3194	
1317	25.56	24.773	26.277	15.605	9.0557	6.3822	
1318	25.547	24.757	26.261	15.589	9.0545	6.3601	
1319	25.533	24.741	26.244	15.631	9.0479	6.354	
1320	25.52	24.725	26.228	15.574	9.0367	6.3584	
1321	25.507	24.709	26.212	15.612	9.0226	6.3347	
1322	25.493	24.694	26.196	15.601	8.9983	6.2378	
1323	25.48	24.678	26.18	15.554	9.0135	6.278	
1324	25.467	24.662	26.165	15.608	9.0519	6.2872	
1325	25.453	24.646	26.149	15.621	8.9865	6.3038	
1326	25.44	24.631	26.133	15.629	8.988	6.2721	
1327	25.427	24.615	26.117	15.6	9.0561	6.2622	
1328	25.414	24.6	26.101	15.561	8.9618	6.3632	
1329	25.4	24.584	26.085	15.563	8.9748	6.2771	
1330	25.387	24.568	26.069	15.621	9.0407	6.2531	
1331	25.374	24.553	26.054	15.566	9.0607	6.3246	
1332	25.361	24.537	26.038	15.561	8.9719	6.418	
1333	25.348	24.522	26.022	15.578	9.0236	6.2824	
1334	25.335	24.506	26.006	15.6	8.9906	6.2743	
1335	25.322	24.491	25.991	15.55	9.0051	6.153	
1336	25.309	24.475	25.975	15.537	9.0374	6.3185	
1337	25.296	24.46	25.959	15.618	8.9803	6.1591	
1338	25.283	24.445	25.944	15.535	9.048	6.2468	
1339	25.27	24.429	25.928	15.561	9.032	6.2708	
1340	25.257	24.414	25.912	15.593	9.0077	6.1586	
1341	25.244	24.399	25.897	15.666	8.8259	6.2786	
1342	25.231	24.383	25.881	15.575	8.9248	6.4947	
1343	25.219	24.368	25.866	15.64	9.0003	6.4568	
1344	25.206	24.353	25.85	15.52	9.0383	6.2736	
1345	25.193	24.338	25.834	15.567	9.1261	6.2256	
1346	25.18	24.323	25.819	15.405	8.8527	6.0078	
1347	25.167	24.307	25.803	15.559	9.1196	5.8337	
1348	25.155	24.292	25.788	15.504	9.1334	6.1728	
1349	25.142	24.277	25.773	15.419	9.278	6.2167	
1350	25.129	24.262	25.757	15.265	9.0644	6.2217	
1351	25.117	24.247	25.742	15.503	8.9301	5.9253	
1352	25.104	24.232	25.726	15.455	8.8241	6.3825	
1353	25.092	24.217	25.711	15.547	8.3823	6.2501	
1354	25.079	24.202	25.696	15.469	9.3073	6.3855	
1355	25.067	24.187	25.68	15.712	8.773	5.6078	
1356	25.054	24.172	25.665	15.648	9.1567	6.0752	
1357	25.042	24.157	25.65	15.444	9.0441	6.2724	
1358	25.029	24.142	25.634	16.248	9.371	6.3795	
1359	25.017	24.127	25.619	16.262	8.6908	6.918	
1426	24.234	23.178	24.639	15.655	9.2987	6.337	
1427	24.223	23.164	24.625	15.544	8.6458	6.0444	
1428	24.212	23.151	24.611	15.394	8.841	5.6434	
1429	24.201	23.137	24.597	15.638	8.6618	5.8162	
1430	24.19	23.124	24.583	15.645	8.8034	5.8313	
1431	24.179	23.11	24.569	15.324	8.9254	6.1083	
1432	24.168	23.097	24.555	15.558	8.5618	5.8907	
1433	24.157	23.084	24.541	15.35	8.5981	5.8503	
1434	24.147	23.07	24.527	15.504	8.9164	6.1849	
1435	24.136	23.057	24.513	15.523	8.856	5.7635	
1436	24.125	23.044	24.499	15.531	8.646	5.9371	
1437	24.114	23.03	24.485	15.437	8.9074	5.8618	
1438	24.103	23.017	24.471	15.329	8.6594	5.9473	
1439	24.093	23.004	24.457	15.448	8.7878	5.9026	
1440	24.082	22.991	24.444	15.332	8.7869	5.8234	
1441	24.071	22.977	24.43	15.418	8.6815	6.0523	
1442	24.06	22.964	24.416	15.471	8.6178	5.804	
1443	24.05	22.951	24.402	15.352	8.745	5.9607	
1444	24.039	22.938	24.388	15.461	8.7728	5.754	
1445	24.029	22.925	24.375	15.33	8.7337	5.8418	
1446	24.018	22.911	24.361	15.463	8.6349	5.8148	
1447	24.007	22.898	24.347	15.435	8.7027	5.7187	
1448	23.997	22.885	24.333	15.418	8.6759	5.8657	
1449	23.986	22.872	24.32	15.369	8.7286	5.8616	
1450	23.976	22.859	24.306	15.389	8.7223	5.7667	
1451	23.965	22.846	24.292	15.439	8.6835	5.8613	
1452	23.955	22.833	24.279	15.461	8.7416	5.9121	
1453	23.944	22.82	24.265	15.432	8.7434	5.9344	
1454	23.934	22.807	24.252	15.347	8.6775	5.7013	
1455	23.923	22.794	24.238	15.416	8.7501	5.778	
1456	23.913	22.781	24.224	15.442	8.7139	5.8162	
1457	23.902	22.768	24.211	15.384	8.5911	5.8161	
1458	23.892	22.755	24.197	15.382	8.7003	5.8269	
1459	23.882	22.742	24.184	15.364	8.5653	5.7475	
1460	23.871	22.729	24.17	15.406	8.6329	5.8577	
1461	23.861	22.716	24.157	15.425	8.6263	5.8131	
1462	23.851	22.704	24.143	15.392	8.6402	5.8205	
1463	23.84	22.691	24.13	15.378	8.6426	5.7707	
1464	23.83	22.678	24.116	15.356	8.6674	5.7556	
1465	23.82	22.665	24.103	15.367	8.7009	5.7782	
1466	23.809	22.652	24.089	15.362	8.5979	5.8152	
1467	23.799	22.64	24.076	15.382	8.6242	5.8072	
1468	23.789	22.627	24.062	15.351	8.6378	5.7845	
1469	23.779	22.614	24.049	15.375	8.6157	5.7777	
1470	23.769	22.601	24.036	15.368	8.6027	5.7829	
1471	23.758	22.589	24.022	15.371	8.6274	5.7814	
1472	23.748	22.576	24.009	15.372	8.6286	5.7604	
1473	23.738	22.563	23.996	15.361	8.64	5.7729	
1474	23.728	22.551	23.982	15.364	8.6233	5.7729	
1475	23.718	22.538	23.969	15.367	8.6216	5.7631	
1476	23.708	22.525	23.956	15.361	8.6167	5.7547	
1477	23.698	22.513	23.943	15.367	8.6407	5.7684	
1478	23.688	22.5	23.929	15.372	8.6251	5.7501	
1479	23.678	22.488	23.916	15.364	8.6199	5.7574	
1480	23.668	22.475	23.903	15.365	8.6238	5.7479	
1481	23.658	22.462	23.89	15.366	8.6113	5.7261	
1482	23.648	22.45	23.876	15.361	8.6283	5.7517	
1483	23.638	22.437	23.863	15.362	8.62	5.7472	
1484	23.628	22.425	23.85	15.378	8.6195	5.7384	
1485	23.618	22.413	23.837	15.355	8.6304	5.737	
1486	23.608	22.4	23.824	15.356	8.5946	5.6973	
1487	23.598	22.388	23.811	15.348	8.6228	5.7008	
1488	23.588	22.375	23.798	15.36	8.6145	5.7232	
1489	23.578	22.363	23.784	15.361	8.6151	5.7038	
1490	23.569	22.35	23.771	15.362	8.5895	5.747	
1491	23.559	22.338	23.758	15.345	8.6053	5.698	
1492	23.549	22.326	23.745	15.351	8.5961	5.7165	
1493	23.539	22.313	23.732	15.341	8.5614	5.7088	
1494	23.529	22.301	23.719	15.341	8.5719	5.697	
1495	23.52	22.289	23.706	15.332	8.5697	5.6877	
1496	23.51	22.276	23.693	15.36	8.6007	5.7053	
1497	23.5	22.264	23.68	15.331	8.5842	5.694	
1498	23.49	22.252	23.667	15.364	8.5808	5.6957	
1499	23.481	22.24	23.654	15.346	8.5729	5.7135	
1500	23.471	22.227	23.641	15.338	8.5688	5.6944	
1501	23.461	22.215	23.628	15.324	8.5615	5.6481	
1502	23.452	22.203	23.616	15.341	8.5663	5.6767	
1503	23.442	22.191	23.603	15.337	8.5858	5.6658	
1504	23.433	22.179	23.59	15.331	8.5525	5.6375	
1505	23.423	22.167	23.577	15.336	8.5556	5.6753	
1506	23.413	22.154	23.564	15.327	8.5511	5.6423	
1507	23.404	22.142	23.551	15.311	8.5398	5.6658	
1508	23.394	22.13	23.538	15.308	8.5416	5.6703	
1509	23.385	22.118	23.526	15.345	8.5427	5.6533	
1510	23.375	22.106	23.513	15.333	8.5601	5.6374	
1511	23.366	22.094	23.5	15.339	8.555	5.6471	
1512	23.356	22.082	23.487	15.33	8.5822	5.6517	
1513	23.347	22.07	23.475	15.364	8.5032	5.6648	
1514	23.337	22.058	23.462	15.322	8.5396	5.6835	
1515	23.328	22.046	23.449	15.295	8.5603	5.6483	
1516	23.318	22.034	23.436	15.318	8.5056	5.6522	
1517	23.309	22.022	23.424	15.315	8.5658	5.6102	
1518	23.3	22.01	23.411	15.295	8.5482	5.6359	
1519	23.29	21.998	23.398	15.297	8.5464	5.6432	
1520	23.281	21.986	23.386	15.291	8.534	5.6375	
1521	23.272	21.974	23.373	15.314	8.4871	5.5673	
1522	23.262	21.963	23.36	15.294	8.5187	5.5965	
1523	23.253	21.951	23.348	15.298	8.5355	5.6022	
1524	23.244	21.939	23.335	15.33	8.5488	5.6586	
1525	23.234	21.927	23.323	15.314	8.5414	5.6269	
1526	23.225	21.915	23.31	15.292	8.5151	5.6013	
1527	23.216	21.903	23.297	15.3	8.528	5.6024	
1528	23.207	21.892	23.285	15.288	8.5465	5.6141	
1529	23.197	21.88	23.272	15.293	8.4942	5.5902	
1530	23.188	21.868	23.26	15.303	8.5058	5.6026	
1531	23.179	21.856	23.247	15.28	8.4914	5.604	
1532	23.17	21.845	23.235	15.308	8.4916	5.603	
1533	23.161	21.833	23.222	15.284	8.4702	5.5967	
1534	23.151	21.821	23.21	15.305	8.4793	5.6376	
1535	23.142	21.809	23.198	15.298	8.4926	5.5712	
1536	23.133	21.798	23.185	15.276	8.4891	5.5791	
1537	23.124	21.786	23.173	15.283	8.4941	5.5846	
1538	23.115	21.775	23.16	15.277	8.5252	5.5789	
1539	23.106	21.763	23.148	15.294	8.4816	5.577	
1540	23.097	21.751	23.135	15.287	8.4628	5.578	
1541	23.088	21.74	23.123	15.275	8.4525	5.5494	
1542	23.079	21.728	23.111	15.281	8.4651	5.5754	
1543	23.07	21.717	23.098	15.279	8.4722	5.544	
1544	23.061	21.705	23.086	15.282	8.4897	5.5788	
1545	23.052	21.693	23.074	15.263	8.493	5.5536	
1546	23.043	21.682	23.061	15.278	8.4662	5.5539	
1547	23.034	21.67	23.049	15.274	8.4734	5.5453	
1548	23.025	21.659	23.037	15.277	8.4642	5.5399	
1549	23.016	21.647	23.025	15.277	8.4838	5.5347	
1550	23.007	21.636	23.012	15.282	8.4621	5.5433	
1551	22.998	21.625	23	15.26	8.4848	5.5405	
1552	22.989	21.613	22.988	15.272	8.4641	5.5476	
1553	22.98	21.602	22.976	15.253	8.4528	5.5522	
1554	22.971	21.59	22.963	15.262	8.4672	5.5335	
1555	22.963	21.579	22.951	15.281	8.442	5.52	
1556	22.954	21.568	22.939	15.259	8.4567	5.5561	
1557	22.945	21.556	22.927	15.253	8.4481	5.5181	
1558	22.936	21.545	22.915	15.256	8.4504	5.5207	
1559	22.927	21.533	22.903	15.276	8.4324	5.4932	
1560	22.919	21.522	22.891	15.271	8.4614	5.517	
1561	22.91	21.511	22.878	15.28	8.463	5.5073	
1562	22.901	21.5	22.866	15.286	8.4263	5.5184	
1563	22.892	21.488	22.854	15.246	8.4494	5.5213	
1564	22.884	21.477	22.842	15.253	8.4738	5.4959	
1565	22.875	21.466	22.83	15.26	8.475	5.4892	
1566	22.866	21.455	22.818	15.25	8.4211	5.471	
1567	22.858	21.443	22.806	15.272	8.4036	5.5013	
1568	22.849	21.432	22.794	15.254	8.4459	5.5132	
1569	22.84	21.421	22.782	15.273	8.4673	5.5183	
1570	22.832	21.41	22.77	15.258	8.4541	5.5109	
1571	22.823	21.399	22.758	15.251	8.43	5.5032	
1572	22.814	21.387	22.746	15.247	8.4216	5.516	
1573	22.806	21.376	22.734	15.253	8.4038	5.4898	
1574	22.797	21.365	22.722	15.271	8.4254	5.4739	
1575	22.789	21.354	22.71	15.231	8.4078	5.4942	
1576	22.78	21.343	22.698	15.249	8.3978	5.4296	
1577	22.772	21.332	22.686	15.217	8.3749	5.4756	
1578	22.763	21.321	22.674	15.237	8.4288	5.4607	
1579	22.755	21.31	22.663	15.228	8.4205	5.4795	
1580	22.746	21.299	22.651	15.239	8.3869	5.4487	
1581	22.738	21.288	22.639	15.234	8.4189	5.4105	
1582	22.729	21.277	22.627	15.257	8.4008	5.48	
1583	22.721	21.266	22.615	15.226	8.4345	5.4544	
1584	22.712	21.255	22.603	15.259	8.3606	5.4227	
1585	22.704	21.244	22.592	15.244	8.4289	5.4566	
1586	22.695	21.233	22.58	15.233	8.3734	5.502	
1587	22.687	21.222	22.568	15.238	8.4237	5.4611	
1588	22.679	21.211	22.556	15.245	8.3774	5.3926	
1589	22.67	21.2	22.544	15.215	8.3875	5.4566	
1590	22.662	21.189	22.533	15.228	8.3519	5.4219	
1591	22.653	21.178	22.521	15.219	8.3652	5.442	
1592	22.645	21.167	22.509	15.22	8.4063	5.4059	
1593	22.637	21.156	22.497	15.242	8.3902	5.4055	
1594	22.628	21.146	22.486	15.227	8.3533	5.4718	
1595	22.62	21.135	22.474	15.251	8.3693	5.388	
1596	22.612	21.124	22.462	15.218	8.396	5.4089	
1597	22.604	21.113	22.451	15.224	8.3787	5.4234	
1598	22.595	21.102	22.439	15.233	8.3674	5.3693	
1599	22.587	21.092	22.427	15.229	8.3583	5.4027	
1600	22.579	21.081	22.416	15.215	8.372	5.3582	
1601	22.571	21.07	22.404	15.245	8.3609	5.4297	
1602	22.562	21.059	22.393	15.238	8.3485	5.3855	
1603	22.554	21.049	22.381	15.243	8.3307	5.3756	
1604	22.546	21.038	22.369	15.231	8.3665	5.3766	
1605	22.538	21.027	22.358	15.219	8.355	5.4195	
1606	22.53	21.016	22.346	15.218	8.3515	5.381	
1607	22.521	21.006	22.335	15.236	8.3546	5.3807	
1608	22.513	20.995	22.323	15.198	8.3743	5.3834	
1609	22.505	20.984	22.312	15.209	8.3542	5.3865	
1610	22.497	20.974	22.3	15.217	8.3669	5.3679	
1611	22.489	20.963	22.289	15.223	8.3448	5.3933	
1612	22.481	20.952	22.277	15.243	8.3307	5.3638	
1613	22.473	20.942	22.266	15.178	8.3644	5.3728	
1614	22.465	20.931	22.254	15.202	8.361	5.4227	
1615	22.457	20.921	22.243	15.227	8.3397	5.3958	
1616	22.449	20.91	22.231	15.22	8.3127	5.3666	
1617	22.441	20.9	22.22	15.246	8.3553	5.3936	
1618	22.433	20.889	22.209	15.226	8.3236	5.3726	
1619	22.425	20.879	22.197	15.199	8.3466	5.3731	
1620	22.417	20.868	22.186	15.181	8.3603	5.3781	
1621	22.409	20.858	22.174	15.208	8.3253	5.3494	
1622	22.401	20.847	22.163	15.178	8.3112	5.3902	
1623	22.393	20.837	22.152	15.171	8.3181	5.3343	
1624	22.385	20.826	22.14	15.213	8.3478	5.3601	
1625	22.377	20.816	22.129	15.221	8.3268	5.3138	
1626	22.369	20.805	22.118	15.189	8.3195	5.3457	
1627	22.361	20.795	22.106	15.194	8.2845	5.3273	
1628	22.353	20.784	22.095	15.187	8.3499	5.3401	
1629	22.345	20.774	22.084	15.19	8.342	5.3735	
1630	22.337	20.764	22.072	15.179	8.3391	5.3371	
1631	22.33	20.753	22.061	15.173	8.3154	5.3855	
1632	22.322	20.743	22.05	15.186	8.35	5.3166	
1633	22.314	20.732	22.039	15.203	8.3497	5.3381	
1634	22.306	20.722	22.027	15.171	8.297	5.3258	
1635	22.298	20.712	22.016	15.194	8.3312	5.3287	
1636	22.291	20.701	22.005	15.188	8.3212	5.3036	
1637	22.283	20.691	21.994	15.199	8.3059	5.3668	
1638	22.275	20.681	21.983	15.222	8.2801	5.3259	
1639	22.267	20.671	21.971	15.182	8.3194	5.2974	
1640	22.259	20.66	21.96	15.173	8.2818	5.3281	
1641	22.252	20.65	21.949	15.175	8.354	5.2891	
1642	22.244	20.64	21.938	15.205	8.2703	5.335	
1643	22.236	20.63	21.927	15.19	8.3112	5.2849	
1644	22.229	20.619	21.916	15.187	8.2906	5.3078	
1645	22.221	20.609	21.905	15.188	8.2927	5.329	
1646	22.213	20.599	21.894	15.208	8.31	5.2496	
1647	22.206	20.589	21.882	15.15	8.3281	5.3322	
1648	22.198	20.579	21.871	15.196	8.214	5.2562	
1649	22.19	20.568	21.86	15.203	8.3041	5.32	
1650	22.183	20.558	21.849	15.183	8.3097	5.3172	
1651	22.175	20.548	21.838	15.183	8.2823	5.2789	
1652	22.167	20.538	21.827	15.167	8.2903	5.2806	
1653	22.16	20.528	21.816	15.222	8.273	5.3132	
1654	22.152	20.518	21.805	15.187	8.2721	5.3	
1655	22.145	20.508	21.794	15.181	8.3124	5.2674	
1656	22.137	20.498	21.783	15.178	8.2858	5.2886	
1657	22.13	20.488	21.772	15.182	8.2736	5.2715	
1658	22.122	20.478	21.761	15.168	8.2909	5.2684	
1659	22.114	20.468	21.75	15.198	8.2389	5.2994	
1660	22.107	20.457	21.739	15.134	8.2013	5.3163	
1661	22.099	20.447	21.728	15.18	8.22	5.277	
1662	22.092	20.437	21.718	15.141	8.2754	5.2561	
1663	22.084	20.427	21.707	15.16	8.3068	5.3083	
1664	22.077	20.418	21.696	15.139	8.2076	5.1903	
1665	22.07	20.408	21.685	15.134	8.2768	5.2901	
1666	22.062	20.398	21.674	15.203	8.2376	5.2267	
1667	22.055	20.388	21.663	15.116	8.178	5.2636	
1668	22.047	20.378	21.652	15.094	8.2587	5.2816	
1669	22.04	20.368	21.641	15.177	8.2221	5.1642	
1670	22.032	20.358	21.631	15.177	8.3188	5.28	
1671	22.025	20.348	21.62	15.144	8.2985	5.1962	
1672	22.018	20.338	21.609	15.205	8.2434	5.1552	
1673	22.01	20.328	21.598	15.194	8.2671	5.2595	
1674	22.003	20.318	21.587	15.196	8.273	5.2443	
1675	21.995	20.308	21.576	15.123	8.1082	5.2754	
1676	21.988	20.299	21.566	15.177	8.2951	5.2414	
1677	21.981	20.289	21.555	15.141	8.2686	5.3115	
1678	21.973	20.279	21.544	15.131	8.1656	5.2901	
1679	21.966	20.269	21.533	15.153	8.2106	5.2576	
1680	21.959	20.259	21.523	15.136	8.2649	5.3272	
1681	21.952	20.25	21.512	15.15	8.3289	5.2473	
1682	21.944	20.24	21.501	15.105	8.2398	5.2015	
1683	21.937	20.23	21.491	15.132	8.2922	5.1972	
1684	21.93	20.22	21.48	15.112	8.2552	5.3479	
1685	21.923	20.211	21.469	15.14	8.0623	5.0309	
1686	21.915	20.201	21.459	15.254	8.287	5.2897	
1687	21.908	20.191	21.448	15.066	8.3556	5.4453	
1688	21.901	20.181	21.437	15.075	8.27	5.2045	
1689	21.894	20.172	21.427	15.151	8.2085	5.0922	
1690	21.886	20.162	21.416	15.044	8.425	5.2279	
1691	21.879	20.152	21.405	15.226	8.1621	5.1941	
1692	21.872	20.143	21.395	15.228	8.4692	5.2754	
1693	21.865	20.133	21.384	14.99	8.3545	5.5722	
1694	21.858	20.123	21.374	14.9	8.082	5.2263	
1695	21.851	20.114	21.363	15.192	8.4939	5.4261	
1696	21.843	20.104	21.352	15.082	8.2301	5.4347	
1697	21.836	20.095	21.342	15.142	8.3357	5.437	
1698	21.829	20.085	21.331	14.719	8.2576	4.9981	
1699	21.822	20.075	21.321	14.916	8.6842	5.3629	
1700	21.815	20.066	21.31	14.932	8.1696	5.1826	
