	65	70	75	65	70	75	
300	45.955	44.089	43.075	37.511	37.209	37.514	
301	45.284	43.529	42.634	37.295	36.907	37.453	
302	44.648	42.998	42.213	37.087	36.772	37.279	
303	44.043	42.492	41.807	37.019	36.553	37.024	
304	43.469	42.008	41.417	36.99	36.489	37.052	
305	42.924	41.547	41.039	36.884	36.423	36.867	
306	42.405	41.105	40.673	36.614	36.185	36.77	
307	41.912	40.68	40.316	36.511	36.277	36.641	
308	41.443	40.273	39.969	36.334	36.128	36.541	
309	40.996	39.88	39.63	36.365	35.959	36.377	
310	40.569	39.5	39.297	36.171	35.873	36.379	
311	40.162	39.134	38.971	36.159	35.715	36.319	
312	39.773	38.779	38.65	36.209	35.719	36.207	
313	39.401	38.434	38.333	35.89	35.526	36.139	
314	39.044	38.099	38.02	35.955	35.547	35.953	
315	38.703	37.773	37.71	35.892	35.364	35.909	
316	38.375	37.455	37.402	35.798	35.418	35.815	
317	38.06	37.144	37.096	35.661	35.298	35.754	
318	37.757	36.84	36.791	35.561	35.153	35.59	
319	37.465	36.542	36.487	35.518	35.053	35.611	
320	37.184	36.25	36.184	35.535	35.035	35.459	
321	36.913	35.963	35.88	35.427	34.977	35.375	
322	36.651	35.681	35.577	35.393	34.901	35.332	
323	36.398	35.403	35.273	35.355	34.78	35.278	
324	36.153	35.13	34.968	35.23	34.786	35.152	
325	35.917	34.861	34.662	35.241	34.578	35.091	
326	35.687	34.595	34.354	35.155	34.568	35.032	
327	35.465	34.333	34.045	35.062	34.546	34.927	
328	35.25	34.075	33.735	35.028	34.498	34.847	
329	35.042	33.819	33.423	34.999	34.432	34.774	
330	34.84	33.567	33.109	35.011	34.459	34.767	
331	34.644	33.318	32.794	34.888	34.365	34.712	
332	34.454	33.073	32.476	34.842	34.23	34.555	
333	34.27	32.83	32.157	34.885	34.182	34.577	
334	34.092	32.591	31.836	34.798	34.161	34.525	
335	33.92	32.355	31.514	34.731	34.097	34.447	
336	33.754	32.122	31.189	34.609	34.041	34.358	
337	33.593	31.893	30.864	34.687	34.006	34.353	
338	33.438	31.668	30.538	34.632	33.962	34.303	
339	33.289	31.447	30.21	34.529	33.832	34.23	
340	33.145	31.229	29.882	34.579	33.724	34.179	
341	33.008	31.016	29.553	34.486	33.766	34.165	
342	32.876	30.808	29.224	34.466	33.725	34.1	
343	32.75	30.604	28.894	34.549	33.733	34.023	
344	32.63	30.405	28.566	34.521	33.702	33.95	
345	32.516	30.212	28.238	34.424	33.661	33.933	
346	32.409	30.024	27.912	34.455	33.622	33.892	
347	32.309	29.843	27.588	34.458	33.593	33.865	
348	32.215	29.669	27.267	34.377	33.616	33.812	
349	32.129	29.502	26.949	34.389	33.625	33.81	
350	32.05	29.343	26.636	34.388	33.625	33.767	
351	31.98	29.193	26.328	34.35	33.524	33.743	
352	31.919	29.053	26.027	34.396	33.574	33.8	
353	31.868	28.924	25.733	34.351	33.52	33.614	
354	31.826	28.805	25.448	34.458	33.583	33.722	
355	31.794	28.698	25.172	34.599	33.444	33.575	
356	31.773	28.603	24.903	34.579	33.535	33.58	
357	31.76	28.518	24.643	34.514	33.694	33.653	
358	31.755	28.441	24.387	34.45	33.599	33.561	
359	31.755	28.369	24.133	34.557	33.626	33.604	
360	31.755	28.298	23.876	34.568	33.602	33.533	
361	31.753	28.224	23.611	34.519	33.534	33.614	
362	31.742	28.14	23.334	34.468	33.471	33.318	
363	31.719	28.042	23.039	34.502	33.373	33.27	
364	31.68	27.925	22.723	34.485	33.406	33.141	
365	31.621	27.786	22.385	34.48	33.239	33.257	
366	31.541	27.624	22.024	34.43	33.18	32.916	
367	31.439	27.438	21.643	34.217	33.026	32.627	
368	31.315	27.228	21.244	34.2	33.006	32.484	
369	31.168	26.994	20.828	34.034	32.568	32.257	
370	31.001	26.74	20.402	33.841	32.395	31.955	
371	30.818	26.472	19.974	33.737	32.227	31.762	
372	30.624	26.195	19.552	33.555	32.089	31.437	
373	30.42	25.911	19.14	33.39	31.779	31.262	
374	30.21	25.624	18.743	33.076	31.523	30.992	
375	29.996	25.338	18.366	32.972	31.289	30.557	
376	29.779	25.054	18.011	32.744	31.026	30.281	
377	29.563	24.777	17.682	32.512	30.758	29.935	
378	29.348	24.506	17.38	32.361	30.452	29.755	
379	29.136	24.244	17.107	32.152	30.302	29.525	
380	28.929	23.993	16.864	31.847	30.094	29.22	
381	28.726	23.752	16.65	31.78	29.805	28.874	
382	28.527	23.522	16.466	31.618	29.702	28.718	
383	28.334	23.303	16.311	31.407	29.37	28.494	
384	28.146	23.095	16.184	31.178	29.194	28.195	
385	27.965	22.899	16.085	31.074	29.021	28.069	
386	27.79	22.717	16.012	30.864	28.789	27.848	
387	27.622	22.545	15.964	30.652	28.633	27.637	
388	27.46	22.386	15.94	30.583	28.41	27.476	
389	27.304	22.238	15.938	30.461	28.307	27.256	
390	27.154	22.101	15.957	30.26	28.108	27.05	
391	27.013	21.978	15.997	30.191	27.915	26.895	
392	26.878	21.866	16.056	29.981	27.735	26.665	
393	26.75	21.766	16.132	29.878	27.587	26.582	
394	26.629	21.676	16.224	29.682	27.397	26.4	
395	26.514	21.597	16.331	29.63	27.355	26.298	
396	26.406	21.529	16.452	29.422	27.142	26.077	
397	26.306	21.473	16.586	29.335	27.036	25.925	
398	26.211	21.426	16.731	29.275	26.882	25.776	
399	26.122	21.388	16.886	29.093	26.69	25.637	
400	26.039	21.359	17.05	29.072	26.6	25.423	
401	25.963	21.34	17.225	28.922	26.451	25.337	
402	25.893	21.33	17.406	28.768	26.379	25.181	
403	25.827	21.327	17.594	28.682	26.196	25.041	
404	25.765	21.331	17.787	28.573	26.143	24.894	
405	25.71	21.343	17.986	28.511	25.929	24.83	
406	25.659	21.362	18.19	28.418	25.831	24.647	
407	25.612	21.387	18.396	28.306	25.691	24.585	
408	25.569	21.418	18.606	28.204	25.67	24.441	
409	25.531	21.454	18.819	28.091	25.533	24.21	
410	25.496	21.497	19.034	28.031	25.423	24.179	
411	25.465	21.543	19.25	27.868	25.362	24.088	
412	25.437	21.595	19.467	27.819	25.199	23.977	
413	25.413	21.651	19.685	27.751	25.068	23.815	
414	25.392	21.711	19.903	27.647	25.046	23.779	
415	25.374	21.775	20.122	27.567	24.906	23.666	
416	25.359	21.842	20.34	27.436	24.81	23.564	
417	25.347	21.913	20.558	27.395	24.667	23.442	
418	25.337	21.987	20.775	27.242	24.576	23.314	
419	25.33	22.064	20.991	27.24	24.539	23.278	
420	25.326	22.144	21.207	27.177	24.391	23.051	
421	25.325	22.226	21.421	26.993	24.277	23.05	
422	25.326	22.311	21.634	27.016	24.164	22.99	
423	25.329	22.398	21.845	26.934	24.088	22.879	
424	25.335	22.487	22.056	26.867	24.049	22.714	
425	25.342	22.579	22.264	26.755	23.89	22.644	
426	25.352	22.672	22.471	26.651	23.86	22.58	
427	25.365	22.767	22.676	26.553	23.755	22.538	
428	25.379	22.864	22.88	26.479	23.663	22.372	
429	25.395	22.962	23.082	26.519	23.569	22.282	
430	25.414	23.061	23.282	26.369	23.426	22.284	
431	25.434	23.162	23.48	26.264	23.503	22.162	
432	25.456	23.264	23.676	26.276	23.311	21.984	
433	25.48	23.368	23.871	26.141	23.339	21.941	
434	25.505	23.473	24.063	26.086	23.175	21.795	
435	25.533	23.578	24.254	26.006	23.033	21.804	
436	25.562	23.685	24.443	25.973	22.899	21.543	
437	25.593	23.792	24.63	25.893	22.922	21.617	
438	25.625	23.9	24.815	25.872	22.893	21.469	
439	25.659	24.009	24.999	25.71	22.818	21.435	
440	25.694	24.118	25.181	25.695	22.639	21.343	
441	25.731	24.229	25.361	25.63	22.648	21.261	
442	25.77	24.34	25.539	25.588	22.648	21.104	
443	25.81	24.451	25.715	25.507	22.442	21.184	
444	25.851	24.563	25.89	25.556	22.424	20.985	
445	25.894	24.675	26.063	25.392	22.277	20.91	
446	25.938	24.788	26.234	25.234	22.293	20.863	
447	25.984	24.901	26.404	25.292	22.112	20.749	
448	26.03	25.015	26.572	25.195	22.141	20.723	
449	26.078	25.129	26.739	25.183	22.026	20.627	
450	26.128	25.243	26.904	25.118	21.916	20.654	
451	26.178	25.358	27.068	25.118	21.857	20.554	
452	26.23	25.473	27.23	25.026	21.784	20.444	
453	26.283	25.588	27.391	24.922	21.755	20.443	
454	26.337	25.703	27.55	24.835	21.684	20.273	
455	26.392	25.819	27.708	24.769	21.671	20.279	
456	26.448	25.934	27.865	24.72	21.58	20.095	
457	26.506	26.051	28.021	24.709	21.546	20.092	
458	26.564	26.167	28.175	24.66	21.441	20.062	
459	26.624	26.283	28.328	24.663	21.481	19.975	
460	26.685	26.4	28.48	24.545	21.331	19.906	
461	26.746	26.516	28.63	24.62	21.233	19.818	
462	26.809	26.633	28.78	24.431	21.183	19.772	
463	26.873	26.75	28.928	24.46	21.21	19.722	
464	26.938	26.868	29.076	24.327	21.031	19.609	
465	27.003	26.985	29.222	24.36	21.017	19.608	
466	27.07	27.102	29.367	24.267	20.954	19.454	
467	27.138	27.22	29.512	24.206	20.854	19.484	
468	27.206	27.338	29.655	24.17	20.799	19.396	
469	27.276	27.456	29.798	24.092	20.77	19.34	
470	27.346	27.574	29.94	24.061	20.699	19.193	
471	27.418	27.692	30.081	24.012	20.652	19.217	
472	27.49	27.81	30.221	23.934	20.679	19.142	
473	27.563	27.929	30.361	23.947	20.517	19.035	
474	27.637	28.048	30.5	23.908	20.509	19.076	
475	27.712	28.166	30.637	23.846	20.472	18.955	
476	27.788	28.285	30.775	23.824	20.439	18.928	
477	27.865	28.405	30.912	23.74	20.279	18.806	
478	27.943	28.524	31.048	23.684	20.28	18.775	
479	28.021	28.643	31.183	23.667	20.197	18.72	
480	28.101	28.763	31.319	23.599	20.142	18.638	
481	28.181	28.883	31.453	23.572	20.093	18.615	
482	28.262	29.003	31.587	23.495	20.1	18.561	
483	28.344	29.124	31.721	23.543	20.037	18.524	
484	28.427	29.244	31.854	23.447	19.952	18.437	
485	28.511	29.365	31.987	23.405	19.904	18.479	
486	28.595	29.486	32.119	23.388	19.787	18.36	
487	28.681	29.608	32.251	23.308	19.783	18.254	
488	28.767	29.729	32.383	23.318	19.714	18.213	
489	28.854	29.851	32.514	23.228	19.691	18.178	
490	28.942	29.973	32.646	23.239	19.606	18.185	
491	29.031	30.096	32.777	23.162	19.598	18.078	
492	29.12	30.219	32.907	23.125	19.513	18.036	
493	29.211	30.342	33.038	23.098	19.505	17.975	
494	29.302	30.465	33.168	23.049	19.475	17.976	
495	29.395	30.589	33.298	23.039	19.452	17.877	
496	29.488	30.713	33.428	22.991	19.38	17.876	
497	29.582	30.838	33.559	22.952	19.303	17.874	
498	29.676	30.962	33.688	22.922	19.281	17.787	
499	29.772	31.088	33.818	22.888	19.204	17.73	
500	29.868	31.213	33.948	22.873	19.164	17.653	
501	29.966	31.34	34.078	22.799	19.155	17.607	
502	30.064	31.466	34.208	22.748	19.072	17.553	
503	30.163	31.593	34.338	22.745	19.08	17.515	
504	30.263	31.72	34.468	22.67	18.989	17.461	
505	30.364	31.849	34.598	22.66	18.966	17.426	
506	30.466	31.977	34.728	22.59	18.9	17.357	
507	30.569	32.106	34.859	22.573	18.858	17.36	
508	30.672	32.235	34.989	22.544	18.831	17.264	
509	30.777	32.365	35.12	22.54	18.784	17.234	
510	30.882	32.496	35.251	22.464	18.744	17.185	
511	30.988	32.627	35.382	22.441	18.672	17.172	
512	31.096	32.758	35.514	22.411	18.653	17.095	
513	31.204	32.891	35.645	22.38	18.604	17.039	
514	31.313	33.023	35.777	22.329	18.581	17.008	
515	31.423	33.157	35.91	22.323	18.521	16.956	
516	31.534	33.291	36.042	22.272	18.488	16.925	
517	31.646	33.426	36.175	22.233	18.453	16.889	
518	31.759	33.561	36.309	22.213	18.429	16.8	
519	31.873	33.697	36.442	22.156	18.383	16.8	
520	31.988	33.834	36.576	22.155	18.329	16.783	
521	32.104	33.971	36.711	22.107	18.281	16.705	
522	32.221	34.109	36.846	22.082	18.236	16.682	
523	32.338	34.248	36.981	22.044	18.197	16.633	
524	32.457	34.388	37.117	22.008	18.175	16.576	
525	32.577	34.528	37.254	21.973	18.11	16.541	
526	32.698	34.669	37.391	21.948	18.101	16.479	
527	32.82	34.811	37.528	21.919	18.041	16.467	
528	32.943	34.954	37.667	21.871	18.015	16.444	
529	33.068	35.098	37.805	21.848	17.935	16.346	
530	33.193	35.242	37.945	21.807	17.963	16.332	
531	33.319	35.388	38.084	21.787	17.894	16.282	
532	33.446	35.534	38.225	21.792	17.872	16.249	
533	33.575	35.681	38.366	21.715	17.836	16.21	
534	33.705	35.829	38.508	21.688	17.765	16.173	
535	33.835	35.978	38.651	21.675	17.736	16.118	
536	33.967	36.128	38.794	21.642	17.728	16.071	
537	34.1	36.278	38.938	21.635	17.67	16.051	
538	34.235	36.43	39.083	21.595	17.649	16.008	
539	34.37	36.583	39.228	21.569	17.626	15.99	
540	34.506	36.737	39.374	21.55	17.587	15.938	
541	34.644	36.891	39.521	21.51	17.537	15.923	
542	34.783	37.047	39.669	21.482	17.509	15.858	
543	34.923	37.204	39.818	21.476	17.461	15.814	
544	35.065	37.362	39.967	21.431	17.422	15.773	
545	35.207	37.521	40.118	21.41	17.437	15.761	
546	35.351	37.681	40.269	21.352	17.352	15.71	
547	35.497	37.842	40.421	21.367	17.317	15.707	
548	35.643	38.005	40.574	21.329	17.285	15.648	
549	35.791	38.168	40.728	21.326	17.238	15.622	
550	35.94	38.333	40.883	21.261	17.228	15.591	
551	36.09	38.499	41.039	21.239	17.193	15.54	
552	36.242	38.666	41.195	21.241	17.157	15.508	
553	36.395	38.834	41.353	21.207	17.129	15.477	
554	36.55	39.004	41.512	21.168	17.077	15.44	
555	36.706	39.174	41.671	21.16	17.056	15.395	
556	36.863	39.346	41.832	21.131	17.016	15.362	
557	37.021	39.52	41.994	21.103	16.947	15.317	
558	37.181	39.694	42.156	21.084	16.962	15.3	
559	37.343	39.87	42.32	21.046	16.928	15.278	
560	37.506	40.047	42.485	21.019	16.886	15.228	
561	37.67	40.226	42.651	21.007	16.84	15.186	
562	37.836	40.405	42.818	21	16.812	15.184	
563	38.003	40.587	42.986	20.961	16.801	15.133	
564	38.172	40.769	43.155	20.944	16.75	15.126	
565	38.343	40.953	43.325	20.9	16.721	15.064	
566	38.514	41.138	43.497	20.879	16.684	15.074	
567	38.688	41.325	43.669	20.845	16.66	15.01	
568	38.863	41.513	43.843	20.818	16.626	14.969	
569	39.039	41.703	44.018	20.805	16.591	14.939	
570	39.218	41.894	44.194	20.791	16.566	14.891	
571	39.397	42.087	44.371	20.756	16.54	14.877	
572	39.579	42.281	44.549	20.734	16.528	14.866	
573	39.762	42.477	44.728	20.719	16.489	14.815	
574	39.946	42.674	44.909	20.685	16.473	14.755	
575	40.133	42.872	45.091	20.662	16.434	14.74	
576	40.321	43.073	45.273	20.631	16.404	14.719	
577	40.51	43.274	45.458	20.644	16.385	14.694	
578	40.702	43.478	45.643	20.618	16.331	14.681	
579	40.895	43.682	45.829	20.576	16.316	14.62	
580	41.09	43.889	46.017	20.577	16.277	14.621	
581	41.286	44.097	46.206	20.535	16.251	14.584	
582	41.485	44.307	46.396	20.524	16.22	14.522	
583	41.685	44.518	46.587	20.504	16.18	14.507	
584	41.887	44.731	46.78	20.492	16.17	14.517	
585	42.09	44.945	46.973	20.442	16.155	14.449	
586	42.296	45.162	47.168	20.431	16.123	14.417	
587	42.503	45.379	47.364	20.436	16.098	14.362	
588	42.712	45.599	47.561	20.408	16.07	14.357	
589	42.923	45.82	47.76	20.364	16.041	14.332	
590	43.136	46.043	47.959	20.345	16.005	14.287	
591	43.351	46.267	48.16	20.333	15.99	14.25	
592	43.568	46.494	48.362	20.31	15.918	14.221	
593	43.786	46.722	48.565	20.296	15.969	14.198	
594	44.007	46.951	48.769	20.283	15.892	14.209	
595	44.229	47.183	48.974	20.24	15.88	14.155	
596	44.454	47.416	49.18	20.22	15.879	14.124	
597	44.68	47.651	49.388	20.21	15.839	14.089	
598	44.908	47.887	49.596	20.202	15.8	14.07	
599	45.139	48.125	49.806	20.184	15.748	14.033	
600	45.371	48.365	50.016	20.146	15.774	14.024	
601	45.605	48.607	50.228	20.111	15.734	13.982	
602	45.842	48.85	50.441	20.089	15.676	13.946	
603	46.08	49.095	50.655	20.073	15.681	13.918	
604	46.32	49.342	50.869	20.062	15.645	13.915	
605	46.563	49.591	51.085	20.041	15.608	13.859	
606	46.807	49.841	51.301	20.03	15.616	13.815	
607	47.054	50.093	51.519	19.998	15.592	13.779	
608	47.303	50.347	51.737	20.014	15.535	13.804	
609	47.553	50.602	51.957	19.982	15.547	13.748	
610	47.806	50.859	52.177	19.959	15.505	13.733	
611	48.061	51.118	52.397	19.939	15.468	13.708	
612	48.318	51.379	52.619	19.937	15.48	13.705	
613	48.578	51.641	52.841	19.905	15.44	13.625	
614	48.839	51.905	53.065	19.873	15.416	13.633	
615	49.102	52.17	53.288	19.872	15.373	13.599	
616	49.368	52.437	53.513	19.848	15.366	13.567	
617	49.636	52.706	53.737	19.833	15.339	13.548	
618	49.906	52.976	53.963	19.81	15.324	13.544	
619	50.178	53.248	54.189	19.793	15.289	13.484	
620	50.452	53.522	54.415	19.769	15.26	13.464	
621	50.728	53.797	54.642	19.744	15.245	13.463	
622	51.007	54.073	54.869	19.758	15.223	13.435	
623	51.287	54.351	55.097	19.727	15.19	13.375	
624	51.57	54.631	55.325	19.705	15.17	13.372	
625	51.855	54.912	55.553	19.678	15.168	13.392	
626	52.143	55.195	55.781	19.681	15.12	13.311	
627	52.432	55.479	56.009	19.667	15.098	13.304	
628	52.724	55.764	56.237	19.638	15.06	13.283	
629	53.017	56.051	56.466	19.635	15.075	13.294	
630	53.313	56.339	56.694	19.57	15.013	13.233	
631	53.611	56.628	56.922	19.565	15.066	13.236	
632	53.911	56.918	57.15	19.575	15.011	13.141	
633	54.214	57.21	57.377	19.564	14.965	13.12	
634	54.518	57.503	57.604	19.51	14.954	13.069	
635	54.825	57.797	57.831	19.493	14.942	13.106	
636	55.134	58.092	58.057	19.49	14.951	13.106	
637	55.445	58.389	58.283	19.498	14.872	13.056	
638	55.758	58.686	58.508	19.454	14.846	13.046	
639	56.073	58.984	58.732	19.459	14.818	13.027	
640	56.39	59.283	58.956	19.425	14.799	13.018	
641	56.71	59.583	59.178	19.452	14.778	12.939	
642	57.031	59.884	59.4	19.402	14.772	12.986	
643	57.354	60.185	59.62	19.387	14.721	12.945	
644	57.68	60.488	59.84	19.404	14.727	12.899	
645	58.007	60.79	60.058	19.385	14.71	12.869	
646	58.337	61.094	60.275	19.341	14.67	12.857	
647	58.669	61.398	60.49	19.34	14.697	12.832	
648	59.002	61.702	60.704	19.298	14.644	12.833	
649	59.338	62.006	60.916	19.29	14.633	12.793	
650	59.675	62.311	61.127	19.268	14.571	12.757	
651	60.014	62.616	61.335	19.249	14.593	12.771	
652	60.356	62.921	61.542	19.245	14.544	12.718	
653	60.699	63.226	61.747	19.224	14.556	12.69	
654	61.044	63.531	61.949	19.213	14.505	12.636	
655	61.391	63.836	62.15	19.188	14.528	12.643	
656	61.739	64.14	62.348	19.173	14.551	12.655	
657	62.089	64.444	62.543	19.182	14.495	12.58	
658	62.441	64.748	62.736	19.145	14.451	12.585	
659	62.795	65.051	62.927	19.135	14.393	12.576	
660	63.15	65.353	63.114	19.131	14.406	12.557	
661	63.507	65.655	63.299	19.149	14.366	12.521	
662	63.866	65.955	63.481	19.141	14.38	12.487	
663	64.226	66.255	63.659	19.085	14.354	12.478	
664	64.588	66.553	63.835	19.067	14.358	12.46	
665	64.951	66.85	64.007	19.05	14.329	12.422	
666	65.315	67.146	64.175	19.037	14.283	12.4	
667	65.681	67.439	64.341	19.049	14.264	12.403	
668	66.048	67.732	64.502	19.03	14.28	12.379	
669	66.417	68.022	64.66	19.015	14.24	12.357	
670	66.786	68.31	64.814	18.996	14.227	12.341	
671	67.157	68.596	64.964	18.983	14.189	12.272	
672	67.529	68.879	65.11	18.968	14.151	12.307	
673	67.902	69.16	65.252	18.924	14.153	12.286	
674	68.276	69.438	65.389	18.939	14.161	12.278	
675	68.651	69.714	65.523	18.916	14.153	12.296	
676	69.027	69.986	65.651	18.918	14.072	12.203	
677	69.403	70.254	65.776	18.905	14.111	12.199	
678	69.781	70.519	65.895	18.877	14.073	12.219	
679	70.159	70.781	66.011	18.874	14.028	12.143	
680	70.537	71.038	66.121	18.865	14.013	12.153	
681	70.916	71.291	66.226	18.846	13.999	12.088	
682	71.296	71.54	66.327	18.845	14.005	12.109	
683	71.676	71.785	66.423	18.808	13.954	12.072	
684	72.056	72.024	66.514	18.784	13.945	12.093	
685	72.436	72.258	66.599	18.793	13.961	12.052	
686	72.816	72.487	66.68	18.775	13.924	12.002	
687	73.197	72.71	66.755	18.777	13.89	11.991	
688	73.577	72.927	66.826	18.772	13.868	11.962	
689	73.956	73.138	66.891	18.761	13.903	11.957	
690	74.336	73.343	66.951	18.716	13.875	11.965	
691	74.714	73.541	67.005	18.724	13.843	11.91	
692	75.092	73.732	67.055	18.709	13.782	11.94	
693	75.47	73.916	67.099	18.696	13.781	11.891	
694	75.846	74.092	67.138	18.682	13.775	11.898	
695	76.221	74.261	67.171	18.653	13.738	11.859	
696	76.594	74.422	67.199	18.654	13.704	11.854	
697	76.966	74.574	67.223	18.647	13.742	11.818	
698	77.337	74.719	67.24	18.656	13.697	11.76	
699	77.705	74.855	67.253	18.615	13.678	11.745	
700	78.071	74.981	67.261	18.603	13.714	11.763	
701	78.434	75.099	67.263	18.616	13.601	11.754	
702	78.795	75.208	67.26	18.605	13.677	11.742	
703	79.152	75.307	67.253	18.55	13.664	11.695	
704	79.506	75.397	67.24	18.548	13.616	11.689	
705	79.855	75.477	67.222	18.593	13.586	11.663	
706	80.2	75.547	67.2	18.539	13.595	11.627	
707	80.54	75.608	67.173	18.519	13.587	11.625	
708	80.875	75.658	67.141	18.499	13.513	11.634	
709	81.203	75.699	67.105	18.52	13.555	11.58	
710	81.524	75.73	67.064	18.509	13.487	11.628	
711	81.837	75.75	67.018	18.491	13.491	11.511	
712	82.142	75.761	66.969	18.46	13.43	11.505	
713	82.437	75.762	66.914	18.443	13.501	11.532	
714	82.721	75.753	66.856	18.434	13.419	11.487	
715	82.993	75.735	66.794	18.397	13.433	11.469	
716	83.251	75.707	66.728	18.418	13.356	11.374	
717	83.494	75.669	66.657	18.408	13.398	11.468	
718	83.72	75.623	66.583	18.389	13.347	11.371	
719	83.928	75.568	66.506	18.416	13.365	11.461	
720	84.115	75.503	66.424	18.332	13.336	11.414	
721	84.28	75.43	66.34	18.377	13.311	11.389	
722	84.422	75.349	66.252	18.373	13.341	11.365	
723	84.537	75.26	66.16	18.316	13.339	11.362	
724	84.626	75.163	66.066	18.348	13.267	11.357	
725	84.686	75.058	65.968	18.293	13.366	11.278	
726	84.717	74.946	65.868	18.343	13.2	11.279	
727	84.719	74.828	65.764	18.3	13.25	11.255	
728	84.691	74.702	65.658	18.318	13.194	11.255	
729	84.635	74.57	65.549	18.272	13.178	11.254	
730	84.552	74.432	65.438	18.26	13.183	11.173	
731	84.444	74.288	65.324	18.22	13.167	11.208	
732	84.311	74.138	65.208	18.247	13.116	11.197	
733	84.156	73.983	65.09	18.236	13.152	11.165	
734	83.981	73.823	64.969	18.263	13.117	11.143	
735	83.788	73.658	64.847	18.212	13.131	11.119	
736	83.579	73.489	64.722	18.211	13.114	11.12	
737	83.355	73.315	64.596	18.221	13.084	11.153	
738	83.118	73.137	64.468	18.175	13.091	11.076	
739	82.871	72.956	64.338	18.168	13.067	11.094	
740	82.613	72.771	64.207	18.198	13.06	11.074	
741	82.347	72.583	64.074	18.146	13.012	11.072	
742	82.073	72.391	63.939	18.159	13.021	11.016	
743	81.793	72.197	63.804	18.16	13.027	10.987	
744	81.507	72	63.667	18.128	13	11.023	
745	81.216	71.8	63.528	18.098	13.023	11.013	
746	80.922	71.599	63.389	18.113	12.97	10.981	
747	80.623	71.395	63.249	18.112	13.001	10.944	
748	80.322	71.189	63.107	18.09	12.967	10.93	
749	80.018	70.981	62.965	18.087	12.928	10.902	
750	79.712	70.772	62.822	18.026	12.909	10.938	
751	79.405	70.561	62.678	18.064	12.892	10.873	
752	79.096	70.349	62.534	18.016	12.923	10.846	
753	78.786	70.136	62.389	18.042	12.881	10.845	
754	78.475	69.921	62.243	18.033	12.862	10.87	
755	78.164	69.706	62.096	17.998	12.896	10.794	
756	77.852	69.49	61.95	18.017	12.83	10.84	
757	77.54	69.273	61.802	18.016	12.778	10.837	
758	77.229	69.056	61.655	17.993	12.814	10.794	
759	76.917	68.838	61.507	17.991	12.817	10.766	
760	76.606	68.62	61.359	17.965	12.743	10.723	
761	76.295	68.401	61.21	17.94	12.757	10.727	
762	75.986	68.182	61.062	17.968	12.744	10.685	
763	75.676	67.963	60.913	17.942	12.757	10.67	
764	75.368	67.744	60.764	17.942	12.75	10.703	
765	75.061	67.525	60.615	17.928	12.723	10.649	
766	74.754	67.306	60.466	17.945	12.732	10.659	
767	74.449	67.088	60.317	17.932	12.689	10.658	
768	74.145	66.869	60.169	17.898	12.676	10.604	
769	73.842	66.651	60.02	17.901	12.684	10.63	
770	73.54	66.433	59.871	17.88	12.632	10.573	
771	73.24	66.216	59.723	17.839	12.621	10.567	
772	72.941	65.999	59.574	17.837	12.664	10.567	
773	72.643	65.782	59.426	17.851	12.613	10.567	
774	72.347	65.566	59.278	17.831	12.605	10.51	
775	72.052	65.351	59.131	17.81	12.584	10.517	
776	71.759	65.136	58.984	17.872	12.563	10.49	
777	71.468	64.922	58.837	17.813	12.541	10.499	
778	71.178	64.709	58.69	17.814	12.507	10.516	
779	70.89	64.497	58.544	17.771	12.515	10.473	
780	70.603	64.285	58.398	17.769	12.529	10.484	
781	70.318	64.074	58.253	17.816	12.552	10.405	
782	70.035	63.864	58.108	17.788	12.453	10.414	
783	69.753	63.654	57.963	17.766	12.44	10.413	
784	69.473	63.446	57.819	17.747	12.468	10.369	
785	69.195	63.239	57.675	17.727	12.424	10.347	
786	68.919	63.032	57.532	17.72	12.435	10.349	
787	68.644	62.827	57.389	17.725	12.412	10.345	
788	68.371	62.622	57.247	17.722	12.394	10.324	
789	68.1	62.418	57.106	17.703	12.376	10.317	
790	67.83	62.216	56.965	17.705	12.403	10.277	
791	67.563	62.014	56.824	17.675	12.368	10.278	
792	67.297	61.814	56.684	17.689	12.361	10.267	
793	67.033	61.614	56.545	17.679	12.381	10.266	
794	66.771	61.416	56.406	17.66	12.327	10.239	
795	66.51	61.219	56.268	17.659	12.309	10.224	
796	66.252	61.022	56.131	17.662	12.313	10.213	
797	65.995	60.827	55.994	17.654	12.325	10.176	
798	65.74	60.633	55.858	17.666	12.323	10.181	
799	65.487	60.44	55.722	17.647	12.261	10.206	
800	65.235	60.249	55.587	17.62	12.266	10.135	
801	64.985	60.058	55.453	17.605	12.279	10.152	
802	64.738	59.868	55.319	17.648	12.257	10.122	
803	64.491	59.68	55.186	17.585	12.228	10.092	
804	64.247	59.493	55.054	17.575	12.219	10.133	
805	64.004	59.307	54.922	17.566	12.198	10.093	
806	63.764	59.122	54.791	17.583	12.17	10.084	
807	63.525	58.938	54.661	17.566	12.126	10.115	
808	63.287	58.755	54.532	17.569	12.174	10.024	
809	63.052	58.574	54.403	17.516	12.099	10.047	
810	62.818	58.393	54.274	17.556	12.165	10.014	
811	62.586	58.214	54.147	17.537	12.131	9.9973	
812	62.356	58.036	54.02	17.532	12.176	10.005	
813	62.127	57.859	53.894	17.542	12.077	9.9926	
814	61.9	57.683	53.768	17.52	12.11	10.013	
815	61.675	57.508	53.644	17.499	12.091	9.9656	
816	61.451	57.335	53.52	17.51	12.082	9.9131	
817	61.229	57.162	53.396	17.487	12.062	9.9298	
818	61.009	56.991	53.274	17.492	12.059	9.9034	
819	60.791	56.821	53.152	17.483	12.042	9.9129	
820	60.574	56.652	53.03	17.46	12.018	9.8719	
821	60.359	56.484	52.91	17.453	12.005	9.8656	
822	60.145	56.317	52.79	17.45	12.012	9.8616	
823	59.933	56.152	52.671	17.451	12.006	9.8525	
824	59.723	55.987	52.552	17.443	12.007	9.8497	
825	59.514	55.824	52.435	17.437	11.988	9.8449	
826	59.307	55.662	52.317	17.433	11.98	9.8362	
827	59.102	55.501	52.201	17.43	11.974	9.8144	
828	58.898	55.34	52.085	17.419	11.964	9.8087	
829	58.695	55.181	51.97	17.407	11.95	9.7941	
830	58.494	55.024	51.856	17.407	11.946	9.8031	
831	58.295	54.867	51.742	17.4	11.919	9.7859	
832	58.097	54.711	51.629	17.384	11.91	9.7662	
833	57.901	54.556	51.517	17.379	11.905	9.7353	
834	57.706	54.403	51.405	17.367	11.897	9.7158	
835	57.513	54.25	51.295	17.36	11.889	9.7177	
836	57.321	54.099	51.184	17.358	11.888	9.6974	
837	57.131	53.948	51.075	17.35	11.861	9.7024	
838	56.942	53.799	50.966	17.356	11.846	9.6741	
839	56.755	53.65	50.857	17.339	11.835	9.6728	
840	56.569	53.503	50.75	17.323	11.851	9.6213	
841	56.385	53.357	50.643	17.338	11.799	9.6059	
842	56.202	53.211	50.537	17.35	11.812	9.6524	
843	56.02	53.067	50.431	17.333	11.79	9.6237	
844	55.84	52.924	50.326	17.328	11.8	9.6135	
845	55.661	52.781	50.222	17.337	11.83	9.5864	
846	55.483	52.64	50.118	17.25	11.762	9.5728	
847	55.307	52.5	50.015	17.316	11.671	9.6306	
848	55.132	52.36	49.912	17.299	11.801	9.6341	
849	54.959	52.222	49.811	17.296	11.713	9.5251	
850	54.787	52.085	49.709	17.278	11.74	9.5683	
851	54.616	51.948	49.609	17.254	11.712	9.5872	
852	54.447	51.813	49.509	17.249	11.723	9.4661	
853	54.278	51.678	49.41	17.279	11.658	9.4759	
854	54.112	51.544	49.311	17.228	11.704	9.4325	
855	53.946	51.411	49.213	17.23	11.626	9.478	
856	53.782	51.28	49.115	17.202	11.678	9.4881	
857	53.619	51.149	49.019	17.234	11.659	9.4508	
858	53.457	51.019	48.922	17.248	11.682	9.4151	
859	53.296	50.89	48.827	17.26	11.629	9.461	
860	53.137	50.761	48.732	17.206	11.667	9.4684	
861	52.978	50.634	48.637	17.177	11.615	9.3825	
862	52.822	50.507	48.543	17.215	11.595	9.3837	
863	52.666	50.382	48.45	17.205	11.644	9.3907	
864	52.511	50.257	48.357	17.208	11.589	9.387	
865	52.358	50.133	48.265	17.157	11.577	9.3165	
866	52.205	50.01	48.173	17.167	11.563	9.3468	
867	52.054	49.888	48.082	17.147	11.513	9.3459	
868	51.904	49.767	47.991	17.118	11.543	9.3501	
869	51.755	49.646	47.902	17.15	11.508	9.2901	
870	51.608	49.526	47.812	17.159	11.516	9.3057	
871	51.461	49.407	47.723	17.146	11.508	9.2767	
872	51.315	49.289	47.635	17.131	11.512	9.3136	
873	51.171	49.172	47.547	17.157	11.469	9.267	
874	51.027	49.056	47.46	17.129	11.488	9.2504	
875	50.885	48.94	47.373	17.111	11.474	9.2559	
876	50.744	48.825	47.287	17.115	11.465	9.2204	
877	50.604	48.711	47.201	17.112	11.46	9.2537	
878	50.464	48.597	47.116	17.083	11.444	9.2191	
879	50.326	48.485	47.031	17.079	11.432	9.1998	
880	50.189	48.373	46.947	17.071	11.421	9.1926	
881	50.053	48.262	46.864	17.069	11.417	9.1849	
882	49.918	48.151	46.781	17.067	11.412	9.1889	
883	49.784	48.042	46.698	17.063	11.408	9.1794	
884	49.651	47.933	46.616	17.061	11.404	9.1718	
885	49.518	47.825	46.534	17.061	11.396	9.1709	
886	49.387	47.717	46.453	17.056	11.388	9.1566	
887	49.257	47.61	46.372	17.046	11.371	9.1428	
888	49.128	47.504	46.292	17.044	11.364	9.1243	
889	48.999	47.399	46.212	17.031	11.351	9.1119	
890	48.872	47.294	46.133	17.018	11.337	9.0964	
891	48.745	47.19	46.054	17.012	11.328	9.0812	
892	48.62	47.087	45.976	17.01	11.316	9.0788	
893	48.495	46.985	45.898	17.003	11.31	9.0602	
894	48.371	46.883	45.821	16.991	11.308	9.0486	
895	48.248	46.781	45.744	16.999	11.303	9.0533	
896	48.126	46.681	45.667	16.989	11.29	9.0498	
897	48.005	46.581	45.591	16.989	11.285	9.0476	
898	47.885	46.481	45.516	16.987	11.282	9.0195	
899	47.765	46.383	45.441	16.979	11.268	9.0175	
900	47.647	46.285	45.366	16.966	11.258	8.9949	
901	47.529	46.187	45.292	16.947	11.247	8.9733	
902	47.412	46.09	45.218	16.948	11.229	8.9685	
903	47.296	45.994	45.144	16.945	11.226	8.9618	
904	47.18	45.899	45.071	16.94	11.217	8.9595	
905	47.066	45.804	44.999	16.932	11.215	8.9576	
906	46.952	45.709	44.927	16.934	11.21	8.9517	
907	46.839	45.616	44.855	16.929	11.206	8.9528	
908	46.727	45.523	44.784	16.931	11.194	8.9288	
909	46.616	45.43	44.713	16.916	11.183	8.9209	
910	46.505	45.338	44.642	16.902	11.167	8.91	
911	46.396	45.247	44.572	16.906	11.155	8.9055	
912	46.287	45.156	44.502	16.894	11.128	8.8691	
913	46.178	45.065	44.433	16.881	11.137	8.8493	
914	46.071	44.976	44.364	16.883	11.127	8.8511	
915	45.964	44.887	44.295	16.876	11.114	8.8449	
916	45.858	44.798	44.227	16.869	11.119	8.8435	
917	45.752	44.71	44.159	16.869	11.116	8.8377	
918	45.648	44.622	44.092	16.872	11.111	8.8326	
919	45.544	44.535	44.025	16.868	11.102	8.8198	
920	45.441	44.449	43.958	16.862	11.094	8.8106	
921	45.338	44.363	43.892	16.852	11.081	8.8013	
922	45.236	44.278	43.826	16.848	11.073	8.8045	
923	45.135	44.193	43.76	16.851	11.066	8.7956	
924	45.035	44.108	43.695	16.835	11.037	8.7695	
925	44.935	44.024	43.63	16.832	11.054	8.7564	
926	44.836	43.941	43.566	16.815	11.035	8.7417	
927	44.737	43.858	43.502	16.816	11.041	8.7315	
928	44.639	43.776	43.438	16.814	11.034	8.7362	
929	44.542	43.694	43.374	16.797	10.994	8.7477	
930	44.446	43.613	43.311	16.793	10.972	8.7269	
931	44.35	43.532	43.248	16.805	11.016	8.7154	
932	44.254	43.451	43.186	16.812	10.951	8.6826	
933	44.16	43.371	43.124	16.782	11.008	8.6791	
934	44.066	43.292	43.062	16.775	10.976	8.695	
935	43.972	43.213	43	16.773	10.978	8.6554	
936	43.88	43.135	42.939	16.753	10.941	8.6501	
937	43.787	43.056	42.878	16.753	10.935	8.6851	
938	43.696	42.979	42.818	16.783	10.944	8.6069	
939	43.605	42.902	42.758	16.761	10.933	8.6336	
940	43.514	42.825	42.698	16.766	10.894	8.6504	
941	43.424	42.749	42.638	16.76	10.92	8.6114	
942	43.335	42.673	42.579	16.739	10.886	8.5574	
943	43.246	42.597	42.52	16.715	10.91	8.5951	
944	43.158	42.522	42.461	16.717	10.929	8.5787	
945	43.071	42.448	42.403	16.744	10.893	8.5827	
946	42.984	42.374	42.345	16.743	10.888	8.5713	
947	42.897	42.3	42.287	16.722	10.888	8.5569	
948	42.811	42.227	42.23	16.718	10.861	8.5456	
949	42.726	42.154	42.173	16.708	10.84	8.5238	
950	42.641	42.082	42.116	16.702	10.832	8.5213	
951	42.557	42.009	42.059	16.691	10.851	8.5259	
952	42.473	41.938	42.003	16.683	10.844	8.5209	
953	42.39	41.867	41.947	16.694	10.825	8.4986	
954	42.307	41.796	41.891	16.695	10.819	8.5124	
955	42.224	41.725	41.836	16.682	10.807	8.4784	
956	42.143	41.655	41.78	16.663	10.812	8.4848	
957	42.062	41.586	41.726	16.664	10.803	8.5324	
958	41.981	41.516	41.671	16.644	10.785	8.4534	
959	41.901	41.447	41.616	16.666	10.771	8.4791	
960	41.821	41.379	41.562	16.678	10.753	8.4078	
961	41.741	41.311	41.509	16.673	10.778	8.3952	
962	41.663	41.243	41.455	16.661	10.689	8.3687	
963	41.584	41.175	41.402	16.62	10.712	8.4149	
964	41.506	41.108	41.349	16.649	10.748	8.3485	
965	41.429	41.042	41.296	16.617	10.733	8.3817	
966	41.352	40.975	41.243	16.628	10.753	8.359	
967	41.276	40.909	41.191	16.623	10.733	8.3919	
968	41.2	40.844	41.139	16.627	10.745	8.3832	
969	41.124	40.778	41.087	16.611	10.709	8.3707	
970	41.049	40.714	41.036	16.625	10.692	8.3925	
971	40.974	40.649	40.984	16.613	10.68	8.3706	
972	40.9	40.585	40.933	16.61	10.702	8.3492	
973	40.826	40.521	40.882	16.61	10.685	8.3224	
974	40.753	40.457	40.832	16.594	10.661	8.3374	
975	40.68	40.394	40.781	16.588	10.668	8.2816	
976	40.608	40.331	40.731	16.58	10.653	8.2972	
977	40.536	40.268	40.681	16.575	10.641	8.2843	
978	40.464	40.206	40.632	16.572	10.632	8.2858	
979	40.393	40.144	40.582	16.57	10.638	8.2719	
980	40.322	40.083	40.533	16.575	10.628	8.2724	
981	40.252	40.021	40.484	16.572	10.626	8.2804	
982	40.181	39.96	40.435	16.566	10.621	8.2707	
983	40.112	39.9	40.387	16.562	10.623	8.2828	
984	40.043	39.839	40.339	16.548	10.613	8.2676	
985	39.974	39.779	40.29	16.546	10.617	8.2362	
986	39.905	39.719	40.243	16.573	10.595	8.2584	
987	39.837	39.66	40.195	16.537	10.591	8.2149	
988	39.77	39.601	40.148	16.532	10.56	8.1936	
989	39.703	39.542	40.1	16.524	10.566	8.1933	
990	39.636	39.483	40.053	16.52	10.547	8.1876	
991	39.569	39.425	40.006	16.519	10.55	8.1676	
992	39.503	39.367	39.96	16.52	10.545	8.1802	
993	39.437	39.309	39.913	16.509	10.544	8.1739	
994	39.372	39.252	39.867	16.517	10.548	8.1768	
995	39.307	39.195	39.821	16.503	10.54	8.1619	
996	39.242	39.138	39.776	16.496	10.533	8.1554	
997	39.178	39.081	39.73	16.504	10.529	8.1444	
998	39.114	39.025	39.685	16.493	10.516	8.1417	
999	39.05	38.969	39.639	16.483	10.502	8.1776	
1000	38.987	38.913	39.594	16.5	10.478	8.1157	
1001	38.924	38.858	39.55	16.464	10.53	8.0949	
1002	38.861	38.802	39.505	16.485	10.51	8.0982	
1003	38.799	38.747	39.46	16.476	10.477	8.0989	
1004	38.737	38.693	39.416	16.475	10.443	8.0759	
1005	38.676	38.638	39.372	16.439	10.542	8.1117	
1006	38.614	38.584	39.328	16.467	10.428	8.1096	
1007	38.553	38.53	39.285	16.465	10.492	8.0327	
1008	38.493	38.477	39.241	16.449	10.484	8.0563	
1009	38.433	38.423	39.198	16.429	10.432	8.0496	
1010	38.373	38.37	39.155	16.466	10.451	8.0414	
1011	38.313	38.317	39.112	16.433	10.444	8.0428	
1012	38.254	38.264	39.069	16.438	10.431	8.0143	
1013	38.195	38.212	39.026	16.434	10.414	8.0082	
1014	38.136	38.16	38.984	16.435	10.394	8.0042	
1015	38.078	38.108	38.942	16.437	10.4	7.9932	
1016	38.02	38.056	38.9	16.413	10.402	8.087	
1017	37.962	38.005	38.858	16.395	10.365	7.9546	
1018	37.904	37.953	38.816	16.391	10.366	7.9748	
1019	37.847	37.902	38.774	16.377	10.349	7.938	
1020	37.79	37.852	38.733	16.428	10.409	7.9076	
1021	37.734	37.801	38.692	16.344	10.406	7.9482	
1022	37.677	37.751	38.651	16.399	10.335	7.9468	
1023	37.621	37.701	38.61	16.418	10.322	7.9437	
1024	37.566	37.651	38.569	16.374	10.301	7.9785	
1025	37.51	37.601	38.528	16.416	10.31	7.9159	
1026	37.455	37.552	38.488	16.38	10.359	7.8728	
1027	37.4	37.503	38.448	16.414	10.241	7.8987	
1028	37.346	37.454	38.408	16.371	10.339	7.8451	
1029	37.291	37.405	38.368	16.355	10.283	7.8299	
1030	37.237	37.356	38.328	16.359	10.328	7.903	
1031	37.184	37.308	38.288	16.422	10.333	7.9249	
1032	37.13	37.26	38.249	16.316	10.327	7.8632	
1033	37.077	37.212	38.209	16.382	10.287	7.887	
1034	37.024	37.164	38.17	16.356	10.309	7.8533	
1035	36.971	37.117	38.131	16.379	10.251	7.9231	
1036	36.919	37.07	38.092	16.253	10.285	7.8388	
1037	36.867	37.022	38.054	16.397	10.175	7.8035	
1038	36.815	36.976	38.015	16.319	10.24	7.9786	
1039	36.763	36.929	37.977	16.361	10.29	7.9209	
1040	36.712	36.882	37.938	16.298	10.088	7.8087	
1041	36.66	36.836	37.9	16.335	10.216	7.8567	
1042	36.61	36.79	37.862	16.445	10.238	7.6434	
1043	36.559	36.744	37.824	16.412	10.176	7.6925	
1044	36.508	36.698	37.786	16.267	10.268	7.7417	
1045	36.458	36.653	37.749	16.308	10.204	7.7873	
1046	36.408	36.608	37.711	16.204	10.35	7.5825	
1047	36.359	36.563	37.674	16.266	10.039	7.7932	
1048	36.309	36.518	37.637	16.229	10.157	7.8069	
1049	36.26	36.473	37.6	16.299	10.171	7.7236	
1050	36.211	36.428	37.563	16.276	10.083	7.8107	
1051	36.162	36.384	37.526	16.278	10.17	7.7396	
1052	36.114	36.34	37.489	16.273	10.161	7.7044	
1053	36.066	36.296	37.453	16.277	10.167	7.7231	
1054	36.018	36.252	37.417	16.277	10.148	7.7089	
1055	35.97	36.208	37.38	16.277	10.167	7.6972	
1056	35.922	36.165	37.344	16.273	10.135	7.687	
1057	35.875	36.122	37.308	16.269	10.153	7.6997	
1058	35.828	36.078	37.272	16.262	10.142	7.6709	
1059	35.781	36.035	37.237	16.247	10.134	7.6933	
1060	35.734	35.993	37.201	16.254	10.134	7.6648	
1061	35.687	35.95	37.165	16.263	10.116	7.6747	
1062	35.641	35.908	37.13	16.239	10.115	7.6648	
1063	35.595	35.865	37.095	16.235	10.098	7.6667	
1064	35.549	35.823	37.06	16.233	10.093	7.6472	
1065	35.504	35.781	37.025	16.225	10.087	7.629	
1066	35.458	35.74	36.99	16.232	10.086	7.618	
1067	35.413	35.698	36.955	16.223	10.089	7.6219	
1068	35.368	35.657	36.92	16.218	10.078	7.6284	
1069	35.323	35.615	36.886	16.223	10.054	7.6005	
1070	35.278	35.574	36.852	16.22	10.079	7.5985	
1071	35.234	35.533	36.817	16.218	10.063	7.599	
1072	35.19	35.492	36.783	16.202	10.065	7.5925	
1073	35.146	35.452	36.749	16.215	10.029	7.5661	
1074	35.102	35.411	36.715	16.199	10.044	7.5808	
1075	35.058	35.371	36.681	16.193	10.033	7.5517	
1076	35.015	35.331	36.648	16.201	10.022	7.5548	
1077	34.972	35.291	36.614	16.189	10.024	7.5511	
1078	34.929	35.251	36.58	16.185	10.008	7.5417	
1079	34.886	35.211	36.547	16.186	10.022	7.5314	
1080	34.843	35.172	36.514	16.186	10.011	7.5387	
1081	34.801	35.132	36.481	16.179	10.01	7.5348	
1082	34.758	35.093	36.448	16.172	10.007	7.5257	
1083	34.716	35.054	36.415	16.18	9.9947	7.5117	
1084	34.674	35.015	36.382	16.172	9.995	7.5129	
1085	34.633	34.976	36.349	16.166	9.9914	7.5014	
1086	34.591	34.937	36.316	16.171	9.9923	7.5038	
1087	34.55	34.899	36.284	16.156	9.9873	7.4945	
1088	34.508	34.86	36.251	16.166	9.9817	7.4997	
1089	34.467	34.822	36.219	16.159	9.9779	7.4821	
1090	34.427	34.784	36.187	16.158	9.9803	7.4881	
1091	34.386	34.746	36.155	16.153	9.9785	7.4853	
1092	34.345	34.708	36.123	16.144	9.9565	7.4715	
1093	34.305	34.671	36.091	16.148	9.9506	7.4729	
1094	34.265	34.633	36.059	16.141	9.9601	7.4722	
1095	34.225	34.596	36.027	16.15	9.9318	7.4483	
1096	34.185	34.558	35.996	16.144	9.9407	7.4519	
1097	34.146	34.521	35.964	16.13	9.9283	7.4383	
1098	34.106	34.484	35.933	16.124	9.9234	7.4168	
1099	34.067	34.447	35.902	16.123	9.9232	7.4195	
1100	34.028	34.411	35.87	16.113	9.9178	7.4139	
1101	33.989	34.374	35.839	16.124	9.9056	7.3964	
1102	33.95	34.337	35.808	16.116	9.8945	7.3888	
1103	33.911	34.301	35.777	16.109	9.8791	7.3797	
1104	33.873	34.265	35.746	16.105	9.888	7.3786	
1105	33.834	34.229	35.716	16.097	9.8862	7.3711	
1106	33.796	34.193	35.685	16.101	9.8753	7.3644	
1107	33.758	34.157	35.654	16.09	9.8672	7.3615	
1108	33.72	34.121	35.624	16.098	9.873	7.3533	
1109	33.683	34.086	35.594	16.089	9.8628	7.35	
1110	33.645	34.05	35.563	16.087	9.8562	7.3493	
1111	33.608	34.015	35.533	16.086	9.8575	7.3426	
1112	33.57	33.979	35.503	16.085	9.8439	7.3361	
1113	33.533	33.944	35.473	16.085	9.8491	7.3346	
1114	33.496	33.909	35.443	16.08	9.8466	7.3305	
1115	33.46	33.874	35.413	16.077	9.8484	7.3291	
1116	33.423	33.84	35.383	16.078	9.8409	7.3321	
1117	33.386	33.805	35.354	16.079	9.8416	7.3209	
1118	33.35	33.771	35.324	16.072	9.8334	7.3214	
1119	33.314	33.736	35.295	16.06	9.8347	7.3015	
1120	33.278	33.702	35.265	16.068	9.8313	7.2924	
1121	33.242	33.668	35.236	16.067	9.8176	7.2878	
1122	33.206	33.634	35.207	16.06	9.8063	7.2978	
1123	33.171	33.6	35.178	16.048	9.8069	7.2903	
1124	33.135	33.566	35.148	16.063	9.8076	7.2673	
1125	33.1	33.532	35.119	16.054	9.7979	7.2623	
1126	33.064	33.498	35.091	16.058	9.8085	7.2676	
1127	33.029	33.465	35.062	16.033	9.7894	7.2435	
1128	32.994	33.432	35.033	16.033	9.7801	7.246	
1129	32.96	33.398	35.004	16.039	9.78	7.2589	
1130	32.925	33.365	34.976	16.029	9.784	7.2303	
1131	32.891	33.332	34.947	16.028	9.7661	7.2327	
1132	32.856	33.299	34.919	16.029	9.7641	7.2224	
1133	32.822	33.266	34.89	16.022	9.7746	7.22	
1134	32.788	33.234	34.862	16.013	9.7404	7.2208	
1135	32.754	33.201	34.834	16.016	9.7516	7.1929	
1136	32.72	33.168	34.806	16.019	9.733	7.2045	
1137	32.686	33.136	34.778	16.012	9.7186	7.2018	
1138	32.652	33.104	34.75	16.011	9.7314	7.1817	
1139	32.619	33.071	34.722	16.007	9.7294	7.188	
1140	32.586	33.039	34.694	16	9.711	7.1734	
1141	32.552	33.007	34.666	16.013	9.7229	7.1701	
1142	32.519	32.975	34.639	16.009	9.7157	7.1425	
1143	32.486	32.944	34.611	15.991	9.7047	7.1754	
1144	32.453	32.912	34.584	15.991	9.6948	7.1627	
1145	32.421	32.88	34.556	15.994	9.7082	7.1617	
1146	32.388	32.849	34.529	15.991	9.6734	7.1488	
1147	32.356	32.817	34.501	15.987	9.6773	7.1375	
1148	32.323	32.786	34.474	15.993	9.6824	7.1398	
1149	32.291	32.755	34.447	15.982	9.6859	7.1336	
1150	32.259	32.724	34.42	15.971	9.6696	7.1285	
1151	32.227	32.693	34.393	15.973	9.6557	7.1144	
1152	32.195	32.662	34.366	15.974	9.6664	7.1066	
1153	32.163	32.631	34.339	15.967	9.6521	7.0941	
1154	32.132	32.6	34.312	15.961	9.6519	7.0958	
1155	32.1	32.569	34.286	15.966	9.6506	7.0979	
1156	32.069	32.539	34.259	15.955	9.6498	7.0837	
1157	32.037	32.508	34.232	15.955	9.6421	7.0727	
1158	32.006	32.478	34.206	15.956	9.6421	7.0731	
1159	31.975	32.448	34.179	15.96	9.6267	7.0708	
1160	31.944	32.417	34.153	15.957	9.628	7.0722	
1161	31.913	32.387	34.127	15.947	9.6061	7.0769	
1162	31.882	32.357	34.1	15.943	9.6372	7.0503	
1163	31.852	32.327	34.074	15.932	9.6109	7.0423	
1164	31.821	32.298	34.048	15.933	9.5892	7.0355	
1165	31.791	32.268	34.022	15.926	9.6021	7.0251	
1166	31.761	32.238	33.996	15.934	9.5923	7.0232	
1167	31.73	32.209	33.97	15.935	9.6092	7.0307	
1168	31.7	32.179	33.944	15.925	9.5875	7.0159	
1169	31.67	32.15	33.918	15.919	9.579	7.0094	
1170	31.64	32.12	33.893	15.923	9.5874	6.9969	
1171	31.611	32.091	33.867	15.918	9.5745	6.9927	
1172	31.581	32.062	33.841	15.915	9.5753	6.9904	
1173	31.551	32.033	33.816	15.913	9.572	6.9898	
1174	31.522	32.004	33.79	15.912	9.5717	6.9855	
1175	31.493	31.975	33.765	15.911	9.5671	6.9893	
1176	31.463	31.946	33.74	15.909	9.5553	6.9753	
1177	31.434	31.918	33.714	15.913	9.5548	6.9734	
1178	31.405	31.889	33.689	15.902	9.5491	6.9642	
1179	31.376	31.86	33.664	15.902	9.5544	6.9693	
1180	31.347	31.832	33.639	15.901	9.5467	6.9584	
1181	31.319	31.804	33.614	15.901	9.5467	6.9598	
1182	31.29	31.775	33.589	15.894	9.5385	6.9547	
1183	31.261	31.747	33.564	15.897	9.537	6.95	
1184	31.233	31.719	33.539	15.892	9.532	6.9421	
1185	31.205	31.691	33.514	15.883	9.531	6.946	
1186	31.176	31.663	33.489	15.885	9.5219	6.9289	
1187	31.148	31.635	33.465	15.884	9.5224	6.9354	
1188	31.12	31.607	33.44	15.877	9.523	6.9241	
1189	31.092	31.579	33.415	15.882	9.5084	6.9071	
1190	31.064	31.552	33.391	15.876	9.5137	6.9197	
1191	31.037	31.524	33.366	15.87	9.5099	6.9094	
1192	31.009	31.496	33.342	15.871	9.4961	6.8957	
1193	30.981	31.469	33.318	15.868	9.4961	6.8932	
1194	30.954	31.442	33.293	15.862	9.5027	6.9035	
1195	30.926	31.414	33.269	15.874	9.474	6.8908	
1196	30.899	31.387	33.245	15.86	9.4905	6.8699	
1197	30.872	31.36	33.221	15.862	9.4762	6.8911	
1198	30.845	31.333	33.197	15.852	9.4631	6.8864	
1199	30.818	31.306	33.173	15.851	9.477	6.8633	
1200	30.791	31.279	33.149	15.858	9.4625	6.8505	
1201	30.764	31.252	33.125	15.861	9.4796	6.8706	
1202	30.737	31.225	33.101	15.841	9.4636	6.8566	
1203	30.71	31.199	33.077	15.848	9.4582	6.8337	
1204	30.684	31.172	33.053	15.851	9.4464	6.8183	
1205	30.657	31.145	33.03	15.832	9.4472	6.8323	
1206	30.631	31.119	33.006	15.836	9.466	6.8321	
1207	30.604	31.092	32.982	15.846	9.4633	6.8204	
1208	30.578	31.066	32.959	15.832	9.4402	6.8124	
1209	30.552	31.04	32.935	15.836	9.4279	6.8174	
1210	30.526	31.014	32.912	15.829	9.4198	6.7981	
1211	30.5	30.987	32.888	15.824	9.4014	6.7811	
1212	30.474	30.961	32.865	15.822	9.4159	6.7865	
1213	30.448	30.935	32.842	15.831	9.4125	6.7945	
1214	30.422	30.909	32.819	15.818	9.422	6.771	
1215	30.397	30.883	32.795	15.827	9.4065	6.7776	
1216	30.371	30.858	32.772	15.816	9.3902	6.7962	
1217	30.346	30.832	32.749	15.82	9.3945	6.7799	
1218	30.32	30.806	32.726	15.792	9.3676	6.7812	
1219	30.295	30.781	32.703	15.814	9.3787	6.7488	
1220	30.27	30.755	32.68	15.812	9.3724	6.7566	
1221	30.244	30.73	32.657	15.792	9.3678	6.7577	
1222	30.219	30.704	32.634	15.806	9.4041	6.7482	
1223	30.194	30.679	32.612	15.808	9.3612	6.7497	
1224	30.169	30.654	32.589	15.802	9.3661	6.7322	
1225	30.144	30.628	32.566	15.793	9.3623	6.7376	
1226	30.12	30.603	32.544	15.803	9.3763	6.7294	
1227	30.095	30.578	32.521	15.81	9.3589	6.7325	
1228	30.07	30.553	32.498	15.774	9.3448	6.7237	
1229	30.046	30.528	32.476	15.767	9.3236	6.7278	
1230	30.021	30.503	32.453	15.774	9.3573	6.7086	
1231	29.997	30.478	32.431	15.796	9.3605	6.676	
1232	29.973	30.454	32.409	15.789	9.3331	6.7336	
1233	29.948	30.429	32.386	15.803	9.3612	6.6865	
1234	29.924	30.404	32.364	15.779	9.3636	6.7088	
1235	29.9	30.38	32.342	15.762	9.3504	6.6856	
1236	29.876	30.355	32.32	15.776	9.3508	6.7156	
1237	29.852	30.331	32.298	15.771	9.3581	6.6932	
1238	29.828	30.306	32.275	15.803	9.3178	6.7029	
1239	29.804	30.282	32.253	15.735	9.3726	6.7182	
1240	29.781	30.257	32.231	15.732	9.2717	6.6779	
1241	29.757	30.233	32.209	15.745	9.341	6.6356	
1242	29.733	30.209	32.187	15.735	9.3044	6.6996	
1243	29.71	30.185	32.166	15.764	9.3127	6.761	
1244	29.686	30.161	32.144	15.782	9.3076	6.6586	
1245	29.663	30.137	32.122	15.721	9.362	6.5928	
1246	29.64	30.113	32.1	15.748	9.298	6.6041	
1247	29.616	30.089	32.079	15.731	9.2333	6.6094	
1248	29.593	30.065	32.057	15.743	9.2731	6.5843	
1249	29.57	30.041	32.035	15.775	9.2931	6.6536	
1250	29.547	30.018	32.014	15.753	9.3398	6.5861	
1251	29.524	29.994	31.992	15.739	9.2561	6.6486	
1252	29.501	29.97	31.971	15.709	9.2021	6.5795	
1253	29.478	29.947	31.949	15.708	9.3079	6.5872	
1254	29.456	29.923	31.928	15.716	9.2289	6.5936	
1255	29.433	29.9	31.907	15.74	9.2415	6.623	
1256	29.41	29.877	31.885	15.719	9.2629	6.5966	
1257	29.388	29.853	31.864	15.717	9.2216	6.5567	
1258	29.365	29.83	31.843	15.725	9.2458	6.548	
1259	29.343	29.807	31.822	15.694	9.2312	6.5771	
1260	29.32	29.784	31.8	15.709	9.2387	6.553	
1261	29.298	29.761	31.779	15.706	9.2178	6.5473	
1262	29.276	29.738	31.758	15.689	9.2162	6.5425	
1263	29.254	29.715	31.737	15.706	9.2186	6.5313	
1264	29.232	29.692	31.716	15.682	9.2026	6.5444	
1265	29.209	29.669	31.695	15.708	9.2245	6.5324	
1266	29.188	29.646	31.674	15.696	9.2306	6.5176	
1267	29.166	29.623	31.654	15.709	9.2023	6.5414	
1268	29.144	29.6	31.633	15.714	9.2095	6.5453	
1269	29.122	29.578	31.612	15.701	9.2186	6.5538	
1270	29.1	29.555	31.591	15.696	9.198	6.5367	
1271	29.079	29.532	31.57	15.683	9.2039	6.5136	
1272	29.057	29.51	31.55	15.688	9.2189	6.5472	
1273	29.035	29.487	31.529	15.705	9.2243	6.5247	
1274	29.014	29.465	31.509	15.701	9.2005	6.5306	
1275	28.993	29.443	31.488	15.686	9.1823	6.4939	
1276	28.971	29.42	31.468	15.699	9.2087	6.5205	
1277	28.95	29.398	31.447	15.663	9.1993	6.5191	
1278	28.929	29.376	31.427	15.665	9.1892	6.5112	
1279	28.907	29.354	31.406	15.681	9.1589	6.4593	
1280	28.886	29.332	31.386	15.675	9.156	6.4798	
1281	28.865	29.31	31.366	15.682	9.1567	6.4748	
1282	28.844	29.287	31.345	15.676	9.169	6.4949	
1283	28.823	29.266	31.325	15.656	9.1537	6.4527	
1284	28.802	29.244	31.305	15.632	9.1916	6.4591	
1285	28.782	29.222	31.285	15.644	9.1608	6.4782	
1286	28.761	29.2	31.264	15.669	9.1557	6.4463	
1287	28.74	29.178	31.244	15.652	9.1412	6.4697	
1288	28.72	29.156	31.224	15.663	9.1606	6.4591	
1289	28.699	29.135	31.204	15.652	9.1422	6.4344	
1290	28.678	29.113	31.184	15.657	9.1551	6.4376	
1291	28.658	29.091	31.164	15.64	9.1345	6.4164	
1292	28.637	29.07	31.144	15.656	9.1345	6.4736	
1293	28.617	29.048	31.124	15.647	9.1239	6.4379	
1294	28.597	29.027	31.105	15.668	9.1578	6.4281	
1295	28.577	29.006	31.085	15.646	9.1369	6.3954	
1296	28.556	28.984	31.065	15.653	9.1292	6.3926	
1297	28.536	28.963	31.045	15.651	9.0942	6.4387	
1298	28.516	28.942	31.026	15.631	9.1357	6.4042	
1299	28.496	28.92	31.006	15.641	9.0837	6.373	
1300	28.476	28.899	30.986	15.624	9.1037	6.3995	
1301	28.456	28.878	30.967	15.641	9.126	6.3705	
1302	28.436	28.857	30.947	15.611	9.0799	6.4187	
1303	28.416	28.836	30.927	15.637	9.1245	6.3851	
1304	28.397	28.815	30.908	15.648	9.1135	6.3952	
1305	28.377	28.794	30.889	15.652	9.0861	6.3467	
1306	28.357	28.773	30.869	15.629	9.1235	6.3831	
1307	28.338	28.752	30.85	15.62	9.108	6.3954	
1308	28.318	28.732	30.83	15.613	9.0891	6.388	
1309	28.299	28.711	30.811	15.62	9.0991	6.3783	
1310	28.279	28.69	30.792	15.612	9.0767	6.3653	
1311	28.26	28.669	30.772	15.62	9.0461	6.3913	
1312	28.24	28.649	30.753	15.608	9.0606	6.3221	
1313	28.221	28.628	30.734	15.613	9.0866	6.3847	
1314	28.202	28.608	30.715	15.607	9.0596	6.3495	
1315	28.183	28.587	30.696	15.602	9.0327	6.3262	
1316	28.164	28.567	30.677	15.629	8.9941	6.3194	
1317	28.144	28.546	30.657	15.605	9.0557	6.3822	
1318	28.125	28.526	30.638	15.589	9.0545	6.3601	
1319	28.106	28.505	30.619	15.631	9.0479	6.354	
1320	28.087	28.485	30.6	15.574	9.0367	6.3584	
1321	28.069	28.465	30.581	15.612	9.0226	6.3347	
1322	28.05	28.445	30.563	15.601	8.9983	6.2378	
1323	28.031	28.425	30.544	15.554	9.0135	6.278	
1324	28.012	28.404	30.525	15.608	9.0519	6.2872	
1325	27.993	28.384	30.506	15.621	8.9865	6.3038	
1326	27.975	28.364	30.487	15.629	8.988	6.2721	
1327	27.956	28.344	30.468	15.6	9.0561	6.2622	
1328	27.938	28.324	30.45	15.561	8.9618	6.3632	
1329	27.919	28.304	30.431	15.563	8.9748	6.2771	
1330	27.901	28.284	30.412	15.621	9.0407	6.2531	
1331	27.882	28.265	30.394	15.566	9.0607	6.3246	
1332	27.864	28.245	30.375	15.561	8.9719	6.418	
1333	27.846	28.225	30.356	15.578	9.0236	6.2824	
1334	27.827	28.205	30.338	15.6	8.9906	6.2743	
1335	27.809	28.186	30.319	15.55	9.0051	6.153	
1336	27.791	28.166	30.301	15.537	9.0374	6.3185	
1337	27.773	28.146	30.282	15.618	8.9803	6.1591	
1338	27.755	28.127	30.264	15.535	9.048	6.2468	
1339	27.737	28.107	30.246	15.561	9.032	6.2708	
1340	27.719	28.088	30.227	15.593	9.0077	6.1586	
1341	27.701	28.068	30.209	15.666	8.8259	6.2786	
1342	27.683	28.049	30.191	15.575	8.9248	6.4947	
1343	27.665	28.03	30.172	15.64	9.0003	6.4568	
1344	27.647	28.01	30.154	15.52	9.0383	6.2736	
1345	27.629	27.991	30.136	15.567	9.1261	6.2256	
1346	27.612	27.972	30.118	15.405	8.8527	6.0078	
1347	27.594	27.952	30.1	15.559	9.1196	5.8337	
1348	27.576	27.933	30.081	15.504	9.1334	6.1728	
1349	27.559	27.914	30.063	15.419	9.278	6.2167	
1350	27.541	27.895	30.045	15.265	9.0644	6.2217	
1351	27.524	27.876	30.027	15.503	8.9301	5.9253	
1352	27.506	27.857	30.009	15.455	8.8241	6.3825	
1353	27.489	27.838	29.991	15.547	8.3823	6.2501	
1354	27.471	27.819	29.973	15.469	9.3073	6.3855	
1355	27.454	27.8	29.955	15.712	8.773	5.6078	
1356	27.437	27.781	29.937	15.648	9.1567	6.0752	
1357	27.419	27.762	29.92	15.444	9.0441	6.2724	
1358	27.402	27.743	29.902	16.248	9.371	6.3795	
1359	27.385	27.725	29.884	16.262	8.6908	6.918	
1426	26.323	26.541	28.748	15.655	9.2987	6.337	
1427	26.308	26.525	28.732	15.544	8.6458	6.0444	
1428	26.293	26.508	28.716	15.394	8.841	5.6434	
1429	26.279	26.491	28.7	15.638	8.6618	5.8162	
1430	26.264	26.475	28.684	15.645	8.8034	5.8313	
1431	26.25	26.458	28.668	15.324	8.9254	6.1083	
1432	26.235	26.442	28.651	15.558	8.5618	5.8907	
1433	26.221	26.426	28.635	15.35	8.5981	5.8503	
1434	26.206	26.409	28.619	15.504	8.9164	6.1849	
1435	26.192	26.393	28.604	15.523	8.856	5.7635	
1436	26.178	26.376	28.588	15.531	8.646	5.9371	
1437	26.163	26.36	28.572	15.437	8.9074	5.8618	
1438	26.149	26.344	28.556	15.329	8.6594	5.9473	
1439	26.135	26.327	28.54	15.448	8.7878	5.9026	
1440	26.12	26.311	28.524	15.332	8.7869	5.8234	
1441	26.106	26.295	28.508	15.418	8.6815	6.0523	
1442	26.092	26.279	28.492	15.471	8.6178	5.804	
1443	26.078	26.262	28.476	15.352	8.745	5.9607	
1444	26.064	26.246	28.461	15.461	8.7728	5.754	
1445	26.05	26.23	28.445	15.33	8.7337	5.8418	
1446	26.036	26.214	28.429	15.463	8.6349	5.8148	
1447	26.022	26.198	28.414	15.435	8.7027	5.7187	
1448	26.008	26.182	28.398	15.418	8.6759	5.8657	
1449	25.994	26.166	28.382	15.369	8.7286	5.8616	
1450	25.98	26.15	28.367	15.389	8.7223	5.7667	
1451	25.966	26.134	28.351	15.439	8.6835	5.8613	
1452	25.952	26.118	28.335	15.461	8.7416	5.9121	
1453	25.938	26.102	28.32	15.432	8.7434	5.9344	
1454	25.924	26.086	28.304	15.347	8.6775	5.7013	
1455	25.91	26.07	28.289	15.416	8.7501	5.778	
1456	25.897	26.055	28.273	15.442	8.7139	5.8162	
1457	25.883	26.039	28.258	15.384	8.5911	5.8161	
1458	25.869	26.023	28.242	15.382	8.7003	5.8269	
1459	25.855	26.007	28.227	15.364	8.5653	5.7475	
1460	25.842	25.991	28.211	15.406	8.6329	5.8577	
1461	25.828	25.976	28.196	15.425	8.6263	5.8131	
1462	25.815	25.96	28.18	15.392	8.6402	5.8205	
1463	25.801	25.944	28.165	15.378	8.6426	5.7707	
1464	25.787	25.929	28.15	15.356	8.6674	5.7556	
1465	25.774	25.913	28.134	15.367	8.7009	5.7782	
1466	25.761	25.898	28.119	15.362	8.5979	5.8152	
1467	25.747	25.882	28.104	15.382	8.6242	5.8072	
1468	25.734	25.866	28.088	15.351	8.6378	5.7845	
1469	25.72	25.851	28.073	15.375	8.6157	5.7777	
1470	25.707	25.835	28.058	15.368	8.6027	5.7829	
1471	25.694	25.82	28.042	15.371	8.6274	5.7814	
1472	25.68	25.805	28.027	15.372	8.6286	5.7604	
1473	25.667	25.789	28.012	15.361	8.64	5.7729	
1474	25.654	25.774	27.997	15.364	8.6233	5.7729	
1475	25.64	25.758	27.982	15.367	8.6216	5.7631	
1476	25.627	25.743	27.967	15.361	8.6167	5.7547	
1477	25.614	25.728	27.951	15.367	8.6407	5.7684	
1478	25.601	25.712	27.936	15.372	8.6251	5.7501	
1479	25.588	25.697	27.921	15.364	8.6199	5.7574	
1480	25.575	25.682	27.906	15.365	8.6238	5.7479	
1481	25.562	25.667	27.891	15.366	8.6113	5.7261	
1482	25.549	25.652	27.876	15.361	8.6283	5.7517	
1483	25.536	25.636	27.861	15.362	8.62	5.7472	
1484	25.523	25.621	27.846	15.378	8.6195	5.7384	
1485	25.51	25.606	27.831	15.355	8.6304	5.737	
1486	25.497	25.591	27.816	15.356	8.5946	5.6973	
1487	25.484	25.576	27.801	15.348	8.6228	5.7008	
1488	25.471	25.561	27.786	15.36	8.6145	5.7232	
1489	25.458	25.546	27.772	15.361	8.6151	5.7038	
1490	25.445	25.531	27.757	15.362	8.5895	5.747	
1491	25.432	25.516	27.742	15.345	8.6053	5.698	
1492	25.42	25.501	27.727	15.351	8.5961	5.7165	
1493	25.407	25.486	27.712	15.341	8.5614	5.7088	
1494	25.394	25.471	27.697	15.341	8.5719	5.697	
1495	25.381	25.456	27.683	15.332	8.5697	5.6877	
1496	25.369	25.441	27.668	15.36	8.6007	5.7053	
1497	25.356	25.426	27.653	15.331	8.5842	5.694	
1498	25.344	25.412	27.638	15.364	8.5808	5.6957	
1499	25.331	25.397	27.624	15.346	8.5729	5.7135	
1500	25.318	25.382	27.609	15.338	8.5688	5.6944	
1501	25.306	25.367	27.594	15.324	8.5615	5.6481	
1502	25.293	25.353	27.58	15.341	8.5663	5.6767	
1503	25.281	25.338	27.565	15.337	8.5858	5.6658	
1504	25.268	25.323	27.55	15.331	8.5525	5.6375	
1505	25.256	25.308	27.536	15.336	8.5556	5.6753	
1506	25.243	25.294	27.521	15.327	8.5511	5.6423	
1507	25.231	25.279	27.507	15.311	8.5398	5.6658	
1508	25.219	25.265	27.492	15.308	8.5416	5.6703	
1509	25.206	25.25	27.478	15.345	8.5427	5.6533	
1510	25.194	25.235	27.463	15.333	8.5601	5.6374	
1511	25.182	25.221	27.449	15.339	8.555	5.6471	
1512	25.169	25.206	27.434	15.33	8.5822	5.6517	
1513	25.157	25.192	27.42	15.364	8.5032	5.6648	
1514	25.145	25.177	27.405	15.322	8.5396	5.6835	
1515	25.133	25.163	27.391	15.295	8.5603	5.6483	
1516	25.121	25.149	27.376	15.318	8.5056	5.6522	
1517	25.108	25.134	27.362	15.315	8.5658	5.6102	
1518	25.096	25.12	27.348	15.295	8.5482	5.6359	
1519	25.084	25.105	27.333	15.297	8.5464	5.6432	
1520	25.072	25.091	27.319	15.291	8.534	5.6375	
1521	25.06	25.077	27.305	15.314	8.4871	5.5673	
1522	25.048	25.062	27.29	15.294	8.5187	5.5965	
1523	25.036	25.048	27.276	15.298	8.5355	5.6022	
1524	25.024	25.034	27.262	15.33	8.5488	5.6586	
1525	25.012	25.02	27.248	15.314	8.5414	5.6269	
1526	25	25.005	27.233	15.292	8.5151	5.6013	
1527	24.988	24.991	27.219	15.3	8.528	5.6024	
1528	24.976	24.977	27.205	15.288	8.5465	5.6141	
1529	24.964	24.963	27.191	15.293	8.4942	5.5902	
1530	24.952	24.949	27.177	15.303	8.5058	5.6026	
1531	24.941	24.935	27.162	15.28	8.4914	5.604	
1532	24.929	24.921	27.148	15.308	8.4916	5.603	
1533	24.917	24.907	27.134	15.284	8.4702	5.5967	
1534	24.905	24.892	27.12	15.305	8.4793	5.6376	
1535	24.894	24.878	27.106	15.298	8.4926	5.5712	
1536	24.882	24.864	27.092	15.276	8.4891	5.5791	
1537	24.87	24.85	27.078	15.283	8.4941	5.5846	
1538	24.858	24.837	27.064	15.277	8.5252	5.5789	
1539	24.847	24.823	27.05	15.294	8.4816	5.577	
1540	24.835	24.809	27.036	15.287	8.4628	5.578	
1541	24.824	24.795	27.022	15.275	8.4525	5.5494	
1542	24.812	24.781	27.008	15.281	8.4651	5.5754	
1543	24.8	24.767	26.994	15.279	8.4722	5.544	
1544	24.789	24.753	26.98	15.282	8.4897	5.5788	
1545	24.777	24.739	26.966	15.263	8.493	5.5536	
1546	24.766	24.726	26.952	15.278	8.4662	5.5539	
1547	24.754	24.712	26.938	15.274	8.4734	5.5453	
1548	24.743	24.698	26.924	15.277	8.4642	5.5399	
1549	24.731	24.684	26.91	15.277	8.4838	5.5347	
1550	24.72	24.67	26.897	15.282	8.4621	5.5433	
1551	24.709	24.657	26.883	15.26	8.4848	5.5405	
1552	24.697	24.643	26.869	15.272	8.4641	5.5476	
1553	24.686	24.629	26.855	15.253	8.4528	5.5522	
1554	24.675	24.616	26.841	15.262	8.4672	5.5335	
1555	24.663	24.602	26.828	15.281	8.442	5.52	
1556	24.652	24.589	26.814	15.259	8.4567	5.5561	
1557	24.641	24.575	26.8	15.253	8.4481	5.5181	
1558	24.63	24.561	26.786	15.256	8.4504	5.5207	
1559	24.618	24.548	26.773	15.276	8.4324	5.4932	
1560	24.607	24.534	26.759	15.271	8.4614	5.517	
1561	24.596	24.521	26.745	15.28	8.463	5.5073	
1562	24.585	24.507	26.732	15.286	8.4263	5.5184	
1563	24.574	24.494	26.718	15.246	8.4494	5.5213	
1564	24.563	24.48	26.705	15.253	8.4738	5.4959	
1565	24.551	24.467	26.691	15.26	8.475	5.4892	
1566	24.54	24.454	26.677	15.25	8.4211	5.471	
1567	24.529	24.44	26.664	15.272	8.4036	5.5013	
1568	24.518	24.427	26.65	15.254	8.4459	5.5132	
1569	24.507	24.413	26.637	15.273	8.4673	5.5183	
1570	24.496	24.4	26.623	15.258	8.4541	5.5109	
1571	24.485	24.387	26.61	15.251	8.43	5.5032	
1572	24.474	24.373	26.596	15.247	8.4216	5.516	
1573	24.463	24.36	26.583	15.253	8.4038	5.4898	
1574	24.453	24.347	26.569	15.271	8.4254	5.4739	
1575	24.442	24.334	26.556	15.231	8.4078	5.4942	
1576	24.431	24.32	26.542	15.249	8.3978	5.4296	
1577	24.42	24.307	26.529	15.217	8.3749	5.4756	
1578	24.409	24.294	26.515	15.237	8.4288	5.4607	
1579	24.398	24.281	26.502	15.228	8.4205	5.4795	
1580	24.388	24.268	26.489	15.239	8.3869	5.4487	
1581	24.377	24.254	26.475	15.234	8.4189	5.4105	
1582	24.366	24.241	26.462	15.257	8.4008	5.48	
1583	24.355	24.228	26.449	15.226	8.4345	5.4544	
1584	24.345	24.215	26.435	15.259	8.3606	5.4227	
1585	24.334	24.202	26.422	15.244	8.4289	5.4566	
1586	24.323	24.189	26.409	15.233	8.3734	5.502	
1587	24.312	24.176	26.395	15.238	8.4237	5.4611	
1588	24.302	24.163	26.382	15.245	8.3774	5.3926	
1589	24.291	24.15	26.369	15.215	8.3875	5.4566	
1590	24.281	24.137	26.356	15.228	8.3519	5.4219	
1591	24.27	24.124	26.342	15.219	8.3652	5.442	
1592	24.26	24.111	26.329	15.22	8.4063	5.4059	
1593	24.249	24.098	26.316	15.242	8.3902	5.4055	
1594	24.238	24.085	26.303	15.227	8.3533	5.4718	
1595	24.228	24.072	26.29	15.251	8.3693	5.388	
1596	24.217	24.06	26.277	15.218	8.396	5.4089	
1597	24.207	24.047	26.263	15.224	8.3787	5.4234	
1598	24.197	24.034	26.25	15.233	8.3674	5.3693	
1599	24.186	24.021	26.237	15.229	8.3583	5.4027	
1600	24.176	24.008	26.224	15.215	8.372	5.3582	
1601	24.165	23.995	26.211	15.245	8.3609	5.4297	
1602	24.155	23.983	26.198	15.238	8.3485	5.3855	
1603	24.145	23.97	26.185	15.243	8.3307	5.3756	
1604	24.134	23.957	26.172	15.231	8.3665	5.3766	
1605	24.124	23.944	26.159	15.219	8.355	5.4195	
1606	24.114	23.932	26.146	15.218	8.3515	5.381	
1607	24.103	23.919	26.133	15.236	8.3546	5.3807	
1608	24.093	23.906	26.12	15.198	8.3743	5.3834	
1609	24.083	23.894	26.107	15.209	8.3542	5.3865	
1610	24.073	23.881	26.094	15.217	8.3669	5.3679	
1611	24.062	23.868	26.081	15.223	8.3448	5.3933	
1612	24.052	23.856	26.068	15.243	8.3307	5.3638	
1613	24.042	23.843	26.055	15.178	8.3644	5.3728	
1614	24.032	23.831	26.042	15.202	8.361	5.4227	
1615	24.022	23.818	26.029	15.227	8.3397	5.3958	
1616	24.012	23.806	26.017	15.22	8.3127	5.3666	
1617	24.002	23.793	26.004	15.246	8.3553	5.3936	
1618	23.991	23.781	25.991	15.226	8.3236	5.3726	
1619	23.981	23.768	25.978	15.199	8.3466	5.3731	
1620	23.971	23.756	25.965	15.181	8.3603	5.3781	
1621	23.961	23.743	25.952	15.208	8.3253	5.3494	
1622	23.951	23.731	25.94	15.178	8.3112	5.3902	
1623	23.941	23.718	25.927	15.171	8.3181	5.3343	
1624	23.931	23.706	25.914	15.213	8.3478	5.3601	
1625	23.921	23.694	25.901	15.221	8.3268	5.3138	
1626	23.911	23.681	25.889	15.189	8.3195	5.3457	
1627	23.902	23.669	25.876	15.194	8.2845	5.3273	
1628	23.892	23.657	25.863	15.187	8.3499	5.3401	
1629	23.882	23.644	25.851	15.19	8.342	5.3735	
1630	23.872	23.632	25.838	15.179	8.3391	5.3371	
1631	23.862	23.62	25.825	15.173	8.3154	5.3855	
1632	23.852	23.607	25.813	15.186	8.35	5.3166	
1633	23.842	23.595	25.8	15.203	8.3497	5.3381	
1634	23.833	23.583	25.787	15.171	8.297	5.3258	
1635	23.823	23.571	25.775	15.194	8.3312	5.3287	
1636	23.813	23.558	25.762	15.188	8.3212	5.3036	
1637	23.803	23.546	25.75	15.199	8.3059	5.3668	
1638	23.793	23.534	25.737	15.222	8.2801	5.3259	
1639	23.784	23.522	25.724	15.182	8.3194	5.2974	
1640	23.774	23.51	25.712	15.173	8.2818	5.3281	
1641	23.764	23.498	25.699	15.175	8.354	5.2891	
1642	23.755	23.486	25.687	15.205	8.2703	5.335	
1643	23.745	23.473	25.674	15.19	8.3112	5.2849	
1644	23.735	23.461	25.662	15.187	8.2906	5.3078	
1645	23.726	23.449	25.649	15.188	8.2927	5.329	
1646	23.716	23.437	25.637	15.208	8.31	5.2496	
1647	23.707	23.425	25.624	15.15	8.3281	5.3322	
1648	23.697	23.413	25.612	15.196	8.214	5.2562	
1649	23.687	23.401	25.6	15.203	8.3041	5.32	
1650	23.678	23.389	25.587	15.183	8.3097	5.3172	
1651	23.668	23.377	25.575	15.183	8.2823	5.2789	
1652	23.659	23.365	25.562	15.167	8.2903	5.2806	
1653	23.649	23.353	25.55	15.222	8.273	5.3132	
1654	23.64	23.341	25.538	15.187	8.2721	5.3	
1655	23.63	23.329	25.525	15.181	8.3124	5.2674	
1656	23.621	23.318	25.513	15.178	8.2858	5.2886	
1657	23.612	23.306	25.501	15.182	8.2736	5.2715	
1658	23.602	23.294	25.488	15.168	8.2909	5.2684	
1659	23.593	23.282	25.476	15.198	8.2389	5.2994	
1660	23.583	23.27	25.464	15.134	8.2013	5.3163	
1661	23.574	23.258	25.451	15.18	8.22	5.277	
1662	23.565	23.247	25.439	15.141	8.2754	5.2561	
1663	23.555	23.235	25.427	15.16	8.3068	5.3083	
1664	23.546	23.223	25.415	15.139	8.2076	5.1903	
1665	23.537	23.211	25.402	15.134	8.2768	5.2901	
1666	23.527	23.199	25.39	15.203	8.2376	5.2267	
1667	23.518	23.188	25.378	15.116	8.178	5.2636	
1668	23.509	23.176	25.366	15.094	8.2587	5.2816	
1669	23.5	23.164	25.354	15.177	8.2221	5.1642	
1670	23.49	23.153	25.342	15.177	8.3188	5.28	
1671	23.481	23.141	25.329	15.144	8.2985	5.1962	
1672	23.472	23.129	25.317	15.205	8.2434	5.1552	
1673	23.463	23.118	25.305	15.194	8.2671	5.2595	
1674	23.454	23.106	25.293	15.196	8.273	5.2443	
1675	23.445	23.094	25.281	15.123	8.1082	5.2754	
1676	23.435	23.083	25.269	15.177	8.2951	5.2414	
1677	23.426	23.071	25.257	15.141	8.2686	5.3115	
1678	23.417	23.06	25.245	15.131	8.1656	5.2901	
1679	23.408	23.048	25.233	15.153	8.2106	5.2576	
1680	23.399	23.037	25.221	15.136	8.2649	5.3272	
1681	23.39	23.025	25.209	15.15	8.3289	5.2473	
1682	23.381	23.013	25.197	15.105	8.2398	5.2015	
1683	23.372	23.002	25.185	15.132	8.2922	5.1972	
1684	23.363	22.99	25.173	15.112	8.2552	5.3479	
1685	23.354	22.979	25.161	15.14	8.0623	5.0309	
1686	23.345	22.968	25.149	15.254	8.287	5.2897	
1687	23.336	22.956	25.137	15.066	8.3556	5.4453	
1688	23.327	22.945	25.125	15.075	8.27	5.2045	
1689	23.318	22.933	25.113	15.151	8.2085	5.0922	
1690	23.309	22.922	25.101	15.044	8.425	5.2279	
1691	23.3	22.91	25.089	15.226	8.1621	5.1941	
1692	23.291	22.899	25.077	15.228	8.4692	5.2754	
1693	23.282	22.888	25.065	14.99	8.3545	5.5722	
1694	23.274	22.876	25.053	14.9	8.082	5.2263	
1695	23.265	22.865	25.041	15.192	8.4939	5.4261	
1696	23.256	22.854	25.03	15.082	8.2301	5.4347	
1697	23.247	22.842	25.018	15.142	8.3357	5.437	
1698	23.238	22.831	25.006	14.719	8.2576	4.9981	
1699	23.229	22.82	24.994	14.916	8.6842	5.3629	
1700	23.221	22.809	24.982	14.932	8.1696	5.1826	
