	65	70	75	65	70	75	
300	33.389	29.774	24.335	37.511	37.209	37.514	
301	33.112	29.382	23.734	37.295	36.907	37.453	
302	32.851	29.013	23.174	37.087	36.772	37.279	
303	32.604	28.666	22.652	37.019	36.553	37.024	
304	32.371	28.34	22.171	36.99	36.489	37.052	
305	32.152	28.036	21.732	36.884	36.423	36.867	
306	31.946	27.753	21.334	36.614	36.185	36.77	
307	31.752	27.49	20.977	36.511	36.277	36.641	
308	31.572	27.247	20.665	36.334	36.128	36.541	
309	31.402	27.024	20.394	36.365	35.959	36.377	
310	31.243	26.819	20.165	36.171	35.873	36.379	
311	31.095	26.635	19.979	36.159	35.715	36.319	
312	30.957	26.468	19.834	36.209	35.719	36.207	
313	30.829	26.318	19.73	35.89	35.526	36.139	
314	30.711	26.187	19.665	35.955	35.547	35.953	
315	30.602	26.073	19.639	35.892	35.364	35.909	
316	30.502	25.975	19.65	35.798	35.418	35.815	
317	30.411	25.893	19.694	35.661	35.298	35.754	
318	30.328	25.827	19.772	35.561	35.153	35.59	
319	30.253	25.777	19.881	35.518	35.053	35.611	
320	30.187	25.742	20.018	35.535	35.035	35.459	
321	30.128	25.721	20.181	35.427	34.977	35.375	
322	30.076	25.714	20.369	35.393	34.901	35.332	
323	30.032	25.72	20.578	35.355	34.78	35.278	
324	29.996	25.74	20.807	35.23	34.786	35.152	
325	29.966	25.772	21.054	35.241	34.578	35.091	
326	29.943	25.815	21.315	35.155	34.568	35.032	
327	29.927	25.87	21.591	35.062	34.546	34.927	
328	29.918	25.937	21.878	35.028	34.498	34.847	
329	29.915	26.013	22.176	34.999	34.432	34.774	
330	29.919	26.1	22.483	35.011	34.459	34.767	
331	29.929	26.197	22.797	34.888	34.365	34.712	
332	29.945	26.302	23.117	34.842	34.23	34.555	
333	29.968	26.417	23.442	34.885	34.182	34.577	
334	29.997	26.54	23.771	34.798	34.161	34.525	
335	30.031	26.671	24.104	34.731	34.097	34.447	
336	30.072	26.809	24.439	34.609	34.041	34.358	
337	30.119	26.955	24.775	34.687	34.006	34.353	
338	30.172	27.108	25.113	34.632	33.962	34.303	
339	30.231	27.268	25.452	34.529	33.832	34.23	
340	30.296	27.434	25.792	34.579	33.724	34.179	
341	30.366	27.606	26.131	34.486	33.766	34.165	
342	30.443	27.785	26.47	34.466	33.725	34.1	
343	30.525	27.969	26.808	34.549	33.733	34.023	
344	30.613	28.159	27.146	34.521	33.702	33.95	
345	30.708	28.355	27.484	34.424	33.661	33.933	
346	30.808	28.556	27.821	34.455	33.622	33.892	
347	30.914	28.762	28.157	34.458	33.593	33.865	
348	31.027	28.975	28.493	34.377	33.616	33.812	
349	31.147	29.193	28.829	34.389	33.625	33.81	
350	31.273	29.417	29.166	34.388	33.625	33.767	
351	31.407	29.648	29.504	34.35	33.524	33.743	
352	31.549	29.886	29.843	34.396	33.574	33.8	
353	31.7	30.131	30.185	34.351	33.52	33.614	
354	31.86	30.386	30.531	34.458	33.583	33.722	
355	32.03	30.649	30.882	34.599	33.444	33.575	
356	32.209	30.922	31.237	34.579	33.535	33.58	
357	32.398	31.203	31.598	34.514	33.694	33.653	
358	32.594	31.493	31.964	34.45	33.599	33.561	
359	32.797	31.788	32.332	34.557	33.626	33.604	
360	33.002	32.086	32.702	34.568	33.602	33.533	
361	33.207	32.383	33.068	34.519	33.534	33.614	
362	33.406	32.675	33.426	34.468	33.471	33.318	
363	33.596	32.956	33.773	34.502	33.373	33.27	
364	33.773	33.222	34.104	34.485	33.406	33.141	
365	33.934	33.471	34.416	34.48	33.239	33.257	
366	34.077	33.7	34.706	34.43	33.18	32.916	
367	34.201	33.907	34.974	34.217	33.026	32.627	
368	34.307	34.094	35.22	34.2	33.006	32.484	
369	34.392	34.258	35.442	34.034	32.568	32.257	
370	34.46	34.401	35.642	33.841	32.395	31.955	
371	34.513	34.528	35.824	33.737	32.227	31.762	
372	34.555	34.642	35.991	33.555	32.089	31.437	
373	34.587	34.744	36.144	33.39	31.779	31.262	
374	34.612	34.836	36.287	33.076	31.523	30.992	
375	34.633	34.922	36.421	32.972	31.289	30.557	
376	34.649	35.002	36.549	32.744	31.026	30.281	
377	34.664	35.079	36.671	32.512	30.758	29.935	
378	34.678	35.154	36.789	32.361	30.452	29.755	
379	34.692	35.226	36.903	32.152	30.302	29.525	
380	34.708	35.299	37.016	31.847	30.094	29.22	
381	34.725	35.372	37.128	31.78	29.805	28.874	
382	34.744	35.446	37.24	31.618	29.702	28.718	
383	34.766	35.522	37.352	31.407	29.37	28.494	
384	34.791	35.599	37.464	31.178	29.194	28.195	
385	34.818	35.678	37.577	31.074	29.021	28.069	
386	34.849	35.759	37.691	30.864	28.789	27.848	
387	34.883	35.842	37.806	30.652	28.633	27.637	
388	34.92	35.928	37.923	30.583	28.41	27.476	
389	34.961	36.016	38.041	30.461	28.307	27.256	
390	35.005	36.107	38.161	30.26	28.108	27.05	
391	35.053	36.201	38.283	30.191	27.915	26.895	
392	35.104	36.298	38.407	29.981	27.735	26.665	
393	35.16	36.398	38.534	29.878	27.587	26.582	
394	35.219	36.501	38.663	29.682	27.397	26.4	
395	35.282	36.607	38.794	29.63	27.355	26.298	
396	35.348	36.717	38.928	29.422	27.142	26.077	
397	35.419	36.829	39.065	29.335	27.036	25.925	
398	35.493	36.945	39.204	29.275	26.882	25.776	
399	35.57	37.064	39.346	29.093	26.69	25.637	
400	35.651	37.186	39.491	29.072	26.6	25.423	
401	35.736	37.311	39.638	28.922	26.451	25.337	
402	35.824	37.439	39.789	28.768	26.379	25.181	
403	35.915	37.57	39.942	28.682	26.196	25.041	
404	36.009	37.704	40.099	28.573	26.143	24.894	
405	36.107	37.842	40.258	28.511	25.929	24.83	
406	36.207	37.982	40.42	28.418	25.831	24.647	
407	36.31	38.124	40.585	28.306	25.691	24.585	
408	36.416	38.27	40.753	28.204	25.67	24.441	
409	36.525	38.418	40.923	28.091	25.533	24.21	
410	36.636	38.569	41.097	28.031	25.423	24.179	
411	36.749	38.722	41.274	27.868	25.362	24.088	
412	36.865	38.878	41.453	27.819	25.199	23.977	
413	36.984	39.037	41.636	27.751	25.068	23.815	
414	37.105	39.198	41.822	27.647	25.046	23.779	
415	37.228	39.362	42.01	27.567	24.906	23.666	
416	37.353	39.528	42.202	27.436	24.81	23.564	
417	37.48	39.697	42.397	27.395	24.667	23.442	
418	37.61	39.868	42.595	27.242	24.576	23.314	
419	37.742	40.042	42.796	27.24	24.539	23.278	
420	37.876	40.218	43.001	27.177	24.391	23.051	
421	38.012	40.397	43.208	26.993	24.277	23.05	
422	38.15	40.578	43.42	27.016	24.164	22.99	
423	38.29	40.762	43.634	26.934	24.088	22.879	
424	38.432	40.949	43.852	26.867	24.049	22.714	
425	38.576	41.138	44.073	26.755	23.89	22.644	
426	38.723	41.329	44.298	26.651	23.86	22.58	
427	38.871	41.523	44.527	26.553	23.755	22.538	
428	39.021	41.72	44.759	26.479	23.663	22.372	
429	39.173	41.919	44.995	26.519	23.569	22.282	
430	39.328	42.121	45.234	26.369	23.426	22.284	
431	39.484	42.326	45.478	26.264	23.503	22.162	
432	39.642	42.533	45.725	26.276	23.311	21.984	
433	39.802	42.743	45.976	26.141	23.339	21.941	
434	39.965	42.956	46.232	26.086	23.175	21.795	
435	40.129	43.171	46.491	26.006	23.033	21.804	
436	40.295	43.39	46.754	25.973	22.899	21.543	
437	40.463	43.61	47.021	25.893	22.922	21.617	
438	40.633	43.834	47.293	25.872	22.893	21.469	
439	40.804	44.06	47.569	25.71	22.818	21.435	
440	40.978	44.29	47.849	25.695	22.639	21.343	
441	41.154	44.521	48.133	25.63	22.648	21.261	
442	41.331	44.756	48.422	25.588	22.648	21.104	
443	41.511	44.994	48.715	25.507	22.442	21.184	
444	41.692	45.234	49.013	25.556	22.424	20.985	
445	41.875	45.477	49.315	25.392	22.277	20.91	
446	42.061	45.723	49.622	25.234	22.293	20.863	
447	42.247	45.972	49.933	25.292	22.112	20.749	
448	42.436	46.223	50.249	25.195	22.141	20.723	
449	42.627	46.478	50.57	25.183	22.026	20.627	
450	42.819	46.735	50.895	25.118	21.916	20.654	
451	43.013	46.995	51.225	25.118	21.857	20.554	
452	43.209	47.258	51.56	25.026	21.784	20.444	
453	43.407	47.523	51.9	24.922	21.755	20.443	
454	43.606	47.792	52.244	24.835	21.684	20.273	
455	43.807	48.063	52.593	24.769	21.671	20.279	
456	44.01	48.337	52.947	24.72	21.58	20.095	
457	44.215	48.613	53.306	24.709	21.546	20.092	
458	44.421	48.893	53.67	24.66	21.441	20.062	
459	44.629	49.175	54.038	24.663	21.481	19.975	
460	44.838	49.459	54.411	24.545	21.331	19.906	
461	45.049	49.747	54.79	24.62	21.233	19.818	
462	45.261	50.037	55.173	24.431	21.183	19.772	
463	45.475	50.329	55.561	24.46	21.21	19.722	
464	45.691	50.624	55.953	24.327	21.031	19.609	
465	45.908	50.922	56.351	24.36	21.017	19.608	
466	46.126	51.222	56.753	24.267	20.954	19.454	
467	46.346	51.524	57.16	24.206	20.854	19.484	
468	46.567	51.829	57.572	24.17	20.799	19.396	
469	46.789	52.136	57.988	24.092	20.77	19.34	
470	47.013	52.445	58.409	24.061	20.699	19.193	
471	47.237	52.757	58.835	24.012	20.652	19.217	
472	47.463	53.07	59.265	23.934	20.679	19.142	
473	47.69	53.386	59.699	23.947	20.517	19.035	
474	47.918	53.703	60.138	23.908	20.509	19.076	
475	48.147	54.022	60.581	23.846	20.472	18.955	
476	48.377	54.343	61.028	23.824	20.439	18.928	
477	48.608	54.666	61.479	23.74	20.279	18.806	
478	48.84	54.991	61.934	23.684	20.28	18.775	
479	49.073	55.316	62.393	23.667	20.197	18.72	
480	49.306	55.644	62.855	23.599	20.142	18.638	
481	49.54	55.972	63.321	23.572	20.093	18.615	
482	49.774	56.302	63.791	23.495	20.1	18.561	
483	50.009	56.632	64.263	23.543	20.037	18.524	
484	50.245	56.964	64.739	23.447	19.952	18.437	
485	50.48	57.296	65.218	23.405	19.904	18.479	
486	50.717	57.629	65.699	23.388	19.787	18.36	
487	50.953	57.962	66.183	23.308	19.783	18.254	
488	51.189	58.296	66.669	23.318	19.714	18.213	
489	51.426	58.629	67.157	23.228	19.691	18.178	
490	51.662	58.963	67.647	23.239	19.606	18.185	
491	51.898	59.297	68.138	23.162	19.598	18.078	
492	52.135	59.63	68.631	23.125	19.513	18.036	
493	52.37	59.962	69.124	23.098	19.505	17.975	
494	52.606	60.294	69.619	23.049	19.475	17.976	
495	52.841	60.625	70.113	23.039	19.452	17.877	
496	53.075	60.954	70.607	22.991	19.38	17.876	
497	53.308	61.282	71.101	22.952	19.303	17.874	
498	53.541	61.609	71.594	22.922	19.281	17.787	
499	53.773	61.934	72.085	22.888	19.204	17.73	
500	54.004	62.257	72.575	22.873	19.164	17.653	
501	54.234	62.577	73.062	22.799	19.155	17.607	
502	54.462	62.894	73.546	22.748	19.072	17.553	
503	54.689	63.209	74.026	22.745	19.08	17.515	
504	54.915	63.521	74.503	22.67	18.989	17.461	
505	55.139	63.829	74.974	22.66	18.966	17.426	
506	55.362	64.134	75.439	22.59	18.9	17.357	
507	55.582	64.434	75.898	22.573	18.858	17.36	
508	55.801	64.731	76.349	22.544	18.831	17.264	
509	56.018	65.023	76.792	22.54	18.784	17.234	
510	56.233	65.31	77.225	22.464	18.744	17.185	
511	56.445	65.591	77.647	22.441	18.672	17.172	
512	56.655	65.868	78.056	22.411	18.653	17.095	
513	56.862	66.138	78.452	22.38	18.604	17.039	
514	57.067	66.403	78.833	22.329	18.581	17.008	
515	57.268	66.661	79.197	22.323	18.521	16.956	
516	57.467	66.913	79.542	22.272	18.488	16.925	
517	57.663	67.157	79.867	22.233	18.453	16.889	
518	57.856	67.394	80.169	22.213	18.429	16.8	
519	58.046	67.623	80.447	22.156	18.383	16.8	
520	58.232	67.845	80.697	22.155	18.329	16.783	
521	58.415	68.058	80.919	22.107	18.281	16.705	
522	58.594	68.262	81.11	22.082	18.236	16.682	
523	58.769	68.458	81.269	22.044	18.197	16.633	
524	58.94	68.645	81.394	22.008	18.175	16.576	
525	59.108	68.822	81.485	21.973	18.11	16.541	
526	59.271	68.99	81.539	21.948	18.101	16.479	
527	59.43	69.147	81.558	21.919	18.041	16.467	
528	59.585	69.295	81.541	21.871	18.015	16.444	
529	59.736	69.432	81.489	21.848	17.935	16.346	
530	59.882	69.56	81.403	21.807	17.963	16.332	
531	60.023	69.676	81.285	21.787	17.894	16.282	
532	60.16	69.781	81.137	21.792	17.872	16.249	
533	60.291	69.876	80.961	21.715	17.836	16.21	
534	60.419	69.96	80.758	21.688	17.765	16.173	
535	60.541	70.032	80.532	21.675	17.736	16.118	
536	60.658	70.094	80.284	21.642	17.728	16.071	
537	60.77	70.145	80.017	21.635	17.67	16.051	
538	60.877	70.184	79.733	21.595	17.649	16.008	
539	60.979	70.213	79.434	21.569	17.626	15.99	
540	61.075	70.23	79.121	21.55	17.587	15.938	
541	61.166	70.237	78.797	21.51	17.537	15.923	
542	61.252	70.233	78.462	21.482	17.509	15.858	
543	61.332	70.219	78.119	21.476	17.461	15.814	
544	61.407	70.194	77.769	21.431	17.422	15.773	
545	61.477	70.159	77.412	21.41	17.437	15.761	
546	61.541	70.114	77.05	21.352	17.352	15.71	
547	61.6	70.059	76.684	21.367	17.317	15.707	
548	61.653	69.994	76.314	21.329	17.285	15.648	
549	61.701	69.92	75.941	21.326	17.238	15.622	
550	61.743	69.838	75.567	21.261	17.228	15.591	
551	61.78	69.746	75.191	21.239	17.193	15.54	
552	61.812	69.646	74.814	21.241	17.157	15.508	
553	61.838	69.538	74.437	21.207	17.129	15.477	
554	61.858	69.422	74.059	21.168	17.077	15.44	
555	61.874	69.299	73.682	21.16	17.056	15.395	
556	61.884	69.169	73.306	21.131	17.016	15.362	
557	61.889	69.031	72.931	21.103	16.947	15.317	
558	61.889	68.887	72.557	21.084	16.962	15.3	
559	61.883	68.737	72.184	21.046	16.928	15.278	
560	61.873	68.581	71.814	21.019	16.886	15.228	
561	61.858	68.419	71.445	21.007	16.84	15.186	
562	61.837	68.252	71.079	21	16.812	15.184	
563	61.812	68.08	70.715	20.961	16.801	15.133	
564	61.782	67.904	70.353	20.944	16.75	15.126	
565	61.748	67.722	69.994	20.9	16.721	15.064	
566	61.709	67.537	69.637	20.879	16.684	15.074	
567	61.665	67.348	69.284	20.845	16.66	15.01	
568	61.617	67.155	68.933	20.818	16.626	14.969	
569	61.565	66.959	68.585	20.805	16.591	14.939	
570	61.508	66.76	68.241	20.791	16.566	14.891	
571	61.448	66.558	67.899	20.756	16.54	14.877	
572	61.383	66.353	67.561	20.734	16.528	14.866	
573	61.315	66.146	67.225	20.719	16.489	14.815	
574	61.243	65.937	66.893	20.685	16.473	14.755	
575	61.167	65.725	66.564	20.662	16.434	14.74	
576	61.087	65.512	66.238	20.631	16.404	14.719	
577	61.005	65.298	65.916	20.644	16.385	14.694	
578	60.918	65.082	65.597	20.618	16.331	14.681	
579	60.829	64.864	65.281	20.576	16.316	14.62	
580	60.736	64.646	64.969	20.577	16.277	14.621	
581	60.64	64.426	64.66	20.535	16.251	14.584	
582	60.542	64.206	64.354	20.524	16.22	14.522	
583	60.44	63.985	64.051	20.504	16.18	14.507	
584	60.336	63.764	63.752	20.492	16.17	14.517	
585	60.23	63.542	63.456	20.442	16.155	14.449	
586	60.12	63.32	63.163	20.431	16.123	14.417	
587	60.009	63.098	62.873	20.436	16.098	14.362	
588	59.895	62.876	62.587	20.408	16.07	14.357	
589	59.779	62.654	62.304	20.364	16.041	14.332	
590	59.66	62.432	62.024	20.345	16.005	14.287	
591	59.54	62.21	61.747	20.333	15.99	14.25	
592	59.418	61.989	61.474	20.31	15.918	14.221	
593	59.294	61.768	61.203	20.296	15.969	14.198	
594	59.168	61.547	60.936	20.283	15.892	14.209	
595	59.041	61.328	60.672	20.24	15.88	14.155	
596	58.912	61.108	60.41	20.22	15.879	14.124	
597	58.782	60.89	60.152	20.21	15.839	14.089	
598	58.65	60.672	59.897	20.202	15.8	14.07	
599	58.517	60.455	59.644	20.184	15.748	14.033	
600	58.383	60.239	59.395	20.146	15.774	14.024	
601	58.247	60.024	59.148	20.111	15.734	13.982	
602	58.111	59.809	58.904	20.089	15.676	13.946	
603	57.973	59.596	58.663	20.073	15.681	13.918	
604	57.835	59.384	58.425	20.062	15.645	13.915	
605	57.695	59.173	58.19	20.041	15.608	13.859	
606	57.555	58.963	57.957	20.03	15.616	13.815	
607	57.414	58.754	57.727	19.998	15.592	13.779	
608	57.273	58.546	57.5	20.014	15.535	13.804	
609	57.131	58.34	57.275	19.982	15.547	13.748	
610	56.988	58.134	57.053	19.959	15.505	13.733	
611	56.845	57.93	56.834	19.939	15.468	13.708	
612	56.701	57.727	56.616	19.937	15.48	13.705	
613	56.558	57.526	56.402	19.905	15.44	13.625	
614	56.413	57.326	56.19	19.873	15.416	13.633	
615	56.269	57.127	55.98	19.872	15.373	13.599	
616	56.124	56.929	55.773	19.848	15.366	13.567	
617	55.979	56.733	55.568	19.833	15.339	13.548	
618	55.834	56.538	55.366	19.81	15.324	13.544	
619	55.689	56.344	55.165	19.793	15.289	13.484	
620	55.543	56.152	54.967	19.769	15.26	13.464	
621	55.398	55.961	54.772	19.744	15.245	13.463	
622	55.253	55.772	54.578	19.758	15.223	13.435	
623	55.107	55.584	54.387	19.727	15.19	13.375	
624	54.962	55.397	54.197	19.705	15.17	13.372	
625	54.817	55.211	54.01	19.678	15.168	13.392	
626	54.672	55.028	53.825	19.681	15.12	13.311	
627	54.528	54.845	53.642	19.667	15.098	13.304	
628	54.383	54.664	53.461	19.638	15.06	13.283	
629	54.239	54.484	53.283	19.635	15.075	13.294	
630	54.095	54.305	53.106	19.57	15.013	13.233	
631	53.951	54.128	52.931	19.565	15.066	13.236	
632	53.808	53.953	52.758	19.575	15.011	13.141	
633	53.665	53.778	52.586	19.564	14.965	13.12	
634	53.522	53.605	52.417	19.51	14.954	13.069	
635	53.38	53.434	52.249	19.493	14.942	13.106	
636	53.238	53.264	52.084	19.49	14.951	13.106	
637	53.097	53.095	51.92	19.498	14.872	13.056	
638	52.956	52.927	51.758	19.454	14.846	13.046	
639	52.816	52.761	51.597	19.459	14.818	13.027	
640	52.675	52.596	51.439	19.425	14.799	13.018	
641	52.536	52.433	51.282	19.452	14.778	12.939	
642	52.397	52.27	51.126	19.402	14.772	12.986	
643	52.258	52.109	50.972	19.387	14.721	12.945	
644	52.12	51.95	50.82	19.404	14.727	12.899	
645	51.983	51.791	50.67	19.385	14.71	12.869	
646	51.846	51.634	50.521	19.341	14.67	12.857	
647	51.71	51.479	50.373	19.34	14.697	12.832	
648	51.574	51.324	50.227	19.298	14.644	12.833	
649	51.439	51.171	50.083	19.29	14.633	12.793	
650	51.305	51.019	49.94	19.268	14.571	12.757	
651	51.171	50.868	49.799	19.249	14.593	12.771	
652	51.038	50.718	49.659	19.245	14.544	12.718	
653	50.905	50.57	49.52	19.224	14.556	12.69	
654	50.773	50.423	49.383	19.213	14.505	12.636	
655	50.642	50.277	49.247	19.188	14.528	12.643	
656	50.511	50.132	49.112	19.173	14.551	12.655	
657	50.381	49.989	48.979	19.182	14.495	12.58	
658	50.251	49.846	48.847	19.145	14.451	12.585	
659	50.123	49.705	48.717	19.135	14.393	12.576	
660	49.995	49.565	48.587	19.131	14.406	12.557	
661	49.867	49.426	48.459	19.149	14.366	12.521	
662	49.74	49.288	48.332	19.141	14.38	12.487	
663	49.614	49.151	48.207	19.085	14.354	12.478	
664	49.489	49.015	48.082	19.067	14.358	12.46	
665	49.364	48.881	47.959	19.05	14.329	12.422	
666	49.24	48.747	47.837	19.037	14.283	12.4	
667	49.117	48.615	47.716	19.049	14.264	12.403	
668	48.994	48.484	47.597	19.03	14.28	12.379	
669	48.872	48.353	47.478	19.015	14.24	12.357	
670	48.751	48.224	47.36	18.996	14.227	12.341	
671	48.63	48.096	47.244	18.983	14.189	12.272	
672	48.51	47.969	47.129	18.968	14.151	12.307	
673	48.391	47.843	47.014	18.924	14.153	12.286	
674	48.272	47.717	46.901	18.939	14.161	12.278	
675	48.155	47.593	46.789	18.916	14.153	12.296	
676	48.037	47.47	46.678	18.918	14.072	12.203	
677	47.921	47.348	46.567	18.905	14.111	12.199	
678	47.805	47.226	46.458	18.877	14.073	12.219	
679	47.69	47.106	46.35	18.874	14.028	12.143	
680	47.575	46.987	46.243	18.865	14.013	12.153	
681	47.462	46.868	46.136	18.846	13.999	12.088	
682	47.349	46.751	46.031	18.845	14.005	12.109	
683	47.236	46.634	45.926	18.808	13.954	12.072	
684	47.124	46.518	45.823	18.784	13.945	12.093	
685	47.013	46.404	45.72	18.793	13.961	12.052	
686	46.903	46.29	45.618	18.775	13.924	12.002	
687	46.793	46.177	45.517	18.777	13.89	11.991	
688	46.684	46.064	45.417	18.772	13.868	11.962	
689	46.576	45.953	45.318	18.761	13.903	11.957	
690	46.468	45.843	45.22	18.716	13.875	11.965	
691	46.361	45.733	45.122	18.724	13.843	11.91	
692	46.254	45.624	45.025	18.709	13.782	11.94	
693	46.148	45.516	44.93	18.696	13.781	11.891	
694	46.043	45.409	44.834	18.682	13.775	11.898	
695	45.939	45.303	44.74	18.653	13.738	11.859	
696	45.835	45.197	44.646	18.654	13.704	11.854	
697	45.731	45.092	44.554	18.647	13.742	11.818	
698	45.629	44.988	44.461	18.656	13.697	11.76	
699	45.527	44.885	44.37	18.615	13.678	11.745	
700	45.425	44.782	44.28	18.603	13.714	11.763	
701	45.325	44.681	44.19	18.616	13.601	11.754	
702	45.225	44.58	44.1	18.605	13.677	11.742	
703	45.125	44.479	44.012	18.55	13.664	11.695	
704	45.026	44.38	43.924	18.548	13.616	11.689	
705	44.928	44.281	43.837	18.593	13.586	11.663	
706	44.83	44.183	43.751	18.539	13.595	11.627	
707	44.733	44.086	43.665	18.519	13.587	11.625	
708	44.637	43.989	43.58	18.499	13.513	11.634	
709	44.541	43.893	43.495	18.52	13.555	11.58	
710	44.445	43.798	43.412	18.509	13.487	11.628	
711	44.351	43.703	43.328	18.491	13.491	11.511	
712	44.257	43.609	43.246	18.46	13.43	11.505	
713	44.163	43.516	43.164	18.443	13.501	11.532	
714	44.07	43.423	43.082	18.434	13.419	11.487	
715	43.978	43.331	43.002	18.397	13.433	11.469	
716	43.886	43.24	42.922	18.418	13.356	11.374	
717	43.794	43.149	42.842	18.408	13.398	11.468	
718	43.704	43.059	42.763	18.389	13.347	11.371	
719	43.613	42.969	42.685	18.416	13.365	11.461	
720	43.524	42.881	42.607	18.332	13.336	11.414	
721	43.435	42.792	42.53	18.377	13.311	11.389	
722	43.346	42.705	42.453	18.373	13.341	11.365	
723	43.258	42.618	42.377	18.316	13.339	11.362	
724	43.171	42.531	42.301	18.348	13.267	11.357	
725	43.084	42.445	42.226	18.293	13.366	11.278	
726	42.997	42.36	42.151	18.343	13.2	11.279	
727	42.911	42.275	42.077	18.3	13.25	11.255	
728	42.826	42.191	42.004	18.318	13.194	11.255	
729	42.741	42.107	41.931	18.272	13.178	11.254	
730	42.657	42.024	41.858	18.26	13.183	11.173	
731	42.573	41.942	41.786	18.22	13.167	11.208	
732	42.49	41.86	41.714	18.247	13.116	11.197	
733	42.407	41.779	41.643	18.236	13.152	11.165	
734	42.324	41.698	41.573	18.263	13.117	11.143	
735	42.243	41.617	41.502	18.212	13.131	11.119	
736	42.161	41.537	41.433	18.211	13.114	11.12	
737	42.08	41.458	41.363	18.221	13.084	11.153	
738	42	41.379	41.295	18.175	13.091	11.076	
739	41.92	41.301	41.226	18.168	13.067	11.094	
740	41.841	41.223	41.158	18.198	13.06	11.074	
741	41.762	41.146	41.091	18.146	13.012	11.072	
742	41.683	41.069	41.024	18.159	13.021	11.016	
743	41.605	40.992	40.957	18.16	13.027	10.987	
744	41.527	40.917	40.891	18.128	13	11.023	
745	41.45	40.841	40.825	18.098	13.023	11.013	
746	41.374	40.766	40.76	18.113	12.97	10.981	
747	41.297	40.692	40.695	18.112	13.001	10.944	
748	41.222	40.618	40.631	18.09	12.967	10.93	
749	41.146	40.544	40.566	18.087	12.928	10.902	
750	41.071	40.471	40.503	18.026	12.909	10.938	
751	40.997	40.398	40.439	18.064	12.892	10.873	
752	40.923	40.326	40.376	18.016	12.923	10.846	
753	40.849	40.254	40.314	18.042	12.881	10.845	
754	40.776	40.183	40.252	18.033	12.862	10.87	
755	40.703	40.112	40.19	17.998	12.896	10.794	
756	40.631	40.041	40.128	18.017	12.83	10.84	
757	40.559	39.971	40.067	18.016	12.778	10.837	
758	40.487	39.902	40.006	17.993	12.814	10.794	
759	40.416	39.832	39.946	17.991	12.817	10.766	
760	40.345	39.763	39.886	17.965	12.743	10.723	
761	40.275	39.695	39.826	17.94	12.757	10.727	
762	40.205	39.627	39.767	17.968	12.744	10.685	
763	40.136	39.559	39.708	17.942	12.757	10.67	
764	40.066	39.492	39.649	17.942	12.75	10.703	
765	39.998	39.425	39.591	17.928	12.723	10.649	
766	39.929	39.358	39.533	17.945	12.732	10.659	
767	39.861	39.292	39.475	17.932	12.689	10.658	
768	39.794	39.226	39.418	17.898	12.676	10.604	
769	39.726	39.161	39.361	17.901	12.684	10.63	
770	39.659	39.096	39.304	17.88	12.632	10.573	
771	39.593	39.031	39.247	17.839	12.621	10.567	
772	39.527	38.967	39.191	17.837	12.664	10.567	
773	39.461	38.903	39.135	17.851	12.613	10.567	
774	39.396	38.839	39.08	17.831	12.605	10.51	
775	39.331	38.776	39.025	17.81	12.584	10.517	
776	39.266	38.713	38.97	17.872	12.563	10.49	
777	39.202	38.651	38.915	17.813	12.541	10.499	
778	39.138	38.589	38.861	17.814	12.507	10.516	
779	39.074	38.527	38.807	17.771	12.515	10.473	
780	39.011	38.465	38.753	17.769	12.529	10.484	
781	38.948	38.404	38.7	17.816	12.552	10.405	
782	38.885	38.343	38.646	17.788	12.453	10.414	
783	38.823	38.282	38.593	17.766	12.44	10.413	
784	38.761	38.222	38.541	17.747	12.468	10.369	
785	38.699	38.162	38.488	17.727	12.424	10.347	
786	38.638	38.103	38.436	17.72	12.435	10.349	
787	38.577	38.043	38.384	17.725	12.412	10.345	
788	38.516	37.984	38.333	17.722	12.394	10.324	
789	38.456	37.926	38.281	17.703	12.376	10.317	
790	38.396	37.867	38.23	17.705	12.403	10.277	
791	38.336	37.809	38.18	17.675	12.368	10.278	
792	38.277	37.751	38.129	17.689	12.361	10.267	
793	38.217	37.694	38.079	17.679	12.381	10.266	
794	38.159	37.637	38.028	17.66	12.327	10.239	
795	38.1	37.58	37.979	17.659	12.309	10.224	
796	38.042	37.523	37.929	17.662	12.313	10.213	
797	37.984	37.467	37.88	17.654	12.325	10.176	
798	37.926	37.411	37.831	17.666	12.323	10.181	
799	37.869	37.355	37.782	17.647	12.261	10.206	
800	37.812	37.3	37.733	17.62	12.266	10.135	
801	37.755	37.245	37.685	17.605	12.279	10.152	
802	37.699	37.19	37.636	17.648	12.257	10.122	
803	37.643	37.135	37.588	17.585	12.228	10.092	
804	37.587	37.081	37.541	17.575	12.219	10.133	
805	37.531	37.026	37.493	17.566	12.198	10.093	
806	37.476	36.973	37.446	17.583	12.17	10.084	
807	37.421	36.919	37.399	17.566	12.126	10.115	
808	37.366	36.866	37.352	17.569	12.174	10.024	
809	37.312	36.812	37.305	17.516	12.099	10.047	
810	37.258	36.76	37.259	17.556	12.165	10.014	
811	37.204	36.707	37.212	17.537	12.131	9.9973	
812	37.15	36.655	37.166	17.532	12.176	10.005	
813	37.097	36.603	37.121	17.542	12.077	9.9926	
814	37.044	36.551	37.075	17.52	12.11	10.013	
815	36.991	36.499	37.029	17.499	12.091	9.9656	
816	36.938	36.448	36.984	17.51	12.082	9.9131	
817	36.886	36.397	36.939	17.487	12.062	9.9298	
818	36.834	36.346	36.894	17.492	12.059	9.9034	
819	36.782	36.295	36.85	17.483	12.042	9.9129	
820	36.73	36.245	36.805	17.46	12.018	9.8719	
821	36.679	36.195	36.761	17.453	12.005	9.8656	
822	36.628	36.145	36.717	17.45	12.012	9.8616	
823	36.577	36.095	36.673	17.451	12.006	9.8525	
824	36.526	36.045	36.629	17.443	12.007	9.8497	
825	36.476	35.996	36.586	17.437	11.988	9.8449	
826	36.426	35.947	36.542	17.433	11.98	9.8362	
827	36.376	35.898	36.499	17.43	11.974	9.8144	
828	36.326	35.85	36.456	17.419	11.964	9.8087	
829	36.277	35.801	36.414	17.407	11.95	9.7941	
830	36.227	35.753	36.371	17.407	11.946	9.8031	
831	36.178	35.705	36.328	17.4	11.919	9.7859	
832	36.13	35.657	36.286	17.384	11.91	9.7662	
833	36.081	35.61	36.244	17.379	11.905	9.7353	
834	36.033	35.562	36.202	17.367	11.897	9.7158	
835	35.985	35.515	36.16	17.36	11.889	9.7177	
836	35.937	35.468	36.119	17.358	11.888	9.6974	
837	35.889	35.421	36.077	17.35	11.861	9.7024	
838	35.842	35.375	36.036	17.356	11.846	9.6741	
839	35.795	35.328	35.995	17.339	11.835	9.6728	
840	35.748	35.282	35.954	17.323	11.851	9.6213	
841	35.701	35.236	35.913	17.338	11.799	9.6059	
842	35.654	35.191	35.873	17.35	11.812	9.6524	
843	35.608	35.145	35.832	17.333	11.79	9.6237	
844	35.562	35.1	35.792	17.328	11.8	9.6135	
845	35.516	35.054	35.752	17.337	11.83	9.5864	
846	35.47	35.009	35.712	17.25	11.762	9.5728	
847	35.424	34.965	35.672	17.316	11.671	9.6306	
848	35.379	34.92	35.632	17.299	11.801	9.6341	
849	35.334	34.876	35.592	17.296	11.713	9.5251	
850	35.289	34.831	35.553	17.278	11.74	9.5683	
851	35.244	34.787	35.514	17.254	11.712	9.5872	
852	35.2	34.743	35.475	17.249	11.723	9.4661	
853	35.156	34.7	35.436	17.279	11.658	9.4759	
854	35.111	34.656	35.397	17.228	11.704	9.4325	
855	35.067	34.613	35.358	17.23	11.626	9.478	
856	35.024	34.569	35.32	17.202	11.678	9.4881	
857	34.98	34.526	35.281	17.234	11.659	9.4508	
858	34.937	34.484	35.243	17.248	11.682	9.4151	
859	34.894	34.441	35.205	17.26	11.629	9.461	
860	34.851	34.398	35.167	17.206	11.667	9.4684	
861	34.808	34.356	35.129	17.177	11.615	9.3825	
862	34.765	34.314	35.091	17.215	11.595	9.3837	
863	34.723	34.272	35.054	17.205	11.644	9.3907	
864	34.68	34.23	35.016	17.208	11.589	9.387	
865	34.638	34.188	34.979	17.157	11.577	9.3165	
866	34.596	34.147	34.942	17.167	11.563	9.3468	
867	34.555	34.105	34.905	17.147	11.513	9.3459	
868	34.513	34.064	34.868	17.118	11.543	9.3501	
869	34.472	34.023	34.831	17.15	11.508	9.2901	
870	34.431	33.982	34.794	17.159	11.516	9.3057	
871	34.389	33.941	34.758	17.146	11.508	9.2767	
872	34.349	33.901	34.721	17.131	11.512	9.3136	
873	34.308	33.86	34.685	17.157	11.469	9.267	
874	34.267	33.82	34.649	17.129	11.488	9.2504	
875	34.227	33.78	34.613	17.111	11.474	9.2559	
876	34.187	33.74	34.577	17.115	11.465	9.2204	
877	34.147	33.7	34.541	17.112	11.46	9.2537	
878	34.107	33.66	34.505	17.083	11.444	9.2191	
879	34.067	33.621	34.47	17.079	11.432	9.1998	
880	34.028	33.581	34.434	17.071	11.421	9.1926	
881	33.988	33.542	34.399	17.069	11.417	9.1849	
882	33.949	33.503	34.364	17.067	11.412	9.1889	
883	33.91	33.464	34.328	17.063	11.408	9.1794	
884	33.871	33.425	34.293	17.061	11.404	9.1718	
885	33.832	33.386	34.259	17.061	11.396	9.1709	
886	33.794	33.348	34.224	17.056	11.388	9.1566	
887	33.755	33.309	34.189	17.046	11.371	9.1428	
888	33.717	33.271	34.155	17.044	11.364	9.1243	
889	33.679	33.233	34.12	17.031	11.351	9.1119	
890	33.641	33.195	34.086	17.018	11.337	9.0964	
891	33.603	33.157	34.052	17.012	11.328	9.0812	
892	33.565	33.119	34.017	17.01	11.316	9.0788	
893	33.528	33.082	33.983	17.003	11.31	9.0602	
894	33.49	33.044	33.949	16.991	11.308	9.0486	
895	33.453	33.007	33.916	16.999	11.303	9.0533	
896	33.416	32.97	33.882	16.989	11.29	9.0498	
897	33.379	32.933	33.848	16.989	11.285	9.0476	
898	33.342	32.896	33.815	16.987	11.282	9.0195	
899	33.306	32.859	33.781	16.979	11.268	9.0175	
900	33.269	32.822	33.748	16.966	11.258	8.9949	
901	33.233	32.786	33.715	16.947	11.247	8.9733	
902	33.197	32.749	33.682	16.948	11.229	8.9685	
903	33.16	32.713	33.649	16.945	11.226	8.9618	
904	33.124	32.677	33.616	16.94	11.217	8.9595	
905	33.089	32.641	33.583	16.932	11.215	8.9576	
906	33.053	32.605	33.551	16.934	11.21	8.9517	
907	33.017	32.569	33.518	16.929	11.206	8.9528	
908	32.982	32.533	33.485	16.931	11.194	8.9288	
909	32.947	32.497	33.453	16.916	11.183	8.9209	
910	32.911	32.462	33.421	16.902	11.167	8.91	
911	32.876	32.427	33.388	16.906	11.155	8.9055	
912	32.842	32.391	33.356	16.894	11.128	8.8691	
913	32.807	32.356	33.324	16.881	11.137	8.8493	
914	32.772	32.321	33.292	16.883	11.127	8.8511	
915	32.738	32.286	33.261	16.876	11.114	8.8449	
916	32.703	32.251	33.229	16.869	11.119	8.8435	
917	32.669	32.217	33.197	16.869	11.116	8.8377	
918	32.635	32.182	33.166	16.872	11.111	8.8326	
919	32.601	32.148	33.134	16.868	11.102	8.8198	
920	32.567	32.113	33.103	16.862	11.094	8.8106	
921	32.533	32.079	33.071	16.852	11.081	8.8013	
922	32.5	32.045	33.04	16.848	11.073	8.8045	
923	32.466	32.011	33.009	16.851	11.066	8.7956	
924	32.433	31.977	32.978	16.835	11.037	8.7695	
925	32.399	31.943	32.947	16.832	11.054	8.7564	
926	32.366	31.91	32.916	16.815	11.035	8.7417	
927	32.333	31.876	32.885	16.816	11.041	8.7315	
928	32.3	31.842	32.855	16.814	11.034	8.7362	
929	32.268	31.809	32.824	16.797	10.994	8.7477	
930	32.235	31.776	32.793	16.793	10.972	8.7269	
931	32.202	31.743	32.763	16.805	11.016	8.7154	
932	32.17	31.71	32.733	16.812	10.951	8.6826	
933	32.138	31.677	32.702	16.782	11.008	8.6791	
934	32.105	31.644	32.672	16.775	10.976	8.695	
935	32.073	31.611	32.642	16.773	10.978	8.6554	
936	32.041	31.578	32.612	16.753	10.941	8.6501	
937	32.01	31.546	32.582	16.753	10.935	8.6851	
938	31.978	31.513	32.552	16.783	10.944	8.6069	
939	31.946	31.481	32.522	16.761	10.933	8.6336	
940	31.915	31.449	32.493	16.766	10.894	8.6504	
941	31.883	31.416	32.463	16.76	10.92	8.6114	
942	31.852	31.384	32.433	16.739	10.886	8.5574	
943	31.821	31.352	32.404	16.715	10.91	8.5951	
944	31.79	31.32	32.374	16.717	10.929	8.5787	
945	31.759	31.289	32.345	16.744	10.893	8.5827	
946	31.728	31.257	32.316	16.743	10.888	8.5713	
947	31.697	31.225	32.287	16.722	10.888	8.5569	
948	31.666	31.194	32.258	16.718	10.861	8.5456	
949	31.636	31.162	32.228	16.708	10.84	8.5238	
950	31.605	31.131	32.199	16.702	10.832	8.5213	
951	31.575	31.1	32.171	16.691	10.851	8.5259	
952	31.545	31.069	32.142	16.683	10.844	8.5209	
953	31.514	31.038	32.113	16.694	10.825	8.4986	
954	31.484	31.007	32.084	16.695	10.819	8.5124	
955	31.454	30.976	32.056	16.682	10.807	8.4784	
956	31.425	30.945	32.027	16.663	10.812	8.4848	
957	31.395	30.914	31.999	16.664	10.803	8.5324	
958	31.365	30.884	31.97	16.644	10.785	8.4534	
959	31.336	30.853	31.942	16.666	10.771	8.4791	
960	31.306	30.823	31.914	16.678	10.753	8.4078	
961	31.277	30.792	31.886	16.673	10.778	8.3952	
962	31.248	30.762	31.857	16.661	10.689	8.3687	
963	31.218	30.732	31.829	16.62	10.712	8.4149	
964	31.189	30.702	31.801	16.649	10.748	8.3485	
965	31.16	30.672	31.774	16.617	10.733	8.3817	
966	31.131	30.642	31.746	16.628	10.753	8.359	
967	31.103	30.612	31.718	16.623	10.733	8.3919	
968	31.074	30.582	31.69	16.627	10.745	8.3832	
969	31.045	30.553	31.663	16.611	10.709	8.3707	
970	31.017	30.523	31.635	16.625	10.692	8.3925	
971	30.989	30.494	31.607	16.613	10.68	8.3706	
972	30.96	30.464	31.58	16.61	10.702	8.3492	
973	30.932	30.435	31.553	16.61	10.685	8.3224	
974	30.904	30.406	31.525	16.594	10.661	8.3374	
975	30.876	30.376	31.498	16.588	10.668	8.2816	
976	30.848	30.347	31.471	16.58	10.653	8.2972	
977	30.82	30.318	31.444	16.575	10.641	8.2843	
978	30.792	30.289	31.417	16.572	10.632	8.2858	
979	30.765	30.26	31.39	16.57	10.638	8.2719	
980	30.737	30.232	31.363	16.575	10.628	8.2724	
981	30.709	30.203	31.336	16.572	10.626	8.2804	
982	30.682	30.174	31.309	16.566	10.621	8.2707	
983	30.655	30.146	31.282	16.562	10.623	8.2828	
984	30.627	30.117	31.256	16.548	10.613	8.2676	
985	30.6	30.089	31.229	16.546	10.617	8.2362	
986	30.573	30.06	31.202	16.573	10.595	8.2584	
987	30.546	30.032	31.176	16.537	10.591	8.2149	
988	30.519	30.004	31.15	16.532	10.56	8.1936	
989	30.492	29.976	31.123	16.524	10.566	8.1933	
990	30.466	29.948	31.097	16.52	10.547	8.1876	
991	30.439	29.92	31.071	16.519	10.55	8.1676	
992	30.412	29.892	31.044	16.52	10.545	8.1802	
993	30.386	29.864	31.018	16.509	10.544	8.1739	
994	30.36	29.836	30.992	16.517	10.548	8.1768	
995	30.333	29.809	30.966	16.503	10.54	8.1619	
996	30.307	29.781	30.94	16.496	10.533	8.1554	
997	30.281	29.754	30.914	16.504	10.529	8.1444	
998	30.255	29.726	30.888	16.493	10.516	8.1417	
999	30.229	29.699	30.862	16.483	10.502	8.1776	
1000	30.203	29.672	30.837	16.5	10.478	8.1157	
1001	30.177	29.644	30.811	16.464	10.53	8.0949	
1002	30.151	29.617	30.785	16.485	10.51	8.0982	
1003	30.125	29.59	30.76	16.476	10.477	8.0989	
1004	30.1	29.563	30.734	16.475	10.443	8.0759	
1005	30.074	29.536	30.709	16.439	10.542	8.1117	
1006	30.049	29.509	30.683	16.467	10.428	8.1096	
1007	30.023	29.482	30.658	16.465	10.492	8.0327	
1008	29.998	29.455	30.633	16.449	10.484	8.0563	
1009	29.973	29.429	30.607	16.429	10.432	8.0496	
1010	29.948	29.402	30.582	16.466	10.451	8.0414	
1011	29.923	29.376	30.557	16.433	10.444	8.0428	
1012	29.898	29.349	30.532	16.438	10.431	8.0143	
1013	29.873	29.323	30.507	16.434	10.414	8.0082	
1014	29.848	29.296	30.482	16.435	10.394	8.0042	
1015	29.823	29.27	30.457	16.437	10.4	7.9932	
1016	29.798	29.244	30.432	16.413	10.402	8.087	
1017	29.774	29.218	30.407	16.395	10.365	7.9546	
1018	29.749	29.191	30.383	16.391	10.366	7.9748	
1019	29.725	29.165	30.358	16.377	10.349	7.938	
1020	29.7	29.139	30.333	16.428	10.409	7.9076	
1021	29.676	29.113	30.309	16.344	10.406	7.9482	
1022	29.652	29.088	30.284	16.399	10.335	7.9468	
1023	29.627	29.062	30.26	16.418	10.322	7.9437	
1024	29.603	29.036	30.235	16.374	10.301	7.9785	
1025	29.579	29.01	30.211	16.416	10.31	7.9159	
1026	29.555	28.985	30.186	16.38	10.359	7.8728	
1027	29.531	28.959	30.162	16.414	10.241	7.8987	
1028	29.507	28.934	30.138	16.371	10.339	7.8451	
1029	29.483	28.908	30.113	16.355	10.283	7.8299	
1030	29.46	28.883	30.089	16.359	10.328	7.903	
1031	29.436	28.858	30.065	16.422	10.333	7.9249	
1032	29.412	28.832	30.041	16.316	10.327	7.8632	
1033	29.389	28.807	30.017	16.382	10.287	7.887	
1034	29.365	28.782	29.993	16.356	10.309	7.8533	
1035	29.342	28.757	29.969	16.379	10.251	7.9231	
1036	29.319	28.732	29.945	16.253	10.285	7.8388	
1037	29.296	28.707	29.921	16.397	10.175	7.8035	
1038	29.272	28.682	29.898	16.319	10.24	7.9786	
1039	29.249	28.657	29.874	16.361	10.29	7.9209	
1040	29.226	28.633	29.85	16.298	10.088	7.8087	
1041	29.203	28.608	29.827	16.335	10.216	7.8567	
1042	29.18	28.583	29.803	16.445	10.238	7.6434	
1043	29.157	28.559	29.779	16.412	10.176	7.6925	
1044	29.134	28.534	29.756	16.267	10.268	7.7417	
1045	29.112	28.51	29.732	16.308	10.204	7.7873	
1046	29.089	28.485	29.709	16.204	10.35	7.5825	
1047	29.066	28.461	29.686	16.266	10.039	7.7932	
1048	29.044	28.436	29.662	16.229	10.157	7.8069	
1049	29.021	28.412	29.639	16.299	10.171	7.7236	
1050	28.999	28.388	29.616	16.276	10.083	7.8107	
1051	28.977	28.364	29.593	16.278	10.17	7.7396	
1052	28.954	28.34	29.569	16.273	10.161	7.7044	
1053	28.932	28.316	29.546	16.277	10.167	7.7231	
1054	28.91	28.292	29.523	16.277	10.148	7.7089	
1055	28.888	28.268	29.5	16.277	10.167	7.6972	
1056	28.866	28.244	29.477	16.273	10.135	7.687	
1057	28.844	28.22	29.454	16.269	10.153	7.6997	
1058	28.822	28.196	29.432	16.262	10.142	7.6709	
1059	28.8	28.173	29.409	16.247	10.134	7.6933	
1060	28.778	28.149	29.386	16.254	10.134	7.6648	
1061	28.756	28.125	29.363	16.263	10.116	7.6747	
1062	28.735	28.102	29.34	16.239	10.115	7.6648	
1063	28.713	28.078	29.318	16.235	10.098	7.6667	
1064	28.691	28.055	29.295	16.233	10.093	7.6472	
1065	28.67	28.031	29.273	16.225	10.087	7.629	
1066	28.648	28.008	29.25	16.232	10.086	7.618	
1067	28.627	27.985	29.228	16.223	10.089	7.6219	
1068	28.605	27.961	29.205	16.218	10.078	7.6284	
1069	28.584	27.938	29.183	16.223	10.054	7.6005	
1070	28.563	27.915	29.16	16.22	10.079	7.5985	
1071	28.542	27.892	29.138	16.218	10.063	7.599	
1072	28.521	27.869	29.116	16.202	10.065	7.5925	
1073	28.5	27.846	29.093	16.215	10.029	7.5661	
1074	28.479	27.823	29.071	16.199	10.044	7.5808	
1075	28.458	27.8	29.049	16.193	10.033	7.5517	
1076	28.437	27.777	29.027	16.201	10.022	7.5548	
1077	28.416	27.754	29.005	16.189	10.024	7.5511	
1078	28.395	27.732	28.983	16.185	10.008	7.5417	
1079	28.374	27.709	28.961	16.186	10.022	7.5314	
1080	28.354	27.686	28.939	16.186	10.011	7.5387	
1081	28.333	27.664	28.917	16.179	10.01	7.5348	
1082	28.312	27.641	28.895	16.172	10.007	7.5257	
1083	28.292	27.619	28.873	16.18	9.9947	7.5117	
1084	28.271	27.596	28.851	16.172	9.995	7.5129	
1085	28.251	27.574	28.83	16.166	9.9914	7.5014	
1086	28.231	27.551	28.808	16.171	9.9923	7.5038	
1087	28.21	27.529	28.786	16.156	9.9873	7.4945	
1088	28.19	27.507	28.764	16.166	9.9817	7.4997	
1089	28.17	27.485	28.743	16.159	9.9779	7.4821	
1090	28.15	27.462	28.721	16.158	9.9803	7.4881	
1091	28.129	27.44	28.7	16.153	9.9785	7.4853	
1092	28.109	27.418	28.678	16.144	9.9565	7.4715	
1093	28.089	27.396	28.657	16.148	9.9506	7.4729	
1094	28.069	27.374	28.635	16.141	9.9601	7.4722	
1095	28.05	27.352	28.614	16.15	9.9318	7.4483	
1096	28.03	27.33	28.593	16.144	9.9407	7.4519	
1097	28.01	27.308	28.571	16.13	9.9283	7.4383	
1098	27.99	27.287	28.55	16.124	9.9234	7.4168	
1099	27.97	27.265	28.529	16.123	9.9232	7.4195	
1100	27.951	27.243	28.508	16.113	9.9178	7.4139	
1101	27.931	27.222	28.486	16.124	9.9056	7.3964	
1102	27.912	27.2	28.465	16.116	9.8945	7.3888	
1103	27.892	27.178	28.444	16.109	9.8791	7.3797	
1104	27.873	27.157	28.423	16.105	9.888	7.3786	
1105	27.853	27.135	28.402	16.097	9.8862	7.3711	
1106	27.834	27.114	28.381	16.101	9.8753	7.3644	
1107	27.815	27.092	28.36	16.09	9.8672	7.3615	
1108	27.795	27.071	28.339	16.098	9.873	7.3533	
1109	27.776	27.05	28.318	16.089	9.8628	7.35	
1110	27.757	27.028	28.298	16.087	9.8562	7.3493	
1111	27.738	27.007	28.277	16.086	9.8575	7.3426	
1112	27.719	26.986	28.256	16.085	9.8439	7.3361	
1113	27.7	26.965	28.235	16.085	9.8491	7.3346	
1114	27.681	26.944	28.215	16.08	9.8466	7.3305	
1115	27.662	26.923	28.194	16.077	9.8484	7.3291	
1116	27.643	26.902	28.173	16.078	9.8409	7.3321	
1117	27.624	26.881	28.153	16.079	9.8416	7.3209	
1118	27.605	26.86	28.132	16.072	9.8334	7.3214	
1119	27.587	26.839	28.112	16.06	9.8347	7.3015	
1120	27.568	26.818	28.091	16.068	9.8313	7.2924	
1121	27.549	26.797	28.071	16.067	9.8176	7.2878	
1122	27.531	26.776	28.05	16.06	9.8063	7.2978	
1123	27.512	26.756	28.03	16.048	9.8069	7.2903	
1124	27.493	26.735	28.009	16.063	9.8076	7.2673	
1125	27.475	26.714	27.989	16.054	9.7979	7.2623	
1126	27.457	26.694	27.969	16.058	9.8085	7.2676	
1127	27.438	26.673	27.949	16.033	9.7894	7.2435	
1128	27.42	26.653	27.928	16.033	9.7801	7.246	
1129	27.402	26.632	27.908	16.039	9.78	7.2589	
1130	27.383	26.612	27.888	16.029	9.784	7.2303	
1131	27.365	26.591	27.868	16.028	9.7661	7.2327	
1132	27.347	26.571	27.848	16.029	9.7641	7.2224	
1133	27.329	26.551	27.828	16.022	9.7746	7.22	
1134	27.311	26.53	27.808	16.013	9.7404	7.2208	
1135	27.293	26.51	27.788	16.016	9.7516	7.1929	
1136	27.275	26.49	27.768	16.019	9.733	7.2045	
1137	27.257	26.47	27.748	16.012	9.7186	7.2018	
1138	27.239	26.449	27.728	16.011	9.7314	7.1817	
1139	27.221	26.429	27.708	16.007	9.7294	7.188	
1140	27.203	26.409	27.688	16	9.711	7.1734	
1141	27.185	26.389	27.669	16.013	9.7229	7.1701	
1142	27.168	26.369	27.649	16.009	9.7157	7.1425	
1143	27.15	26.349	27.629	15.991	9.7047	7.1754	
1144	27.132	26.33	27.609	15.991	9.6948	7.1627	
1145	27.115	26.31	27.59	15.994	9.7082	7.1617	
1146	27.097	26.29	27.57	15.991	9.6734	7.1488	
1147	27.08	26.27	27.55	15.987	9.6773	7.1375	
1148	27.062	26.25	27.531	15.993	9.6824	7.1398	
1149	27.045	26.231	27.511	15.982	9.6859	7.1336	
1150	27.027	26.211	27.492	15.971	9.6696	7.1285	
1151	27.01	26.191	27.472	15.973	9.6557	7.1144	
1152	26.993	26.172	27.453	15.974	9.6664	7.1066	
1153	26.975	26.152	27.433	15.967	9.6521	7.0941	
1154	26.958	26.133	27.414	15.961	9.6519	7.0958	
1155	26.941	26.113	27.395	15.966	9.6506	7.0979	
1156	26.924	26.094	27.375	15.955	9.6498	7.0837	
1157	26.907	26.074	27.356	15.955	9.6421	7.0727	
1158	26.89	26.055	27.337	15.956	9.6421	7.0731	
1159	26.872	26.035	27.317	15.96	9.6267	7.0708	
1160	26.855	26.016	27.298	15.957	9.628	7.0722	
1161	26.839	25.997	27.279	15.947	9.6061	7.0769	
1162	26.822	25.978	27.26	15.943	9.6372	7.0503	
1163	26.805	25.958	27.241	15.932	9.6109	7.0423	
1164	26.788	25.939	27.222	15.933	9.5892	7.0355	
1165	26.771	25.92	27.203	15.926	9.6021	7.0251	
1166	26.754	25.901	27.184	15.934	9.5923	7.0232	
1167	26.738	25.882	27.165	15.935	9.6092	7.0307	
1168	26.721	25.863	27.146	15.925	9.5875	7.0159	
1169	26.704	25.844	27.127	15.919	9.579	7.0094	
1170	26.688	25.825	27.108	15.923	9.5874	6.9969	
1171	26.671	25.806	27.089	15.918	9.5745	6.9927	
1172	26.654	25.787	27.07	15.915	9.5753	6.9904	
1173	26.638	25.768	27.051	15.913	9.572	6.9898	
1174	26.622	25.749	27.032	15.912	9.5717	6.9855	
1175	26.605	25.731	27.014	15.911	9.5671	6.9893	
1176	26.589	25.712	26.995	15.909	9.5553	6.9753	
1177	26.572	25.693	26.976	15.913	9.5548	6.9734	
1178	26.556	25.674	26.958	15.902	9.5491	6.9642	
1179	26.54	25.656	26.939	15.902	9.5544	6.9693	
1180	26.523	25.637	26.92	15.901	9.5467	6.9584	
1181	26.507	25.619	26.902	15.901	9.5467	6.9598	
1182	26.491	25.6	26.883	15.894	9.5385	6.9547	
1183	26.475	25.582	26.865	15.897	9.537	6.95	
1184	26.459	25.563	26.846	15.892	9.532	6.9421	
1185	26.443	25.545	26.828	15.883	9.531	6.946	
1186	26.427	25.526	26.809	15.885	9.5219	6.9289	
1187	26.411	25.508	26.791	15.884	9.5224	6.9354	
1188	26.395	25.489	26.772	15.877	9.523	6.9241	
1189	26.379	25.471	26.754	15.882	9.5084	6.9071	
1190	26.363	25.453	26.735	15.876	9.5137	6.9197	
1191	26.347	25.435	26.717	15.87	9.5099	6.9094	
1192	26.331	25.416	26.699	15.871	9.4961	6.8957	
1193	26.316	25.398	26.681	15.868	9.4961	6.8932	
1194	26.3	25.38	26.662	15.862	9.5027	6.9035	
1195	26.284	25.362	26.644	15.874	9.474	6.8908	
1196	26.268	25.344	26.626	15.86	9.4905	6.8699	
1197	26.253	25.326	26.608	15.862	9.4762	6.8911	
1198	26.237	25.308	26.59	15.852	9.4631	6.8864	
1199	26.222	25.29	26.572	15.851	9.477	6.8633	
1200	26.206	25.272	26.553	15.858	9.4625	6.8505	
1201	26.19	25.254	26.535	15.861	9.4796	6.8706	
1202	26.175	25.236	26.517	15.841	9.4636	6.8566	
1203	26.16	25.218	26.499	15.848	9.4582	6.8337	
1204	26.144	25.2	26.481	15.851	9.4464	6.8183	
1205	26.129	25.182	26.463	15.832	9.4472	6.8323	
1206	26.113	25.165	26.446	15.836	9.466	6.8321	
1207	26.098	25.147	26.428	15.846	9.4633	6.8204	
1208	26.083	25.129	26.41	15.832	9.4402	6.8124	
1209	26.068	25.111	26.392	15.836	9.4279	6.8174	
1210	26.052	25.094	26.374	15.829	9.4198	6.7981	
1211	26.037	25.076	26.356	15.824	9.4014	6.7811	
1212	26.022	25.059	26.339	15.822	9.4159	6.7865	
1213	26.007	25.041	26.321	15.831	9.4125	6.7945	
1214	25.992	25.023	26.303	15.818	9.422	6.771	
1215	25.977	25.006	26.285	15.827	9.4065	6.7776	
1216	25.962	24.988	26.268	15.816	9.3902	6.7962	
1217	25.947	24.971	26.25	15.82	9.3945	6.7799	
1218	25.932	24.954	26.232	15.792	9.3676	6.7812	
1219	25.917	24.936	26.215	15.814	9.3787	6.7488	
1220	25.902	24.919	26.197	15.812	9.3724	6.7566	
1221	25.887	24.902	26.18	15.792	9.3678	6.7577	
1222	25.872	24.884	26.162	15.806	9.4041	6.7482	
1223	25.858	24.867	26.145	15.808	9.3612	6.7497	
1224	25.843	24.85	26.127	15.802	9.3661	6.7322	
1225	25.828	24.833	26.11	15.793	9.3623	6.7376	
1226	25.813	24.815	26.092	15.803	9.3763	6.7294	
1227	25.799	24.798	26.075	15.81	9.3589	6.7325	
1228	25.784	24.781	26.058	15.774	9.3448	6.7237	
1229	25.769	24.764	26.04	15.767	9.3236	6.7278	
1230	25.755	24.747	26.023	15.774	9.3573	6.7086	
1231	25.74	24.73	26.006	15.796	9.3605	6.676	
1232	25.726	24.713	25.988	15.789	9.3331	6.7336	
1233	25.711	24.696	25.971	15.803	9.3612	6.6865	
1234	25.697	24.679	25.954	15.779	9.3636	6.7088	
1235	25.683	24.662	25.937	15.762	9.3504	6.6856	
1236	25.668	24.645	25.92	15.776	9.3508	6.7156	
1237	25.654	24.628	25.903	15.771	9.3581	6.6932	
1238	25.639	24.611	25.885	15.803	9.3178	6.7029	
1239	25.625	24.595	25.868	15.735	9.3726	6.7182	
1240	25.611	24.578	25.851	15.732	9.2717	6.6779	
1241	25.597	24.561	25.834	15.745	9.341	6.6356	
1242	25.582	24.544	25.817	15.735	9.3044	6.6996	
1243	25.568	24.528	25.8	15.764	9.3127	6.761	
1244	25.554	24.511	25.783	15.782	9.3076	6.6586	
1245	25.54	24.494	25.766	15.721	9.362	6.5928	
1246	25.526	24.478	25.749	15.748	9.298	6.6041	
1247	25.512	24.461	25.732	15.731	9.2333	6.6094	
1248	25.498	24.445	25.715	15.743	9.2731	6.5843	
1249	25.484	24.428	25.699	15.775	9.2931	6.6536	
1250	25.47	24.412	25.682	15.753	9.3398	6.5861	
1251	25.456	24.395	25.665	15.739	9.2561	6.6486	
1252	25.442	24.379	25.648	15.709	9.2021	6.5795	
1253	25.428	24.362	25.631	15.708	9.3079	6.5872	
1254	25.414	24.346	25.615	15.716	9.2289	6.5936	
1255	25.4	24.329	25.598	15.74	9.2415	6.623	
1256	25.386	24.313	25.581	15.719	9.2629	6.5966	
1257	25.373	24.297	25.565	15.717	9.2216	6.5567	
1258	25.359	24.28	25.548	15.725	9.2458	6.548	
1259	25.345	24.264	25.531	15.694	9.2312	6.5771	
1260	25.331	24.248	25.515	15.709	9.2387	6.553	
1261	25.318	24.232	25.498	15.706	9.2178	6.5473	
1262	25.304	24.216	25.482	15.689	9.2162	6.5425	
1263	25.291	24.199	25.465	15.706	9.2186	6.5313	
1264	25.277	24.183	25.448	15.682	9.2026	6.5444	
1265	25.263	24.167	25.432	15.708	9.2245	6.5324	
1266	25.25	24.151	25.415	15.696	9.2306	6.5176	
1267	25.236	24.135	25.399	15.709	9.2023	6.5414	
1268	25.223	24.119	25.383	15.714	9.2095	6.5453	
1269	25.209	24.103	25.366	15.701	9.2186	6.5538	
1270	25.196	24.087	25.35	15.696	9.198	6.5367	
1271	25.183	24.071	25.333	15.683	9.2039	6.5136	
1272	25.169	24.055	25.317	15.688	9.2189	6.5472	
1273	25.156	24.039	25.301	15.705	9.2243	6.5247	
1274	25.143	24.023	25.284	15.701	9.2005	6.5306	
1275	25.129	24.007	25.268	15.686	9.1823	6.4939	
1276	25.116	23.992	25.252	15.699	9.2087	6.5205	
1277	25.103	23.976	25.236	15.663	9.1993	6.5191	
1278	25.089	23.96	25.22	15.665	9.1892	6.5112	
1279	25.076	23.944	25.203	15.681	9.1589	6.4593	
1280	25.063	23.929	25.187	15.675	9.156	6.4798	
1281	25.05	23.913	25.171	15.682	9.1567	6.4748	
1282	25.037	23.897	25.155	15.676	9.169	6.4949	
1283	25.024	23.882	25.139	15.656	9.1537	6.4527	
1284	25.011	23.866	25.123	15.632	9.1916	6.4591	
1285	24.998	23.85	25.107	15.644	9.1608	6.4782	
1286	24.985	23.835	25.091	15.669	9.1557	6.4463	
1287	24.972	23.819	25.075	15.652	9.1412	6.4697	
1288	24.959	23.804	25.059	15.663	9.1606	6.4591	
1289	24.946	23.788	25.043	15.652	9.1422	6.4344	
1290	24.933	23.773	25.027	15.657	9.1551	6.4376	
1291	24.92	23.757	25.011	15.64	9.1345	6.4164	
1292	24.907	23.742	24.995	15.656	9.1345	6.4736	
1293	24.894	23.726	24.979	15.647	9.1239	6.4379	
1294	24.882	23.711	24.963	15.668	9.1578	6.4281	
1295	24.869	23.696	24.947	15.646	9.1369	6.3954	
1296	24.856	23.68	24.931	15.653	9.1292	6.3926	
1297	24.843	23.665	24.916	15.651	9.0942	6.4387	
1298	24.831	23.65	24.9	15.631	9.1357	6.4042	
1299	24.818	23.634	24.884	15.641	9.0837	6.373	
1300	24.805	23.619	24.868	15.624	9.1037	6.3995	
1301	24.793	23.604	24.853	15.641	9.126	6.3705	
1302	24.78	23.589	24.837	15.611	9.0799	6.4187	
1303	24.768	23.574	24.821	15.637	9.1245	6.3851	
1304	24.755	23.558	24.805	15.648	9.1135	6.3952	
1305	24.742	23.543	24.79	15.652	9.0861	6.3467	
1306	24.73	23.528	24.774	15.629	9.1235	6.3831	
1307	24.717	23.513	24.759	15.62	9.108	6.3954	
1308	24.705	23.498	24.743	15.613	9.0891	6.388	
1309	24.693	23.483	24.727	15.62	9.0991	6.3783	
1310	24.68	23.468	24.712	15.612	9.0767	6.3653	
1311	24.668	23.453	24.696	15.62	9.0461	6.3913	
1312	24.655	23.438	24.681	15.608	9.0606	6.3221	
1313	24.643	23.423	24.665	15.613	9.0866	6.3847	
1314	24.631	23.408	24.65	15.607	9.0596	6.3495	
1315	24.618	23.393	24.635	15.602	9.0327	6.3262	
1316	24.606	23.378	24.619	15.629	8.9941	6.3194	
1317	24.594	23.364	24.604	15.605	9.0557	6.3822	
1318	24.582	23.349	24.588	15.589	9.0545	6.3601	
1319	24.57	23.334	24.573	15.631	9.0479	6.354	
1320	24.557	23.319	24.558	15.574	9.0367	6.3584	
1321	24.545	23.304	24.542	15.612	9.0226	6.3347	
1322	24.533	23.29	24.527	15.601	8.9983	6.2378	
1323	24.521	23.275	24.512	15.554	9.0135	6.278	
1324	24.509	23.26	24.496	15.608	9.0519	6.2872	
1325	24.497	23.246	24.481	15.621	8.9865	6.3038	
1326	24.485	23.231	24.466	15.629	8.988	6.2721	
1327	24.473	23.216	24.451	15.6	9.0561	6.2622	
1328	24.461	23.202	24.436	15.561	8.9618	6.3632	
1329	24.449	23.187	24.42	15.563	8.9748	6.2771	
1330	24.437	23.173	24.405	15.621	9.0407	6.2531	
1331	24.425	23.158	24.39	15.566	9.0607	6.3246	
1332	24.413	23.144	24.375	15.561	8.9719	6.418	
1333	24.401	23.129	24.36	15.578	9.0236	6.2824	
1334	24.389	23.115	24.345	15.6	8.9906	6.2743	
1335	24.377	23.1	24.33	15.55	9.0051	6.153	
1336	24.366	23.086	24.315	15.537	9.0374	6.3185	
1337	24.354	23.071	24.3	15.618	8.9803	6.1591	
1338	24.342	23.057	24.285	15.535	9.048	6.2468	
1339	24.33	23.043	24.27	15.561	9.032	6.2708	
1340	24.319	23.028	24.255	15.593	9.0077	6.1586	
1341	24.307	23.014	24.24	15.666	8.8259	6.2786	
1342	24.295	23	24.225	15.575	8.9248	6.4947	
1343	24.284	22.985	24.21	15.64	9.0003	6.4568	
1344	24.272	22.971	24.195	15.52	9.0383	6.2736	
1345	24.26	22.957	24.18	15.567	9.1261	6.2256	
1346	24.249	22.943	24.165	15.405	8.8527	6.0078	
1347	24.237	22.928	24.151	15.559	9.1196	5.8337	
1348	24.226	22.914	24.136	15.504	9.1334	6.1728	
1349	24.214	22.9	24.121	15.419	9.278	6.2167	
1350	24.203	22.886	24.106	15.265	9.0644	6.2217	
1351	24.191	22.872	24.092	15.503	8.9301	5.9253	
1352	24.18	22.858	24.077	15.455	8.8241	6.3825	
1353	24.168	22.844	24.062	15.547	8.3823	6.2501	
1354	24.157	22.83	24.047	15.469	9.3073	6.3855	
1355	24.145	22.816	24.033	15.712	8.773	5.6078	
1356	24.134	22.802	24.018	15.648	9.1567	6.0752	
1357	24.123	22.788	24.003	15.444	9.0441	6.2724	
1358	24.111	22.774	23.989	16.248	9.371	6.3795	
1359	24.1	22.76	23.974	16.262	8.6908	6.918	
1426	23.386	21.869	23.035	15.655	9.2987	6.337	
1427	23.376	21.857	23.021	15.544	8.6458	6.0444	
1428	23.366	21.844	23.008	15.394	8.841	5.6434	
1429	23.356	21.831	22.994	15.638	8.6618	5.8162	
1430	23.346	21.819	22.981	15.645	8.8034	5.8313	
1431	23.336	21.806	22.968	15.324	8.9254	6.1083	
1432	23.326	21.794	22.954	15.558	8.5618	5.8907	
1433	23.317	21.781	22.941	15.35	8.5981	5.8503	
1434	23.307	21.768	22.928	15.504	8.9164	6.1849	
1435	23.297	21.756	22.914	15.523	8.856	5.7635	
1436	23.287	21.743	22.901	15.531	8.646	5.9371	
1437	23.277	21.731	22.888	15.437	8.9074	5.8618	
1438	23.267	21.718	22.874	15.329	8.6594	5.9473	
1439	23.257	21.706	22.861	15.448	8.7878	5.9026	
1440	23.248	21.694	22.848	15.332	8.7869	5.8234	
1441	23.238	21.681	22.835	15.418	8.6815	6.0523	
1442	23.228	21.669	22.821	15.471	8.6178	5.804	
1443	23.218	21.656	22.808	15.352	8.745	5.9607	
1444	23.209	21.644	22.795	15.461	8.7728	5.754	
1445	23.199	21.632	22.782	15.33	8.7337	5.8418	
1446	23.189	21.619	22.769	15.463	8.6349	5.8148	
1447	23.179	21.607	22.755	15.435	8.7027	5.7187	
1448	23.17	21.595	22.742	15.418	8.6759	5.8657	
1449	23.16	21.582	22.729	15.369	8.7286	5.8616	
1450	23.15	21.57	22.716	15.389	8.7223	5.7667	
1451	23.141	21.558	22.703	15.439	8.6835	5.8613	
1452	23.131	21.546	22.69	15.461	8.7416	5.9121	
1453	23.122	21.533	22.677	15.432	8.7434	5.9344	
1454	23.112	21.521	22.664	15.347	8.6775	5.7013	
1455	23.103	21.509	22.651	15.416	8.7501	5.778	
1456	23.093	21.497	22.638	15.442	8.7139	5.8162	
1457	23.083	21.485	22.625	15.384	8.5911	5.8161	
1458	23.074	21.472	22.612	15.382	8.7003	5.8269	
1459	23.064	21.46	22.599	15.364	8.5653	5.7475	
1460	23.055	21.448	22.586	15.406	8.6329	5.8577	
1461	23.046	21.436	22.573	15.425	8.6263	5.8131	
1462	23.036	21.424	22.56	15.392	8.6402	5.8205	
1463	23.027	21.412	22.547	15.378	8.6426	5.7707	
1464	23.017	21.4	22.534	15.356	8.6674	5.7556	
1465	23.008	21.388	22.521	15.367	8.7009	5.7782	
1466	22.999	21.376	22.508	15.362	8.5979	5.8152	
1467	22.989	21.364	22.496	15.382	8.6242	5.8072	
1468	22.98	21.352	22.483	15.351	8.6378	5.7845	
1469	22.97	21.34	22.47	15.375	8.6157	5.7777	
1470	22.961	21.328	22.457	15.368	8.6027	5.7829	
1471	22.952	21.316	22.444	15.371	8.6274	5.7814	
1472	22.943	21.304	22.432	15.372	8.6286	5.7604	
1473	22.933	21.292	22.419	15.361	8.64	5.7729	
1474	22.924	21.28	22.406	15.364	8.6233	5.7729	
1475	22.915	21.269	22.393	15.367	8.6216	5.7631	
1476	22.906	21.257	22.381	15.361	8.6167	5.7547	
1477	22.896	21.245	22.368	15.367	8.6407	5.7684	
1478	22.887	21.233	22.355	15.372	8.6251	5.7501	
1479	22.878	21.221	22.343	15.364	8.6199	5.7574	
1480	22.869	21.209	22.33	15.365	8.6238	5.7479	
1481	22.86	21.198	22.317	15.366	8.6113	5.7261	
1482	22.851	21.186	22.305	15.361	8.6283	5.7517	
1483	22.841	21.174	22.292	15.362	8.62	5.7472	
1484	22.832	21.162	22.279	15.378	8.6195	5.7384	
1485	22.823	21.151	22.267	15.355	8.6304	5.737	
1486	22.814	21.139	22.254	15.356	8.5946	5.6973	
1487	22.805	21.127	22.242	15.348	8.6228	5.7008	
1488	22.796	21.116	22.229	15.36	8.6145	5.7232	
1489	22.787	21.104	22.217	15.361	8.6151	5.7038	
1490	22.778	21.092	22.204	15.362	8.5895	5.747	
1491	22.769	21.081	22.191	15.345	8.6053	5.698	
1492	22.76	21.069	22.179	15.351	8.5961	5.7165	
1493	22.751	21.058	22.167	15.341	8.5614	5.7088	
1494	22.742	21.046	22.154	15.341	8.5719	5.697	
1495	22.733	21.034	22.142	15.332	8.5697	5.6877	
1496	22.724	21.023	22.129	15.36	8.6007	5.7053	
1497	22.715	21.011	22.117	15.331	8.5842	5.694	
1498	22.707	21	22.104	15.364	8.5808	5.6957	
1499	22.698	20.988	22.092	15.346	8.5729	5.7135	
1500	22.689	20.977	22.08	15.338	8.5688	5.6944	
1501	22.68	20.965	22.067	15.324	8.5615	5.6481	
1502	22.671	20.954	22.055	15.341	8.5663	5.6767	
1503	22.662	20.943	22.043	15.337	8.5858	5.6658	
1504	22.653	20.931	22.03	15.331	8.5525	5.6375	
1505	22.645	20.92	22.018	15.336	8.5556	5.6753	
1506	22.636	20.908	22.006	15.327	8.5511	5.6423	
1507	22.627	20.897	21.993	15.311	8.5398	5.6658	
1508	22.618	20.886	21.981	15.308	8.5416	5.6703	
1509	22.61	20.874	21.969	15.345	8.5427	5.6533	
1510	22.601	20.863	21.956	15.333	8.5601	5.6374	
1511	22.592	20.852	21.944	15.339	8.555	5.6471	
1512	22.584	20.84	21.932	15.33	8.5822	5.6517	
1513	22.575	20.829	21.92	15.364	8.5032	5.6648	
1514	22.566	20.818	21.908	15.322	8.5396	5.6835	
1515	22.558	20.806	21.895	15.295	8.5603	5.6483	
1516	22.549	20.795	21.883	15.318	8.5056	5.6522	
1517	22.54	20.784	21.871	15.315	8.5658	5.6102	
1518	22.532	20.773	21.859	15.295	8.5482	5.6359	
1519	22.523	20.761	21.847	15.297	8.5464	5.6432	
1520	22.515	20.75	21.835	15.291	8.534	5.6375	
1521	22.506	20.739	21.823	15.314	8.4871	5.5673	
1522	22.497	20.728	21.811	15.294	8.5187	5.5965	
1523	22.489	20.717	21.799	15.298	8.5355	5.6022	
1524	22.48	20.706	21.786	15.33	8.5488	5.6586	
1525	22.472	20.695	21.774	15.314	8.5414	5.6269	
1526	22.463	20.683	21.762	15.292	8.5151	5.6013	
1527	22.455	20.672	21.75	15.3	8.528	5.6024	
1528	22.446	20.661	21.738	15.288	8.5465	5.6141	
1529	22.438	20.65	21.726	15.293	8.4942	5.5902	
1530	22.429	20.639	21.714	15.303	8.5058	5.6026	
1531	22.421	20.628	21.702	15.28	8.4914	5.604	
1532	22.413	20.617	21.69	15.308	8.4916	5.603	
1533	22.404	20.606	21.679	15.284	8.4702	5.5967	
1534	22.396	20.595	21.667	15.305	8.4793	5.6376	
1535	22.387	20.584	21.655	15.298	8.4926	5.5712	
1536	22.379	20.573	21.643	15.276	8.4891	5.5791	
1537	22.371	20.562	21.631	15.283	8.4941	5.5846	
1538	22.362	20.551	21.619	15.277	8.5252	5.5789	
1539	22.354	20.54	21.607	15.294	8.4816	5.577	
1540	22.346	20.529	21.595	15.287	8.4628	5.578	
1541	22.338	20.519	21.584	15.275	8.4525	5.5494	
1542	22.329	20.508	21.572	15.281	8.4651	5.5754	
1543	22.321	20.497	21.56	15.279	8.4722	5.544	
1544	22.313	20.486	21.548	15.282	8.4897	5.5788	
1545	22.304	20.475	21.536	15.263	8.493	5.5536	
1546	22.296	20.464	21.525	15.278	8.4662	5.5539	
1547	22.288	20.453	21.513	15.274	8.4734	5.5453	
1548	22.28	20.443	21.501	15.277	8.4642	5.5399	
1549	22.272	20.432	21.489	15.277	8.4838	5.5347	
1550	22.263	20.421	21.478	15.282	8.4621	5.5433	
1551	22.255	20.41	21.466	15.26	8.4848	5.5405	
1552	22.247	20.4	21.454	15.272	8.4641	5.5476	
1553	22.239	20.389	21.442	15.253	8.4528	5.5522	
1554	22.231	20.378	21.431	15.262	8.4672	5.5335	
1555	22.223	20.367	21.419	15.281	8.442	5.52	
1556	22.215	20.357	21.408	15.259	8.4567	5.5561	
1557	22.207	20.346	21.396	15.253	8.4481	5.5181	
1558	22.199	20.335	21.384	15.256	8.4504	5.5207	
1559	22.19	20.325	21.373	15.276	8.4324	5.4932	
1560	22.182	20.314	21.361	15.271	8.4614	5.517	
1561	22.174	20.304	21.349	15.28	8.463	5.5073	
1562	22.166	20.293	21.338	15.286	8.4263	5.5184	
1563	22.158	20.282	21.326	15.246	8.4494	5.5213	
1564	22.15	20.272	21.315	15.253	8.4738	5.4959	
1565	22.142	20.261	21.303	15.26	8.475	5.4892	
1566	22.134	20.251	21.292	15.25	8.4211	5.471	
1567	22.126	20.24	21.28	15.272	8.4036	5.5013	
1568	22.118	20.23	21.269	15.254	8.4459	5.5132	
1569	22.11	20.219	21.257	15.273	8.4673	5.5183	
1570	22.103	20.209	21.246	15.258	8.4541	5.5109	
1571	22.095	20.198	21.234	15.251	8.43	5.5032	
1572	22.087	20.188	21.223	15.247	8.4216	5.516	
1573	22.079	20.177	21.211	15.253	8.4038	5.4898	
1574	22.071	20.167	21.2	15.271	8.4254	5.4739	
1575	22.063	20.156	21.189	15.231	8.4078	5.4942	
1576	22.055	20.146	21.177	15.249	8.3978	5.4296	
1577	22.047	20.135	21.166	15.217	8.3749	5.4756	
1578	22.04	20.125	21.154	15.237	8.4288	5.4607	
1579	22.032	20.115	21.143	15.228	8.4205	5.4795	
1580	22.024	20.104	21.132	15.239	8.3869	5.4487	
1581	22.016	20.094	21.12	15.234	8.4189	5.4105	
1582	22.008	20.084	21.109	15.257	8.4008	5.48	
1583	22.001	20.073	21.098	15.226	8.4345	5.4544	
1584	21.993	20.063	21.086	15.259	8.3606	5.4227	
1585	21.985	20.053	21.075	15.244	8.4289	5.4566	
1586	21.977	20.042	21.064	15.233	8.3734	5.502	
1587	21.97	20.032	21.053	15.238	8.4237	5.4611	
1588	21.962	20.022	21.041	15.245	8.3774	5.3926	
1589	21.954	20.011	21.03	15.215	8.3875	5.4566	
1590	21.947	20.001	21.019	15.228	8.3519	5.4219	
1591	21.939	19.991	21.008	15.219	8.3652	5.442	
1592	21.931	19.981	20.997	15.22	8.4063	5.4059	
1593	21.924	19.97	20.985	15.242	8.3902	5.4055	
1594	21.916	19.96	20.974	15.227	8.3533	5.4718	
1595	21.908	19.95	20.963	15.251	8.3693	5.388	
1596	21.901	19.94	20.952	15.218	8.396	5.4089	
1597	21.893	19.93	20.941	15.224	8.3787	5.4234	
1598	21.886	19.92	20.93	15.233	8.3674	5.3693	
1599	21.878	19.91	20.918	15.229	8.3583	5.4027	
1600	21.871	19.899	20.907	15.215	8.372	5.3582	
1601	21.863	19.889	20.896	15.245	8.3609	5.4297	
1602	21.855	19.879	20.885	15.238	8.3485	5.3855	
1603	21.848	19.869	20.874	15.243	8.3307	5.3756	
1604	21.84	19.859	20.863	15.231	8.3665	5.3766	
1605	21.833	19.849	20.852	15.219	8.355	5.4195	
1606	21.825	19.839	20.841	15.218	8.3515	5.381	
1607	21.818	19.829	20.83	15.236	8.3546	5.3807	
1608	21.81	19.819	20.819	15.198	8.3743	5.3834	
1609	21.803	19.809	20.808	15.209	8.3542	5.3865	
1610	21.796	19.799	20.797	15.217	8.3669	5.3679	
1611	21.788	19.789	20.786	15.223	8.3448	5.3933	
1612	21.781	19.779	20.775	15.243	8.3307	5.3638	
1613	21.773	19.769	20.764	15.178	8.3644	5.3728	
1614	21.766	19.759	20.753	15.202	8.361	5.4227	
1615	21.758	19.749	20.742	15.227	8.3397	5.3958	
1616	21.751	19.739	20.731	15.22	8.3127	5.3666	
1617	21.744	19.729	20.72	15.246	8.3553	5.3936	
1618	21.736	19.719	20.709	15.226	8.3236	5.3726	
1619	21.729	19.709	20.698	15.199	8.3466	5.3731	
1620	21.722	19.7	20.687	15.181	8.3603	5.3781	
1621	21.714	19.69	20.677	15.208	8.3253	5.3494	
1622	21.707	19.68	20.666	15.178	8.3112	5.3902	
1623	21.7	19.67	20.655	15.171	8.3181	5.3343	
1624	21.692	19.66	20.644	15.213	8.3478	5.3601	
1625	21.685	19.65	20.633	15.221	8.3268	5.3138	
1626	21.678	19.64	20.622	15.189	8.3195	5.3457	
1627	21.671	19.631	20.612	15.194	8.2845	5.3273	
1628	21.663	19.621	20.601	15.187	8.3499	5.3401	
1629	21.656	19.611	20.59	15.19	8.342	5.3735	
1630	21.649	19.601	20.579	15.179	8.3391	5.3371	
1631	21.642	19.592	20.569	15.173	8.3154	5.3855	
1632	21.635	19.582	20.558	15.186	8.35	5.3166	
1633	21.627	19.572	20.547	15.203	8.3497	5.3381	
1634	21.62	19.562	20.536	15.171	8.297	5.3258	
1635	21.613	19.553	20.526	15.194	8.3312	5.3287	
1636	21.606	19.543	20.515	15.188	8.3212	5.3036	
1637	21.599	19.533	20.504	15.199	8.3059	5.3668	
1638	21.592	19.524	20.494	15.222	8.2801	5.3259	
1639	21.584	19.514	20.483	15.182	8.3194	5.2974	
1640	21.577	19.504	20.472	15.173	8.2818	5.3281	
1641	21.57	19.495	20.462	15.175	8.354	5.2891	
1642	21.563	19.485	20.451	15.205	8.2703	5.335	
1643	21.556	19.476	20.44	15.19	8.3112	5.2849	
1644	21.549	19.466	20.43	15.187	8.2906	5.3078	
1645	21.542	19.456	20.419	15.188	8.2927	5.329	
1646	21.535	19.447	20.408	15.208	8.31	5.2496	
1647	21.528	19.437	20.398	15.15	8.3281	5.3322	
1648	21.521	19.428	20.387	15.196	8.214	5.2562	
1649	21.514	19.418	20.377	15.203	8.3041	5.32	
1650	21.507	19.409	20.366	15.183	8.3097	5.3172	
1651	21.5	19.399	20.356	15.183	8.2823	5.2789	
1652	21.493	19.39	20.345	15.167	8.2903	5.2806	
1653	21.486	19.38	20.335	15.222	8.273	5.3132	
1654	21.479	19.371	20.324	15.187	8.2721	5.3	
1655	21.472	19.361	20.314	15.181	8.3124	5.2674	
1656	21.465	19.352	20.303	15.178	8.2858	5.2886	
1657	21.458	19.342	20.293	15.182	8.2736	5.2715	
1658	21.451	19.333	20.282	15.168	8.2909	5.2684	
1659	21.444	19.323	20.272	15.198	8.2389	5.2994	
1660	21.437	19.314	20.261	15.134	8.2013	5.3163	
1661	21.43	19.304	20.251	15.18	8.22	5.277	
1662	21.423	19.295	20.24	15.141	8.2754	5.2561	
1663	21.417	19.286	20.23	15.16	8.3068	5.3083	
1664	21.41	19.276	20.22	15.139	8.2076	5.1903	
1665	21.403	19.267	20.209	15.134	8.2768	5.2901	
1666	21.396	19.258	20.199	15.203	8.2376	5.2267	
1667	21.389	19.248	20.189	15.116	8.178	5.2636	
1668	21.382	19.239	20.178	15.094	8.2587	5.2816	
1669	21.375	19.23	20.168	15.177	8.2221	5.1642	
1670	21.369	19.22	20.157	15.177	8.3188	5.28	
1671	21.362	19.211	20.147	15.144	8.2985	5.1962	
1672	21.355	19.202	20.137	15.205	8.2434	5.1552	
1673	21.348	19.192	20.127	15.194	8.2671	5.2595	
1674	21.341	19.183	20.116	15.196	8.273	5.2443	
1675	21.335	19.174	20.106	15.123	8.1082	5.2754	
1676	21.328	19.165	20.096	15.177	8.2951	5.2414	
1677	21.321	19.155	20.085	15.141	8.2686	5.3115	
1678	21.315	19.146	20.075	15.131	8.1656	5.2901	
1679	21.308	19.137	20.065	15.153	8.2106	5.2576	
1680	21.301	19.128	20.055	15.136	8.2649	5.3272	
1681	21.294	19.119	20.044	15.15	8.3289	5.2473	
1682	21.288	19.109	20.034	15.105	8.2398	5.2015	
1683	21.281	19.1	20.024	15.132	8.2922	5.1972	
1684	21.274	19.091	20.014	15.112	8.2552	5.3479	
1685	21.268	19.082	20.004	15.14	8.0623	5.0309	
1686	21.261	19.073	19.993	15.254	8.287	5.2897	
1687	21.254	19.064	19.983	15.066	8.3556	5.4453	
1688	21.248	19.055	19.973	15.075	8.27	5.2045	
1689	21.241	19.045	19.963	15.151	8.2085	5.0922	
1690	21.235	19.036	19.953	15.044	8.425	5.2279	
1691	21.228	19.027	19.943	15.226	8.1621	5.1941	
1692	21.221	19.018	19.933	15.228	8.4692	5.2754	
1693	21.215	19.009	19.923	14.99	8.3545	5.5722	
1694	21.208	19	19.912	14.9	8.082	5.2263	
1695	21.202	18.991	19.902	15.192	8.4939	5.4261	
1696	21.195	18.982	19.892	15.082	8.2301	5.4347	
1697	21.189	18.973	19.882	15.142	8.3357	5.437	
1698	21.182	18.964	19.872	14.719	8.2576	4.9981	
1699	21.175	18.955	19.862	14.916	8.6842	5.3629	
1700	21.169	18.946	19.852	14.932	8.1696	5.1826	
