	65	70	75	65	70	75	
300	42.742	41.392	40.858	37.511	37.209	37.514	
301	42.284	40.983	40.501	37.295	36.907	37.453	
302	41.845	40.587	40.152	37.087	36.772	37.279	
303	41.422	40.203	39.808	37.019	36.553	37.024	
304	41.016	39.831	39.47	36.99	36.489	37.052	
305	40.625	39.468	39.136	36.884	36.423	36.867	
306	40.249	39.115	38.806	36.614	36.185	36.77	
307	39.886	38.771	38.479	36.511	36.277	36.641	
308	39.537	38.435	38.155	36.334	36.128	36.541	
309	39.2	38.106	37.833	36.365	35.959	36.377	
310	38.875	37.784	37.512	36.171	35.873	36.379	
311	38.561	37.468	37.192	36.159	35.715	36.319	
312	38.257	37.158	36.872	36.209	35.719	36.207	
313	37.963	36.853	36.552	35.89	35.526	36.139	
314	37.678	36.553	36.231	35.955	35.547	35.953	
315	37.402	36.257	35.91	35.892	35.364	35.909	
316	37.134	35.965	35.587	35.798	35.418	35.815	
317	36.874	35.676	35.263	35.661	35.298	35.754	
318	36.621	35.391	34.936	35.561	35.153	35.59	
319	36.375	35.109	34.607	35.518	35.053	35.611	
320	36.136	34.83	34.276	35.535	35.035	35.459	
321	35.903	34.553	33.942	35.427	34.977	35.375	
322	35.676	34.279	33.605	35.393	34.901	35.332	
323	35.455	34.007	33.266	35.355	34.78	35.278	
324	35.239	33.738	32.923	35.23	34.786	35.152	
325	35.029	33.471	32.576	35.241	34.578	35.091	
326	34.824	33.205	32.227	35.155	34.568	35.032	
327	34.624	32.943	31.874	35.062	34.546	34.927	
328	34.429	32.682	31.519	35.028	34.498	34.847	
329	34.239	32.423	31.16	34.999	34.432	34.774	
330	34.053	32.168	30.798	35.011	34.459	34.767	
331	33.873	31.914	30.433	34.888	34.365	34.712	
332	33.697	31.664	30.066	34.842	34.23	34.555	
333	33.526	31.416	29.696	34.885	34.182	34.577	
334	33.36	31.171	29.325	34.798	34.161	34.525	
335	33.199	30.93	28.951	34.731	34.097	34.447	
336	33.043	30.692	28.576	34.609	34.041	34.358	
337	32.892	30.458	28.2	34.687	34.006	34.353	
338	32.746	30.228	27.823	34.632	33.962	34.303	
339	32.605	30.002	27.447	34.529	33.832	34.23	
340	32.47	29.782	27.071	34.579	33.724	34.179	
341	32.34	29.566	26.696	34.486	33.766	34.165	
342	32.216	29.356	26.322	34.466	33.725	34.1	
343	32.097	29.152	25.951	34.549	33.733	34.023	
344	31.985	28.954	25.584	34.521	33.702	33.95	
345	31.879	28.763	25.22	34.424	33.661	33.933	
346	31.78	28.58	24.862	34.455	33.622	33.892	
347	31.687	28.404	24.51	34.458	33.593	33.865	
348	31.601	28.237	24.165	34.377	33.616	33.812	
349	31.524	28.08	23.829	34.389	33.625	33.81	
350	31.454	27.933	23.504	34.388	33.625	33.767	
351	31.393	27.797	23.191	34.35	33.524	33.743	
352	31.342	27.674	22.893	34.396	33.574	33.8	
353	31.301	27.564	22.61	34.351	33.52	33.614	
354	31.27	27.468	22.344	34.458	33.583	33.722	
355	31.25	27.386	22.097	34.599	33.444	33.575	
356	31.241	27.319	21.87	34.579	33.535	33.58	
357	31.242	27.266	21.663	34.514	33.694	33.653	
358	31.252	27.225	21.473	34.45	33.599	33.561	
359	31.266	27.193	21.3	34.557	33.626	33.604	
360	31.283	27.165	21.139	34.568	33.602	33.533	
361	31.298	27.138	20.987	34.519	33.534	33.614	
362	31.305	27.104	20.838	34.468	33.471	33.318	
363	31.3	27.06	20.688	34.502	33.373	33.27	
364	31.28	27	20.536	34.485	33.406	33.141	
365	31.241	26.921	20.377	34.48	33.239	33.257	
366	31.18	26.821	20.213	34.43	33.18	32.916	
367	31.099	26.7	20.043	34.217	33.026	32.627	
368	30.995	26.558	19.87	34.2	33.006	32.484	
369	30.87	26.394	19.692	34.034	32.568	32.257	
370	30.724	26.212	19.514	33.841	32.395	31.955	
371	30.563	26.017	19.344	33.737	32.227	31.762	
372	30.391	25.814	19.186	33.555	32.089	31.437	
373	30.21	25.607	19.042	33.39	31.779	31.262	
374	30.023	25.398	18.915	33.076	31.523	30.992	
375	29.832	25.191	18.808	32.972	31.289	30.557	
376	29.64	24.988	18.721	32.744	31.026	30.281	
377	29.449	24.791	18.656	32.512	30.758	29.935	
378	29.259	24.602	18.612	32.361	30.452	29.755	
379	29.073	24.421	18.589	32.152	30.302	29.525	
380	28.892	24.251	18.587	31.847	30.094	29.22	
381	28.715	24.092	18.605	31.78	29.805	28.874	
382	28.544	23.944	18.642	31.618	29.702	28.718	
383	28.379	23.806	18.696	31.407	29.37	28.494	
384	28.219	23.679	18.766	31.178	29.194	28.195	
385	28.066	23.563	18.851	31.074	29.021	28.069	
386	27.92	23.459	18.949	30.864	28.789	27.848	
387	27.78	23.366	19.06	30.652	28.633	27.637	
388	27.647	23.283	19.182	30.583	28.41	27.476	
389	27.521	23.211	19.315	30.461	28.307	27.256	
390	27.401	23.148	19.456	30.26	28.108	27.05	
391	27.289	23.097	19.606	30.191	27.915	26.895	
392	27.185	23.056	19.765	29.981	27.735	26.665	
393	27.087	23.025	19.93	29.878	27.587	26.582	
394	26.995	23.003	20.101	29.682	27.397	26.4	
395	26.91	22.99	20.278	29.63	27.355	26.298	
396	26.833	22.986	20.46	29.422	27.142	26.077	
397	26.763	22.992	20.648	29.335	27.036	25.925	
398	26.699	23.005	20.839	29.275	26.882	25.776	
399	26.64	23.026	21.034	29.093	26.69	25.637	
400	26.587	23.053	21.231	29.072	26.6	25.423	
401	26.542	23.09	21.432	28.922	26.451	25.337	
402	26.501	23.132	21.636	28.768	26.379	25.181	
403	26.465	23.18	21.841	28.682	26.196	25.041	
404	26.434	23.234	22.046	28.573	26.143	24.894	
405	26.409	23.294	22.254	28.511	25.929	24.83	
406	26.388	23.359	22.463	28.418	25.831	24.647	
407	26.371	23.429	22.671	28.306	25.691	24.585	
408	26.358	23.502	22.879	28.204	25.67	24.441	
409	26.349	23.58	23.088	28.091	25.533	24.21	
410	26.344	23.662	23.296	28.031	25.423	24.179	
411	26.342	23.746	23.504	27.868	25.362	24.088	
412	26.344	23.834	23.71	27.819	25.199	23.977	
413	26.349	23.925	23.916	27.751	25.068	23.815	
414	26.357	24.019	24.12	27.647	25.046	23.779	
415	26.367	24.114	24.324	27.567	24.906	23.666	
416	26.381	24.212	24.525	27.436	24.81	23.564	
417	26.397	24.313	24.726	27.395	24.667	23.442	
418	26.416	24.415	24.924	27.242	24.576	23.314	
419	26.437	24.519	25.121	27.24	24.539	23.278	
420	26.461	24.624	25.317	27.177	24.391	23.051	
421	26.487	24.731	25.511	26.993	24.277	23.05	
422	26.515	24.84	25.702	27.016	24.164	22.99	
423	26.546	24.949	25.893	26.934	24.088	22.879	
424	26.578	25.06	26.081	26.867	24.049	22.714	
425	26.613	25.172	26.268	26.755	23.89	22.644	
426	26.649	25.285	26.453	26.651	23.86	22.58	
427	26.688	25.399	26.636	26.553	23.755	22.538	
428	26.728	25.514	26.817	26.479	23.663	22.372	
429	26.77	25.629	26.997	26.519	23.569	22.282	
430	26.814	25.745	27.175	26.369	23.426	22.284	
431	26.859	25.862	27.351	26.264	23.503	22.162	
432	26.906	25.979	27.525	26.276	23.311	21.984	
433	26.955	26.097	27.698	26.141	23.339	21.941	
434	27.006	26.215	27.87	26.086	23.175	21.795	
435	27.057	26.334	28.039	26.006	23.033	21.804	
436	27.111	26.453	28.208	25.973	22.899	21.543	
437	27.165	26.573	28.374	25.893	22.922	21.617	
438	27.221	26.693	28.539	25.872	22.893	21.469	
439	27.279	26.813	28.703	25.71	22.818	21.435	
440	27.338	26.934	28.865	25.695	22.639	21.343	
441	27.398	27.054	29.026	25.63	22.648	21.261	
442	27.46	27.176	29.186	25.588	22.648	21.104	
443	27.522	27.297	29.344	25.507	22.442	21.184	
444	27.586	27.418	29.501	25.556	22.424	20.985	
445	27.651	27.54	29.657	25.392	22.277	20.91	
446	27.717	27.662	29.811	25.234	22.293	20.863	
447	27.785	27.784	29.964	25.292	22.112	20.749	
448	27.854	27.906	30.117	25.195	22.141	20.723	
449	27.923	28.029	30.268	25.183	22.026	20.627	
450	27.994	28.152	30.418	25.118	21.916	20.654	
451	28.066	28.274	30.567	25.118	21.857	20.554	
452	28.139	28.397	30.715	25.026	21.784	20.444	
453	28.213	28.52	30.863	24.922	21.755	20.443	
454	28.288	28.644	31.009	24.835	21.684	20.273	
455	28.364	28.767	31.155	24.769	21.671	20.279	
456	28.441	28.891	31.3	24.72	21.58	20.095	
457	28.519	29.015	31.444	24.709	21.546	20.092	
458	28.598	29.138	31.587	24.66	21.441	20.062	
459	28.678	29.263	31.73	24.663	21.481	19.975	
460	28.759	29.387	31.872	24.545	21.331	19.906	
461	28.84	29.511	32.013	24.62	21.233	19.818	
462	28.923	29.636	32.154	24.431	21.183	19.772	
463	29.007	29.761	32.294	24.46	21.21	19.722	
464	29.092	29.886	32.434	24.327	21.031	19.609	
465	29.177	30.011	32.573	24.36	21.017	19.608	
466	29.263	30.137	32.712	24.267	20.954	19.454	
467	29.351	30.263	32.85	24.206	20.854	19.484	
468	29.439	30.389	32.988	24.17	20.799	19.396	
469	29.528	30.515	33.126	24.092	20.77	19.34	
470	29.618	30.642	33.263	24.061	20.699	19.193	
471	29.709	30.769	33.4	24.012	20.652	19.217	
472	29.801	30.896	33.537	23.934	20.679	19.142	
473	29.894	31.023	33.674	23.947	20.517	19.035	
474	29.987	31.151	33.81	23.908	20.509	19.076	
475	30.082	31.279	33.947	23.846	20.472	18.955	
476	30.177	31.408	34.083	23.824	20.439	18.928	
477	30.273	31.537	34.219	23.74	20.279	18.806	
478	30.37	31.666	34.355	23.684	20.28	18.775	
479	30.468	31.796	34.491	23.667	20.197	18.72	
480	30.567	31.926	34.628	23.599	20.142	18.638	
481	30.667	32.056	34.764	23.572	20.093	18.615	
482	30.768	32.187	34.9	23.495	20.1	18.561	
483	30.869	32.319	35.036	23.543	20.037	18.524	
484	30.972	32.451	35.173	23.447	19.952	18.437	
485	31.075	32.583	35.309	23.405	19.904	18.479	
486	31.179	32.716	35.446	23.388	19.787	18.36	
487	31.284	32.85	35.583	23.308	19.783	18.254	
488	31.39	32.984	35.721	23.318	19.714	18.213	
489	31.497	33.118	35.858	23.228	19.691	18.178	
490	31.605	33.253	35.996	23.239	19.606	18.185	
491	31.714	33.389	36.134	23.162	19.598	18.078	
492	31.823	33.525	36.273	23.125	19.513	18.036	
493	31.934	33.662	36.412	23.098	19.505	17.975	
494	32.045	33.8	36.551	23.049	19.475	17.976	
495	32.158	33.938	36.691	23.039	19.452	17.877	
496	32.271	34.077	36.832	22.991	19.38	17.876	
497	32.386	34.217	36.972	22.952	19.303	17.874	
498	32.501	34.357	37.114	22.922	19.281	17.787	
499	32.617	34.498	37.256	22.888	19.204	17.73	
500	32.735	34.64	37.398	22.873	19.164	17.653	
501	32.853	34.783	37.541	22.799	19.155	17.607	
502	32.972	34.926	37.685	22.748	19.072	17.553	
503	33.092	35.071	37.829	22.745	19.08	17.515	
504	33.214	35.216	37.974	22.67	18.989	17.461	
505	33.336	35.362	38.12	22.66	18.966	17.426	
506	33.459	35.508	38.267	22.59	18.9	17.357	
507	33.584	35.656	38.414	22.573	18.858	17.36	
508	33.709	35.805	38.562	22.544	18.831	17.264	
509	33.836	35.954	38.711	22.54	18.784	17.234	
510	33.963	36.105	38.861	22.464	18.744	17.185	
511	34.092	36.256	39.012	22.441	18.672	17.172	
512	34.222	36.409	39.163	22.411	18.653	17.095	
513	34.352	36.562	39.316	22.38	18.604	17.039	
514	34.484	36.717	39.469	22.329	18.581	17.008	
515	34.617	36.872	39.623	22.323	18.521	16.956	
516	34.751	37.029	39.779	22.272	18.488	16.925	
517	34.887	37.186	39.935	22.233	18.453	16.889	
518	35.023	37.345	40.093	22.213	18.429	16.8	
519	35.161	37.505	40.251	22.156	18.383	16.8	
520	35.3	37.666	40.411	22.155	18.329	16.783	
521	35.439	37.828	40.572	22.107	18.281	16.705	
522	35.581	37.992	40.733	22.082	18.236	16.682	
523	35.723	38.156	40.896	22.044	18.197	16.633	
524	35.867	38.322	41.061	22.008	18.175	16.576	
525	36.011	38.489	41.226	21.973	18.11	16.541	
526	36.157	38.658	41.393	21.948	18.101	16.479	
527	36.305	38.827	41.561	21.919	18.041	16.467	
528	36.453	38.998	41.73	21.871	18.015	16.444	
529	36.603	39.171	41.901	21.848	17.935	16.346	
530	36.754	39.344	42.073	21.807	17.963	16.332	
531	36.907	39.519	42.246	21.787	17.894	16.282	
532	37.061	39.696	42.421	21.792	17.872	16.249	
533	37.216	39.874	42.597	21.715	17.836	16.21	
534	37.372	40.053	42.775	21.688	17.765	16.173	
535	37.53	40.234	42.954	21.675	17.736	16.118	
536	37.689	40.416	43.134	21.642	17.728	16.071	
537	37.85	40.6	43.316	21.635	17.67	16.051	
538	38.012	40.785	43.5	21.595	17.649	16.008	
539	38.175	40.972	43.685	21.569	17.626	15.99	
540	38.34	41.16	43.871	21.55	17.587	15.938	
541	38.506	41.35	44.06	21.51	17.537	15.923	
542	38.674	41.541	44.249	21.482	17.509	15.858	
543	38.843	41.734	44.441	21.476	17.461	15.814	
544	39.014	41.929	44.634	21.431	17.422	15.773	
545	39.186	42.126	44.829	21.41	17.437	15.761	
546	39.36	42.324	45.025	21.352	17.352	15.71	
547	39.535	42.524	45.224	21.367	17.317	15.707	
548	39.712	42.725	45.424	21.329	17.285	15.648	
549	39.89	42.928	45.625	21.326	17.238	15.622	
550	40.07	43.133	45.829	21.261	17.228	15.591	
551	40.251	43.34	46.034	21.239	17.193	15.54	
552	40.434	43.549	46.241	21.241	17.157	15.508	
553	40.619	43.759	46.45	21.207	17.129	15.477	
554	40.805	43.972	46.661	21.168	17.077	15.44	
555	40.993	44.186	46.874	21.16	17.056	15.395	
556	41.183	44.402	47.089	21.131	17.016	15.362	
557	41.374	44.62	47.305	21.103	16.947	15.317	
558	41.567	44.84	47.523	21.084	16.962	15.3	
559	41.761	45.062	47.744	21.046	16.928	15.278	
560	41.958	45.285	47.966	21.019	16.886	15.228	
561	42.155	45.511	48.19	21.007	16.84	15.186	
562	42.355	45.739	48.417	21	16.812	15.184	
563	42.557	45.969	48.645	20.961	16.801	15.133	
564	42.76	46.2	48.875	20.944	16.75	15.126	
565	42.965	46.434	49.107	20.9	16.721	15.064	
566	43.171	46.67	49.342	20.879	16.684	15.074	
567	43.38	46.908	49.578	20.845	16.66	15.01	
568	43.59	47.148	49.816	20.818	16.626	14.969	
569	43.802	47.39	50.057	20.805	16.591	14.939	
570	44.016	47.635	50.299	20.791	16.566	14.891	
571	44.232	47.881	50.544	20.756	16.54	14.877	
572	44.45	48.13	50.79	20.734	16.528	14.866	
573	44.669	48.381	51.039	20.719	16.489	14.815	
574	44.89	48.634	51.29	20.685	16.473	14.755	
575	45.114	48.889	51.542	20.662	16.434	14.74	
576	45.339	49.146	51.797	20.631	16.404	14.719	
577	45.566	49.406	52.054	20.644	16.385	14.694	
578	45.795	49.668	52.313	20.618	16.331	14.681	
579	46.025	49.932	52.575	20.576	16.316	14.62	
580	46.258	50.198	52.838	20.577	16.277	14.621	
581	46.493	50.467	53.103	20.535	16.251	14.584	
582	46.729	50.738	53.371	20.524	16.22	14.522	
583	46.968	51.011	53.64	20.504	16.18	14.507	
584	47.209	51.287	53.912	20.492	16.17	14.517	
585	47.451	51.565	54.185	20.442	16.155	14.449	
586	47.695	51.845	54.461	20.431	16.123	14.417	
587	47.942	52.127	54.738	20.436	16.098	14.362	
588	48.19	52.412	55.018	20.408	16.07	14.357	
589	48.441	52.7	55.3	20.364	16.041	14.332	
590	48.693	52.989	55.583	20.345	16.005	14.287	
591	48.948	53.281	55.869	20.333	15.99	14.25	
592	49.204	53.575	56.156	20.31	15.918	14.221	
593	49.463	53.872	56.446	20.296	15.969	14.198	
594	49.723	54.171	56.737	20.283	15.892	14.209	
595	49.985	54.472	57.03	20.24	15.88	14.155	
596	50.25	54.776	57.325	20.22	15.879	14.124	
597	50.516	55.082	57.622	20.21	15.839	14.089	
598	50.785	55.391	57.92	20.202	15.8	14.07	
599	51.056	55.701	58.22	20.184	15.748	14.033	
600	51.328	56.015	58.522	20.146	15.774	14.024	
601	51.603	56.33	58.826	20.111	15.734	13.982	
602	51.879	56.648	59.131	20.089	15.676	13.946	
603	52.158	56.968	59.438	20.073	15.681	13.918	
604	52.438	57.291	59.746	20.062	15.645	13.915	
605	52.721	57.616	60.056	20.041	15.608	13.859	
606	53.006	57.943	60.367	20.03	15.616	13.815	
607	53.292	58.272	60.68	19.998	15.592	13.779	
608	53.581	58.604	60.993	20.014	15.535	13.804	
609	53.871	58.938	61.308	19.982	15.547	13.748	
610	54.164	59.275	61.625	19.959	15.505	13.733	
611	54.458	59.613	61.942	19.939	15.468	13.708	
612	54.755	59.954	62.26	19.937	15.48	13.705	
613	55.053	60.297	62.579	19.905	15.44	13.625	
614	55.353	60.643	62.899	19.873	15.416	13.633	
615	55.655	60.99	63.22	19.872	15.373	13.599	
616	55.959	61.34	63.542	19.848	15.366	13.567	
617	56.265	61.692	63.864	19.833	15.339	13.548	
618	56.573	62.046	64.187	19.81	15.324	13.544	
619	56.883	62.402	64.51	19.793	15.289	13.484	
620	57.194	62.76	64.833	19.769	15.26	13.464	
621	57.508	63.12	65.157	19.744	15.245	13.463	
622	57.823	63.482	65.48	19.758	15.223	13.435	
623	58.139	63.847	65.804	19.727	15.19	13.375	
624	58.458	64.213	66.128	19.705	15.17	13.372	
625	58.778	64.581	66.451	19.678	15.168	13.392	
626	59.1	64.951	66.773	19.681	15.12	13.311	
627	59.424	65.323	67.096	19.667	15.098	13.304	
628	59.749	65.697	67.417	19.638	15.06	13.283	
629	60.076	66.073	67.738	19.635	15.075	13.294	
630	60.404	66.45	68.057	19.57	15.013	13.233	
631	60.734	66.829	68.376	19.565	15.066	13.236	
632	61.065	67.21	68.693	19.575	15.011	13.141	
633	61.398	67.592	69.008	19.564	14.965	13.12	
634	61.732	67.976	69.322	19.51	14.954	13.069	
635	62.068	68.362	69.634	19.493	14.942	13.106	
636	62.404	68.749	69.943	19.49	14.951	13.106	
637	62.743	69.138	70.251	19.498	14.872	13.056	
638	63.082	69.528	70.555	19.454	14.846	13.046	
639	63.423	69.919	70.857	19.459	14.818	13.027	
640	63.764	70.312	71.156	19.425	14.799	13.018	
641	64.107	70.706	71.452	19.452	14.778	12.939	
642	64.451	71.101	71.744	19.402	14.772	12.986	
643	64.796	71.498	72.032	19.387	14.721	12.945	
644	65.141	71.895	72.317	19.404	14.727	12.899	
645	65.488	72.294	72.597	19.385	14.71	12.869	
646	65.835	72.693	72.872	19.341	14.67	12.857	
647	66.183	73.094	73.142	19.34	14.697	12.832	
648	66.532	73.495	73.407	19.298	14.644	12.833	
649	66.881	73.898	73.666	19.29	14.633	12.793	
650	67.231	74.301	73.92	19.268	14.571	12.757	
651	67.581	74.704	74.167	19.249	14.593	12.771	
652	67.931	75.109	74.408	19.245	14.544	12.718	
653	68.282	75.513	74.641	19.224	14.556	12.69	
654	68.632	75.919	74.867	19.213	14.505	12.636	
655	68.983	76.325	75.086	19.188	14.528	12.643	
656	69.334	76.731	75.296	19.173	14.551	12.655	
657	69.685	77.137	75.498	19.182	14.495	12.58	
658	70.035	77.544	75.691	19.145	14.451	12.585	
659	70.385	77.95	75.875	19.135	14.393	12.576	
660	70.734	78.357	76.049	19.131	14.406	12.557	
661	71.083	78.764	76.214	19.149	14.366	12.521	
662	71.431	79.17	76.368	19.141	14.38	12.487	
663	71.778	79.576	76.512	19.085	14.354	12.478	
664	72.125	79.982	76.645	19.067	14.358	12.46	
665	72.469	80.387	76.766	19.05	14.329	12.422	
666	72.813	80.792	76.876	19.037	14.283	12.4	
667	73.155	81.195	76.975	19.049	14.264	12.403	
668	73.495	81.598	77.062	19.03	14.28	12.379	
669	73.834	82	77.137	19.015	14.24	12.357	
670	74.17	82.4	77.199	18.996	14.227	12.341	
671	74.504	82.799	77.249	18.983	14.189	12.272	
672	74.835	83.196	77.288	18.968	14.151	12.307	
673	75.164	83.59	77.313	18.924	14.153	12.286	
674	75.489	83.983	77.327	18.939	14.161	12.278	
675	75.812	84.372	77.328	18.916	14.153	12.296	
676	76.13	84.757	77.318	18.918	14.072	12.203	
677	76.445	85.138	77.295	18.905	14.111	12.199	
678	76.755	85.514	77.26	18.877	14.073	12.219	
679	77.061	85.882	77.215	18.874	14.028	12.143	
680	77.361	86.242	77.158	18.865	14.013	12.153	
681	77.657	86.591	77.09	18.846	13.999	12.088	
682	77.946	86.926	77.011	18.845	14.005	12.109	
683	78.229	87.241	76.922	18.808	13.954	12.072	
684	78.506	87.53	76.823	18.784	13.945	12.093	
685	78.775	87.782	76.715	18.793	13.961	12.052	
686	79.036	87.985	76.597	18.775	13.924	12.002	
687	79.289	88.123	76.471	18.777	13.89	11.991	
688	79.533	88.182	76.337	18.772	13.868	11.962	
689	79.767	88.155	76.194	18.761	13.903	11.957	
690	79.991	88.047	76.044	18.716	13.875	11.965	
691	80.204	87.871	75.887	18.724	13.843	11.91	
692	80.405	87.642	75.723	18.709	13.782	11.94	
693	80.594	87.375	75.552	18.696	13.781	11.891	
694	80.77	87.082	75.376	18.682	13.775	11.898	
695	80.932	86.769	75.194	18.653	13.738	11.859	
696	81.08	86.442	75.007	18.654	13.704	11.854	
697	81.213	86.106	74.815	18.647	13.742	11.818	
698	81.33	85.763	74.619	18.656	13.697	11.76	
699	81.431	85.415	74.418	18.615	13.678	11.745	
700	81.515	85.064	74.213	18.603	13.714	11.763	
701	81.582	84.71	74.005	18.616	13.601	11.754	
702	81.632	84.355	73.793	18.605	13.677	11.742	
703	81.665	83.998	73.579	18.55	13.664	11.695	
704	81.68	83.642	73.361	18.548	13.616	11.689	
705	81.677	83.285	73.141	18.593	13.586	11.663	
706	81.657	82.929	72.919	18.539	13.595	11.627	
707	81.62	82.573	72.695	18.519	13.587	11.625	
708	81.567	82.218	72.469	18.499	13.513	11.634	
709	81.497	81.863	72.241	18.52	13.555	11.58	
710	81.412	81.51	72.012	18.509	13.487	11.628	
711	81.312	81.158	71.782	18.491	13.491	11.511	
712	81.197	80.808	71.55	18.46	13.43	11.505	
713	81.069	80.459	71.318	18.443	13.501	11.532	
714	80.929	80.111	71.085	18.434	13.419	11.487	
715	80.776	79.765	70.851	18.397	13.433	11.469	
716	80.612	79.421	70.616	18.418	13.356	11.374	
717	80.438	79.078	70.382	18.408	13.398	11.468	
718	80.253	78.738	70.147	18.389	13.347	11.371	
719	80.06	78.399	69.912	18.416	13.365	11.461	
720	79.859	78.061	69.676	18.332	13.336	11.414	
721	79.65	77.726	69.441	18.377	13.311	11.389	
722	79.434	77.393	69.207	18.373	13.341	11.365	
723	79.211	77.062	68.972	18.316	13.339	11.362	
724	78.983	76.732	68.738	18.348	13.267	11.357	
725	78.749	76.405	68.504	18.293	13.366	11.278	
726	78.511	76.079	68.271	18.343	13.2	11.279	
727	78.268	75.756	68.038	18.3	13.25	11.255	
728	78.021	75.435	67.806	18.318	13.194	11.255	
729	77.771	75.116	67.575	18.272	13.178	11.254	
730	77.518	74.799	67.344	18.26	13.183	11.173	
731	77.261	74.484	67.115	18.22	13.167	11.208	
732	77.003	74.171	66.886	18.247	13.116	11.197	
733	76.742	73.86	66.658	18.236	13.152	11.165	
734	76.479	73.551	66.431	18.263	13.117	11.143	
735	76.215	73.245	66.205	18.212	13.131	11.119	
736	75.949	72.94	65.98	18.211	13.114	11.12	
737	75.682	72.638	65.756	18.221	13.084	11.153	
738	75.414	72.338	65.534	18.175	13.091	11.076	
739	75.146	72.04	65.312	18.168	13.067	11.094	
740	74.876	71.745	65.092	18.198	13.06	11.074	
741	74.606	71.451	64.873	18.146	13.012	11.072	
742	74.336	71.159	64.655	18.159	13.021	11.016	
743	74.066	70.87	64.438	18.16	13.027	10.987	
744	73.795	70.583	64.222	18.128	13	11.023	
745	73.525	70.298	64.008	18.098	13.023	11.013	
746	73.255	70.015	63.795	18.113	12.97	10.981	
747	72.985	69.734	63.584	18.112	13.001	10.944	
748	72.716	69.456	63.373	18.09	12.967	10.93	
749	72.447	69.179	63.165	18.087	12.928	10.902	
750	72.179	68.905	62.957	18.026	12.909	10.938	
751	71.911	68.632	62.751	18.064	12.892	10.873	
752	71.644	68.362	62.546	18.016	12.923	10.846	
753	71.378	68.094	62.342	18.042	12.881	10.845	
754	71.112	67.828	62.14	18.033	12.862	10.87	
755	70.848	67.564	61.94	17.998	12.896	10.794	
756	70.584	67.302	61.74	18.017	12.83	10.84	
757	70.322	67.043	61.542	18.016	12.778	10.837	
758	70.06	66.785	61.346	17.993	12.814	10.794	
759	69.8	66.529	61.151	17.991	12.817	10.766	
760	69.541	66.275	60.957	17.965	12.743	10.723	
761	69.282	66.024	60.765	17.94	12.757	10.727	
762	69.026	65.774	60.574	17.968	12.744	10.685	
763	68.77	65.527	60.384	17.942	12.757	10.67	
764	68.515	65.281	60.196	17.942	12.75	10.703	
765	68.262	65.037	60.009	17.928	12.723	10.649	
766	68.011	64.796	59.824	17.945	12.732	10.659	
767	67.76	64.556	59.64	17.932	12.689	10.658	
768	67.511	64.318	59.457	17.898	12.676	10.604	
769	67.263	64.082	59.276	17.901	12.684	10.63	
770	67.017	63.848	59.096	17.88	12.632	10.573	
771	66.772	63.616	58.918	17.839	12.621	10.567	
772	66.528	63.386	58.741	17.837	12.664	10.567	
773	66.286	63.158	58.565	17.851	12.613	10.567	
774	66.045	62.931	58.391	17.831	12.605	10.51	
775	65.806	62.707	58.218	17.81	12.584	10.517	
776	65.568	62.484	58.046	17.872	12.563	10.49	
777	65.332	62.263	57.876	17.813	12.541	10.499	
778	65.097	62.044	57.707	17.814	12.507	10.516	
779	64.864	61.827	57.539	17.771	12.515	10.473	
780	64.632	61.611	57.372	17.769	12.529	10.484	
781	64.402	61.397	57.207	17.816	12.552	10.405	
782	64.173	61.185	57.043	17.788	12.453	10.414	
783	63.946	60.975	56.881	17.766	12.44	10.413	
784	63.72	60.766	56.72	17.747	12.468	10.369	
785	63.495	60.56	56.56	17.727	12.424	10.347	
786	63.272	60.354	56.401	17.72	12.435	10.349	
787	63.051	60.151	56.243	17.725	12.412	10.345	
788	62.831	59.949	56.087	17.722	12.394	10.324	
789	62.613	59.749	55.932	17.703	12.376	10.317	
790	62.396	59.551	55.778	17.705	12.403	10.277	
791	62.181	59.354	55.626	17.675	12.368	10.278	
792	61.967	59.158	55.474	17.689	12.361	10.267	
793	61.754	58.965	55.324	17.679	12.381	10.266	
794	61.543	58.773	55.175	17.66	12.327	10.239	
795	61.334	58.582	55.027	17.659	12.309	10.224	
796	61.126	58.393	54.881	17.662	12.313	10.213	
797	60.919	58.206	54.735	17.654	12.325	10.176	
798	60.714	58.02	54.591	17.666	12.323	10.181	
799	60.511	57.836	54.448	17.647	12.261	10.206	
800	60.309	57.653	54.306	17.62	12.266	10.135	
801	60.108	57.472	54.165	17.605	12.279	10.152	
802	59.909	57.292	54.025	17.648	12.257	10.122	
803	59.711	57.113	53.886	17.585	12.228	10.092	
804	59.514	56.936	53.749	17.575	12.219	10.133	
805	59.319	56.761	53.612	17.566	12.198	10.093	
806	59.126	56.587	53.476	17.583	12.17	10.084	
807	58.934	56.414	53.342	17.566	12.126	10.115	
808	58.743	56.243	53.209	17.569	12.174	10.024	
809	58.553	56.073	53.076	17.516	12.099	10.047	
810	58.365	55.904	52.945	17.556	12.165	10.014	
811	58.179	55.737	52.815	17.537	12.131	9.9973	
812	57.994	55.571	52.685	17.532	12.176	10.005	
813	57.81	55.407	52.557	17.542	12.077	9.9926	
814	57.627	55.244	52.43	17.52	12.11	10.013	
815	57.446	55.082	52.304	17.499	12.091	9.9656	
816	57.266	54.921	52.178	17.51	12.082	9.9131	
817	57.087	54.762	52.054	17.487	12.062	9.9298	
818	56.91	54.604	51.931	17.492	12.059	9.9034	
819	56.734	54.447	51.808	17.483	12.042	9.9129	
820	56.559	54.291	51.687	17.46	12.018	9.8719	
821	56.386	54.137	51.566	17.453	12.005	9.8656	
822	56.214	53.984	51.447	17.45	12.012	9.8616	
823	56.043	53.832	51.328	17.451	12.006	9.8525	
824	55.873	53.681	51.21	17.443	12.007	9.8497	
825	55.705	53.532	51.093	17.437	11.988	9.8449	
826	55.538	53.383	50.977	17.433	11.98	9.8362	
827	55.372	53.236	50.862	17.43	11.974	9.8144	
828	55.207	53.09	50.748	17.419	11.964	9.8087	
829	55.044	52.945	50.634	17.407	11.95	9.7941	
830	54.882	52.801	50.522	17.407	11.946	9.8031	
831	54.721	52.659	50.41	17.4	11.919	9.7859	
832	54.561	52.517	50.299	17.384	11.91	9.7662	
833	54.402	52.377	50.189	17.379	11.905	9.7353	
834	54.245	52.237	50.08	17.367	11.897	9.7158	
835	54.088	52.099	49.971	17.36	11.889	9.7177	
836	53.933	51.962	49.864	17.358	11.888	9.6974	
837	53.779	51.826	49.757	17.35	11.861	9.7024	
838	53.626	51.69	49.651	17.356	11.846	9.6741	
839	53.474	51.556	49.546	17.339	11.835	9.6728	
840	53.323	51.423	49.441	17.323	11.851	9.6213	
841	53.174	51.291	49.337	17.338	11.799	9.6059	
842	53.025	51.16	49.234	17.35	11.812	9.6524	
843	52.878	51.03	49.132	17.333	11.79	9.6237	
844	52.731	50.901	49.031	17.328	11.8	9.6135	
845	52.586	50.772	48.93	17.337	11.83	9.5864	
846	52.442	50.645	48.83	17.25	11.762	9.5728	
847	52.299	50.519	48.731	17.316	11.671	9.6306	
848	52.156	50.394	48.632	17.299	11.801	9.6341	
849	52.015	50.269	48.534	17.296	11.713	9.5251	
850	51.875	50.146	48.437	17.278	11.74	9.5683	
851	51.736	50.023	48.341	17.254	11.712	9.5872	
852	51.598	49.902	48.245	17.249	11.723	9.4661	
853	51.461	49.781	48.15	17.279	11.658	9.4759	
854	51.325	49.661	48.055	17.228	11.704	9.4325	
855	51.189	49.542	47.961	17.23	11.626	9.478	
856	51.055	49.424	47.868	17.202	11.678	9.4881	
857	50.922	49.306	47.776	17.234	11.659	9.4508	
858	50.79	49.19	47.684	17.248	11.682	9.4151	
859	50.658	49.074	47.593	17.26	11.629	9.461	
860	50.528	48.96	47.502	17.206	11.667	9.4684	
861	50.398	48.846	47.412	17.177	11.615	9.3825	
862	50.27	48.733	47.323	17.215	11.595	9.3837	
863	50.142	48.62	47.234	17.205	11.644	9.3907	
864	50.015	48.509	47.146	17.208	11.589	9.387	
865	49.89	48.398	47.059	17.157	11.577	9.3165	
866	49.765	48.288	46.972	17.167	11.563	9.3468	
867	49.641	48.179	46.886	17.147	11.513	9.3459	
868	49.517	48.07	46.8	17.118	11.543	9.3501	
869	49.395	47.963	46.715	17.15	11.508	9.2901	
870	49.273	47.856	46.63	17.159	11.516	9.3057	
871	49.153	47.75	46.546	17.146	11.508	9.2767	
872	49.033	47.644	46.463	17.131	11.512	9.3136	
873	48.914	47.54	46.38	17.157	11.469	9.267	
874	48.796	47.436	46.297	17.129	11.488	9.2504	
875	48.678	47.333	46.216	17.111	11.474	9.2559	
876	48.562	47.23	46.134	17.115	11.465	9.2204	
877	48.446	47.128	46.054	17.112	11.46	9.2537	
878	48.331	47.027	45.973	17.083	11.444	9.2191	
879	48.217	46.927	45.894	17.079	11.432	9.1998	
880	48.104	46.827	45.815	17.071	11.421	9.1926	
881	47.991	46.728	45.736	17.069	11.417	9.1849	
882	47.879	46.63	45.658	17.067	11.412	9.1889	
883	47.768	46.532	45.58	17.063	11.408	9.1794	
884	47.658	46.435	45.503	17.061	11.404	9.1718	
885	47.548	46.338	45.426	17.061	11.396	9.1709	
886	47.44	46.243	45.35	17.056	11.388	9.1566	
887	47.332	46.147	45.275	17.046	11.371	9.1428	
888	47.224	46.053	45.199	17.044	11.364	9.1243	
889	47.118	45.959	45.125	17.031	11.351	9.1119	
890	47.012	45.866	45.05	17.018	11.337	9.0964	
891	46.906	45.773	44.977	17.012	11.328	9.0812	
892	46.802	45.681	44.903	17.01	11.316	9.0788	
893	46.698	45.59	44.83	17.003	11.31	9.0602	
894	46.595	45.499	44.758	16.991	11.308	9.0486	
895	46.493	45.408	44.686	16.999	11.303	9.0533	
896	46.391	45.319	44.614	16.989	11.29	9.0498	
897	46.29	45.23	44.543	16.989	11.285	9.0476	
898	46.189	45.141	44.473	16.987	11.282	9.0195	
899	46.089	45.053	44.402	16.979	11.268	9.0175	
900	45.99	44.966	44.333	16.966	11.258	8.9949	
901	45.892	44.879	44.263	16.947	11.247	8.9733	
902	45.794	44.792	44.194	16.948	11.229	8.9685	
903	45.697	44.707	44.126	16.945	11.226	8.9618	
904	45.6	44.622	44.057	16.94	11.217	8.9595	
905	45.504	44.537	43.99	16.932	11.215	8.9576	
906	45.409	44.453	43.922	16.934	11.21	8.9517	
907	45.314	44.369	43.855	16.929	11.206	8.9528	
908	45.22	44.286	43.789	16.931	11.194	8.9288	
909	45.127	44.203	43.723	16.916	11.183	8.9209	
910	45.034	44.121	43.657	16.902	11.167	8.91	
911	44.941	44.04	43.591	16.906	11.155	8.9055	
912	44.85	43.959	43.526	16.894	11.128	8.8691	
913	44.759	43.878	43.462	16.881	11.137	8.8493	
914	44.668	43.798	43.398	16.883	11.127	8.8511	
915	44.578	43.718	43.334	16.876	11.114	8.8449	
916	44.489	43.639	43.27	16.869	11.119	8.8435	
917	44.4	43.561	43.207	16.869	11.116	8.8377	
918	44.311	43.482	43.144	16.872	11.111	8.8326	
919	44.224	43.405	43.082	16.868	11.102	8.8198	
920	44.136	43.327	43.02	16.862	11.094	8.8106	
921	44.05	43.251	42.958	16.852	11.081	8.8013	
922	43.964	43.174	42.896	16.848	11.073	8.8045	
923	43.878	43.098	42.835	16.851	11.066	8.7956	
924	43.793	43.023	42.775	16.835	11.037	8.7695	
925	43.708	42.948	42.714	16.832	11.054	8.7564	
926	43.624	42.874	42.654	16.815	11.035	8.7417	
927	43.541	42.799	42.594	16.816	11.041	8.7315	
928	43.458	42.726	42.535	16.814	11.034	8.7362	
929	43.375	42.653	42.476	16.797	10.994	8.7477	
930	43.293	42.58	42.417	16.793	10.972	8.7269	
931	43.212	42.507	42.359	16.805	11.016	8.7154	
932	43.131	42.435	42.3	16.812	10.951	8.6826	
933	43.05	42.364	42.243	16.782	11.008	8.6791	
934	42.97	42.293	42.185	16.775	10.976	8.695	
935	42.89	42.222	42.128	16.773	10.978	8.6554	
936	42.811	42.151	42.071	16.753	10.941	8.6501	
937	42.733	42.082	42.014	16.753	10.935	8.6851	
938	42.655	42.012	41.958	16.783	10.944	8.6069	
939	42.577	41.943	41.902	16.761	10.933	8.6336	
940	42.5	41.874	41.846	16.766	10.894	8.6504	
941	42.423	41.806	41.791	16.76	10.92	8.6114	
942	42.346	41.738	41.736	16.739	10.886	8.5574	
943	42.271	41.67	41.681	16.715	10.91	8.5951	
944	42.195	41.603	41.626	16.717	10.929	8.5787	
945	42.12	41.536	41.572	16.744	10.893	8.5827	
946	42.046	41.469	41.518	16.743	10.888	8.5713	
947	41.971	41.403	41.464	16.722	10.888	8.5569	
948	41.898	41.337	41.411	16.718	10.861	8.5456	
949	41.824	41.272	41.358	16.708	10.84	8.5238	
950	41.751	41.207	41.305	16.702	10.832	8.5213	
951	41.679	41.142	41.252	16.691	10.851	8.5259	
952	41.607	41.077	41.2	16.683	10.844	8.5209	
953	41.535	41.013	41.147	16.694	10.825	8.4986	
954	41.464	40.95	41.095	16.695	10.819	8.5124	
955	41.393	40.886	41.044	16.682	10.807	8.4784	
956	41.323	40.823	40.992	16.663	10.812	8.4848	
957	41.253	40.761	40.941	16.664	10.803	8.5324	
958	41.183	40.698	40.89	16.644	10.785	8.4534	
959	41.114	40.636	40.84	16.666	10.771	8.4791	
960	41.045	40.574	40.789	16.678	10.753	8.4078	
961	40.977	40.513	40.739	16.673	10.778	8.3952	
962	40.909	40.452	40.689	16.661	10.689	8.3687	
963	40.841	40.391	40.64	16.62	10.712	8.4149	
964	40.774	40.331	40.59	16.649	10.748	8.3485	
965	40.707	40.27	40.541	16.617	10.733	8.3817	
966	40.64	40.211	40.492	16.628	10.753	8.359	
967	40.574	40.151	40.443	16.623	10.733	8.3919	
968	40.508	40.092	40.395	16.627	10.745	8.3832	
969	40.442	40.033	40.347	16.611	10.709	8.3707	
970	40.377	39.974	40.299	16.625	10.692	8.3925	
971	40.312	39.916	40.251	16.613	10.68	8.3706	
972	40.248	39.858	40.203	16.61	10.702	8.3492	
973	40.184	39.8	40.156	16.61	10.685	8.3224	
974	40.12	39.743	40.109	16.594	10.661	8.3374	
975	40.057	39.686	40.062	16.588	10.668	8.2816	
976	39.994	39.629	40.015	16.58	10.653	8.2972	
977	39.931	39.572	39.968	16.575	10.641	8.2843	
978	39.868	39.516	39.922	16.572	10.632	8.2858	
979	39.806	39.46	39.876	16.57	10.638	8.2719	
980	39.745	39.404	39.83	16.575	10.628	8.2724	
981	39.683	39.348	39.784	16.572	10.626	8.2804	
982	39.622	39.293	39.739	16.566	10.621	8.2707	
983	39.561	39.238	39.694	16.562	10.623	8.2828	
984	39.501	39.183	39.649	16.548	10.613	8.2676	
985	39.441	39.129	39.604	16.546	10.617	8.2362	
986	39.381	39.075	39.559	16.573	10.595	8.2584	
987	39.321	39.021	39.515	16.537	10.591	8.2149	
988	39.262	38.967	39.47	16.532	10.56	8.1936	
989	39.203	38.914	39.426	16.524	10.566	8.1933	
990	39.145	38.861	39.382	16.52	10.547	8.1876	
991	39.086	38.808	39.338	16.519	10.55	8.1676	
992	39.028	38.755	39.295	16.52	10.545	8.1802	
993	38.971	38.703	39.252	16.509	10.544	8.1739	
994	38.913	38.65	39.208	16.517	10.548	8.1768	
995	38.856	38.598	39.165	16.503	10.54	8.1619	
996	38.799	38.547	39.123	16.496	10.533	8.1554	
997	38.743	38.495	39.08	16.504	10.529	8.1444	
998	38.686	38.444	39.038	16.493	10.516	8.1417	
999	38.63	38.393	38.995	16.483	10.502	8.1776	
1000	38.575	38.342	38.953	16.5	10.478	8.1157	
1001	38.519	38.292	38.911	16.464	10.53	8.0949	
1002	38.464	38.242	38.87	16.485	10.51	8.0982	
1003	38.409	38.191	38.828	16.476	10.477	8.0989	
1004	38.355	38.142	38.787	16.475	10.443	8.0759	
1005	38.3	38.092	38.745	16.439	10.542	8.1117	
1006	38.246	38.043	38.704	16.467	10.428	8.1096	
1007	38.192	37.993	38.663	16.465	10.492	8.0327	
1008	38.139	37.944	38.623	16.449	10.484	8.0563	
1009	38.086	37.896	38.582	16.429	10.432	8.0496	
1010	38.033	37.847	38.542	16.466	10.451	8.0414	
1011	37.98	37.799	38.501	16.433	10.444	8.0428	
1012	37.927	37.751	38.461	16.438	10.431	8.0143	
1013	37.875	37.703	38.421	16.434	10.414	8.0082	
1014	37.823	37.655	38.382	16.435	10.394	8.0042	
1015	37.771	37.608	38.342	16.437	10.4	7.9932	
1016	37.72	37.561	38.303	16.413	10.402	8.087	
1017	37.668	37.514	38.263	16.395	10.365	7.9546	
1018	37.617	37.467	38.224	16.391	10.366	7.9748	
1019	37.567	37.42	38.185	16.377	10.349	7.938	
1020	37.516	37.374	38.146	16.428	10.409	7.9076	
1021	37.466	37.327	38.108	16.344	10.406	7.9482	
1022	37.416	37.281	38.069	16.399	10.335	7.9468	
1023	37.366	37.235	38.031	16.418	10.322	7.9437	
1024	37.316	37.19	37.992	16.374	10.301	7.9785	
1025	37.267	37.144	37.954	16.416	10.31	7.9159	
1026	37.218	37.099	37.916	16.38	10.359	7.8728	
1027	37.169	37.054	37.879	16.414	10.241	7.8987	
1028	37.12	37.009	37.841	16.371	10.339	7.8451	
1029	37.072	36.964	37.803	16.355	10.283	7.8299	
1030	37.024	36.92	37.766	16.359	10.328	7.903	
1031	36.976	36.875	37.729	16.422	10.333	7.9249	
1032	36.928	36.831	37.692	16.316	10.327	7.8632	
1033	36.88	36.787	37.655	16.382	10.287	7.887	
1034	36.833	36.743	37.618	16.356	10.309	7.8533	
1035	36.786	36.7	37.581	16.379	10.251	7.9231	
1036	36.739	36.656	37.544	16.253	10.285	7.8388	
1037	36.692	36.613	37.508	16.397	10.175	7.8035	
1038	36.646	36.57	37.472	16.319	10.24	7.9786	
1039	36.6	36.527	37.436	16.361	10.29	7.9209	
1040	36.553	36.484	37.399	16.298	10.088	7.8087	
1041	36.508	36.442	37.364	16.335	10.216	7.8567	
1042	36.462	36.399	37.328	16.445	10.238	7.6434	
1043	36.416	36.357	37.292	16.412	10.176	7.6925	
1044	36.371	36.315	37.257	16.267	10.268	7.7417	
1045	36.326	36.273	37.221	16.308	10.204	7.7873	
1046	36.281	36.231	37.186	16.204	10.35	7.5825	
1047	36.237	36.19	37.151	16.266	10.039	7.7932	
1048	36.192	36.148	37.116	16.229	10.157	7.8069	
1049	36.148	36.107	37.081	16.299	10.171	7.7236	
1050	36.104	36.066	37.046	16.276	10.083	7.8107	
1051	36.06	36.025	37.011	16.278	10.17	7.7396	
1052	36.016	35.984	36.977	16.273	10.161	7.7044	
1053	35.973	35.944	36.942	16.277	10.167	7.7231	
1054	35.93	35.903	36.908	16.277	10.148	7.7089	
1055	35.886	35.863	36.874	16.277	10.167	7.6972	
1056	35.843	35.823	36.84	16.273	10.135	7.687	
1057	35.801	35.783	36.806	16.269	10.153	7.6997	
1058	35.758	35.743	36.772	16.262	10.142	7.6709	
1059	35.716	35.703	36.738	16.247	10.134	7.6933	
1060	35.673	35.664	36.704	16.254	10.134	7.6648	
1061	35.631	35.624	36.671	16.263	10.116	7.6747	
1062	35.59	35.585	36.637	16.239	10.115	7.6648	
1063	35.548	35.546	36.604	16.235	10.098	7.6667	
1064	35.506	35.507	36.571	16.233	10.093	7.6472	
1065	35.465	35.468	36.538	16.225	10.087	7.629	
1066	35.424	35.429	36.505	16.232	10.086	7.618	
1067	35.383	35.391	36.472	16.223	10.089	7.6219	
1068	35.342	35.353	36.439	16.218	10.078	7.6284	
1069	35.302	35.314	36.407	16.223	10.054	7.6005	
1070	35.261	35.276	36.374	16.22	10.079	7.5985	
1071	35.221	35.238	36.342	16.218	10.063	7.599	
1072	35.181	35.2	36.309	16.202	10.065	7.5925	
1073	35.141	35.163	36.277	16.215	10.029	7.5661	
1074	35.101	35.125	36.245	16.199	10.044	7.5808	
1075	35.061	35.088	36.213	16.193	10.033	7.5517	
1076	35.022	35.05	36.181	16.201	10.022	7.5548	
1077	34.982	35.013	36.149	16.189	10.024	7.5511	
1078	34.943	34.976	36.117	16.185	10.008	7.5417	
1079	34.904	34.939	36.086	16.186	10.022	7.5314	
1080	34.865	34.903	36.054	16.186	10.011	7.5387	
1081	34.827	34.866	36.023	16.179	10.01	7.5348	
1082	34.788	34.829	35.991	16.172	10.007	7.5257	
1083	34.75	34.793	35.96	16.18	9.9947	7.5117	
1084	34.712	34.757	35.929	16.172	9.995	7.5129	
1085	34.674	34.721	35.898	16.166	9.9914	7.5014	
1086	34.636	34.685	35.867	16.171	9.9923	7.5038	
1087	34.598	34.649	35.836	16.156	9.9873	7.4945	
1088	34.56	34.613	35.805	16.166	9.9817	7.4997	
1089	34.523	34.577	35.775	16.159	9.9779	7.4821	
1090	34.485	34.542	35.744	16.158	9.9803	7.4881	
1091	34.448	34.507	35.714	16.153	9.9785	7.4853	
1092	34.411	34.471	35.683	16.144	9.9565	7.4715	
1093	34.374	34.436	35.653	16.148	9.9506	7.4729	
1094	34.338	34.401	35.623	16.141	9.9601	7.4722	
1095	34.301	34.366	35.592	16.15	9.9318	7.4483	
1096	34.265	34.331	35.562	16.144	9.9407	7.4519	
1097	34.228	34.297	35.532	16.13	9.9283	7.4383	
1098	34.192	34.262	35.503	16.124	9.9234	7.4168	
1099	34.156	34.228	35.473	16.123	9.9232	7.4195	
1100	34.12	34.193	35.443	16.113	9.9178	7.4139	
1101	34.084	34.159	35.414	16.124	9.9056	7.3964	
1102	34.049	34.125	35.384	16.116	9.8945	7.3888	
1103	34.013	34.091	35.355	16.109	9.8791	7.3797	
1104	33.978	34.057	35.325	16.105	9.888	7.3786	
1105	33.943	34.024	35.296	16.097	9.8862	7.3711	
1106	33.908	33.99	35.267	16.101	9.8753	7.3644	
1107	33.873	33.956	35.238	16.09	9.8672	7.3615	
1108	33.838	33.923	35.209	16.098	9.873	7.3533	
1109	33.803	33.89	35.18	16.089	9.8628	7.35	
1110	33.769	33.856	35.151	16.087	9.8562	7.3493	
1111	33.734	33.823	35.122	16.086	9.8575	7.3426	
1112	33.7	33.79	35.093	16.085	9.8439	7.3361	
1113	33.666	33.757	35.065	16.085	9.8491	7.3346	
1114	33.632	33.725	35.036	16.08	9.8466	7.3305	
1115	33.598	33.692	35.008	16.077	9.8484	7.3291	
1116	33.564	33.659	34.979	16.078	9.8409	7.3321	
1117	33.53	33.627	34.951	16.079	9.8416	7.3209	
1118	33.497	33.594	34.923	16.072	9.8334	7.3214	
1119	33.463	33.562	34.895	16.06	9.8347	7.3015	
1120	33.43	33.53	34.867	16.068	9.8313	7.2924	
1121	33.397	33.498	34.839	16.067	9.8176	7.2878	
1122	33.364	33.466	34.811	16.06	9.8063	7.2978	
1123	33.331	33.434	34.783	16.048	9.8069	7.2903	
1124	33.298	33.402	34.755	16.063	9.8076	7.2673	
1125	33.265	33.371	34.728	16.054	9.7979	7.2623	
1126	33.233	33.339	34.7	16.058	9.8085	7.2676	
1127	33.2	33.308	34.672	16.033	9.7894	7.2435	
1128	33.168	33.276	34.645	16.033	9.7801	7.246	
1129	33.136	33.245	34.618	16.039	9.78	7.2589	
1130	33.104	33.214	34.59	16.029	9.784	7.2303	
1131	33.072	33.183	34.563	16.028	9.7661	7.2327	
1132	33.04	33.152	34.536	16.029	9.7641	7.2224	
1133	33.008	33.121	34.509	16.022	9.7746	7.22	
1134	32.976	33.09	34.482	16.013	9.7404	7.2208	
1135	32.945	33.059	34.455	16.016	9.7516	7.1929	
1136	32.913	33.029	34.428	16.019	9.733	7.2045	
1137	32.882	32.998	34.401	16.012	9.7186	7.2018	
1138	32.851	32.968	34.374	16.011	9.7314	7.1817	
1139	32.82	32.937	34.347	16.007	9.7294	7.188	
1140	32.789	32.907	34.321	16	9.711	7.1734	
1141	32.758	32.877	34.294	16.013	9.7229	7.1701	
1142	32.727	32.847	34.268	16.009	9.7157	7.1425	
1143	32.696	32.817	34.241	15.991	9.7047	7.1754	
1144	32.666	32.787	34.215	15.991	9.6948	7.1627	
1145	32.635	32.757	34.189	15.994	9.7082	7.1617	
1146	32.605	32.727	34.163	15.991	9.6734	7.1488	
1147	32.575	32.698	34.136	15.987	9.6773	7.1375	
1148	32.544	32.668	34.11	15.993	9.6824	7.1398	
1149	32.514	32.639	34.084	15.982	9.6859	7.1336	
1150	32.484	32.609	34.058	15.971	9.6696	7.1285	
1151	32.455	32.58	34.032	15.973	9.6557	7.1144	
1152	32.425	32.551	34.007	15.974	9.6664	7.1066	
1153	32.395	32.521	33.981	15.967	9.6521	7.0941	
1154	32.366	32.492	33.955	15.961	9.6519	7.0958	
1155	32.336	32.463	33.929	15.966	9.6506	7.0979	
1156	32.307	32.435	33.904	15.955	9.6498	7.0837	
1157	32.278	32.406	33.878	15.955	9.6421	7.0727	
1158	32.248	32.377	33.853	15.956	9.6421	7.0731	
1159	32.219	32.348	33.827	15.96	9.6267	7.0708	
1160	32.19	32.32	33.802	15.957	9.628	7.0722	
1161	32.162	32.291	33.777	15.947	9.6061	7.0769	
1162	32.133	32.263	33.752	15.943	9.6372	7.0503	
1163	32.104	32.235	33.727	15.932	9.6109	7.0423	
1164	32.076	32.206	33.701	15.933	9.5892	7.0355	
1165	32.047	32.178	33.676	15.926	9.6021	7.0251	
1166	32.019	32.15	33.651	15.934	9.5923	7.0232	
1167	31.99	32.122	33.626	15.935	9.6092	7.0307	
1168	31.962	32.094	33.602	15.925	9.5875	7.0159	
1169	31.934	32.066	33.577	15.919	9.579	7.0094	
1170	31.906	32.038	33.552	15.923	9.5874	6.9969	
1171	31.878	32.011	33.527	15.918	9.5745	6.9927	
1172	31.85	31.983	33.503	15.915	9.5753	6.9904	
1173	31.823	31.956	33.478	15.913	9.572	6.9898	
1174	31.795	31.928	33.454	15.912	9.5717	6.9855	
1175	31.767	31.901	33.429	15.911	9.5671	6.9893	
1176	31.74	31.873	33.405	15.909	9.5553	6.9753	
1177	31.712	31.846	33.38	15.913	9.5548	6.9734	
1178	31.685	31.819	33.356	15.902	9.5491	6.9642	
1179	31.658	31.792	33.332	15.902	9.5544	6.9693	
1180	31.631	31.765	33.308	15.901	9.5467	6.9584	
1181	31.604	31.738	33.284	15.901	9.5467	6.9598	
1182	31.577	31.711	33.26	15.894	9.5385	6.9547	
1183	31.55	31.684	33.236	15.897	9.537	6.95	
1184	31.523	31.657	33.212	15.892	9.532	6.9421	
1185	31.496	31.631	33.188	15.883	9.531	6.946	
1186	31.47	31.604	33.164	15.885	9.5219	6.9289	
1187	31.443	31.577	33.14	15.884	9.5224	6.9354	
1188	31.417	31.551	33.116	15.877	9.523	6.9241	
1189	31.39	31.524	33.093	15.882	9.5084	6.9071	
1190	31.364	31.498	33.069	15.876	9.5137	6.9197	
1191	31.338	31.472	33.045	15.87	9.5099	6.9094	
1192	31.312	31.446	33.022	15.871	9.4961	6.8957	
1193	31.286	31.419	32.998	15.868	9.4961	6.8932	
1194	31.26	31.393	32.975	15.862	9.5027	6.9035	
1195	31.234	31.367	32.951	15.874	9.474	6.8908	
1196	31.208	31.341	32.928	15.86	9.4905	6.8699	
1197	31.182	31.316	32.905	15.862	9.4762	6.8911	
1198	31.157	31.29	32.882	15.852	9.4631	6.8864	
1199	31.131	31.264	32.858	15.851	9.477	6.8633	
1200	31.106	31.238	32.835	15.858	9.4625	6.8505	
1201	31.08	31.213	32.812	15.861	9.4796	6.8706	
1202	31.055	31.187	32.789	15.841	9.4636	6.8566	
1203	31.03	31.162	32.766	15.848	9.4582	6.8337	
1204	31.005	31.136	32.743	15.851	9.4464	6.8183	
1205	30.979	31.111	32.72	15.832	9.4472	6.8323	
1206	30.954	31.086	32.697	15.836	9.466	6.8321	
1207	30.929	31.06	32.675	15.846	9.4633	6.8204	
1208	30.905	31.035	32.652	15.832	9.4402	6.8124	
1209	30.88	31.01	32.629	15.836	9.4279	6.8174	
1210	30.855	30.985	32.606	15.829	9.4198	6.7981	
1211	30.83	30.96	32.584	15.824	9.4014	6.7811	
1212	30.806	30.935	32.561	15.822	9.4159	6.7865	
1213	30.781	30.91	32.539	15.831	9.4125	6.7945	
1214	30.757	30.886	32.516	15.818	9.422	6.771	
1215	30.732	30.861	32.494	15.827	9.4065	6.7776	
1216	30.708	30.836	32.471	15.816	9.3902	6.7962	
1217	30.684	30.811	32.449	15.82	9.3945	6.7799	
1218	30.66	30.787	32.427	15.792	9.3676	6.7812	
1219	30.636	30.762	32.405	15.814	9.3787	6.7488	
1220	30.612	30.738	32.382	15.812	9.3724	6.7566	
1221	30.588	30.714	32.36	15.792	9.3678	6.7577	
1222	30.564	30.689	32.338	15.806	9.4041	6.7482	
1223	30.54	30.665	32.316	15.808	9.3612	6.7497	
1224	30.516	30.641	32.294	15.802	9.3661	6.7322	
1225	30.493	30.617	32.272	15.793	9.3623	6.7376	
1226	30.469	30.593	32.25	15.803	9.3763	6.7294	
1227	30.446	30.569	32.228	15.81	9.3589	6.7325	
1228	30.422	30.545	32.206	15.774	9.3448	6.7237	
1229	30.399	30.521	32.185	15.767	9.3236	6.7278	
1230	30.375	30.497	32.163	15.774	9.3573	6.7086	
1231	30.352	30.473	32.141	15.796	9.3605	6.676	
1232	30.329	30.449	32.119	15.789	9.3331	6.7336	
1233	30.306	30.426	32.098	15.803	9.3612	6.6865	
1234	30.283	30.402	32.076	15.779	9.3636	6.7088	
1235	30.26	30.378	32.055	15.762	9.3504	6.6856	
1236	30.237	30.355	32.033	15.776	9.3508	6.7156	
1237	30.214	30.331	32.012	15.771	9.3581	6.6932	
1238	30.191	30.308	31.99	15.803	9.3178	6.7029	
1239	30.168	30.284	31.969	15.735	9.3726	6.7182	
1240	30.146	30.261	31.947	15.732	9.2717	6.6779	
1241	30.123	30.238	31.926	15.745	9.341	6.6356	
1242	30.101	30.215	31.905	15.735	9.3044	6.6996	
1243	30.078	30.192	31.884	15.764	9.3127	6.761	
1244	30.056	30.168	31.863	15.782	9.3076	6.6586	
1245	30.033	30.145	31.841	15.721	9.362	6.5928	
1246	30.011	30.122	31.82	15.748	9.298	6.6041	
1247	29.989	30.099	31.799	15.731	9.2333	6.6094	
1248	29.967	30.077	31.778	15.743	9.2731	6.5843	
1249	29.945	30.054	31.757	15.775	9.2931	6.6536	
1250	29.923	30.031	31.736	15.753	9.3398	6.5861	
1251	29.901	30.008	31.715	15.739	9.2561	6.6486	
1252	29.879	29.985	31.695	15.709	9.2021	6.5795	
1253	29.857	29.963	31.674	15.708	9.3079	6.5872	
1254	29.835	29.94	31.653	15.716	9.2289	6.5936	
1255	29.813	29.918	31.632	15.74	9.2415	6.623	
1256	29.792	29.895	31.611	15.719	9.2629	6.5966	
1257	29.77	29.873	31.591	15.717	9.2216	6.5567	
1258	29.748	29.85	31.57	15.725	9.2458	6.548	
1259	29.727	29.828	31.55	15.694	9.2312	6.5771	
1260	29.705	29.806	31.529	15.709	9.2387	6.553	
1261	29.684	29.783	31.508	15.706	9.2178	6.5473	
1262	29.663	29.761	31.488	15.689	9.2162	6.5425	
1263	29.641	29.739	31.468	15.706	9.2186	6.5313	
1264	29.62	29.717	31.447	15.682	9.2026	6.5444	
1265	29.599	29.695	31.427	15.708	9.2245	6.5324	
1266	29.578	29.673	31.406	15.696	9.2306	6.5176	
1267	29.557	29.651	31.386	15.709	9.2023	6.5414	
1268	29.536	29.629	31.366	15.714	9.2095	6.5453	
1269	29.515	29.607	31.346	15.701	9.2186	6.5538	
1270	29.494	29.585	31.325	15.696	9.198	6.5367	
1271	29.473	29.564	31.305	15.683	9.2039	6.5136	
1272	29.452	29.542	31.285	15.688	9.2189	6.5472	
1273	29.432	29.52	31.265	15.705	9.2243	6.5247	
1274	29.411	29.499	31.245	15.701	9.2005	6.5306	
1275	29.39	29.477	31.225	15.686	9.1823	6.4939	
1276	29.37	29.456	31.205	15.699	9.2087	6.5205	
1277	29.349	29.434	31.185	15.663	9.1993	6.5191	
1278	29.329	29.413	31.165	15.665	9.1892	6.5112	
1279	29.308	29.391	31.145	15.681	9.1589	6.4593	
1280	29.288	29.37	31.126	15.675	9.156	6.4798	
1281	29.268	29.349	31.106	15.682	9.1567	6.4748	
1282	29.248	29.327	31.086	15.676	9.169	6.4949	
1283	29.227	29.306	31.066	15.656	9.1537	6.4527	
1284	29.207	29.285	31.047	15.632	9.1916	6.4591	
1285	29.187	29.264	31.027	15.644	9.1608	6.4782	
1286	29.167	29.243	31.007	15.669	9.1557	6.4463	
1287	29.147	29.222	30.988	15.652	9.1412	6.4697	
1288	29.127	29.201	30.968	15.663	9.1606	6.4591	
1289	29.107	29.18	30.949	15.652	9.1422	6.4344	
1290	29.088	29.159	30.929	15.657	9.1551	6.4376	
1291	29.068	29.138	30.91	15.64	9.1345	6.4164	
1292	29.048	29.117	30.89	15.656	9.1345	6.4736	
1293	29.028	29.096	30.871	15.647	9.1239	6.4379	
1294	29.009	29.076	30.851	15.668	9.1578	6.4281	
1295	28.989	29.055	30.832	15.646	9.1369	6.3954	
1296	28.97	29.034	30.813	15.653	9.1292	6.3926	
1297	28.95	29.014	30.793	15.651	9.0942	6.4387	
1298	28.931	28.993	30.774	15.631	9.1357	6.4042	
1299	28.911	28.972	30.755	15.641	9.0837	6.373	
1300	28.892	28.952	30.736	15.624	9.1037	6.3995	
1301	28.873	28.932	30.717	15.641	9.126	6.3705	
1302	28.854	28.911	30.698	15.611	9.0799	6.4187	
1303	28.834	28.891	30.679	15.637	9.1245	6.3851	
1304	28.815	28.87	30.659	15.648	9.1135	6.3952	
1305	28.796	28.85	30.64	15.652	9.0861	6.3467	
1306	28.777	28.83	30.621	15.629	9.1235	6.3831	
1307	28.758	28.81	30.603	15.62	9.108	6.3954	
1308	28.739	28.79	30.584	15.613	9.0891	6.388	
1309	28.72	28.769	30.565	15.62	9.0991	6.3783	
1310	28.701	28.749	30.546	15.612	9.0767	6.3653	
1311	28.683	28.729	30.527	15.62	9.0461	6.3913	
1312	28.664	28.709	30.508	15.608	9.0606	6.3221	
1313	28.645	28.689	30.489	15.613	9.0866	6.3847	
1314	28.626	28.669	30.471	15.607	9.0596	6.3495	
1315	28.608	28.649	30.452	15.602	9.0327	6.3262	
1316	28.589	28.63	30.433	15.629	8.9941	6.3194	
1317	28.571	28.61	30.415	15.605	9.0557	6.3822	
1318	28.552	28.59	30.396	15.589	9.0545	6.3601	
1319	28.534	28.57	30.378	15.631	9.0479	6.354	
1320	28.515	28.551	30.359	15.574	9.0367	6.3584	
1321	28.497	28.531	30.34	15.612	9.0226	6.3347	
1322	28.479	28.511	30.322	15.601	8.9983	6.2378	
1323	28.46	28.492	30.303	15.554	9.0135	6.278	
1324	28.442	28.472	30.285	15.608	9.0519	6.2872	
1325	28.424	28.453	30.267	15.621	8.9865	6.3038	
1326	28.406	28.433	30.248	15.629	8.988	6.2721	
1327	28.388	28.414	30.23	15.6	9.0561	6.2622	
1328	28.37	28.394	30.212	15.561	8.9618	6.3632	
1329	28.352	28.375	30.193	15.563	8.9748	6.2771	
1330	28.334	28.356	30.175	15.621	9.0407	6.2531	
1331	28.316	28.336	30.157	15.566	9.0607	6.3246	
1332	28.298	28.317	30.139	15.561	8.9719	6.418	
1333	28.28	28.298	30.12	15.578	9.0236	6.2824	
1334	28.262	28.279	30.102	15.6	8.9906	6.2743	
1335	28.245	28.26	30.084	15.55	9.0051	6.153	
1336	28.227	28.241	30.066	15.537	9.0374	6.3185	
1337	28.209	28.222	30.048	15.618	8.9803	6.1591	
1338	28.192	28.203	30.03	15.535	9.048	6.2468	
1339	28.174	28.184	30.012	15.561	9.032	6.2708	
1340	28.157	28.165	29.994	15.593	9.0077	6.1586	
1341	28.139	28.146	29.976	15.666	8.8259	6.2786	
1342	28.122	28.127	29.958	15.575	8.9248	6.4947	
1343	28.104	28.108	29.94	15.64	9.0003	6.4568	
1344	28.087	28.089	29.922	15.52	9.0383	6.2736	
1345	28.07	28.07	29.904	15.567	9.1261	6.2256	
1346	28.052	28.052	29.887	15.405	8.8527	6.0078	
1347	28.035	28.033	29.869	15.559	9.1196	5.8337	
1348	28.018	28.014	29.851	15.504	9.1334	6.1728	
1349	28.001	27.995	29.833	15.419	9.278	6.2167	
1350	27.983	27.977	29.816	15.265	9.0644	6.2217	
1351	27.966	27.958	29.798	15.503	8.9301	5.9253	
1352	27.949	27.94	29.78	15.455	8.8241	6.3825	
1353	27.932	27.921	29.763	15.547	8.3823	6.2501	
1354	27.915	27.903	29.745	15.469	9.3073	6.3855	
1355	27.898	27.884	29.727	15.712	8.773	5.6078	
1356	27.882	27.866	29.71	15.648	9.1567	6.0752	
1357	27.865	27.848	29.692	15.444	9.0441	6.2724	
1358	27.848	27.829	29.675	16.248	9.371	6.3795	
1359	27.831	27.811	29.657	16.262	8.6908	6.918	
1426	26.787	26.654	28.541	15.655	9.2987	6.337	
1427	26.773	26.638	28.525	15.544	8.6458	6.0444	
1428	26.758	26.621	28.509	15.394	8.841	5.6434	
1429	26.744	26.605	28.494	15.638	8.6618	5.8162	
1430	26.729	26.589	28.478	15.645	8.8034	5.8313	
1431	26.715	26.573	28.462	15.324	8.9254	6.1083	
1432	26.701	26.557	28.446	15.558	8.5618	5.8907	
1433	26.686	26.541	28.43	15.35	8.5981	5.8503	
1434	26.672	26.524	28.415	15.504	8.9164	6.1849	
1435	26.658	26.508	28.399	15.523	8.856	5.7635	
1436	26.644	26.492	28.383	15.531	8.646	5.9371	
1437	26.629	26.476	28.368	15.437	8.9074	5.8618	
1438	26.615	26.46	28.352	15.329	8.6594	5.9473	
1439	26.601	26.444	28.336	15.448	8.7878	5.9026	
1440	26.587	26.428	28.321	15.332	8.7869	5.8234	
1441	26.573	26.412	28.305	15.418	8.6815	6.0523	
1442	26.559	26.396	28.289	15.471	8.6178	5.804	
1443	26.545	26.38	28.274	15.352	8.745	5.9607	
1444	26.531	26.365	28.258	15.461	8.7728	5.754	
1445	26.517	26.349	28.243	15.33	8.7337	5.8418	
1446	26.503	26.333	28.227	15.463	8.6349	5.8148	
1447	26.489	26.317	28.212	15.435	8.7027	5.7187	
1448	26.475	26.301	28.196	15.418	8.6759	5.8657	
1449	26.461	26.286	28.181	15.369	8.7286	5.8616	
1450	26.448	26.27	28.165	15.389	8.7223	5.7667	
1451	26.434	26.254	28.15	15.439	8.6835	5.8613	
1452	26.42	26.239	28.135	15.461	8.7416	5.9121	
1453	26.406	26.223	28.119	15.432	8.7434	5.9344	
1454	26.393	26.207	28.104	15.347	8.6775	5.7013	
1455	26.379	26.192	28.089	15.416	8.7501	5.778	
1456	26.365	26.176	28.073	15.442	8.7139	5.8162	
1457	26.352	26.161	28.058	15.384	8.5911	5.8161	
1458	26.338	26.145	28.043	15.382	8.7003	5.8269	
1459	26.324	26.13	28.027	15.364	8.5653	5.7475	
1460	26.311	26.114	28.012	15.406	8.6329	5.8577	
1461	26.297	26.099	27.997	15.425	8.6263	5.8131	
1462	26.284	26.083	27.982	15.392	8.6402	5.8205	
1463	26.27	26.068	27.967	15.378	8.6426	5.7707	
1464	26.257	26.052	27.951	15.356	8.6674	5.7556	
1465	26.244	26.037	27.936	15.367	8.7009	5.7782	
1466	26.23	26.022	27.921	15.362	8.5979	5.8152	
1467	26.217	26.006	27.906	15.382	8.6242	5.8072	
1468	26.204	25.991	27.891	15.351	8.6378	5.7845	
1469	26.19	25.976	27.876	15.375	8.6157	5.7777	
1470	26.177	25.961	27.861	15.368	8.6027	5.7829	
1471	26.164	25.945	27.846	15.371	8.6274	5.7814	
1472	26.15	25.93	27.831	15.372	8.6286	5.7604	
1473	26.137	25.915	27.816	15.361	8.64	5.7729	
1474	26.124	25.9	27.801	15.364	8.6233	5.7729	
1475	26.111	25.885	27.786	15.367	8.6216	5.7631	
1476	26.098	25.87	27.771	15.361	8.6167	5.7547	
1477	26.085	25.855	27.756	15.367	8.6407	5.7684	
1478	26.072	25.84	27.741	15.372	8.6251	5.7501	
1479	26.059	25.825	27.726	15.364	8.6199	5.7574	
1480	26.046	25.81	27.711	15.365	8.6238	5.7479	
1481	26.033	25.795	27.697	15.366	8.6113	5.7261	
1482	26.02	25.78	27.682	15.361	8.6283	5.7517	
1483	26.007	25.765	27.667	15.362	8.62	5.7472	
1484	25.994	25.75	27.652	15.378	8.6195	5.7384	
1485	25.981	25.735	27.637	15.355	8.6304	5.737	
1486	25.968	25.72	27.623	15.356	8.5946	5.6973	
1487	25.955	25.705	27.608	15.348	8.6228	5.7008	
1488	25.942	25.69	27.593	15.36	8.6145	5.7232	
1489	25.929	25.675	27.578	15.361	8.6151	5.7038	
1490	25.917	25.661	27.564	15.362	8.5895	5.747	
1491	25.904	25.646	27.549	15.345	8.6053	5.698	
1492	25.891	25.631	27.534	15.351	8.5961	5.7165	
1493	25.878	25.616	27.52	15.341	8.5614	5.7088	
1494	25.866	25.602	27.505	15.341	8.5719	5.697	
1495	25.853	25.587	27.491	15.332	8.5697	5.6877	
1496	25.841	25.572	27.476	15.36	8.6007	5.7053	
1497	25.828	25.558	27.461	15.331	8.5842	5.694	
1498	25.815	25.543	27.447	15.364	8.5808	5.6957	
1499	25.803	25.529	27.432	15.346	8.5729	5.7135	
1500	25.79	25.514	27.418	15.338	8.5688	5.6944	
1501	25.778	25.499	27.403	15.324	8.5615	5.6481	
1502	25.765	25.485	27.389	15.341	8.5663	5.6767	
1503	25.753	25.47	27.374	15.337	8.5858	5.6658	
1504	25.74	25.456	27.36	15.331	8.5525	5.6375	
1505	25.728	25.441	27.346	15.336	8.5556	5.6753	
1506	25.716	25.427	27.331	15.327	8.5511	5.6423	
1507	25.703	25.413	27.317	15.311	8.5398	5.6658	
1508	25.691	25.398	27.302	15.308	8.5416	5.6703	
1509	25.678	25.384	27.288	15.345	8.5427	5.6533	
1510	25.666	25.369	27.274	15.333	8.5601	5.6374	
1511	25.654	25.355	27.259	15.339	8.555	5.6471	
1512	25.642	25.341	27.245	15.33	8.5822	5.6517	
1513	25.629	25.326	27.231	15.364	8.5032	5.6648	
1514	25.617	25.312	27.216	15.322	8.5396	5.6835	
1515	25.605	25.298	27.202	15.295	8.5603	5.6483	
1516	25.593	25.284	27.188	15.318	8.5056	5.6522	
1517	25.581	25.269	27.174	15.315	8.5658	5.6102	
1518	25.569	25.255	27.16	15.295	8.5482	5.6359	
1519	25.556	25.241	27.145	15.297	8.5464	5.6432	
1520	25.544	25.227	27.131	15.291	8.534	5.6375	
1521	25.532	25.213	27.117	15.314	8.4871	5.5673	
1522	25.52	25.199	27.103	15.294	8.5187	5.5965	
1523	25.508	25.185	27.089	15.298	8.5355	5.6022	
1524	25.496	25.171	27.075	15.33	8.5488	5.6586	
1525	25.484	25.156	27.061	15.314	8.5414	5.6269	
1526	25.472	25.142	27.046	15.292	8.5151	5.6013	
1527	25.46	25.128	27.032	15.3	8.528	5.6024	
1528	25.449	25.114	27.018	15.288	8.5465	5.6141	
1529	25.437	25.1	27.004	15.293	8.4942	5.5902	
1530	25.425	25.086	26.99	15.303	8.5058	5.6026	
1531	25.413	25.072	26.976	15.28	8.4914	5.604	
1532	25.401	25.059	26.962	15.308	8.4916	5.603	
1533	25.389	25.045	26.948	15.284	8.4702	5.5967	
1534	25.378	25.031	26.934	15.305	8.4793	5.6376	
1535	25.366	25.017	26.921	15.298	8.4926	5.5712	
1536	25.354	25.003	26.907	15.276	8.4891	5.5791	
1537	25.342	24.989	26.893	15.283	8.4941	5.5846	
1538	25.331	24.976	26.879	15.277	8.5252	5.5789	
1539	25.319	24.962	26.865	15.294	8.4816	5.577	
1540	25.307	24.948	26.851	15.287	8.4628	5.578	
1541	25.296	24.934	26.837	15.275	8.4525	5.5494	
1542	25.284	24.92	26.823	15.281	8.4651	5.5754	
1543	25.273	24.907	26.81	15.279	8.4722	5.544	
1544	25.261	24.893	26.796	15.282	8.4897	5.5788	
1545	25.249	24.879	26.782	15.263	8.493	5.5536	
1546	25.238	24.866	26.768	15.278	8.4662	5.5539	
1547	25.226	24.852	26.755	15.274	8.4734	5.5453	
1548	25.215	24.838	26.741	15.277	8.4642	5.5399	
1549	25.203	24.825	26.727	15.277	8.4838	5.5347	
1550	25.192	24.811	26.713	15.282	8.4621	5.5433	
1551	25.181	24.798	26.7	15.26	8.4848	5.5405	
1552	25.169	24.784	26.686	15.272	8.4641	5.5476	
1553	25.158	24.771	26.672	15.253	8.4528	5.5522	
1554	25.147	24.757	26.659	15.262	8.4672	5.5335	
1555	25.135	24.744	26.645	15.281	8.442	5.52	
1556	25.124	24.73	26.632	15.259	8.4567	5.5561	
1557	25.113	24.717	26.618	15.253	8.4481	5.5181	
1558	25.101	24.703	26.604	15.256	8.4504	5.5207	
1559	25.09	24.69	26.591	15.276	8.4324	5.4932	
1560	25.079	24.677	26.577	15.271	8.4614	5.517	
1561	25.068	24.663	26.564	15.28	8.463	5.5073	
1562	25.056	24.65	26.55	15.286	8.4263	5.5184	
1563	25.045	24.637	26.537	15.246	8.4494	5.5213	
1564	25.034	24.623	26.523	15.253	8.4738	5.4959	
1565	25.023	24.61	26.51	15.26	8.475	5.4892	
1566	25.012	24.597	26.496	15.25	8.4211	5.471	
1567	25.001	24.583	26.483	15.272	8.4036	5.5013	
1568	24.99	24.57	26.469	15.254	8.4459	5.5132	
1569	24.979	24.557	26.456	15.273	8.4673	5.5183	
1570	24.967	24.544	26.443	15.258	8.4541	5.5109	
1571	24.956	24.53	26.429	15.251	8.43	5.5032	
1572	24.945	24.517	26.416	15.247	8.4216	5.516	
1573	24.934	24.504	26.403	15.253	8.4038	5.4898	
1574	24.924	24.491	26.389	15.271	8.4254	5.4739	
1575	24.913	24.478	26.376	15.231	8.4078	5.4942	
1576	24.902	24.465	26.363	15.249	8.3978	5.4296	
1577	24.891	24.452	26.349	15.217	8.3749	5.4756	
1578	24.88	24.439	26.336	15.237	8.4288	5.4607	
1579	24.869	24.426	26.323	15.228	8.4205	5.4795	
1580	24.858	24.413	26.309	15.239	8.3869	5.4487	
1581	24.847	24.4	26.296	15.234	8.4189	5.4105	
1582	24.836	24.387	26.283	15.257	8.4008	5.48	
1583	24.826	24.374	26.27	15.226	8.4345	5.4544	
1584	24.815	24.361	26.257	15.259	8.3606	5.4227	
1585	24.804	24.348	26.243	15.244	8.4289	5.4566	
1586	24.793	24.335	26.23	15.233	8.3734	5.502	
1587	24.783	24.322	26.217	15.238	8.4237	5.4611	
1588	24.772	24.309	26.204	15.245	8.3774	5.3926	
1589	24.761	24.296	26.191	15.215	8.3875	5.4566	
1590	24.751	24.283	26.178	15.228	8.3519	5.4219	
1591	24.74	24.27	26.165	15.219	8.3652	5.442	
1592	24.729	24.257	26.152	15.22	8.4063	5.4059	
1593	24.719	24.245	26.138	15.242	8.3902	5.4055	
1594	24.708	24.232	26.125	15.227	8.3533	5.4718	
1595	24.698	24.219	26.112	15.251	8.3693	5.388	
1596	24.687	24.206	26.099	15.218	8.396	5.4089	
1597	24.676	24.194	26.086	15.224	8.3787	5.4234	
1598	24.666	24.181	26.073	15.233	8.3674	5.3693	
1599	24.655	24.168	26.06	15.229	8.3583	5.4027	
1600	24.645	24.155	26.047	15.215	8.372	5.3582	
1601	24.634	24.143	26.034	15.245	8.3609	5.4297	
1602	24.624	24.13	26.021	15.238	8.3485	5.3855	
1603	24.614	24.117	26.009	15.243	8.3307	5.3756	
1604	24.603	24.105	25.996	15.231	8.3665	5.3766	
1605	24.593	24.092	25.983	15.219	8.355	5.4195	
1606	24.582	24.08	25.97	15.218	8.3515	5.381	
1607	24.572	24.067	25.957	15.236	8.3546	5.3807	
1608	24.562	24.054	25.944	15.198	8.3743	5.3834	
1609	24.551	24.042	25.931	15.209	8.3542	5.3865	
1610	24.541	24.029	25.918	15.217	8.3669	5.3679	
1611	24.531	24.017	25.906	15.223	8.3448	5.3933	
1612	24.52	24.004	25.893	15.243	8.3307	5.3638	
1613	24.51	23.992	25.88	15.178	8.3644	5.3728	
1614	24.5	23.979	25.867	15.202	8.361	5.4227	
1615	24.49	23.967	25.854	15.227	8.3397	5.3958	
1616	24.479	23.955	25.842	15.22	8.3127	5.3666	
1617	24.469	23.942	25.829	15.246	8.3553	5.3936	
1618	24.459	23.93	25.816	15.226	8.3236	5.3726	
1619	24.449	23.917	25.804	15.199	8.3466	5.3731	
1620	24.439	23.905	25.791	15.181	8.3603	5.3781	
1621	24.429	23.893	25.778	15.208	8.3253	5.3494	
1622	24.419	23.88	25.765	15.178	8.3112	5.3902	
1623	24.409	23.868	25.753	15.171	8.3181	5.3343	
1624	24.398	23.856	25.74	15.213	8.3478	5.3601	
1625	24.388	23.843	25.727	15.221	8.3268	5.3138	
1626	24.378	23.831	25.715	15.189	8.3195	5.3457	
1627	24.368	23.819	25.702	15.194	8.2845	5.3273	
1628	24.358	23.806	25.69	15.187	8.3499	5.3401	
1629	24.348	23.794	25.677	15.19	8.342	5.3735	
1630	24.338	23.782	25.664	15.179	8.3391	5.3371	
1631	24.328	23.77	25.652	15.173	8.3154	5.3855	
1632	24.318	23.758	25.639	15.186	8.35	5.3166	
1633	24.308	23.745	25.627	15.203	8.3497	5.3381	
1634	24.299	23.733	25.614	15.171	8.297	5.3258	
1635	24.289	23.721	25.602	15.194	8.3312	5.3287	
1636	24.279	23.709	25.589	15.188	8.3212	5.3036	
1637	24.269	23.697	25.577	15.199	8.3059	5.3668	
1638	24.259	23.685	25.564	15.222	8.2801	5.3259	
1639	24.249	23.673	25.552	15.182	8.3194	5.2974	
1640	24.239	23.661	25.54	15.173	8.2818	5.3281	
1641	24.23	23.649	25.527	15.175	8.354	5.2891	
1642	24.22	23.637	25.515	15.205	8.2703	5.335	
1643	24.21	23.625	25.502	15.19	8.3112	5.2849	
1644	24.2	23.613	25.49	15.187	8.2906	5.3078	
1645	24.191	23.601	25.477	15.188	8.2927	5.329	
1646	24.181	23.589	25.465	15.208	8.31	5.2496	
1647	24.171	23.577	25.453	15.15	8.3281	5.3322	
1648	24.162	23.565	25.44	15.196	8.214	5.2562	
1649	24.152	23.553	25.428	15.203	8.3041	5.32	
1650	24.142	23.541	25.416	15.183	8.3097	5.3172	
1651	24.133	23.529	25.403	15.183	8.2823	5.2789	
1652	24.123	23.517	25.391	15.167	8.2903	5.2806	
1653	24.113	23.505	25.379	15.222	8.273	5.3132	
1654	24.104	23.493	25.367	15.187	8.2721	5.3	
1655	24.094	23.482	25.354	15.181	8.3124	5.2674	
1656	24.085	23.47	25.342	15.178	8.2858	5.2886	
1657	24.075	23.458	25.33	15.182	8.2736	5.2715	
1658	24.066	23.446	25.318	15.168	8.2909	5.2684	
1659	24.056	23.434	25.306	15.198	8.2389	5.2994	
1660	24.047	23.423	25.293	15.134	8.2013	5.3163	
1661	24.037	23.411	25.281	15.18	8.22	5.277	
1662	24.028	23.399	25.269	15.141	8.2754	5.2561	
1663	24.018	23.387	25.257	15.16	8.3068	5.3083	
1664	24.009	23.376	25.245	15.139	8.2076	5.1903	
1665	23.999	23.364	25.233	15.134	8.2768	5.2901	
1666	23.99	23.352	25.22	15.203	8.2376	5.2267	
1667	23.98	23.341	25.208	15.116	8.178	5.2636	
1668	23.971	23.329	25.196	15.094	8.2587	5.2816	
1669	23.962	23.317	25.184	15.177	8.2221	5.1642	
1670	23.952	23.306	25.172	15.177	8.3188	5.28	
1671	23.943	23.294	25.16	15.144	8.2985	5.1962	
1672	23.934	23.282	25.148	15.205	8.2434	5.1552	
1673	23.924	23.271	25.136	15.194	8.2671	5.2595	
1674	23.915	23.259	25.124	15.196	8.273	5.2443	
1675	23.906	23.248	25.112	15.123	8.1082	5.2754	
1676	23.896	23.236	25.1	15.177	8.2951	5.2414	
1677	23.887	23.225	25.088	15.141	8.2686	5.3115	
1678	23.878	23.213	25.076	15.131	8.1656	5.2901	
1679	23.869	23.202	25.064	15.153	8.2106	5.2576	
1680	23.86	23.19	25.052	15.136	8.2649	5.3272	
1681	23.85	23.179	25.04	15.15	8.3289	5.2473	
1682	23.841	23.167	25.028	15.105	8.2398	5.2015	
1683	23.832	23.156	25.016	15.132	8.2922	5.1972	
1684	23.823	23.144	25.004	15.112	8.2552	5.3479	
1685	23.814	23.133	24.992	15.14	8.0623	5.0309	
1686	23.805	23.122	24.981	15.254	8.287	5.2897	
1687	23.796	23.11	24.969	15.066	8.3556	5.4453	
1688	23.787	23.099	24.957	15.075	8.27	5.2045	
1689	23.777	23.087	24.945	15.151	8.2085	5.0922	
1690	23.768	23.076	24.933	15.044	8.425	5.2279	
1691	23.759	23.065	24.921	15.226	8.1621	5.1941	
1692	23.75	23.053	24.909	15.228	8.4692	5.2754	
1693	23.741	23.042	24.898	14.99	8.3545	5.5722	
1694	23.732	23.031	24.886	14.9	8.082	5.2263	
1695	23.723	23.02	24.874	15.192	8.4939	5.4261	
1696	23.714	23.008	24.862	15.082	8.2301	5.4347	
1697	23.705	22.997	24.851	15.142	8.3357	5.437	
1698	23.696	22.986	24.839	14.719	8.2576	4.9981	
1699	23.687	22.975	24.827	14.916	8.6842	5.3629	
1700	23.679	22.963	24.815	14.932	8.1696	5.1826	
