	65	70	75	65	70	75	
300	36.783	35.198	33.965	37.511	37.209	37.514	
301	36.479	34.812	33.466	37.295	36.907	37.453	
302	36.185	34.435	32.97	37.087	36.772	37.279	
303	35.899	34.064	32.474	37.019	36.553	37.024	
304	35.622	33.699	31.978	36.99	36.489	37.052	
305	35.354	33.342	31.484	36.884	36.423	36.867	
306	35.094	32.99	30.989	36.614	36.185	36.77	
307	34.841	32.645	30.494	36.511	36.277	36.641	
308	34.597	32.305	30	36.334	36.128	36.541	
309	34.359	31.971	29.504	36.365	35.959	36.377	
310	34.127	31.642	29.008	36.171	35.873	36.379	
311	33.903	31.319	28.513	36.159	35.715	36.319	
312	33.684	31.001	28.018	36.209	35.719	36.207	
313	33.472	30.688	27.523	35.89	35.526	36.139	
314	33.265	30.38	27.029	35.955	35.547	35.953	
315	33.065	30.079	26.536	35.892	35.364	35.909	
316	32.87	29.782	26.045	35.798	35.418	35.815	
317	32.68	29.491	25.556	35.661	35.298	35.754	
318	32.496	29.206	25.071	35.561	35.153	35.59	
319	32.318	28.927	24.591	35.518	35.053	35.611	
320	32.144	28.655	24.115	35.535	35.035	35.459	
321	31.976	28.389	23.646	35.427	34.977	35.375	
322	31.813	28.13	23.184	35.393	34.901	35.332	
323	31.656	27.878	22.732	35.355	34.78	35.278	
324	31.504	27.634	22.29	35.23	34.786	35.152	
325	31.357	27.397	21.86	35.241	34.578	35.091	
326	31.216	27.169	21.443	35.155	34.568	35.032	
327	31.08	26.95	21.041	35.062	34.546	34.927	
328	30.949	26.739	20.656	35.028	34.498	34.847	
329	30.824	26.539	20.289	34.999	34.432	34.774	
330	30.706	26.348	19.943	35.011	34.459	34.767	
331	30.593	26.167	19.618	34.888	34.365	34.712	
332	30.486	25.997	19.317	34.842	34.23	34.555	
333	30.385	25.838	19.041	34.885	34.182	34.577	
334	30.29	25.691	18.792	34.798	34.161	34.525	
335	30.201	25.555	18.572	34.731	34.097	34.447	
336	30.119	25.432	18.38	34.609	34.041	34.358	
337	30.044	25.321	18.22	34.687	34.006	34.353	
338	29.976	25.223	18.091	34.632	33.962	34.303	
339	29.915	25.138	17.994	34.529	33.832	34.23	
340	29.86	25.066	17.931	34.579	33.724	34.179	
341	29.813	25.008	17.9	34.486	33.766	34.165	
342	29.774	24.964	17.903	34.466	33.725	34.1	
343	29.742	24.934	17.938	34.549	33.733	34.023	
344	29.717	24.918	18.006	34.521	33.702	33.95	
345	29.701	24.917	18.106	34.424	33.661	33.933	
346	29.693	24.931	18.238	34.455	33.622	33.892	
347	29.693	24.959	18.4	34.458	33.593	33.865	
348	29.702	25.003	18.592	34.377	33.616	33.812	
349	29.721	25.062	18.813	34.389	33.625	33.81	
350	29.749	25.138	19.063	34.388	33.625	33.767	
351	29.787	25.231	19.34	34.35	33.524	33.743	
352	29.837	25.341	19.645	34.396	33.574	33.8	
353	29.898	25.47	19.978	34.351	33.52	33.614	
354	29.972	25.617	20.338	34.458	33.583	33.722	
355	30.058	25.784	20.725	34.599	33.444	33.575	
356	30.157	25.971	21.138	34.579	33.535	33.58	
357	30.268	26.175	21.577	34.514	33.694	33.653	
358	30.389	26.397	22.039	34.45	33.599	33.561	
359	30.519	26.632	22.52	34.557	33.626	33.604	
360	30.652	26.877	23.015	34.568	33.602	33.533	
361	30.785	27.125	23.517	34.519	33.534	33.614	
362	30.912	27.371	24.019	34.468	33.471	33.318	
363	31.029	27.609	24.513	34.502	33.373	33.27	
364	31.132	27.833	24.99	34.485	33.406	33.141	
365	31.217	28.038	25.445	34.48	33.239	33.257	
366	31.282	28.222	25.872	34.43	33.18	32.916	
367	31.325	28.383	26.269	34.217	33.026	32.627	
368	31.347	28.52	26.635	34.2	33.006	32.484	
369	31.347	28.631	26.965	34.034	32.568	32.257	
370	31.327	28.718	27.263	33.841	32.395	31.955	
371	31.291	28.788	27.532	33.737	32.227	31.762	
372	31.243	28.842	27.777	33.555	32.089	31.437	
373	31.185	28.885	28.001	33.39	31.779	31.262	
374	31.121	28.918	28.206	33.076	31.523	30.992	
375	31.051	28.945	28.397	32.972	31.289	30.557	
376	30.979	28.967	28.575	32.744	31.026	30.281	
377	30.906	28.987	28.743	32.512	30.758	29.935	
378	30.834	29.005	28.902	32.361	30.452	29.755	
379	30.763	29.023	29.053	32.152	30.302	29.525	
380	30.694	29.042	29.199	31.847	30.094	29.22	
381	30.629	29.064	29.342	31.78	29.805	28.874	
382	30.568	29.088	29.481	31.618	29.702	28.718	
383	30.511	29.115	29.618	31.407	29.37	28.494	
384	30.458	29.145	29.752	31.178	29.194	28.195	
385	30.409	29.177	29.884	31.074	29.021	28.069	
386	30.365	29.213	30.014	30.864	28.789	27.848	
387	30.326	29.253	30.144	30.652	28.633	27.637	
388	30.291	29.295	30.272	30.583	28.41	27.476	
389	30.261	29.341	30.4	30.461	28.307	27.256	
390	30.236	29.391	30.527	30.26	28.108	27.05	
391	30.216	29.444	30.654	30.191	27.915	26.895	
392	30.202	29.502	30.782	29.981	27.735	26.665	
393	30.192	29.563	30.91	29.878	27.587	26.582	
394	30.187	29.627	31.038	29.682	27.397	26.4	
395	30.187	29.695	31.166	29.63	27.355	26.298	
396	30.192	29.766	31.295	29.422	27.142	26.077	
397	30.202	29.842	31.426	29.335	27.036	25.925	
398	30.217	29.921	31.556	29.275	26.882	25.776	
399	30.235	30.002	31.688	29.093	26.69	25.637	
400	30.258	30.087	31.82	29.072	26.6	25.423	
401	30.285	30.175	31.953	28.922	26.451	25.337	
402	30.317	30.266	32.087	28.768	26.379	25.181	
403	30.351	30.36	32.221	28.682	26.196	25.041	
404	30.39	30.455	32.356	28.573	26.143	24.894	
405	30.432	30.554	32.492	28.511	25.929	24.83	
406	30.477	30.654	32.628	28.418	25.831	24.647	
407	30.525	30.757	32.764	28.306	25.691	24.585	
408	30.575	30.861	32.901	28.204	25.67	24.441	
409	30.629	30.967	33.038	28.091	25.533	24.21	
410	30.685	31.075	33.175	28.031	25.423	24.179	
411	30.743	31.184	33.313	27.868	25.362	24.088	
412	30.804	31.295	33.45	27.819	25.199	23.977	
413	30.867	31.407	33.588	27.751	25.068	23.815	
414	30.932	31.52	33.726	27.647	25.046	23.779	
415	30.998	31.634	33.864	27.567	24.906	23.666	
416	31.067	31.749	34.002	27.436	24.81	23.564	
417	31.138	31.866	34.14	27.395	24.667	23.442	
418	31.21	31.983	34.279	27.242	24.576	23.314	
419	31.284	32.102	34.417	27.24	24.539	23.278	
420	31.36	32.221	34.556	27.177	24.391	23.051	
421	31.438	32.341	34.694	26.993	24.277	23.05	
422	31.517	32.462	34.833	27.016	24.164	22.99	
423	31.597	32.584	34.972	26.934	24.088	22.879	
424	31.68	32.707	35.111	26.867	24.049	22.714	
425	31.763	32.831	35.251	26.755	23.89	22.644	
426	31.848	32.956	35.391	26.651	23.86	22.58	
427	31.935	33.081	35.531	26.553	23.755	22.538	
428	32.023	33.207	35.671	26.479	23.663	22.372	
429	32.112	33.335	35.812	26.519	23.569	22.282	
430	32.202	33.463	35.953	26.369	23.426	22.284	
431	32.294	33.591	36.095	26.264	23.503	22.162	
432	32.388	33.721	36.237	26.276	23.311	21.984	
433	32.482	33.852	36.38	26.141	23.339	21.941	
434	32.578	33.983	36.523	26.086	23.175	21.795	
435	32.675	34.116	36.667	26.006	23.033	21.804	
436	32.774	34.249	36.811	25.973	22.899	21.543	
437	32.874	34.383	36.956	25.893	22.922	21.617	
438	32.975	34.518	37.102	25.872	22.893	21.469	
439	33.077	34.654	37.249	25.71	22.818	21.435	
440	33.181	34.791	37.396	25.695	22.639	21.343	
441	33.286	34.929	37.544	25.63	22.648	21.261	
442	33.392	35.069	37.693	25.588	22.648	21.104	
443	33.499	35.208	37.843	25.507	22.442	21.184	
444	33.608	35.35	37.994	25.556	22.424	20.985	
445	33.718	35.492	38.145	25.392	22.277	20.91	
446	33.829	35.635	38.298	25.234	22.293	20.863	
447	33.942	35.779	38.452	25.292	22.112	20.749	
448	34.056	35.925	38.607	25.195	22.141	20.723	
449	34.171	36.071	38.763	25.183	22.026	20.627	
450	34.287	36.219	38.92	25.118	21.916	20.654	
451	34.404	36.368	39.079	25.118	21.857	20.554	
452	34.523	36.518	39.239	25.026	21.784	20.444	
453	34.643	36.669	39.4	24.922	21.755	20.443	
454	34.765	36.822	39.562	24.835	21.684	20.273	
455	34.887	36.976	39.726	24.769	21.671	20.279	
456	35.011	37.131	39.891	24.72	21.58	20.095	
457	35.137	37.287	40.058	24.709	21.546	20.092	
458	35.263	37.445	40.226	24.66	21.441	20.062	
459	35.391	37.604	40.396	24.663	21.481	19.975	
460	35.52	37.765	40.567	24.545	21.331	19.906	
461	35.651	37.927	40.74	24.62	21.233	19.818	
462	35.783	38.09	40.915	24.431	21.183	19.772	
463	35.916	38.255	41.091	24.46	21.21	19.722	
464	36.05	38.422	41.269	24.327	21.031	19.609	
465	36.186	38.589	41.449	24.36	21.017	19.608	
466	36.323	38.759	41.631	24.267	20.954	19.454	
467	36.462	38.93	41.814	24.206	20.854	19.484	
468	36.602	39.102	42	24.17	20.799	19.396	
469	36.744	39.276	42.187	24.092	20.77	19.34	
470	36.886	39.452	42.376	24.061	20.699	19.193	
471	37.031	39.63	42.568	24.012	20.652	19.217	
472	37.176	39.809	42.761	23.934	20.679	19.142	
473	37.323	39.99	42.957	23.947	20.517	19.035	
474	37.472	40.172	43.155	23.908	20.509	19.076	
475	37.622	40.356	43.355	23.846	20.472	18.955	
476	37.773	40.543	43.557	23.824	20.439	18.928	
477	37.926	40.73	43.762	23.74	20.279	18.806	
478	38.08	40.92	43.969	23.684	20.28	18.775	
479	38.236	41.112	44.178	23.667	20.197	18.72	
480	38.393	41.305	44.39	23.599	20.142	18.638	
481	38.552	41.5	44.604	23.572	20.093	18.615	
482	38.712	41.698	44.82	23.495	20.1	18.561	
483	38.873	41.897	45.04	23.543	20.037	18.524	
484	39.037	42.098	45.261	23.447	19.952	18.437	
485	39.201	42.301	45.486	23.405	19.904	18.479	
486	39.368	42.507	45.713	23.388	19.787	18.36	
487	39.535	42.714	45.942	23.308	19.783	18.254	
488	39.705	42.923	46.175	23.318	19.714	18.213	
489	39.876	43.134	46.41	23.228	19.691	18.178	
490	40.048	43.348	46.648	23.239	19.606	18.185	
491	40.222	43.564	46.889	23.162	19.598	18.078	
492	40.398	43.781	47.133	23.125	19.513	18.036	
493	40.575	44.001	47.379	23.098	19.505	17.975	
494	40.754	44.223	47.629	23.049	19.475	17.976	
495	40.934	44.448	47.882	23.039	19.452	17.877	
496	41.116	44.674	48.137	22.991	19.38	17.876	
497	41.299	44.903	48.396	22.952	19.303	17.874	
498	41.485	45.134	48.658	22.922	19.281	17.787	
499	41.671	45.368	48.923	22.888	19.204	17.73	
500	41.86	45.603	49.191	22.873	19.164	17.653	
501	42.05	45.841	49.462	22.799	19.155	17.607	
502	42.241	46.082	49.737	22.748	19.072	17.553	
503	42.434	46.324	50.015	22.745	19.08	17.515	
504	42.629	46.569	50.296	22.67	18.989	17.461	
505	42.826	46.817	50.581	22.66	18.966	17.426	
506	43.024	47.067	50.869	22.59	18.9	17.357	
507	43.223	47.319	51.16	22.573	18.858	17.36	
508	43.425	47.574	51.455	22.544	18.831	17.264	
509	43.628	47.831	51.753	22.54	18.784	17.234	
510	43.832	48.09	52.055	22.464	18.744	17.185	
511	44.039	48.352	52.36	22.441	18.672	17.172	
512	44.246	48.617	52.669	22.411	18.653	17.095	
513	44.456	48.884	52.981	22.38	18.604	17.039	
514	44.667	49.153	53.297	22.329	18.581	17.008	
515	44.88	49.425	53.617	22.323	18.521	16.956	
516	45.094	49.699	53.94	22.272	18.488	16.925	
517	45.31	49.976	54.266	22.233	18.453	16.889	
518	45.527	50.255	54.597	22.213	18.429	16.8	
519	45.746	50.537	54.931	22.156	18.383	16.8	
520	45.967	50.822	55.268	22.155	18.329	16.783	
521	46.189	51.108	55.61	22.107	18.281	16.705	
522	46.413	51.398	55.955	22.082	18.236	16.682	
523	46.638	51.689	56.304	22.044	18.197	16.633	
524	46.865	51.983	56.656	22.008	18.175	16.576	
525	47.093	52.28	57.012	21.973	18.11	16.541	
526	47.323	52.579	57.372	21.948	18.101	16.479	
527	47.555	52.881	57.735	21.919	18.041	16.467	
528	47.787	53.185	58.103	21.871	18.015	16.444	
529	48.022	53.491	58.474	21.848	17.935	16.346	
530	48.257	53.8	58.848	21.807	17.963	16.332	
531	48.494	54.111	59.227	21.787	17.894	16.282	
532	48.733	54.424	59.608	21.792	17.872	16.249	
533	48.973	54.74	59.994	21.715	17.836	16.21	
534	49.214	55.058	60.383	21.688	17.765	16.173	
535	49.456	55.379	60.776	21.675	17.736	16.118	
536	49.7	55.701	61.172	21.642	17.728	16.071	
537	49.945	56.026	61.572	21.635	17.67	16.051	
538	50.192	56.353	61.976	21.595	17.649	16.008	
539	50.439	56.682	62.383	21.569	17.626	15.99	
540	50.688	57.013	62.793	21.55	17.587	15.938	
541	50.938	57.346	63.207	21.51	17.537	15.923	
542	51.188	57.681	63.624	21.482	17.509	15.858	
543	51.44	58.018	64.045	21.476	17.461	15.814	
544	51.693	58.357	64.469	21.431	17.422	15.773	
545	51.947	58.698	64.896	21.41	17.437	15.761	
546	52.202	59.041	65.326	21.352	17.352	15.71	
547	52.458	59.385	65.759	21.367	17.317	15.707	
548	52.714	59.731	66.196	21.329	17.285	15.648	
549	52.972	60.078	66.636	21.326	17.238	15.622	
550	53.23	60.427	67.078	21.261	17.228	15.591	
551	53.488	60.778	67.523	21.239	17.193	15.54	
552	53.748	61.129	67.972	21.241	17.157	15.508	
553	54.008	61.482	68.423	21.207	17.129	15.477	
554	54.268	61.836	68.876	21.168	17.077	15.44	
555	54.529	62.192	69.333	21.16	17.056	15.395	
556	54.79	62.548	69.792	21.131	17.016	15.362	
557	55.052	62.905	70.253	21.103	16.947	15.317	
558	55.314	63.262	70.716	21.084	16.962	15.3	
559	55.576	63.621	71.182	21.046	16.928	15.278	
560	55.838	63.98	71.65	21.019	16.886	15.228	
561	56.1	64.339	72.121	21.007	16.84	15.186	
562	56.362	64.698	72.593	21	16.812	15.184	
563	56.624	65.058	73.067	20.961	16.801	15.133	
564	56.886	65.418	73.543	20.944	16.75	15.126	
565	57.147	65.777	74.021	20.9	16.721	15.064	
566	57.408	66.136	74.5	20.879	16.684	15.074	
567	57.669	66.495	74.981	20.845	16.66	15.01	
568	57.929	66.853	75.463	20.818	16.626	14.969	
569	58.189	67.21	75.946	20.805	16.591	14.939	
570	58.447	67.566	76.431	20.791	16.566	14.891	
571	58.705	67.921	76.916	20.756	16.54	14.877	
572	58.962	68.274	77.403	20.734	16.528	14.866	
573	59.218	68.626	77.89	20.719	16.489	14.815	
574	59.473	68.976	78.379	20.685	16.473	14.755	
575	59.726	69.323	78.867	20.662	16.434	14.74	
576	59.978	69.669	79.357	20.631	16.404	14.719	
577	60.229	70.012	79.846	20.644	16.385	14.694	
578	60.477	70.351	80.336	20.618	16.331	14.681	
579	60.725	70.688	80.826	20.576	16.316	14.62	
580	60.97	71.022	81.316	20.577	16.277	14.621	
581	61.213	71.351	81.806	20.535	16.251	14.584	
582	61.455	71.677	82.296	20.524	16.22	14.522	
583	61.694	71.998	82.785	20.504	16.18	14.507	
584	61.931	72.314	83.274	20.492	16.17	14.517	
585	62.165	72.626	83.762	20.442	16.155	14.449	
586	62.397	72.932	84.249	20.431	16.123	14.417	
587	62.626	73.232	84.735	20.436	16.098	14.362	
588	62.852	73.526	85.22	20.408	16.07	14.357	
589	63.075	73.813	85.703	20.364	16.041	14.332	
590	63.295	74.093	86.184	20.345	16.005	14.287	
591	63.511	74.365	86.662	20.333	15.99	14.25	
592	63.725	74.63	87.138	20.31	15.918	14.221	
593	63.934	74.886	87.609	20.296	15.969	14.198	
594	64.14	75.133	88.072	20.283	15.892	14.209	
595	64.343	75.371	88.524	20.24	15.88	14.155	
596	64.541	75.599	88.948	20.22	15.879	14.124	
597	64.735	75.817	89.3	20.21	15.839	14.089	
598	64.925	76.024	89.427	20.202	15.8	14.07	
599	65.11	76.22	89.217	20.184	15.748	14.033	
600	65.291	76.404	88.841	20.146	15.774	14.024	
601	65.467	76.575	88.416	20.111	15.734	13.982	
602	65.639	76.735	87.974	20.089	15.676	13.946	
603	65.806	76.881	87.525	20.073	15.681	13.918	
604	65.967	77.013	87.074	20.062	15.645	13.915	
605	66.124	77.133	86.622	20.041	15.608	13.859	
606	66.275	77.237	86.17	20.03	15.616	13.815	
607	66.421	77.328	85.72	19.998	15.592	13.779	
608	66.561	77.404	85.271	20.014	15.535	13.804	
609	66.695	77.466	84.824	19.982	15.547	13.748	
610	66.824	77.513	84.38	19.959	15.505	13.733	
611	66.948	77.545	83.938	19.939	15.468	13.708	
612	67.065	77.562	83.498	19.937	15.48	13.705	
613	67.176	77.565	83.061	19.905	15.44	13.625	
614	67.281	77.553	82.626	19.873	15.416	13.633	
615	67.38	77.527	82.195	19.872	15.373	13.599	
616	67.473	77.487	81.766	19.848	15.366	13.567	
617	67.56	77.433	81.34	19.833	15.339	13.548	
618	67.64	77.366	80.917	19.81	15.324	13.544	
619	67.714	77.286	80.497	19.793	15.289	13.484	
620	67.781	77.194	80.08	19.769	15.26	13.464	
621	67.842	77.089	79.666	19.744	15.245	13.463	
622	67.897	76.972	79.255	19.758	15.223	13.435	
623	67.945	76.845	78.847	19.727	15.19	13.375	
624	67.987	76.707	78.443	19.705	15.17	13.372	
625	68.022	76.559	78.042	19.678	15.168	13.392	
626	68.051	76.401	77.644	19.681	15.12	13.311	
627	68.074	76.235	77.249	19.667	15.098	13.304	
628	68.09	76.06	76.858	19.638	15.06	13.283	
629	68.1	75.877	76.469	19.635	15.075	13.294	
630	68.104	75.687	76.085	19.57	15.013	13.233	
631	68.101	75.489	75.703	19.565	15.066	13.236	
632	68.093	75.285	75.325	19.575	15.011	13.141	
633	68.078	75.076	74.95	19.564	14.965	13.12	
634	68.057	74.86	74.578	19.51	14.954	13.069	
635	68.031	74.64	74.21	19.493	14.942	13.106	
636	67.999	74.415	73.845	19.49	14.951	13.106	
637	67.961	74.185	73.484	19.498	14.872	13.056	
638	67.917	73.952	73.126	19.454	14.846	13.046	
639	67.868	73.715	72.771	19.459	14.818	13.027	
640	67.813	73.475	72.419	19.425	14.799	13.018	
641	67.753	73.231	72.071	19.452	14.778	12.939	
642	67.688	72.985	71.726	19.402	14.772	12.986	
643	67.619	72.737	71.385	19.387	14.721	12.945	
644	67.544	72.487	71.046	19.404	14.727	12.899	
645	67.464	72.235	70.711	19.385	14.71	12.869	
646	67.38	71.981	70.38	19.341	14.67	12.857	
647	67.291	71.725	70.051	19.34	14.697	12.832	
648	67.198	71.469	69.726	19.298	14.644	12.833	
649	67.101	71.212	69.404	19.29	14.633	12.793	
650	66.999	70.954	69.085	19.268	14.571	12.757	
651	66.894	70.695	68.77	19.249	14.593	12.771	
652	66.785	70.435	68.457	19.245	14.544	12.718	
653	66.672	70.176	68.148	19.224	14.556	12.69	
654	66.556	69.916	67.842	19.213	14.505	12.636	
655	66.436	69.656	67.539	19.188	14.528	12.643	
656	66.313	69.397	67.239	19.173	14.551	12.655	
657	66.187	69.137	66.942	19.182	14.495	12.58	
658	66.058	68.878	66.648	19.145	14.451	12.585	
659	65.926	68.62	66.358	19.135	14.393	12.576	
660	65.791	68.361	66.07	19.131	14.406	12.557	
661	65.654	68.104	65.785	19.149	14.366	12.521	
662	65.514	67.847	65.503	19.141	14.38	12.487	
663	65.372	67.591	65.224	19.085	14.354	12.478	
664	65.228	67.336	64.948	19.067	14.358	12.46	
665	65.081	67.082	64.675	19.05	14.329	12.422	
666	64.932	66.828	64.405	19.037	14.283	12.4	
667	64.782	66.576	64.137	19.049	14.264	12.403	
668	64.629	66.325	63.873	19.03	14.28	12.379	
669	64.475	66.075	63.611	19.015	14.24	12.357	
670	64.32	65.826	63.352	18.996	14.227	12.341	
671	64.163	65.579	63.095	18.983	14.189	12.272	
672	64.004	65.332	62.841	18.968	14.151	12.307	
673	63.844	65.087	62.59	18.924	14.153	12.286	
674	63.683	64.844	62.342	18.939	14.161	12.278	
675	63.521	64.601	62.096	18.916	14.153	12.296	
676	63.358	64.361	61.853	18.918	14.072	12.203	
677	63.194	64.121	61.612	18.905	14.111	12.199	
678	63.028	63.883	61.374	18.877	14.073	12.219	
679	62.863	63.647	61.138	18.874	14.028	12.143	
680	62.696	63.412	60.905	18.865	14.013	12.153	
681	62.529	63.178	60.674	18.846	13.999	12.088	
682	62.361	62.946	60.446	18.845	14.005	12.109	
683	62.192	62.716	60.22	18.808	13.954	12.072	
684	62.024	62.487	59.996	18.784	13.945	12.093	
685	61.854	62.26	59.775	18.793	13.961	12.052	
686	61.685	62.034	59.556	18.775	13.924	12.002	
687	61.515	61.81	59.339	18.777	13.89	11.991	
688	61.345	61.587	59.125	18.772	13.868	11.962	
689	61.175	61.367	58.913	18.761	13.903	11.957	
690	61.005	61.147	58.703	18.716	13.875	11.965	
691	60.834	60.929	58.495	18.724	13.843	11.91	
692	60.664	60.713	58.289	18.709	13.782	11.94	
693	60.493	60.499	58.086	18.696	13.781	11.891	
694	60.323	60.286	57.884	18.682	13.775	11.898	
695	60.153	60.074	57.685	18.653	13.738	11.859	
696	59.983	59.865	57.488	18.654	13.704	11.854	
697	59.813	59.657	57.293	18.647	13.742	11.818	
698	59.644	59.45	57.099	18.656	13.697	11.76	
699	59.474	59.245	56.908	18.615	13.678	11.745	
700	59.305	59.042	56.719	18.603	13.714	11.763	
701	59.137	58.84	56.531	18.616	13.601	11.754	
702	58.968	58.64	56.346	18.605	13.677	11.742	
703	58.8	58.441	56.162	18.55	13.664	11.695	
704	58.633	58.244	55.98	18.548	13.616	11.689	
705	58.466	58.048	55.8	18.593	13.586	11.663	
706	58.299	57.855	55.622	18.539	13.595	11.627	
707	58.133	57.662	55.446	18.519	13.587	11.625	
708	57.968	57.471	55.271	18.499	13.513	11.634	
709	57.803	57.282	55.098	18.52	13.555	11.58	
710	57.638	57.094	54.927	18.509	13.487	11.628	
711	57.474	56.908	54.758	18.491	13.491	11.511	
712	57.311	56.723	54.59	18.46	13.43	11.505	
713	57.148	56.539	54.424	18.443	13.501	11.532	
714	56.986	56.358	54.259	18.434	13.419	11.487	
715	56.825	56.177	54.097	18.397	13.433	11.469	
716	56.664	55.998	53.935	18.418	13.356	11.374	
717	56.504	55.821	53.776	18.408	13.398	11.468	
718	56.345	55.645	53.617	18.389	13.347	11.371	
719	56.186	55.47	53.461	18.416	13.365	11.461	
720	56.028	55.297	53.306	18.332	13.336	11.414	
721	55.871	55.125	53.152	18.377	13.311	11.389	
722	55.714	54.955	53	18.373	13.341	11.365	
723	55.559	54.786	52.849	18.316	13.339	11.362	
724	55.404	54.618	52.7	18.348	13.267	11.357	
725	55.249	54.452	52.552	18.293	13.366	11.278	
726	55.096	54.287	52.406	18.343	13.2	11.279	
727	54.943	54.123	52.261	18.3	13.25	11.255	
728	54.791	53.961	52.117	18.318	13.194	11.255	
729	54.64	53.8	51.975	18.272	13.178	11.254	
730	54.49	53.64	51.834	18.26	13.183	11.173	
731	54.34	53.482	51.694	18.22	13.167	11.208	
732	54.191	53.325	51.556	18.247	13.116	11.197	
733	54.043	53.169	51.419	18.236	13.152	11.165	
734	53.896	53.015	51.283	18.263	13.117	11.143	
735	53.75	52.861	51.148	18.212	13.131	11.119	
736	53.604	52.709	51.015	18.211	13.114	11.12	
737	53.459	52.558	50.883	18.221	13.084	11.153	
738	53.316	52.409	50.752	18.175	13.091	11.076	
739	53.172	52.26	50.622	18.168	13.067	11.094	
740	53.03	52.113	50.494	18.198	13.06	11.074	
741	52.889	51.967	50.366	18.146	13.012	11.072	
742	52.748	51.822	50.24	18.159	13.021	11.016	
743	52.608	51.678	50.115	18.16	13.027	10.987	
744	52.469	51.536	49.991	18.128	13	11.023	
745	52.331	51.394	49.868	18.098	13.023	11.013	
746	52.193	51.254	49.746	18.113	12.97	10.981	
747	52.057	51.115	49.625	18.112	13.001	10.944	
748	51.921	50.977	49.505	18.09	12.967	10.93	
749	51.786	50.84	49.387	18.087	12.928	10.902	
750	51.652	50.704	49.269	18.026	12.909	10.938	
751	51.518	50.569	49.152	18.064	12.892	10.873	
752	51.386	50.435	49.037	18.016	12.923	10.846	
753	51.254	50.302	48.922	18.042	12.881	10.845	
754	51.123	50.171	48.809	18.033	12.862	10.87	
755	50.993	50.04	48.696	17.998	12.896	10.794	
756	50.864	49.91	48.584	18.017	12.83	10.84	
757	50.735	49.782	48.473	18.016	12.778	10.837	
758	50.607	49.654	48.363	17.993	12.814	10.794	
759	50.48	49.527	48.254	17.991	12.817	10.766	
760	50.354	49.402	48.146	17.965	12.743	10.723	
761	50.229	49.277	48.039	17.94	12.757	10.727	
762	50.104	49.153	47.933	17.968	12.744	10.685	
763	49.98	49.03	47.828	17.942	12.757	10.67	
764	49.857	48.908	47.723	17.942	12.75	10.703	
765	49.735	48.788	47.619	17.928	12.723	10.649	
766	49.613	48.667	47.517	17.945	12.732	10.659	
767	49.493	48.548	47.415	17.932	12.689	10.658	
768	49.373	48.43	47.313	17.898	12.676	10.604	
769	49.253	48.313	47.213	17.901	12.684	10.63	
770	49.135	48.196	47.114	17.88	12.632	10.573	
771	49.017	48.081	47.015	17.839	12.621	10.567	
772	48.9	47.966	46.917	17.837	12.664	10.567	
773	48.784	47.852	46.82	17.851	12.613	10.567	
774	48.668	47.739	46.723	17.831	12.605	10.51	
775	48.553	47.627	46.627	17.81	12.584	10.517	
776	48.439	47.516	46.533	17.872	12.563	10.49	
777	48.326	47.405	46.438	17.813	12.541	10.499	
778	48.213	47.295	46.345	17.814	12.507	10.516	
779	48.101	47.186	46.252	17.771	12.515	10.473	
780	47.99	47.078	46.16	17.769	12.529	10.484	
781	47.88	46.971	46.069	17.816	12.552	10.405	
782	47.77	46.864	45.978	17.788	12.453	10.414	
783	47.661	46.759	45.888	17.766	12.44	10.413	
784	47.552	46.653	45.799	17.747	12.468	10.369	
785	47.444	46.549	45.71	17.727	12.424	10.347	
786	47.337	46.446	45.622	17.72	12.435	10.349	
787	47.231	46.343	45.535	17.725	12.412	10.345	
788	47.125	46.241	45.448	17.722	12.394	10.324	
789	47.02	46.139	45.362	17.703	12.376	10.317	
790	46.915	46.039	45.277	17.705	12.403	10.277	
791	46.812	45.939	45.192	17.675	12.368	10.278	
792	46.709	45.84	45.108	17.689	12.361	10.267	
793	46.606	45.741	45.024	17.679	12.381	10.266	
794	46.504	45.643	44.941	17.66	12.327	10.239	
795	46.403	45.546	44.859	17.659	12.309	10.224	
796	46.302	45.45	44.777	17.662	12.313	10.213	
797	46.203	45.354	44.696	17.654	12.325	10.176	
798	46.103	45.259	44.615	17.666	12.323	10.181	
799	46.005	45.164	44.535	17.647	12.261	10.206	
800	45.906	45.071	44.456	17.62	12.266	10.135	
801	45.809	44.977	44.377	17.605	12.279	10.152	
802	45.712	44.885	44.299	17.648	12.257	10.122	
803	45.616	44.793	44.221	17.585	12.228	10.092	
804	45.52	44.701	44.144	17.575	12.219	10.133	
805	45.425	44.611	44.067	17.566	12.198	10.093	
806	45.331	44.521	43.991	17.583	12.17	10.084	
807	45.237	44.431	43.915	17.566	12.126	10.115	
808	45.143	44.342	43.84	17.569	12.174	10.024	
809	45.051	44.254	43.765	17.516	12.099	10.047	
810	44.958	44.166	43.691	17.556	12.165	10.014	
811	44.867	44.079	43.617	17.537	12.131	9.9973	
812	44.776	43.992	43.544	17.532	12.176	10.005	
813	44.685	43.906	43.471	17.542	12.077	9.9926	
814	44.595	43.821	43.399	17.52	12.11	10.013	
815	44.506	43.736	43.327	17.499	12.091	9.9656	
816	44.417	43.652	43.256	17.51	12.082	9.9131	
817	44.329	43.568	43.185	17.487	12.062	9.9298	
818	44.241	43.485	43.114	17.492	12.059	9.9034	
819	44.154	43.402	43.044	17.483	12.042	9.9129	
820	44.067	43.32	42.975	17.46	12.018	9.8719	
821	43.981	43.238	42.906	17.453	12.005	9.8656	
822	43.895	43.157	42.837	17.45	12.012	9.8616	
823	43.81	43.076	42.769	17.451	12.006	9.8525	
824	43.725	42.996	42.701	17.443	12.007	9.8497	
825	43.641	42.916	42.634	17.437	11.988	9.8449	
826	43.558	42.837	42.567	17.433	11.98	9.8362	
827	43.474	42.759	42.501	17.43	11.974	9.8144	
828	43.392	42.681	42.435	17.419	11.964	9.8087	
829	43.31	42.603	42.369	17.407	11.95	9.7941	
830	43.228	42.526	42.304	17.407	11.946	9.8031	
831	43.147	42.449	42.239	17.4	11.919	9.7859	
832	43.066	42.373	42.174	17.384	11.91	9.7662	
833	42.986	42.297	42.11	17.379	11.905	9.7353	
834	42.906	42.222	42.047	17.367	11.897	9.7158	
835	42.827	42.147	41.983	17.36	11.889	9.7177	
836	42.748	42.072	41.92	17.358	11.888	9.6974	
837	42.669	41.998	41.858	17.35	11.861	9.7024	
838	42.591	41.925	41.795	17.356	11.846	9.6741	
839	42.514	41.852	41.734	17.339	11.835	9.6728	
840	42.437	41.779	41.672	17.323	11.851	9.6213	
841	42.36	41.707	41.611	17.338	11.799	9.6059	
842	42.284	41.635	41.55	17.35	11.812	9.6524	
843	42.208	41.563	41.49	17.333	11.79	9.6237	
844	42.133	41.492	41.43	17.328	11.8	9.6135	
845	42.058	41.422	41.37	17.337	11.83	9.5864	
846	41.984	41.352	41.311	17.25	11.762	9.5728	
847	41.91	41.282	41.252	17.316	11.671	9.6306	
848	41.836	41.213	41.193	17.299	11.801	9.6341	
849	41.763	41.144	41.135	17.296	11.713	9.5251	
850	41.691	41.075	41.077	17.278	11.74	9.5683	
851	41.618	41.007	41.019	17.254	11.712	9.5872	
852	41.546	40.939	40.961	17.249	11.723	9.4661	
853	41.475	40.872	40.904	17.279	11.658	9.4759	
854	41.404	40.805	40.848	17.228	11.704	9.4325	
855	41.333	40.738	40.791	17.23	11.626	9.478	
856	41.263	40.672	40.735	17.202	11.678	9.4881	
857	41.193	40.606	40.679	17.234	11.659	9.4508	
858	41.123	40.541	40.624	17.248	11.682	9.4151	
859	41.054	40.475	40.568	17.26	11.629	9.461	
860	40.985	40.411	40.513	17.206	11.667	9.4684	
861	40.917	40.346	40.459	17.177	11.615	9.3825	
862	40.849	40.282	40.404	17.215	11.595	9.3837	
863	40.781	40.218	40.35	17.205	11.644	9.3907	
864	40.714	40.155	40.296	17.208	11.589	9.387	
865	40.647	40.092	40.243	17.157	11.577	9.3165	
866	40.58	40.029	40.19	17.167	11.563	9.3468	
867	40.514	39.967	40.137	17.147	11.513	9.3459	
868	40.448	39.905	40.084	17.118	11.543	9.3501	
869	40.383	39.843	40.031	17.15	11.508	9.2901	
870	40.318	39.782	39.979	17.159	11.516	9.3057	
871	40.253	39.72	39.927	17.146	11.508	9.2767	
872	40.188	39.66	39.876	17.131	11.512	9.3136	
873	40.124	39.599	39.824	17.157	11.469	9.267	
874	40.061	39.539	39.773	17.129	11.488	9.2504	
875	39.997	39.479	39.722	17.111	11.474	9.2559	
876	39.934	39.42	39.672	17.115	11.465	9.2204	
877	39.871	39.361	39.621	17.112	11.46	9.2537	
878	39.809	39.302	39.571	17.083	11.444	9.2191	
879	39.747	39.243	39.522	17.079	11.432	9.1998	
880	39.685	39.185	39.472	17.071	11.421	9.1926	
881	39.624	39.127	39.423	17.069	11.417	9.1849	
882	39.563	39.069	39.373	17.067	11.412	9.1889	
883	39.502	39.012	39.325	17.063	11.408	9.1794	
884	39.441	38.955	39.276	17.061	11.404	9.1718	
885	39.381	38.898	39.227	17.061	11.396	9.1709	
886	39.321	38.842	39.179	17.056	11.388	9.1566	
887	39.262	38.785	39.131	17.046	11.371	9.1428	
888	39.202	38.729	39.083	17.044	11.364	9.1243	
889	39.144	38.674	39.036	17.031	11.351	9.1119	
890	39.085	38.618	38.989	17.018	11.337	9.0964	
891	39.027	38.563	38.942	17.012	11.328	9.0812	
892	38.968	38.508	38.895	17.01	11.316	9.0788	
893	38.911	38.454	38.848	17.003	11.31	9.0602	
894	38.853	38.399	38.802	16.991	11.308	9.0486	
895	38.796	38.345	38.755	16.999	11.303	9.0533	
896	38.739	38.291	38.709	16.989	11.29	9.0498	
897	38.683	38.238	38.664	16.989	11.285	9.0476	
898	38.626	38.185	38.618	16.987	11.282	9.0195	
899	38.57	38.132	38.573	16.979	11.268	9.0175	
900	38.514	38.079	38.527	16.966	11.258	8.9949	
901	38.459	38.026	38.482	16.947	11.247	8.9733	
902	38.404	37.974	38.438	16.948	11.229	8.9685	
903	38.349	37.922	38.393	16.945	11.226	8.9618	
904	38.294	37.87	38.349	16.94	11.217	8.9595	
905	38.24	37.818	38.305	16.932	11.215	8.9576	
906	38.186	37.767	38.261	16.934	11.21	8.9517	
907	38.132	37.716	38.217	16.929	11.206	8.9528	
908	38.078	37.665	38.173	16.931	11.194	8.9288	
909	38.025	37.615	38.13	16.916	11.183	8.9209	
910	37.972	37.564	38.086	16.902	11.167	8.91	
911	37.919	37.514	38.043	16.906	11.155	8.9055	
912	37.866	37.464	38	16.894	11.128	8.8691	
913	37.814	37.414	37.958	16.881	11.137	8.8493	
914	37.762	37.365	37.915	16.883	11.127	8.8511	
915	37.71	37.316	37.873	16.876	11.114	8.8449	
916	37.658	37.267	37.831	16.869	11.119	8.8435	
917	37.607	37.218	37.789	16.869	11.116	8.8377	
918	37.556	37.169	37.747	16.872	11.111	8.8326	
919	37.505	37.121	37.705	16.868	11.102	8.8198	
920	37.454	37.073	37.664	16.862	11.094	8.8106	
921	37.404	37.025	37.623	16.852	11.081	8.8013	
922	37.354	36.977	37.581	16.848	11.073	8.8045	
923	37.304	36.93	37.54	16.851	11.066	8.7956	
924	37.254	36.882	37.5	16.835	11.037	8.7695	
925	37.205	36.835	37.459	16.832	11.054	8.7564	
926	37.156	36.788	37.419	16.815	11.035	8.7417	
927	37.107	36.741	37.378	16.816	11.041	8.7315	
928	37.058	36.695	37.338	16.814	11.034	8.7362	
929	37.009	36.649	37.298	16.797	10.994	8.7477	
930	36.961	36.603	37.258	16.793	10.972	8.7269	
931	36.913	36.557	37.219	16.805	11.016	8.7154	
932	36.865	36.511	37.179	16.812	10.951	8.6826	
933	36.817	36.465	37.14	16.782	11.008	8.6791	
934	36.77	36.42	37.1	16.775	10.976	8.695	
935	36.723	36.375	37.061	16.773	10.978	8.6554	
936	36.676	36.33	37.022	16.753	10.941	8.6501	
937	36.629	36.285	36.984	16.753	10.935	8.6851	
938	36.582	36.241	36.945	16.783	10.944	8.6069	
939	36.536	36.196	36.907	16.761	10.933	8.6336	
940	36.49	36.152	36.868	16.766	10.894	8.6504	
941	36.444	36.108	36.83	16.76	10.92	8.6114	
942	36.398	36.064	36.792	16.739	10.886	8.5574	
943	36.352	36.02	36.754	16.715	10.91	8.5951	
944	36.307	35.977	36.716	16.717	10.929	8.5787	
945	36.262	35.933	36.679	16.744	10.893	8.5827	
946	36.217	35.89	36.641	16.743	10.888	8.5713	
947	36.172	35.847	36.604	16.722	10.888	8.5569	
948	36.127	35.805	36.567	16.718	10.861	8.5456	
949	36.083	35.762	36.53	16.708	10.84	8.5238	
950	36.039	35.719	36.493	16.702	10.832	8.5213	
951	35.995	35.677	36.456	16.691	10.851	8.5259	
952	35.951	35.635	36.419	16.683	10.844	8.5209	
953	35.907	35.593	36.383	16.694	10.825	8.4986	
954	35.864	35.551	36.346	16.695	10.819	8.5124	
955	35.82	35.51	36.31	16.682	10.807	8.4784	
956	35.777	35.468	36.274	16.663	10.812	8.4848	
957	35.735	35.427	36.238	16.664	10.803	8.5324	
958	35.692	35.386	36.202	16.644	10.785	8.4534	
959	35.649	35.345	36.166	16.666	10.771	8.4791	
960	35.607	35.304	36.131	16.678	10.753	8.4078	
961	35.565	35.263	36.095	16.673	10.778	8.3952	
962	35.523	35.223	36.06	16.661	10.689	8.3687	
963	35.481	35.182	36.024	16.62	10.712	8.4149	
964	35.439	35.142	35.989	16.649	10.748	8.3485	
965	35.398	35.102	35.954	16.617	10.733	8.3817	
966	35.356	35.062	35.919	16.628	10.753	8.359	
967	35.315	35.022	35.885	16.623	10.733	8.3919	
968	35.274	34.983	35.85	16.627	10.745	8.3832	
969	35.234	34.943	35.815	16.611	10.709	8.3707	
970	35.193	34.904	35.781	16.625	10.692	8.3925	
971	35.153	34.865	35.747	16.613	10.68	8.3706	
972	35.112	34.826	35.712	16.61	10.702	8.3492	
973	35.072	34.787	35.678	16.61	10.685	8.3224	
974	35.032	34.748	35.644	16.594	10.661	8.3374	
975	34.992	34.709	35.61	16.588	10.668	8.2816	
976	34.953	34.671	35.577	16.58	10.653	8.2972	
977	34.913	34.633	35.543	16.575	10.641	8.2843	
978	34.874	34.594	35.509	16.572	10.632	8.2858	
979	34.835	34.556	35.476	16.57	10.638	8.2719	
980	34.796	34.519	35.443	16.575	10.628	8.2724	
981	34.757	34.481	35.409	16.572	10.626	8.2804	
982	34.718	34.443	35.376	16.566	10.621	8.2707	
983	34.68	34.406	35.343	16.562	10.623	8.2828	
984	34.641	34.368	35.31	16.548	10.613	8.2676	
985	34.603	34.331	35.278	16.546	10.617	8.2362	
986	34.565	34.294	35.245	16.573	10.595	8.2584	
987	34.527	34.257	35.212	16.537	10.591	8.2149	
988	34.489	34.22	35.18	16.532	10.56	8.1936	
989	34.451	34.183	35.147	16.524	10.566	8.1933	
990	34.414	34.147	35.115	16.52	10.547	8.1876	
991	34.377	34.11	35.083	16.519	10.55	8.1676	
992	34.339	34.074	35.051	16.52	10.545	8.1802	
993	34.302	34.038	35.019	16.509	10.544	8.1739	
994	34.265	34.002	34.987	16.517	10.548	8.1768	
995	34.229	33.966	34.955	16.503	10.54	8.1619	
996	34.192	33.93	34.923	16.496	10.533	8.1554	
997	34.155	33.894	34.892	16.504	10.529	8.1444	
998	34.119	33.858	34.86	16.493	10.516	8.1417	
999	34.083	33.823	34.829	16.483	10.502	8.1776	
1000	34.047	33.788	34.797	16.5	10.478	8.1157	
1001	34.011	33.752	34.766	16.464	10.53	8.0949	
1002	33.975	33.717	34.735	16.485	10.51	8.0982	
1003	33.939	33.682	34.704	16.476	10.477	8.0989	
1004	33.904	33.647	34.673	16.475	10.443	8.0759	
1005	33.868	33.613	34.642	16.439	10.542	8.1117	
1006	33.833	33.578	34.611	16.467	10.428	8.1096	
1007	33.798	33.543	34.581	16.465	10.492	8.0327	
1008	33.763	33.509	34.55	16.449	10.484	8.0563	
1009	33.728	33.475	34.52	16.429	10.432	8.0496	
1010	33.693	33.44	34.489	16.466	10.451	8.0414	
1011	33.659	33.406	34.459	16.433	10.444	8.0428	
1012	33.624	33.372	34.429	16.438	10.431	8.0143	
1013	33.59	33.338	34.399	16.434	10.414	8.0082	
1014	33.556	33.305	34.368	16.435	10.394	8.0042	
1015	33.521	33.271	34.338	16.437	10.4	7.9932	
1016	33.487	33.237	34.309	16.413	10.402	8.087	
1017	33.454	33.204	34.279	16.395	10.365	7.9546	
1018	33.42	33.171	34.249	16.391	10.366	7.9748	
1019	33.386	33.138	34.219	16.377	10.349	7.938	
1020	33.353	33.104	34.19	16.428	10.409	7.9076	
1021	33.319	33.071	34.16	16.344	10.406	7.9482	
1022	33.286	33.038	34.131	16.399	10.335	7.9468	
1023	33.253	33.006	34.102	16.418	10.322	7.9437	
1024	33.22	32.973	34.072	16.374	10.301	7.9785	
1025	33.187	32.94	34.043	16.416	10.31	7.9159	
1026	33.154	32.908	34.014	16.38	10.359	7.8728	
1027	33.122	32.875	33.985	16.414	10.241	7.8987	
1028	33.089	32.843	33.956	16.371	10.339	7.8451	
1029	33.057	32.811	33.927	16.355	10.283	7.8299	
1030	33.024	32.779	33.899	16.359	10.328	7.903	
1031	32.992	32.747	33.87	16.422	10.333	7.9249	
1032	32.96	32.715	33.841	16.316	10.327	7.8632	
1033	32.928	32.683	33.813	16.382	10.287	7.887	
1034	32.896	32.651	33.784	16.356	10.309	7.8533	
1035	32.864	32.62	33.756	16.379	10.251	7.9231	
1036	32.833	32.588	33.728	16.253	10.285	7.8388	
1037	32.801	32.557	33.699	16.397	10.175	7.8035	
1038	32.77	32.525	33.671	16.319	10.24	7.9786	
1039	32.738	32.494	33.643	16.361	10.29	7.9209	
1040	32.707	32.463	33.615	16.298	10.088	7.8087	
1041	32.676	32.432	33.587	16.335	10.216	7.8567	
1042	32.645	32.401	33.559	16.445	10.238	7.6434	
1043	32.614	32.37	33.531	16.412	10.176	7.6925	
1044	32.583	32.339	33.504	16.267	10.268	7.7417	
1045	32.553	32.309	33.476	16.308	10.204	7.7873	
1046	32.522	32.278	33.448	16.204	10.35	7.5825	
1047	32.492	32.248	33.421	16.266	10.039	7.7932	
1048	32.461	32.217	33.393	16.229	10.157	7.8069	
1049	32.431	32.187	33.366	16.299	10.171	7.7236	
1050	32.401	32.157	33.339	16.276	10.083	7.8107	
1051	32.371	32.126	33.312	16.278	10.17	7.7396	
1052	32.341	32.096	33.284	16.273	10.161	7.7044	
1053	32.311	32.066	33.257	16.277	10.167	7.7231	
1054	32.281	32.036	33.23	16.277	10.148	7.7089	
1055	32.251	32.007	33.203	16.277	10.167	7.6972	
1056	32.222	31.977	33.176	16.273	10.135	7.687	
1057	32.192	31.947	33.15	16.269	10.153	7.6997	
1058	32.163	31.918	33.123	16.262	10.142	7.6709	
1059	32.134	31.888	33.096	16.247	10.134	7.6933	
1060	32.104	31.859	33.069	16.254	10.134	7.6648	
1061	32.075	31.83	33.043	16.263	10.116	7.6747	
1062	32.046	31.8	33.016	16.239	10.115	7.6648	
1063	32.017	31.771	32.99	16.235	10.098	7.6667	
1064	31.989	31.742	32.963	16.233	10.093	7.6472	
1065	31.96	31.713	32.937	16.225	10.087	7.629	
1066	31.931	31.684	32.911	16.232	10.086	7.618	
1067	31.903	31.655	32.885	16.223	10.089	7.6219	
1068	31.874	31.627	32.859	16.218	10.078	7.6284	
1069	31.846	31.598	32.832	16.223	10.054	7.6005	
1070	31.818	31.569	32.806	16.22	10.079	7.5985	
1071	31.79	31.541	32.781	16.218	10.063	7.599	
1072	31.762	31.512	32.755	16.202	10.065	7.5925	
1073	31.734	31.484	32.729	16.215	10.029	7.5661	
1074	31.706	31.456	32.703	16.199	10.044	7.5808	
1075	31.678	31.428	32.677	16.193	10.033	7.5517	
1076	31.65	31.4	32.652	16.201	10.022	7.5548	
1077	31.622	31.371	32.626	16.189	10.024	7.5511	
1078	31.595	31.343	32.601	16.185	10.008	7.5417	
1079	31.567	31.316	32.575	16.186	10.022	7.5314	
1080	31.54	31.288	32.55	16.186	10.011	7.5387	
1081	31.513	31.26	32.524	16.179	10.01	7.5348	
1082	31.486	31.232	32.499	16.172	10.007	7.5257	
1083	31.459	31.205	32.474	16.18	9.9947	7.5117	
1084	31.432	31.177	32.449	16.172	9.995	7.5129	
1085	31.405	31.15	32.424	16.166	9.9914	7.5014	
1086	31.378	31.122	32.398	16.171	9.9923	7.5038	
1087	31.351	31.095	32.373	16.156	9.9873	7.4945	
1088	31.324	31.068	32.348	16.166	9.9817	7.4997	
1089	31.298	31.041	32.324	16.159	9.9779	7.4821	
1090	31.271	31.014	32.299	16.158	9.9803	7.4881	
1091	31.245	30.987	32.274	16.153	9.9785	7.4853	
1092	31.218	30.96	32.249	16.144	9.9565	7.4715	
1093	31.192	30.933	32.225	16.148	9.9506	7.4729	
1094	31.166	30.906	32.2	16.141	9.9601	7.4722	
1095	31.14	30.879	32.175	16.15	9.9318	7.4483	
1096	31.114	30.852	32.151	16.144	9.9407	7.4519	
1097	31.088	30.826	32.126	16.13	9.9283	7.4383	
1098	31.062	30.799	32.102	16.124	9.9234	7.4168	
1099	31.036	30.773	32.078	16.123	9.9232	7.4195	
1100	31.01	30.746	32.053	16.113	9.9178	7.4139	
1101	30.985	30.72	32.029	16.124	9.9056	7.3964	
1102	30.959	30.694	32.005	16.116	9.8945	7.3888	
1103	30.933	30.668	31.981	16.109	9.8791	7.3797	
1104	30.908	30.641	31.957	16.105	9.888	7.3786	
1105	30.883	30.615	31.933	16.097	9.8862	7.3711	
1106	30.857	30.589	31.909	16.101	9.8753	7.3644	
1107	30.832	30.563	31.885	16.09	9.8672	7.3615	
1108	30.807	30.537	31.861	16.098	9.873	7.3533	
1109	30.782	30.512	31.837	16.089	9.8628	7.35	
1110	30.757	30.486	31.813	16.087	9.8562	7.3493	
1111	30.732	30.46	31.789	16.086	9.8575	7.3426	
1112	30.707	30.435	31.766	16.085	9.8439	7.3361	
1113	30.683	30.409	31.742	16.085	9.8491	7.3346	
1114	30.658	30.383	31.718	16.08	9.8466	7.3305	
1115	30.633	30.358	31.695	16.077	9.8484	7.3291	
1116	30.609	30.333	31.671	16.078	9.8409	7.3321	
1117	30.584	30.307	31.648	16.079	9.8416	7.3209	
1118	30.56	30.282	31.625	16.072	9.8334	7.3214	
1119	30.535	30.257	31.601	16.06	9.8347	7.3015	
1120	30.511	30.232	31.578	16.068	9.8313	7.2924	
1121	30.487	30.207	31.555	16.067	9.8176	7.2878	
1122	30.463	30.182	31.531	16.06	9.8063	7.2978	
1123	30.439	30.157	31.508	16.048	9.8069	7.2903	
1124	30.415	30.132	31.485	16.063	9.8076	7.2673	
1125	30.391	30.107	31.462	16.054	9.7979	7.2623	
1126	30.367	30.082	31.439	16.058	9.8085	7.2676	
1127	30.343	30.057	31.416	16.033	9.7894	7.2435	
1128	30.32	30.033	31.393	16.033	9.7801	7.246	
1129	30.296	30.008	31.37	16.039	9.78	7.2589	
1130	30.272	29.984	31.347	16.029	9.784	7.2303	
1131	30.249	29.959	31.325	16.028	9.7661	7.2327	
1132	30.225	29.935	31.302	16.029	9.7641	7.2224	
1133	30.202	29.91	31.279	16.022	9.7746	7.22	
1134	30.179	29.886	31.257	16.013	9.7404	7.2208	
1135	30.155	29.862	31.234	16.016	9.7516	7.1929	
1136	30.132	29.837	31.211	16.019	9.733	7.2045	
1137	30.109	29.813	31.189	16.012	9.7186	7.2018	
1138	30.086	29.789	31.166	16.011	9.7314	7.1817	
1139	30.063	29.765	31.144	16.007	9.7294	7.188	
1140	30.04	29.741	31.122	16	9.711	7.1734	
1141	30.017	29.717	31.099	16.013	9.7229	7.1701	
1142	29.995	29.693	31.077	16.009	9.7157	7.1425	
1143	29.972	29.67	31.055	15.991	9.7047	7.1754	
1144	29.949	29.646	31.032	15.991	9.6948	7.1627	
1145	29.927	29.622	31.01	15.994	9.7082	7.1617	
1146	29.904	29.598	30.988	15.991	9.6734	7.1488	
1147	29.881	29.575	30.966	15.987	9.6773	7.1375	
1148	29.859	29.551	30.944	15.993	9.6824	7.1398	
1149	29.837	29.528	30.922	15.982	9.6859	7.1336	
1150	29.814	29.504	30.9	15.971	9.6696	7.1285	
1151	29.792	29.481	30.878	15.973	9.6557	7.1144	
1152	29.77	29.458	30.856	15.974	9.6664	7.1066	
1153	29.748	29.434	30.834	15.967	9.6521	7.0941	
1154	29.726	29.411	30.812	15.961	9.6519	7.0958	
1155	29.704	29.388	30.791	15.966	9.6506	7.0979	
1156	29.682	29.365	30.769	15.955	9.6498	7.0837	
1157	29.66	29.342	30.747	15.955	9.6421	7.0727	
1158	29.638	29.319	30.726	15.956	9.6421	7.0731	
1159	29.616	29.296	30.704	15.96	9.6267	7.0708	
1160	29.595	29.273	30.682	15.957	9.628	7.0722	
1161	29.573	29.25	30.661	15.947	9.6061	7.0769	
1162	29.551	29.227	30.639	15.943	9.6372	7.0503	
1163	29.53	29.204	30.618	15.932	9.6109	7.0423	
1164	29.508	29.182	30.597	15.933	9.5892	7.0355	
1165	29.487	29.159	30.575	15.926	9.6021	7.0251	
1166	29.466	29.136	30.554	15.934	9.5923	7.0232	
1167	29.444	29.114	30.533	15.935	9.6092	7.0307	
1168	29.423	29.091	30.511	15.925	9.5875	7.0159	
1169	29.402	29.069	30.49	15.919	9.579	7.0094	
1170	29.381	29.046	30.469	15.923	9.5874	6.9969	
1171	29.359	29.024	30.448	15.918	9.5745	6.9927	
1172	29.338	29.001	30.427	15.915	9.5753	6.9904	
1173	29.317	28.979	30.406	15.913	9.572	6.9898	
1174	29.297	28.957	30.385	15.912	9.5717	6.9855	
1175	29.276	28.935	30.364	15.911	9.5671	6.9893	
1176	29.255	28.913	30.343	15.909	9.5553	6.9753	
1177	29.234	28.89	30.322	15.913	9.5548	6.9734	
1178	29.213	28.868	30.301	15.902	9.5491	6.9642	
1179	29.193	28.846	30.28	15.902	9.5544	6.9693	
1180	29.172	28.824	30.259	15.901	9.5467	6.9584	
1181	29.152	28.802	30.239	15.901	9.5467	6.9598	
1182	29.131	28.781	30.218	15.894	9.5385	6.9547	
1183	29.111	28.759	30.197	15.897	9.537	6.95	
1184	29.09	28.737	30.176	15.892	9.532	6.9421	
1185	29.07	28.715	30.156	15.883	9.531	6.946	
1186	29.05	28.694	30.135	15.885	9.5219	6.9289	
1187	29.029	28.672	30.115	15.884	9.5224	6.9354	
1188	29.009	28.65	30.094	15.877	9.523	6.9241	
1189	28.989	28.629	30.074	15.882	9.5084	6.9071	
1190	28.969	28.607	30.053	15.876	9.5137	6.9197	
1191	28.949	28.586	30.033	15.87	9.5099	6.9094	
1192	28.929	28.564	30.013	15.871	9.4961	6.8957	
1193	28.909	28.543	29.992	15.868	9.4961	6.8932	
1194	28.889	28.522	29.972	15.862	9.5027	6.9035	
1195	28.869	28.5	29.952	15.874	9.474	6.8908	
1196	28.849	28.479	29.931	15.86	9.4905	6.8699	
1197	28.83	28.458	29.911	15.862	9.4762	6.8911	
1198	28.81	28.437	29.891	15.852	9.4631	6.8864	
1199	28.79	28.416	29.871	15.851	9.477	6.8633	
1200	28.771	28.394	29.851	15.858	9.4625	6.8505	
1201	28.751	28.373	29.831	15.861	9.4796	6.8706	
1202	28.732	28.352	29.811	15.841	9.4636	6.8566	
1203	28.712	28.331	29.791	15.848	9.4582	6.8337	
1204	28.693	28.311	29.771	15.851	9.4464	6.8183	
1205	28.674	28.29	29.751	15.832	9.4472	6.8323	
1206	28.654	28.269	29.731	15.836	9.466	6.8321	
1207	28.635	28.248	29.711	15.846	9.4633	6.8204	
1208	28.616	28.227	29.691	15.832	9.4402	6.8124	
1209	28.597	28.207	29.671	15.836	9.4279	6.8174	
1210	28.578	28.186	29.652	15.829	9.4198	6.7981	
1211	28.558	28.165	29.632	15.824	9.4014	6.7811	
1212	28.539	28.145	29.612	15.822	9.4159	6.7865	
1213	28.52	28.124	29.593	15.831	9.4125	6.7945	
1214	28.502	28.104	29.573	15.818	9.422	6.771	
1215	28.483	28.083	29.553	15.827	9.4065	6.7776	
1216	28.464	28.063	29.534	15.816	9.3902	6.7962	
1217	28.445	28.042	29.514	15.82	9.3945	6.7799	
1218	28.426	28.022	29.495	15.792	9.3676	6.7812	
1219	28.408	28.002	29.475	15.814	9.3787	6.7488	
1220	28.389	27.982	29.456	15.812	9.3724	6.7566	
1221	28.37	27.961	29.436	15.792	9.3678	6.7577	
1222	28.352	27.941	29.417	15.806	9.4041	6.7482	
1223	28.333	27.921	29.398	15.808	9.3612	6.7497	
1224	28.315	27.901	29.378	15.802	9.3661	6.7322	
1225	28.296	27.881	29.359	15.793	9.3623	6.7376	
1226	28.278	27.861	29.34	15.803	9.3763	6.7294	
1227	28.26	27.841	29.321	15.81	9.3589	6.7325	
1228	28.241	27.821	29.301	15.774	9.3448	6.7237	
1229	28.223	27.801	29.282	15.767	9.3236	6.7278	
1230	28.205	27.781	29.263	15.774	9.3573	6.7086	
1231	28.187	27.761	29.244	15.796	9.3605	6.676	
1232	28.169	27.741	29.225	15.789	9.3331	6.7336	
1233	28.15	27.722	29.206	15.803	9.3612	6.6865	
1234	28.132	27.702	29.187	15.779	9.3636	6.7088	
1235	28.114	27.682	29.168	15.762	9.3504	6.6856	
1236	28.096	27.663	29.149	15.776	9.3508	6.7156	
1237	28.078	27.643	29.13	15.771	9.3581	6.6932	
1238	28.061	27.623	29.111	15.803	9.3178	6.7029	
1239	28.043	27.604	29.092	15.735	9.3726	6.7182	
1240	28.025	27.584	29.073	15.732	9.2717	6.6779	
1241	28.007	27.565	29.055	15.745	9.341	6.6356	
1242	27.989	27.546	29.036	15.735	9.3044	6.6996	
1243	27.972	27.526	29.017	15.764	9.3127	6.761	
1244	27.954	27.507	28.998	15.782	9.3076	6.6586	
1245	27.937	27.487	28.98	15.721	9.362	6.5928	
1246	27.919	27.468	28.961	15.748	9.298	6.6041	
1247	27.902	27.449	28.942	15.731	9.2333	6.6094	
1248	27.884	27.43	28.924	15.743	9.2731	6.5843	
1249	27.867	27.41	28.905	15.775	9.2931	6.6536	
1250	27.849	27.391	28.887	15.753	9.3398	6.5861	
1251	27.832	27.372	28.868	15.739	9.2561	6.6486	
1252	27.815	27.353	28.85	15.709	9.2021	6.5795	
1253	27.797	27.334	28.831	15.708	9.3079	6.5872	
1254	27.78	27.315	28.813	15.716	9.2289	6.5936	
1255	27.763	27.296	28.794	15.74	9.2415	6.623	
1256	27.746	27.277	28.776	15.719	9.2629	6.5966	
1257	27.729	27.258	28.758	15.717	9.2216	6.5567	
1258	27.712	27.239	28.739	15.725	9.2458	6.548	
1259	27.695	27.221	28.721	15.694	9.2312	6.5771	
1260	27.678	27.202	28.703	15.709	9.2387	6.553	
1261	27.661	27.183	28.684	15.706	9.2178	6.5473	
1262	27.644	27.164	28.666	15.689	9.2162	6.5425	
1263	27.627	27.146	28.648	15.706	9.2186	6.5313	
1264	27.61	27.127	28.63	15.682	9.2026	6.5444	
1265	27.593	27.108	28.612	15.708	9.2245	6.5324	
1266	27.576	27.09	28.594	15.696	9.2306	6.5176	
1267	27.56	27.071	28.576	15.709	9.2023	6.5414	
1268	27.543	27.053	28.558	15.714	9.2095	6.5453	
1269	27.526	27.034	28.539	15.701	9.2186	6.5538	
1270	27.51	27.016	28.521	15.696	9.198	6.5367	
1271	27.493	26.997	28.504	15.683	9.2039	6.5136	
1272	27.476	26.979	28.486	15.688	9.2189	6.5472	
1273	27.46	26.96	28.468	15.705	9.2243	6.5247	
1274	27.443	26.942	28.45	15.701	9.2005	6.5306	
1275	27.427	26.924	28.432	15.686	9.1823	6.4939	
1276	27.411	26.906	28.414	15.699	9.2087	6.5205	
1277	27.394	26.887	28.396	15.663	9.1993	6.5191	
1278	27.378	26.869	28.378	15.665	9.1892	6.5112	
1279	27.362	26.851	28.361	15.681	9.1589	6.4593	
1280	27.345	26.833	28.343	15.675	9.156	6.4798	
1281	27.329	26.815	28.325	15.682	9.1567	6.4748	
1282	27.313	26.797	28.308	15.676	9.169	6.4949	
1283	27.297	26.779	28.29	15.656	9.1537	6.4527	
1284	27.281	26.761	28.272	15.632	9.1916	6.4591	
1285	27.265	26.743	28.255	15.644	9.1608	6.4782	
1286	27.249	26.725	28.237	15.669	9.1557	6.4463	
1287	27.233	26.707	28.219	15.652	9.1412	6.4697	
1288	27.217	26.689	28.202	15.663	9.1606	6.4591	
1289	27.201	26.671	28.184	15.652	9.1422	6.4344	
1290	27.185	26.653	28.167	15.657	9.1551	6.4376	
1291	27.169	26.635	28.149	15.64	9.1345	6.4164	
1292	27.153	26.618	28.132	15.656	9.1345	6.4736	
1293	27.137	26.6	28.115	15.647	9.1239	6.4379	
1294	27.121	26.582	28.097	15.668	9.1578	6.4281	
1295	27.106	26.564	28.08	15.646	9.1369	6.3954	
1296	27.09	26.547	28.063	15.653	9.1292	6.3926	
1297	27.074	26.529	28.045	15.651	9.0942	6.4387	
1298	27.059	26.512	28.028	15.631	9.1357	6.4042	
1299	27.043	26.494	28.011	15.641	9.0837	6.373	
1300	27.027	26.477	27.993	15.624	9.1037	6.3995	
1301	27.012	26.459	27.976	15.641	9.126	6.3705	
1302	26.996	26.442	27.959	15.611	9.0799	6.4187	
1303	26.981	26.424	27.942	15.637	9.1245	6.3851	
1304	26.965	26.407	27.925	15.648	9.1135	6.3952	
1305	26.95	26.389	27.908	15.652	9.0861	6.3467	
1306	26.935	26.372	27.891	15.629	9.1235	6.3831	
1307	26.919	26.355	27.873	15.62	9.108	6.3954	
1308	26.904	26.337	27.856	15.613	9.0891	6.388	
1309	26.889	26.32	27.839	15.62	9.0991	6.3783	
1310	26.873	26.303	27.822	15.612	9.0767	6.3653	
1311	26.858	26.286	27.805	15.62	9.0461	6.3913	
1312	26.843	26.268	27.788	15.608	9.0606	6.3221	
1313	26.828	26.251	27.772	15.613	9.0866	6.3847	
1314	26.813	26.234	27.755	15.607	9.0596	6.3495	
1315	26.798	26.217	27.738	15.602	9.0327	6.3262	
1316	26.783	26.2	27.721	15.629	8.9941	6.3194	
1317	26.768	26.183	27.704	15.605	9.0557	6.3822	
1318	26.753	26.166	27.687	15.589	9.0545	6.3601	
1319	26.738	26.149	27.67	15.631	9.0479	6.354	
1320	26.723	26.132	27.654	15.574	9.0367	6.3584	
1321	26.708	26.115	27.637	15.612	9.0226	6.3347	
1322	26.693	26.098	27.62	15.601	8.9983	6.2378	
1323	26.678	26.081	27.603	15.554	9.0135	6.278	
1324	26.663	26.065	27.587	15.608	9.0519	6.2872	
1325	26.649	26.048	27.57	15.621	8.9865	6.3038	
1326	26.634	26.031	27.554	15.629	8.988	6.2721	
1327	26.619	26.014	27.537	15.6	9.0561	6.2622	
1328	26.604	25.997	27.52	15.561	8.9618	6.3632	
1329	26.59	25.981	27.504	15.563	8.9748	6.2771	
1330	26.575	25.964	27.487	15.621	9.0407	6.2531	
1331	26.56	25.947	27.471	15.566	9.0607	6.3246	
1332	26.546	25.931	27.454	15.561	8.9719	6.418	
1333	26.531	25.914	27.438	15.578	9.0236	6.2824	
1334	26.517	25.898	27.421	15.6	8.9906	6.2743	
1335	26.502	25.881	27.405	15.55	9.0051	6.153	
1336	26.488	25.865	27.388	15.537	9.0374	6.3185	
1337	26.474	25.848	27.372	15.618	8.9803	6.1591	
1338	26.459	25.832	27.356	15.535	9.048	6.2468	
1339	26.445	25.815	27.339	15.561	9.032	6.2708	
1340	26.43	25.799	27.323	15.593	9.0077	6.1586	
1341	26.416	25.782	27.307	15.666	8.8259	6.2786	
1342	26.402	25.766	27.29	15.575	8.9248	6.4947	
1343	26.388	25.75	27.274	15.64	9.0003	6.4568	
1344	26.373	25.733	27.258	15.52	9.0383	6.2736	
1345	26.359	25.717	27.242	15.567	9.1261	6.2256	
1346	26.345	25.701	27.225	15.405	8.8527	6.0078	
1347	26.331	25.685	27.209	15.559	9.1196	5.8337	
1348	26.317	25.668	27.193	15.504	9.1334	6.1728	
1349	26.303	25.652	27.177	15.419	9.278	6.2167	
1350	26.289	25.636	27.161	15.265	9.0644	6.2217	
1351	26.275	25.62	27.145	15.503	8.9301	5.9253	
1352	26.261	25.604	27.129	15.455	8.8241	6.3825	
1353	26.247	25.588	27.113	15.547	8.3823	6.2501	
1354	26.233	25.572	27.097	15.469	9.3073	6.3855	
1355	26.219	25.556	27.081	15.712	8.773	5.6078	
1356	26.205	25.54	27.065	15.648	9.1567	6.0752	
1357	26.191	25.524	27.049	15.444	9.0441	6.2724	
1358	26.177	25.508	27.033	16.248	9.371	6.3795	
1359	26.163	25.492	27.017	16.262	8.6908	6.918	
1426	25.297	24.478	25.994	15.655	9.2987	6.337	
1427	25.284	24.464	25.98	15.544	8.6458	6.0444	
1428	25.272	24.449	25.965	15.394	8.841	5.6434	
1429	25.26	24.435	25.95	15.638	8.6618	5.8162	
1430	25.248	24.421	25.936	15.645	8.8034	5.8313	
1431	25.236	24.407	25.921	15.324	8.9254	6.1083	
1432	25.224	24.392	25.907	15.558	8.5618	5.8907	
1433	25.212	24.378	25.892	15.35	8.5981	5.8503	
1434	25.2	24.364	25.878	15.504	8.9164	6.1849	
1435	25.188	24.35	25.863	15.523	8.856	5.7635	
1436	25.176	24.335	25.849	15.531	8.646	5.9371	
1437	25.164	24.321	25.834	15.437	8.9074	5.8618	
1438	25.153	24.307	25.82	15.329	8.6594	5.9473	
1439	25.141	24.293	25.805	15.448	8.7878	5.9026	
1440	25.129	24.279	25.791	15.332	8.7869	5.8234	
1441	25.117	24.265	25.777	15.418	8.6815	6.0523	
1442	25.105	24.251	25.762	15.471	8.6178	5.804	
1443	25.093	24.236	25.748	15.352	8.745	5.9607	
1444	25.082	24.222	25.733	15.461	8.7728	5.754	
1445	25.07	24.208	25.719	15.33	8.7337	5.8418	
1446	25.058	24.194	25.705	15.463	8.6349	5.8148	
1447	25.046	24.18	25.691	15.435	8.7027	5.7187	
1448	25.035	24.167	25.676	15.418	8.6759	5.8657	
1449	25.023	24.153	25.662	15.369	8.7286	5.8616	
1450	25.011	24.139	25.648	15.389	8.7223	5.7667	
1451	25	24.125	25.634	15.439	8.6835	5.8613	
1452	24.988	24.111	25.619	15.461	8.7416	5.9121	
1453	24.977	24.097	25.605	15.432	8.7434	5.9344	
1454	24.965	24.083	25.591	15.347	8.6775	5.7013	
1455	24.954	24.069	25.577	15.416	8.7501	5.778	
1456	24.942	24.056	25.563	15.442	8.7139	5.8162	
1457	24.931	24.042	25.548	15.384	8.5911	5.8161	
1458	24.919	24.028	25.534	15.382	8.7003	5.8269	
1459	24.908	24.014	25.52	15.364	8.5653	5.7475	
1460	24.896	24.001	25.506	15.406	8.6329	5.8577	
1461	24.885	23.987	25.492	15.425	8.6263	5.8131	
1462	24.873	23.973	25.478	15.392	8.6402	5.8205	
1463	24.862	23.959	25.464	15.378	8.6426	5.7707	
1464	24.851	23.946	25.45	15.356	8.6674	5.7556	
1465	24.839	23.932	25.436	15.367	8.7009	5.7782	
1466	24.828	23.919	25.422	15.362	8.5979	5.8152	
1467	24.817	23.905	25.408	15.382	8.6242	5.8072	
1468	24.806	23.891	25.394	15.351	8.6378	5.7845	
1469	24.794	23.878	25.38	15.375	8.6157	5.7777	
1470	24.783	23.864	25.366	15.368	8.6027	5.7829	
1471	24.772	23.851	25.352	15.371	8.6274	5.7814	
1472	24.761	23.837	25.338	15.372	8.6286	5.7604	
1473	24.749	23.824	25.325	15.361	8.64	5.7729	
1474	24.738	23.81	25.311	15.364	8.6233	5.7729	
1475	24.727	23.797	25.297	15.367	8.6216	5.7631	
1476	24.716	23.783	25.283	15.361	8.6167	5.7547	
1477	24.705	23.77	25.269	15.367	8.6407	5.7684	
1478	24.694	23.757	25.255	15.372	8.6251	5.7501	
1479	24.683	23.743	25.242	15.364	8.6199	5.7574	
1480	24.672	23.73	25.228	15.365	8.6238	5.7479	
1481	24.661	23.717	25.214	15.366	8.6113	5.7261	
1482	24.65	23.703	25.2	15.361	8.6283	5.7517	
1483	24.639	23.69	25.187	15.362	8.62	5.7472	
1484	24.628	23.677	25.173	15.378	8.6195	5.7384	
1485	24.617	23.663	25.159	15.355	8.6304	5.737	
1486	24.606	23.65	25.146	15.356	8.5946	5.6973	
1487	24.595	23.637	25.132	15.348	8.6228	5.7008	
1488	24.584	23.624	25.118	15.36	8.6145	5.7232	
1489	24.573	23.611	25.105	15.361	8.6151	5.7038	
1490	24.562	23.597	25.091	15.362	8.5895	5.747	
1491	24.552	23.584	25.078	15.345	8.6053	5.698	
1492	24.541	23.571	25.064	15.351	8.5961	5.7165	
1493	24.53	23.558	25.05	15.341	8.5614	5.7088	
1494	24.519	23.545	25.037	15.341	8.5719	5.697	
1495	24.508	23.532	25.023	15.332	8.5697	5.6877	
1496	24.498	23.519	25.01	15.36	8.6007	5.7053	
1497	24.487	23.506	24.996	15.331	8.5842	5.694	
1498	24.476	23.493	24.983	15.364	8.5808	5.6957	
1499	24.466	23.48	24.969	15.346	8.5729	5.7135	
1500	24.455	23.467	24.956	15.338	8.5688	5.6944	
1501	24.444	23.454	24.942	15.324	8.5615	5.6481	
1502	24.434	23.441	24.929	15.341	8.5663	5.6767	
1503	24.423	23.428	24.916	15.337	8.5858	5.6658	
1504	24.412	23.415	24.902	15.331	8.5525	5.6375	
1505	24.402	23.402	24.889	15.336	8.5556	5.6753	
1506	24.391	23.389	24.875	15.327	8.5511	5.6423	
1507	24.381	23.376	24.862	15.311	8.5398	5.6658	
1508	24.37	23.363	24.849	15.308	8.5416	5.6703	
1509	24.36	23.35	24.835	15.345	8.5427	5.6533	
1510	24.349	23.338	24.822	15.333	8.5601	5.6374	
1511	24.339	23.325	24.809	15.339	8.555	5.6471	
1512	24.328	23.312	24.796	15.33	8.5822	5.6517	
1513	24.318	23.299	24.782	15.364	8.5032	5.6648	
1514	24.307	23.286	24.769	15.322	8.5396	5.6835	
1515	24.297	23.274	24.756	15.295	8.5603	5.6483	
1516	24.287	23.261	24.743	15.318	8.5056	5.6522	
1517	24.276	23.248	24.729	15.315	8.5658	5.6102	
1518	24.266	23.236	24.716	15.295	8.5482	5.6359	
1519	24.256	23.223	24.703	15.297	8.5464	5.6432	
1520	24.245	23.21	24.69	15.291	8.534	5.6375	
1521	24.235	23.198	24.677	15.314	8.4871	5.5673	
1522	24.225	23.185	24.664	15.294	8.5187	5.5965	
1523	24.215	23.172	24.65	15.298	8.5355	5.6022	
1524	24.204	23.16	24.637	15.33	8.5488	5.6586	
1525	24.194	23.147	24.624	15.314	8.5414	5.6269	
1526	24.184	23.135	24.611	15.292	8.5151	5.6013	
1527	24.174	23.122	24.598	15.3	8.528	5.6024	
1528	24.163	23.11	24.585	15.288	8.5465	5.6141	
1529	24.153	23.097	24.572	15.293	8.4942	5.5902	
1530	24.143	23.084	24.559	15.303	8.5058	5.6026	
1531	24.133	23.072	24.546	15.28	8.4914	5.604	
1532	24.123	23.06	24.533	15.308	8.4916	5.603	
1533	24.113	23.047	24.52	15.284	8.4702	5.5967	
1534	24.103	23.035	24.507	15.305	8.4793	5.6376	
1535	24.093	23.022	24.494	15.298	8.4926	5.5712	
1536	24.083	23.01	24.481	15.276	8.4891	5.5791	
1537	24.073	22.997	24.468	15.283	8.4941	5.5846	
1538	24.063	22.985	24.455	15.277	8.5252	5.5789	
1539	24.053	22.973	24.442	15.294	8.4816	5.577	
1540	24.043	22.96	24.43	15.287	8.4628	5.578	
1541	24.033	22.948	24.417	15.275	8.4525	5.5494	
1542	24.023	22.936	24.404	15.281	8.4651	5.5754	
1543	24.013	22.924	24.391	15.279	8.4722	5.544	
1544	24.003	22.911	24.378	15.282	8.4897	5.5788	
1545	23.993	22.899	24.365	15.263	8.493	5.5536	
1546	23.983	22.887	24.353	15.278	8.4662	5.5539	
1547	23.973	22.875	24.34	15.274	8.4734	5.5453	
1548	23.963	22.862	24.327	15.277	8.4642	5.5399	
1549	23.954	22.85	24.314	15.277	8.4838	5.5347	
1550	23.944	22.838	24.301	15.282	8.4621	5.5433	
1551	23.934	22.826	24.289	15.26	8.4848	5.5405	
1552	23.924	22.814	24.276	15.272	8.4641	5.5476	
1553	23.914	22.802	24.263	15.253	8.4528	5.5522	
1554	23.905	22.789	24.251	15.262	8.4672	5.5335	
1555	23.895	22.777	24.238	15.281	8.442	5.52	
1556	23.885	22.765	24.225	15.259	8.4567	5.5561	
1557	23.876	22.753	24.213	15.253	8.4481	5.5181	
1558	23.866	22.741	24.2	15.256	8.4504	5.5207	
1559	23.856	22.729	24.187	15.276	8.4324	5.4932	
1560	23.847	22.717	24.175	15.271	8.4614	5.517	
1561	23.837	22.705	24.162	15.28	8.463	5.5073	
1562	23.827	22.693	24.15	15.286	8.4263	5.5184	
1563	23.818	22.681	24.137	15.246	8.4494	5.5213	
1564	23.808	22.669	24.124	15.253	8.4738	5.4959	
1565	23.799	22.657	24.112	15.26	8.475	5.4892	
1566	23.789	22.645	24.099	15.25	8.4211	5.471	
1567	23.779	22.633	24.087	15.272	8.4036	5.5013	
1568	23.77	22.621	24.074	15.254	8.4459	5.5132	
1569	23.76	22.609	24.062	15.273	8.4673	5.5183	
1570	23.751	22.598	24.049	15.258	8.4541	5.5109	
1571	23.741	22.586	24.037	15.251	8.43	5.5032	
1572	23.732	22.574	24.025	15.247	8.4216	5.516	
1573	23.722	22.562	24.012	15.253	8.4038	5.4898	
1574	23.713	22.55	24	15.271	8.4254	5.4739	
1575	23.704	22.538	23.987	15.231	8.4078	5.4942	
1576	23.694	22.527	23.975	15.249	8.3978	5.4296	
1577	23.685	22.515	23.962	15.217	8.3749	5.4756	
1578	23.675	22.503	23.95	15.237	8.4288	5.4607	
1579	23.666	22.491	23.938	15.228	8.4205	5.4795	
1580	23.657	22.48	23.925	15.239	8.3869	5.4487	
1581	23.647	22.468	23.913	15.234	8.4189	5.4105	
1582	23.638	22.456	23.901	15.257	8.4008	5.48	
1583	23.629	22.445	23.888	15.226	8.4345	5.4544	
1584	23.619	22.433	23.876	15.259	8.3606	5.4227	
1585	23.61	22.421	23.864	15.244	8.4289	5.4566	
1586	23.601	22.41	23.852	15.233	8.3734	5.502	
1587	23.592	22.398	23.839	15.238	8.4237	5.4611	
1588	23.582	22.386	23.827	15.245	8.3774	5.3926	
1589	23.573	22.375	23.815	15.215	8.3875	5.4566	
1590	23.564	22.363	23.803	15.228	8.3519	5.4219	
1591	23.555	22.352	23.79	15.219	8.3652	5.442	
1592	23.546	22.34	23.778	15.22	8.4063	5.4059	
1593	23.536	22.329	23.766	15.242	8.3902	5.4055	
1594	23.527	22.317	23.754	15.227	8.3533	5.4718	
1595	23.518	22.306	23.742	15.251	8.3693	5.388	
1596	23.509	22.294	23.73	15.218	8.396	5.4089	
1597	23.5	22.283	23.717	15.224	8.3787	5.4234	
1598	23.491	22.271	23.705	15.233	8.3674	5.3693	
1599	23.482	22.26	23.693	15.229	8.3583	5.4027	
1600	23.473	22.248	23.681	15.215	8.372	5.3582	
1601	23.464	22.237	23.669	15.245	8.3609	5.4297	
1602	23.455	22.225	23.657	15.238	8.3485	5.3855	
1603	23.446	22.214	23.645	15.243	8.3307	5.3756	
1604	23.437	22.203	23.633	15.231	8.3665	5.3766	
1605	23.428	22.191	23.621	15.219	8.355	5.4195	
1606	23.419	22.18	23.609	15.218	8.3515	5.381	
1607	23.41	22.169	23.597	15.236	8.3546	5.3807	
1608	23.401	22.157	23.585	15.198	8.3743	5.3834	
1609	23.392	22.146	23.573	15.209	8.3542	5.3865	
1610	23.383	22.135	23.561	15.217	8.3669	5.3679	
1611	23.374	22.123	23.549	15.223	8.3448	5.3933	
1612	23.365	22.112	23.537	15.243	8.3307	5.3638	
1613	23.356	22.101	23.525	15.178	8.3644	5.3728	
1614	23.347	22.09	23.513	15.202	8.361	5.4227	
1615	23.339	22.078	23.501	15.227	8.3397	5.3958	
1616	23.33	22.067	23.489	15.22	8.3127	5.3666	
1617	23.321	22.056	23.477	15.246	8.3553	5.3936	
1618	23.312	22.045	23.465	15.226	8.3236	5.3726	
1619	23.303	22.034	23.454	15.199	8.3466	5.3731	
1620	23.294	22.022	23.442	15.181	8.3603	5.3781	
1621	23.286	22.011	23.43	15.208	8.3253	5.3494	
1622	23.277	22	23.418	15.178	8.3112	5.3902	
1623	23.268	21.989	23.406	15.171	8.3181	5.3343	
1624	23.259	21.978	23.394	15.213	8.3478	5.3601	
1625	23.251	21.967	23.383	15.221	8.3268	5.3138	
1626	23.242	21.956	23.371	15.189	8.3195	5.3457	
1627	23.233	21.945	23.359	15.194	8.2845	5.3273	
1628	23.225	21.934	23.347	15.187	8.3499	5.3401	
1629	23.216	21.923	23.336	15.19	8.342	5.3735	
1630	23.207	21.911	23.324	15.179	8.3391	5.3371	
1631	23.199	21.9	23.312	15.173	8.3154	5.3855	
1632	23.19	21.889	23.3	15.186	8.35	5.3166	
1633	23.181	21.878	23.289	15.203	8.3497	5.3381	
1634	23.173	21.867	23.277	15.171	8.297	5.3258	
1635	23.164	21.857	23.265	15.194	8.3312	5.3287	
1636	23.156	21.846	23.254	15.188	8.3212	5.3036	
1637	23.147	21.835	23.242	15.199	8.3059	5.3668	
1638	23.139	21.824	23.23	15.222	8.2801	5.3259	
1639	23.13	21.813	23.219	15.182	8.3194	5.2974	
1640	23.122	21.802	23.207	15.173	8.2818	5.3281	
1641	23.113	21.791	23.196	15.175	8.354	5.2891	
1642	23.105	21.78	23.184	15.205	8.2703	5.335	
1643	23.096	21.769	23.172	15.19	8.3112	5.2849	
1644	23.088	21.758	23.161	15.187	8.2906	5.3078	
1645	23.079	21.748	23.149	15.188	8.2927	5.329	
1646	23.071	21.737	23.138	15.208	8.31	5.2496	
1647	23.062	21.726	23.126	15.15	8.3281	5.3322	
1648	23.054	21.715	23.115	15.196	8.214	5.2562	
1649	23.046	21.704	23.103	15.203	8.3041	5.32	
1650	23.037	21.694	23.092	15.183	8.3097	5.3172	
1651	23.029	21.683	23.08	15.183	8.2823	5.2789	
1652	23.02	21.672	23.069	15.167	8.2903	5.2806	
1653	23.012	21.661	23.057	15.222	8.273	5.3132	
1654	23.004	21.651	23.046	15.187	8.2721	5.3	
1655	22.995	21.64	23.034	15.181	8.3124	5.2674	
1656	22.987	21.629	23.023	15.178	8.2858	5.2886	
1657	22.979	21.619	23.012	15.182	8.2736	5.2715	
1658	22.97	21.608	23	15.168	8.2909	5.2684	
1659	22.962	21.597	22.989	15.198	8.2389	5.2994	
1660	22.954	21.587	22.977	15.134	8.2013	5.3163	
1661	22.946	21.576	22.966	15.18	8.22	5.277	
1662	22.937	21.565	22.955	15.141	8.2754	5.2561	
1663	22.929	21.555	22.943	15.16	8.3068	5.3083	
1664	22.921	21.544	22.932	15.139	8.2076	5.1903	
1665	22.913	21.534	22.921	15.134	8.2768	5.2901	
1666	22.905	21.523	22.909	15.203	8.2376	5.2267	
1667	22.896	21.513	22.898	15.116	8.178	5.2636	
1668	22.888	21.502	22.887	15.094	8.2587	5.2816	
1669	22.88	21.491	22.875	15.177	8.2221	5.1642	
1670	22.872	21.481	22.864	15.177	8.3188	5.28	
1671	22.864	21.47	22.853	15.144	8.2985	5.1962	
1672	22.856	21.46	22.842	15.205	8.2434	5.1552	
1673	22.848	21.449	22.83	15.194	8.2671	5.2595	
1674	22.84	21.439	22.819	15.196	8.273	5.2443	
1675	22.831	21.428	22.808	15.123	8.1082	5.2754	
1676	22.823	21.418	22.797	15.177	8.2951	5.2414	
1677	22.815	21.408	22.786	15.141	8.2686	5.3115	
1678	22.807	21.397	22.774	15.131	8.1656	5.2901	
1679	22.799	21.387	22.763	15.153	8.2106	5.2576	
1680	22.791	21.376	22.752	15.136	8.2649	5.3272	
1681	22.783	21.366	22.741	15.15	8.3289	5.2473	
1682	22.775	21.356	22.73	15.105	8.2398	5.2015	
1683	22.767	21.345	22.719	15.132	8.2922	5.1972	
1684	22.759	21.335	22.707	15.112	8.2552	5.3479	
1685	22.751	21.325	22.696	15.14	8.0623	5.0309	
1686	22.743	21.314	22.685	15.254	8.287	5.2897	
1687	22.735	21.304	22.674	15.066	8.3556	5.4453	
1688	22.728	21.294	22.663	15.075	8.27	5.2045	
1689	22.72	21.283	22.652	15.151	8.2085	5.0922	
1690	22.712	21.273	22.641	15.044	8.425	5.2279	
1691	22.704	21.263	22.63	15.226	8.1621	5.1941	
1692	22.696	21.253	22.619	15.228	8.4692	5.2754	
1693	22.688	21.242	22.608	14.99	8.3545	5.5722	
1694	22.68	21.232	22.597	14.9	8.082	5.2263	
1695	22.672	21.222	22.586	15.192	8.4939	5.4261	
1696	22.664	21.212	22.575	15.082	8.2301	5.4347	
1697	22.657	21.201	22.564	15.142	8.3357	5.437	
1698	22.649	21.191	22.553	14.719	8.2576	4.9981	
1699	22.641	21.181	22.542	14.916	8.6842	5.3629	
1700	22.633	21.171	22.531	14.932	8.1696	5.1826	
