	65	70	75	65	70	75	
300	36.565	34.889	33.499	37.511	37.209	37.514	
301	36.263	34.5	32.987	37.295	36.907	37.453	
302	35.972	34.121	32.479	37.087	36.772	37.279	
303	35.689	33.748	31.971	37.019	36.553	37.024	
304	35.414	33.382	31.464	36.99	36.489	37.052	
305	35.149	33.023	30.959	36.884	36.423	36.867	
306	34.892	32.671	30.454	36.614	36.185	36.77	
307	34.642	32.325	29.95	36.511	36.277	36.641	
308	34.4	31.986	29.447	36.334	36.128	36.541	
309	34.165	31.652	28.944	36.365	35.959	36.377	
310	33.936	31.324	28.442	36.171	35.873	36.379	
311	33.715	31.002	27.941	36.159	35.715	36.319	
312	33.5	30.686	27.441	36.209	35.719	36.207	
313	33.291	30.376	26.942	35.89	35.526	36.139	
314	33.088	30.071	26.445	35.955	35.547	35.953	
315	32.891	29.773	25.952	35.892	35.364	35.909	
316	32.7	29.48	25.461	35.798	35.418	35.815	
317	32.514	29.193	24.974	35.661	35.298	35.754	
318	32.333	28.913	24.492	35.561	35.153	35.59	
319	32.159	28.64	24.016	35.518	35.053	35.611	
320	31.989	28.373	23.548	35.535	35.035	35.459	
321	31.825	28.114	23.087	35.427	34.977	35.375	
322	31.667	27.861	22.636	35.393	34.901	35.332	
323	31.514	27.617	22.196	35.355	34.78	35.278	
324	31.366	27.381	21.768	35.23	34.786	35.152	
325	31.224	27.153	21.355	35.241	34.578	35.091	
326	31.087	26.934	20.957	35.155	34.568	35.032	
327	30.956	26.723	20.576	35.062	34.546	34.927	
328	30.83	26.523	20.214	35.028	34.498	34.847	
329	30.71	26.332	19.873	34.999	34.432	34.774	
330	30.596	26.152	19.554	35.011	34.459	34.767	
331	30.488	25.983	19.259	34.888	34.365	34.712	
332	30.386	25.824	18.989	34.842	34.23	34.555	
333	30.29	25.677	18.747	34.885	34.182	34.577	
334	30.2	25.541	18.533	34.798	34.161	34.525	
335	30.117	25.418	18.348	34.731	34.097	34.447	
336	30.04	25.307	18.194	34.609	34.041	34.358	
337	29.97	25.209	18.071	34.687	34.006	34.353	
338	29.907	25.123	17.981	34.632	33.962	34.303	
339	29.851	25.051	17.924	34.529	33.832	34.23	
340	29.802	24.993	17.898	34.579	33.724	34.179	
341	29.76	24.948	17.906	34.486	33.766	34.165	
342	29.726	24.916	17.946	34.466	33.725	34.1	
343	29.699	24.899	18.018	34.549	33.733	34.023	
344	29.68	24.896	18.12	34.521	33.702	33.95	
345	29.668	24.907	18.254	34.424	33.661	33.933	
346	29.665	24.933	18.417	34.455	33.622	33.892	
347	29.671	24.973	18.608	34.458	33.593	33.865	
348	29.685	25.029	18.827	34.377	33.616	33.812	
349	29.708	25.1	19.073	34.389	33.625	33.81	
350	29.741	25.187	19.346	34.388	33.625	33.767	
351	29.785	25.29	19.644	34.35	33.524	33.743	
352	29.839	25.411	19.967	34.396	33.574	33.8	
353	29.905	25.549	20.316	34.351	33.52	33.614	
354	29.983	25.706	20.689	34.458	33.583	33.722	
355	30.074	25.882	21.088	34.599	33.444	33.575	
356	30.177	26.077	21.511	34.579	33.535	33.58	
357	30.293	26.29	21.958	34.514	33.694	33.653	
358	30.418	26.519	22.426	34.45	33.599	33.561	
359	30.552	26.762	22.912	34.557	33.626	33.604	
360	30.689	27.013	23.41	34.568	33.602	33.533	
361	30.826	27.269	23.914	34.519	33.534	33.614	
362	30.958	27.521	24.417	34.468	33.471	33.318	
363	31.079	27.765	24.91	34.502	33.373	33.27	
364	31.186	27.995	25.386	34.485	33.406	33.141	
365	31.275	28.206	25.839	34.48	33.239	33.257	
366	31.343	28.395	26.264	34.43	33.18	32.916	
367	31.391	28.561	26.659	34.217	33.026	32.627	
368	31.417	28.702	27.021	34.2	33.006	32.484	
369	31.421	28.818	27.348	34.034	32.568	32.257	
370	31.405	28.91	27.642	33.841	32.395	31.955	
371	31.373	28.984	27.908	33.737	32.227	31.762	
372	31.329	29.042	28.149	33.555	32.089	31.437	
373	31.275	29.089	28.369	33.39	31.779	31.262	
374	31.214	29.125	28.571	33.076	31.523	30.992	
375	31.148	29.155	28.758	32.972	31.289	30.557	
376	31.079	29.18	28.932	32.744	31.026	30.281	
377	31.01	29.203	29.096	32.512	30.758	29.935	
378	30.94	29.223	29.25	32.361	30.452	29.755	
379	30.872	29.243	29.398	32.152	30.302	29.525	
380	30.807	29.264	29.54	31.847	30.094	29.22	
381	30.745	29.288	29.679	31.78	29.805	28.874	
382	30.686	29.313	29.814	31.618	29.702	28.718	
383	30.631	29.341	29.947	31.407	29.37	28.494	
384	30.58	29.372	30.077	31.178	29.194	28.195	
385	30.534	29.406	30.205	31.074	29.021	28.069	
386	30.493	29.442	30.332	30.864	28.789	27.848	
387	30.455	29.482	30.457	30.652	28.633	27.637	
388	30.423	29.525	30.582	30.583	28.41	27.476	
389	30.395	29.572	30.706	30.461	28.307	27.256	
390	30.372	29.622	30.83	30.26	28.108	27.05	
391	30.354	29.675	30.954	30.191	27.915	26.895	
392	30.341	29.733	31.078	29.981	27.735	26.665	
393	30.333	29.793	31.203	29.878	27.587	26.582	
394	30.33	29.858	31.327	29.682	27.397	26.4	
395	30.331	29.925	31.453	29.63	27.355	26.298	
396	30.337	29.997	31.579	29.422	27.142	26.077	
397	30.348	30.072	31.706	29.335	27.036	25.925	
398	30.364	30.15	31.834	29.275	26.882	25.776	
399	30.384	30.231	31.962	29.093	26.69	25.637	
400	30.407	30.315	32.091	29.072	26.6	25.423	
401	30.436	30.403	32.222	28.922	26.451	25.337	
402	30.469	30.493	32.353	28.768	26.379	25.181	
403	30.504	30.586	32.485	28.682	26.196	25.041	
404	30.543	30.681	32.617	28.573	26.143	24.894	
405	30.586	30.779	32.75	28.511	25.929	24.83	
406	30.632	30.879	32.884	28.418	25.831	24.647	
407	30.681	30.981	33.018	28.306	25.691	24.585	
408	30.732	31.084	33.152	28.204	25.67	24.441	
409	30.786	31.19	33.287	28.091	25.533	24.21	
410	30.843	31.297	33.423	28.031	25.423	24.179	
411	30.902	31.406	33.558	27.868	25.362	24.088	
412	30.963	31.515	33.694	27.819	25.199	23.977	
413	31.027	31.627	33.83	27.751	25.068	23.815	
414	31.092	31.739	33.966	27.647	25.046	23.779	
415	31.16	31.853	34.102	27.567	24.906	23.666	
416	31.229	31.968	34.239	27.436	24.81	23.564	
417	31.3	32.084	34.375	27.395	24.667	23.442	
418	31.373	32.201	34.512	27.242	24.576	23.314	
419	31.448	32.318	34.649	27.24	24.539	23.278	
420	31.524	32.437	34.787	27.177	24.391	23.051	
421	31.602	32.557	34.924	26.993	24.277	23.05	
422	31.682	32.678	35.062	27.016	24.164	22.99	
423	31.763	32.799	35.2	26.934	24.088	22.879	
424	31.846	32.922	35.338	26.867	24.049	22.714	
425	31.93	33.045	35.477	26.755	23.89	22.644	
426	32.015	33.169	35.616	26.651	23.86	22.58	
427	32.102	33.295	35.755	26.553	23.755	22.538	
428	32.19	33.421	35.895	26.479	23.663	22.372	
429	32.28	33.548	36.035	26.519	23.569	22.282	
430	32.371	33.676	36.176	26.369	23.426	22.284	
431	32.464	33.804	36.317	26.264	23.503	22.162	
432	32.557	33.934	36.459	26.276	23.311	21.984	
433	32.652	34.064	36.601	26.141	23.339	21.941	
434	32.749	34.196	36.744	26.086	23.175	21.795	
435	32.846	34.328	36.888	26.006	23.033	21.804	
436	32.946	34.461	37.032	25.973	22.899	21.543	
437	33.046	34.596	37.177	25.893	22.922	21.617	
438	33.147	34.731	37.323	25.872	22.893	21.469	
439	33.25	34.867	37.47	25.71	22.818	21.435	
440	33.354	35.004	37.617	25.695	22.639	21.343	
441	33.46	35.142	37.766	25.63	22.648	21.261	
442	33.567	35.282	37.915	25.588	22.648	21.104	
443	33.674	35.422	38.065	25.507	22.442	21.184	
444	33.784	35.563	38.217	25.556	22.424	20.985	
445	33.894	35.706	38.369	25.392	22.277	20.91	
446	34.006	35.849	38.522	25.234	22.293	20.863	
447	34.119	35.994	38.677	25.292	22.112	20.749	
448	34.233	36.14	38.832	25.195	22.141	20.723	
449	34.349	36.287	38.989	25.183	22.026	20.627	
450	34.465	36.435	39.147	25.118	21.916	20.654	
451	34.583	36.585	39.307	25.118	21.857	20.554	
452	34.703	36.735	39.467	25.026	21.784	20.444	
453	34.824	36.887	39.629	24.922	21.755	20.443	
454	34.946	37.04	39.793	24.835	21.684	20.273	
455	35.069	37.195	39.958	24.769	21.671	20.279	
456	35.193	37.351	40.124	24.72	21.58	20.095	
457	35.319	37.508	40.292	24.709	21.546	20.092	
458	35.446	37.666	40.461	24.66	21.441	20.062	
459	35.575	37.826	40.632	24.663	21.481	19.975	
460	35.705	37.988	40.805	24.545	21.331	19.906	
461	35.836	38.15	40.98	24.62	21.233	19.818	
462	35.968	38.315	41.156	24.431	21.183	19.772	
463	36.102	38.481	41.334	24.46	21.21	19.722	
464	36.237	38.648	41.513	24.327	21.031	19.609	
465	36.374	38.817	41.695	24.36	21.017	19.608	
466	36.512	38.987	41.878	24.267	20.954	19.454	
467	36.651	39.159	42.063	24.206	20.854	19.484	
468	36.792	39.333	42.251	24.17	20.799	19.396	
469	36.934	39.508	42.44	24.092	20.77	19.34	
470	37.077	39.685	42.631	24.061	20.699	19.193	
471	37.222	39.863	42.825	24.012	20.652	19.217	
472	37.369	40.043	43.02	23.934	20.679	19.142	
473	37.516	40.225	43.218	23.947	20.517	19.035	
474	37.666	40.409	43.418	23.908	20.509	19.076	
475	37.816	40.595	43.62	23.846	20.472	18.955	
476	37.968	40.782	43.825	23.824	20.439	18.928	
477	38.122	40.971	44.032	23.74	20.279	18.806	
478	38.277	41.162	44.241	23.684	20.28	18.775	
479	38.433	41.355	44.453	23.667	20.197	18.72	
480	38.591	41.55	44.667	23.599	20.142	18.638	
481	38.751	41.747	44.883	23.572	20.093	18.615	
482	38.912	41.945	45.103	23.495	20.1	18.561	
483	39.074	42.146	45.324	23.543	20.037	18.524	
484	39.238	42.349	45.549	23.447	19.952	18.437	
485	39.403	42.553	45.776	23.405	19.904	18.479	
486	39.57	42.76	46.006	23.388	19.787	18.36	
487	39.739	42.969	46.238	23.308	19.783	18.254	
488	39.909	43.179	46.473	23.318	19.714	18.213	
489	40.081	43.392	46.711	23.228	19.691	18.178	
490	40.254	43.607	46.952	23.239	19.606	18.185	
491	40.429	43.824	47.196	23.162	19.598	18.078	
492	40.605	44.044	47.443	23.125	19.513	18.036	
493	40.783	44.265	47.692	23.098	19.505	17.975	
494	40.962	44.489	47.945	23.049	19.475	17.976	
495	41.143	44.715	48.201	23.039	19.452	17.877	
496	41.326	44.943	48.46	22.991	19.38	17.876	
497	41.51	45.174	48.722	22.952	19.303	17.874	
498	41.696	45.406	48.987	22.922	19.281	17.787	
499	41.883	45.641	49.255	22.888	19.204	17.73	
500	42.072	45.879	49.527	22.873	19.164	17.653	
501	42.263	46.118	49.801	22.799	19.155	17.607	
502	42.455	46.36	50.079	22.748	19.072	17.553	
503	42.649	46.605	50.361	22.745	19.08	17.515	
504	42.845	46.851	50.645	22.67	18.989	17.461	
505	43.042	47.1	50.933	22.66	18.966	17.426	
506	43.24	47.352	51.225	22.59	18.9	17.357	
507	43.441	47.606	51.52	22.573	18.858	17.36	
508	43.643	47.862	51.818	22.544	18.831	17.264	
509	43.846	48.121	52.12	22.54	18.784	17.234	
510	44.051	48.382	52.425	22.464	18.744	17.185	
511	44.258	48.646	52.734	22.441	18.672	17.172	
512	44.467	48.912	53.046	22.411	18.653	17.095	
513	44.677	49.18	53.362	22.38	18.604	17.039	
514	44.888	49.451	53.682	22.329	18.581	17.008	
515	45.101	49.725	54.005	22.323	18.521	16.956	
516	45.316	50.001	54.332	22.272	18.488	16.925	
517	45.532	50.279	54.662	22.233	18.453	16.889	
518	45.75	50.56	54.996	22.213	18.429	16.8	
519	45.97	50.843	55.334	22.156	18.383	16.8	
520	46.191	51.129	55.675	22.155	18.329	16.783	
521	46.413	51.417	56.02	22.107	18.281	16.705	
522	46.637	51.708	56.369	22.082	18.236	16.682	
523	46.863	52.001	56.721	22.044	18.197	16.633	
524	47.09	52.296	57.078	22.008	18.175	16.576	
525	47.318	52.594	57.437	21.973	18.11	16.541	
526	47.548	52.895	57.801	21.948	18.101	16.479	
527	47.78	53.198	58.168	21.919	18.041	16.467	
528	48.013	53.503	58.539	21.871	18.015	16.444	
529	48.247	53.81	58.913	21.848	17.935	16.346	
530	48.483	54.12	59.292	21.807	17.963	16.332	
531	48.72	54.432	59.674	21.787	17.894	16.282	
532	48.958	54.747	60.059	21.792	17.872	16.249	
533	49.198	55.063	60.448	21.715	17.836	16.21	
534	49.439	55.382	60.841	21.688	17.765	16.173	
535	49.681	55.704	61.237	21.675	17.736	16.118	
536	49.925	56.027	61.637	21.642	17.728	16.071	
537	50.169	56.352	62.04	21.635	17.67	16.051	
538	50.415	56.68	62.447	21.595	17.649	16.008	
539	50.662	57.009	62.857	21.569	17.626	15.99	
540	50.911	57.341	63.271	21.55	17.587	15.938	
541	51.16	57.674	63.688	21.51	17.537	15.923	
542	51.41	58.01	64.108	21.482	17.509	15.858	
543	51.661	58.347	64.532	21.476	17.461	15.814	
544	51.913	58.686	64.958	21.431	17.422	15.773	
545	52.167	59.027	65.388	21.41	17.437	15.761	
546	52.421	59.369	65.822	21.352	17.352	15.71	
547	52.675	59.714	66.258	21.367	17.317	15.707	
548	52.931	60.059	66.697	21.329	17.285	15.648	
549	53.187	60.406	67.139	21.326	17.238	15.622	
550	53.444	60.755	67.584	21.261	17.228	15.591	
551	53.702	61.104	68.032	21.239	17.193	15.54	
552	53.96	61.455	68.482	21.241	17.157	15.508	
553	54.218	61.807	68.936	21.207	17.129	15.477	
554	54.477	62.16	69.392	21.168	17.077	15.44	
555	54.736	62.514	69.85	21.16	17.056	15.395	
556	54.996	62.869	70.311	21.131	17.016	15.362	
557	55.256	63.224	70.774	21.103	16.947	15.317	
558	55.516	63.58	71.239	21.084	16.962	15.3	
559	55.776	63.937	71.707	21.046	16.928	15.278	
560	56.036	64.293	72.176	21.019	16.886	15.228	
561	56.296	64.651	72.648	21.007	16.84	15.186	
562	56.556	65.008	73.121	21	16.812	15.184	
563	56.816	65.365	73.596	20.961	16.801	15.133	
564	57.075	65.721	74.073	20.944	16.75	15.126	
565	57.334	66.078	74.552	20.9	16.721	15.064	
566	57.593	66.434	75.032	20.879	16.684	15.074	
567	57.851	66.789	75.513	20.845	16.66	15.01	
568	58.108	67.143	75.995	20.818	16.626	14.969	
569	58.365	67.496	76.479	20.805	16.591	14.939	
570	58.62	67.848	76.964	20.791	16.566	14.891	
571	58.875	68.198	77.449	20.756	16.54	14.877	
572	59.129	68.547	77.936	20.734	16.528	14.866	
573	59.381	68.894	78.423	20.719	16.489	14.815	
574	59.632	69.238	78.91	20.685	16.473	14.755	
575	59.882	69.58	79.399	20.662	16.434	14.74	
576	60.13	69.92	79.887	20.631	16.404	14.719	
577	60.377	70.256	80.375	20.644	16.385	14.694	
578	60.622	70.59	80.864	20.618	16.331	14.681	
579	60.865	70.92	81.353	20.576	16.316	14.62	
580	61.107	71.246	81.841	20.577	16.277	14.621	
581	61.346	71.568	82.329	20.535	16.251	14.584	
582	61.583	71.885	82.816	20.524	16.22	14.522	
583	61.817	72.198	83.302	20.504	16.18	14.507	
584	62.049	72.506	83.788	20.492	16.17	14.517	
585	62.279	72.808	84.272	20.442	16.155	14.449	
586	62.506	73.104	84.755	20.431	16.123	14.417	
587	62.73	73.394	85.237	20.436	16.098	14.362	
588	62.951	73.678	85.716	20.408	16.07	14.357	
589	63.168	73.954	86.192	20.364	16.041	14.332	
590	63.383	74.223	86.664	20.345	16.005	14.287	
591	63.594	74.484	87.132	20.333	15.99	14.25	
592	63.802	74.736	87.592	20.31	15.918	14.221	
593	64.006	74.98	88.041	20.296	15.969	14.198	
594	64.206	75.214	88.469	20.283	15.892	14.209	
595	64.403	75.439	88.856	20.24	15.88	14.155	
596	64.595	75.653	89.145	20.22	15.879	14.124	
597	64.783	75.857	89.222	20.21	15.839	14.089	
598	64.967	76.049	89.038	20.202	15.8	14.07	
599	65.146	76.23	88.701	20.184	15.748	14.033	
600	65.32	76.399	88.301	20.146	15.774	14.024	
601	65.49	76.556	87.876	20.111	15.734	13.982	
602	65.656	76.7	87.439	20.089	15.676	13.946	
603	65.815	76.83	86.996	20.073	15.681	13.918	
604	65.971	76.947	86.55	20.062	15.645	13.915	
605	66.12	77.05	86.104	20.041	15.608	13.859	
606	66.265	77.139	85.658	20.03	15.616	13.815	
607	66.404	77.215	85.213	19.998	15.592	13.779	
608	66.537	77.275	84.769	20.014	15.535	13.804	
609	66.665	77.321	84.328	19.982	15.547	13.748	
610	66.787	77.353	83.888	19.959	15.505	13.733	
611	66.904	77.371	83.45	19.939	15.468	13.708	
612	67.014	77.374	83.015	19.937	15.48	13.705	
613	67.118	77.363	82.583	19.905	15.44	13.625	
614	67.217	77.338	82.153	19.873	15.416	13.633	
615	67.309	77.299	81.726	19.872	15.373	13.599	
616	67.395	77.246	81.301	19.848	15.366	13.567	
617	67.475	77.181	80.88	19.833	15.339	13.548	
618	67.549	77.103	80.461	19.81	15.324	13.544	
619	67.616	77.012	80.045	19.793	15.289	13.484	
620	67.677	76.91	79.633	19.769	15.26	13.464	
621	67.732	76.796	79.223	19.744	15.245	13.463	
622	67.78	76.672	78.817	19.758	15.223	13.435	
623	67.823	76.537	78.413	19.727	15.19	13.375	
624	67.858	76.391	78.013	19.705	15.17	13.372	
625	67.888	76.237	77.616	19.678	15.168	13.392	
626	67.911	76.074	77.223	19.681	15.12	13.311	
627	67.928	75.902	76.832	19.667	15.098	13.304	
628	67.938	75.722	76.445	19.638	15.06	13.283	
629	67.943	75.535	76.061	19.635	15.075	13.294	
630	67.941	75.342	75.68	19.57	15.013	13.233	
631	67.933	75.141	75.303	19.565	15.066	13.236	
632	67.92	74.935	74.929	19.575	15.011	13.141	
633	67.9	74.723	74.558	19.564	14.965	13.12	
634	67.875	74.506	74.191	19.51	14.954	13.069	
635	67.844	74.284	73.827	19.493	14.942	13.106	
636	67.807	74.058	73.466	19.49	14.951	13.106	
637	67.765	73.828	73.108	19.498	14.872	13.056	
638	67.717	73.594	72.754	19.454	14.846	13.046	
639	67.664	73.357	72.404	19.459	14.818	13.027	
640	67.606	73.117	72.056	19.425	14.799	13.018	
641	67.543	72.874	71.712	19.452	14.778	12.939	
642	67.474	72.629	71.371	19.402	14.772	12.986	
643	67.401	72.381	71.033	19.387	14.721	12.945	
644	67.323	72.132	70.699	19.404	14.727	12.899	
645	67.241	71.881	70.368	19.385	14.71	12.869	
646	67.154	71.629	70.04	19.341	14.67	12.857	
647	67.063	71.375	69.715	19.34	14.697	12.832	
648	66.968	71.12	69.394	19.298	14.644	12.833	
649	66.868	70.865	69.076	19.29	14.633	12.793	
650	66.765	70.609	68.761	19.268	14.571	12.757	
651	66.658	70.352	68.449	19.249	14.593	12.771	
652	66.547	70.095	68.14	19.245	14.544	12.718	
653	66.433	69.838	67.835	19.224	14.556	12.69	
654	66.315	69.58	67.532	19.213	14.505	12.636	
655	66.194	69.323	67.233	19.188	14.528	12.643	
656	66.07	69.066	66.936	19.173	14.551	12.655	
657	65.943	68.809	66.643	19.182	14.495	12.58	
658	65.813	68.552	66.353	19.145	14.451	12.585	
659	65.68	68.296	66.065	19.135	14.393	12.576	
660	65.545	68.041	65.781	19.131	14.406	12.557	
661	65.407	67.786	65.5	19.149	14.366	12.521	
662	65.267	67.532	65.221	19.141	14.38	12.487	
663	65.125	67.278	64.946	19.085	14.354	12.478	
664	64.98	67.026	64.673	19.067	14.358	12.46	
665	64.834	66.774	64.403	19.05	14.329	12.422	
666	64.685	66.524	64.136	19.037	14.283	12.4	
667	64.535	66.274	63.872	19.049	14.264	12.403	
668	64.383	66.026	63.61	19.03	14.28	12.379	
669	64.229	65.779	63.351	19.015	14.24	12.357	
670	64.074	65.533	63.095	18.996	14.227	12.341	
671	63.917	65.288	62.842	18.983	14.189	12.272	
672	63.759	65.045	62.591	18.968	14.151	12.307	
673	63.6	64.802	62.343	18.924	14.153	12.286	
674	63.44	64.562	62.097	18.939	14.161	12.278	
675	63.278	64.322	61.854	18.916	14.153	12.296	
676	63.116	64.084	61.614	18.918	14.072	12.203	
677	62.953	63.847	61.376	18.905	14.111	12.199	
678	62.788	63.612	61.141	18.877	14.073	12.219	
679	62.624	63.378	60.908	18.874	14.028	12.143	
680	62.458	63.146	60.677	18.865	14.013	12.153	
681	62.292	62.915	60.449	18.846	13.999	12.088	
682	62.125	62.686	60.223	18.845	14.005	12.109	
683	61.958	62.458	60	18.808	13.954	12.072	
684	61.79	62.232	59.779	18.784	13.945	12.093	
685	61.622	62.008	59.56	18.793	13.961	12.052	
686	61.454	61.784	59.344	18.775	13.924	12.002	
687	61.286	61.563	59.13	18.777	13.89	11.991	
688	61.117	61.343	58.918	18.772	13.868	11.962	
689	60.948	61.125	58.708	18.761	13.903	11.957	
690	60.779	60.908	58.5	18.716	13.875	11.965	
691	60.61	60.693	58.295	18.724	13.843	11.91	
692	60.442	60.479	58.092	18.709	13.782	11.94	
693	60.273	60.267	57.89	18.696	13.781	11.891	
694	60.104	60.056	57.691	18.682	13.775	11.898	
695	59.935	59.847	57.494	18.653	13.738	11.859	
696	59.767	59.64	57.299	18.654	13.704	11.854	
697	59.599	59.434	57.106	18.647	13.742	11.818	
698	59.431	59.23	56.915	18.656	13.697	11.76	
699	59.263	59.028	56.725	18.615	13.678	11.745	
700	59.095	58.827	56.538	18.603	13.714	11.763	
701	58.928	58.627	56.353	18.616	13.601	11.754	
702	58.762	58.429	56.169	18.605	13.677	11.742	
703	58.595	58.233	55.988	18.55	13.664	11.695	
704	58.429	58.038	55.808	18.548	13.616	11.689	
705	58.264	57.844	55.63	18.593	13.586	11.663	
706	58.099	57.653	55.454	18.539	13.595	11.627	
707	57.934	57.462	55.279	18.519	13.587	11.625	
708	57.771	57.274	55.106	18.499	13.513	11.634	
709	57.607	57.086	54.935	18.52	13.555	11.58	
710	57.444	56.901	54.766	18.509	13.487	11.628	
711	57.282	56.716	54.598	18.491	13.491	11.511	
712	57.12	56.534	54.432	18.46	13.43	11.505	
713	56.959	56.352	54.268	18.443	13.501	11.532	
714	56.799	56.172	54.105	18.434	13.419	11.487	
715	56.639	55.994	53.944	18.397	13.433	11.469	
716	56.48	55.817	53.785	18.418	13.356	11.374	
717	56.321	55.641	53.627	18.408	13.398	11.468	
718	56.164	55.467	53.47	18.389	13.347	11.371	
719	56.006	55.294	53.315	18.416	13.365	11.461	
720	55.85	55.123	53.162	18.332	13.336	11.414	
721	55.694	54.953	53.01	18.377	13.311	11.389	
722	55.539	54.784	52.859	18.373	13.341	11.365	
723	55.385	54.617	52.71	18.316	13.339	11.362	
724	55.232	54.451	52.562	18.348	13.267	11.357	
725	55.079	54.287	52.416	18.293	13.366	11.278	
726	54.927	54.124	52.271	18.343	13.2	11.279	
727	54.776	53.962	52.127	18.3	13.25	11.255	
728	54.625	53.801	51.985	18.318	13.194	11.255	
729	54.476	53.642	51.844	18.272	13.178	11.254	
730	54.327	53.484	51.704	18.26	13.183	11.173	
731	54.179	53.327	51.566	18.22	13.167	11.208	
732	54.031	53.172	51.429	18.247	13.116	11.197	
733	53.885	53.017	51.293	18.236	13.152	11.165	
734	53.739	52.864	51.159	18.263	13.117	11.143	
735	53.594	52.713	51.026	18.212	13.131	11.119	
736	53.45	52.562	50.893	18.211	13.114	11.12	
737	53.307	52.413	50.763	18.221	13.084	11.153	
738	53.164	52.265	50.633	18.175	13.091	11.076	
739	53.022	52.118	50.504	18.168	13.067	11.094	
740	52.881	51.972	50.377	18.198	13.06	11.074	
741	52.741	51.827	50.251	18.146	13.012	11.072	
742	52.602	51.684	50.126	18.159	13.021	11.016	
743	52.463	51.541	50.002	18.16	13.027	10.987	
744	52.326	51.4	49.879	18.128	13	11.023	
745	52.189	51.26	49.757	18.098	13.023	11.013	
746	52.053	51.121	49.636	18.113	12.97	10.981	
747	51.917	50.983	49.517	18.112	13.001	10.944	
748	51.783	50.847	49.398	18.09	12.967	10.93	
749	51.649	50.711	49.28	18.087	12.928	10.902	
750	51.516	50.576	49.164	18.026	12.909	10.938	
751	51.384	50.443	49.048	18.064	12.892	10.873	
752	51.253	50.31	48.933	18.016	12.923	10.846	
753	51.122	50.179	48.82	18.042	12.881	10.845	
754	50.992	50.048	48.707	18.033	12.862	10.87	
755	50.864	49.919	48.595	17.998	12.896	10.794	
756	50.735	49.79	48.485	18.017	12.83	10.84	
757	50.608	49.663	48.375	18.016	12.778	10.837	
758	50.481	49.536	48.266	17.993	12.814	10.794	
759	50.356	49.411	48.158	17.991	12.817	10.766	
760	50.231	49.286	48.051	17.965	12.743	10.723	
761	50.106	49.162	47.944	17.94	12.757	10.727	
762	49.983	49.04	47.839	17.968	12.744	10.685	
763	49.86	48.918	47.735	17.942	12.757	10.67	
764	49.738	48.797	47.631	17.942	12.75	10.703	
765	49.617	48.677	47.528	17.928	12.723	10.649	
766	49.496	48.558	47.426	17.945	12.732	10.659	
767	49.377	48.44	47.325	17.932	12.689	10.658	
768	49.258	48.323	47.225	17.898	12.676	10.604	
769	49.14	48.207	47.125	17.901	12.684	10.63	
770	49.022	48.091	47.026	17.88	12.632	10.573	
771	48.905	47.977	46.928	17.839	12.621	10.567	
772	48.789	47.863	46.831	17.837	12.664	10.567	
773	48.674	47.75	46.735	17.851	12.613	10.567	
774	48.56	47.638	46.639	17.831	12.605	10.51	
775	48.446	47.527	46.544	17.81	12.584	10.517	
776	48.333	47.416	46.45	17.872	12.563	10.49	
777	48.22	47.306	46.356	17.813	12.541	10.499	
778	48.108	47.198	46.264	17.814	12.507	10.516	
779	47.997	47.09	46.172	17.771	12.515	10.473	
780	47.887	46.982	46.08	17.769	12.529	10.484	
781	47.777	46.876	45.99	17.816	12.552	10.405	
782	47.669	46.77	45.9	17.788	12.453	10.414	
783	47.56	46.665	45.81	17.766	12.44	10.413	
784	47.453	46.561	45.722	17.747	12.468	10.369	
785	47.346	46.458	45.634	17.727	12.424	10.347	
786	47.24	46.355	45.547	17.72	12.435	10.349	
787	47.134	46.253	45.46	17.725	12.412	10.345	
788	47.029	46.152	45.374	17.722	12.394	10.324	
789	46.925	46.051	45.288	17.703	12.376	10.317	
790	46.821	45.951	45.204	17.705	12.403	10.277	
791	46.718	45.852	45.12	17.675	12.368	10.278	
792	46.616	45.754	45.036	17.689	12.361	10.267	
793	46.514	45.656	44.953	17.679	12.381	10.266	
794	46.413	45.559	44.871	17.66	12.327	10.239	
795	46.313	45.462	44.789	17.659	12.309	10.224	
796	46.213	45.367	44.708	17.662	12.313	10.213	
797	46.114	45.272	44.627	17.654	12.325	10.176	
798	46.016	45.177	44.547	17.666	12.323	10.181	
799	45.918	45.083	44.468	17.647	12.261	10.206	
800	45.82	44.99	44.389	17.62	12.266	10.135	
801	45.724	44.898	44.31	17.605	12.279	10.152	
802	45.627	44.806	44.232	17.648	12.257	10.122	
803	45.532	44.715	44.155	17.585	12.228	10.092	
804	45.437	44.624	44.078	17.575	12.219	10.133	
805	45.343	44.534	44.002	17.566	12.198	10.093	
806	45.249	44.444	43.926	17.583	12.17	10.084	
807	45.156	44.356	43.851	17.566	12.126	10.115	
808	45.063	44.267	43.777	17.569	12.174	10.024	
809	44.971	44.18	43.702	17.516	12.099	10.047	
810	44.879	44.092	43.629	17.556	12.165	10.014	
811	44.788	44.006	43.555	17.537	12.131	9.9973	
812	44.698	43.92	43.483	17.532	12.176	10.005	
813	44.608	43.835	43.41	17.542	12.077	9.9926	
814	44.519	43.75	43.339	17.52	12.11	10.013	
815	44.43	43.665	43.267	17.499	12.091	9.9656	
816	44.342	43.582	43.196	17.51	12.082	9.9131	
817	44.254	43.498	43.126	17.487	12.062	9.9298	
818	44.167	43.416	43.056	17.492	12.059	9.9034	
819	44.081	43.333	42.987	17.483	12.042	9.9129	
820	43.994	43.252	42.917	17.46	12.018	9.8719	
821	43.909	43.171	42.849	17.453	12.005	9.8656	
822	43.824	43.09	42.781	17.45	12.012	9.8616	
823	43.739	43.01	42.713	17.451	12.006	9.8525	
824	43.655	42.93	42.646	17.443	12.007	9.8497	
825	43.572	42.851	42.579	17.437	11.988	9.8449	
826	43.488	42.773	42.512	17.433	11.98	9.8362	
827	43.406	42.694	42.446	17.43	11.974	9.8144	
828	43.324	42.617	42.38	17.419	11.964	9.8087	
829	43.242	42.54	42.315	17.407	11.95	9.7941	
830	43.161	42.463	42.25	17.407	11.946	9.8031	
831	43.08	42.387	42.186	17.4	11.919	9.7859	
832	43	42.311	42.122	17.384	11.91	9.7662	
833	42.92	42.236	42.058	17.379	11.905	9.7353	
834	42.841	42.161	41.995	17.367	11.897	9.7158	
835	42.762	42.086	41.932	17.36	11.889	9.7177	
836	42.684	42.012	41.869	17.358	11.888	9.6974	
837	42.606	41.939	41.807	17.35	11.861	9.7024	
838	42.529	41.866	41.745	17.356	11.846	9.6741	
839	42.452	41.793	41.684	17.339	11.835	9.6728	
840	42.375	41.721	41.622	17.323	11.851	9.6213	
841	42.299	41.649	41.562	17.338	11.799	9.6059	
842	42.224	41.578	41.501	17.35	11.812	9.6524	
843	42.148	41.507	41.441	17.333	11.79	9.6237	
844	42.074	41.436	41.381	17.328	11.8	9.6135	
845	41.999	41.366	41.322	17.337	11.83	9.5864	
846	41.925	41.296	41.263	17.25	11.762	9.5728	
847	41.852	41.227	41.204	17.316	11.671	9.6306	
848	41.779	41.158	41.146	17.299	11.801	9.6341	
849	41.706	41.089	41.088	17.296	11.713	9.5251	
850	41.634	41.021	41.03	17.278	11.74	9.5683	
851	41.562	40.953	40.973	17.254	11.712	9.5872	
852	41.49	40.886	40.916	17.249	11.723	9.4661	
853	41.419	40.819	40.859	17.279	11.658	9.4759	
854	41.348	40.752	40.802	17.228	11.704	9.4325	
855	41.278	40.686	40.746	17.23	11.626	9.478	
856	41.208	40.62	40.69	17.202	11.678	9.4881	
857	41.139	40.555	40.635	17.234	11.659	9.4508	
858	41.07	40.49	40.579	17.248	11.682	9.4151	
859	41.001	40.425	40.524	17.26	11.629	9.461	
860	40.932	40.36	40.47	17.206	11.667	9.4684	
861	40.864	40.296	40.415	17.177	11.615	9.3825	
862	40.797	40.232	40.361	17.215	11.595	9.3837	
863	40.73	40.169	40.307	17.205	11.644	9.3907	
864	40.663	40.106	40.254	17.208	11.589	9.387	
865	40.596	40.043	40.201	17.157	11.577	9.3165	
866	40.53	39.981	40.148	17.167	11.563	9.3468	
867	40.464	39.919	40.095	17.147	11.513	9.3459	
868	40.399	39.857	40.042	17.118	11.543	9.3501	
869	40.334	39.796	39.99	17.15	11.508	9.2901	
870	40.269	39.735	39.938	17.159	11.516	9.3057	
871	40.204	39.674	39.887	17.146	11.508	9.2767	
872	40.14	39.613	39.835	17.131	11.512	9.3136	
873	40.077	39.553	39.784	17.157	11.469	9.267	
874	40.013	39.494	39.733	17.129	11.488	9.2504	
875	39.95	39.434	39.683	17.111	11.474	9.2559	
876	39.887	39.375	39.632	17.115	11.465	9.2204	
877	39.825	39.316	39.582	17.112	11.46	9.2537	
878	39.763	39.257	39.532	17.083	11.444	9.2191	
879	39.701	39.199	39.483	17.079	11.432	9.1998	
880	39.64	39.141	39.433	17.071	11.421	9.1926	
881	39.579	39.083	39.384	17.069	11.417	9.1849	
882	39.518	39.026	39.335	17.067	11.412	9.1889	
883	39.457	38.969	39.287	17.063	11.408	9.1794	
884	39.397	38.912	39.238	17.061	11.404	9.1718	
885	39.337	38.856	39.19	17.061	11.396	9.1709	
886	39.278	38.799	39.142	17.056	11.388	9.1566	
887	39.219	38.743	39.094	17.046	11.371	9.1428	
888	39.16	38.688	39.047	17.044	11.364	9.1243	
889	39.101	38.632	38.999	17.031	11.351	9.1119	
890	39.043	38.577	38.952	17.018	11.337	9.0964	
891	38.985	38.522	38.905	17.012	11.328	9.0812	
892	38.927	38.468	38.859	17.01	11.316	9.0788	
893	38.869	38.413	38.812	17.003	11.31	9.0602	
894	38.812	38.359	38.766	16.991	11.308	9.0486	
895	38.755	38.305	38.72	16.999	11.303	9.0533	
896	38.699	38.252	38.674	16.989	11.29	9.0498	
897	38.642	38.199	38.629	16.989	11.285	9.0476	
898	38.586	38.145	38.583	16.987	11.282	9.0195	
899	38.531	38.093	38.538	16.979	11.268	9.0175	
900	38.475	38.04	38.493	16.966	11.258	8.9949	
901	38.42	37.988	38.448	16.947	11.247	8.9733	
902	38.365	37.936	38.404	16.948	11.229	8.9685	
903	38.31	37.884	38.359	16.945	11.226	8.9618	
904	38.256	37.832	38.315	16.94	11.217	8.9595	
905	38.202	37.781	38.271	16.932	11.215	8.9576	
906	38.148	37.73	38.227	16.934	11.21	8.9517	
907	38.094	37.679	38.184	16.929	11.206	8.9528	
908	38.041	37.628	38.14	16.931	11.194	8.9288	
909	37.988	37.578	38.097	16.916	11.183	8.9209	
910	37.935	37.528	38.054	16.902	11.167	8.91	
911	37.882	37.478	38.011	16.906	11.155	8.9055	
912	37.83	37.428	37.968	16.894	11.128	8.8691	
913	37.778	37.379	37.926	16.881	11.137	8.8493	
914	37.726	37.33	37.883	16.883	11.127	8.8511	
915	37.674	37.28	37.841	16.876	11.114	8.8449	
916	37.623	37.232	37.799	16.869	11.119	8.8435	
917	37.572	37.183	37.757	16.869	11.116	8.8377	
918	37.521	37.135	37.716	16.872	11.111	8.8326	
919	37.47	37.086	37.674	16.868	11.102	8.8198	
920	37.42	37.039	37.633	16.862	11.094	8.8106	
921	37.37	36.991	37.592	16.852	11.081	8.8013	
922	37.32	36.943	37.551	16.848	11.073	8.8045	
923	37.27	36.896	37.51	16.851	11.066	8.7956	
924	37.221	36.849	37.469	16.835	11.037	8.7695	
925	37.172	36.802	37.429	16.832	11.054	8.7564	
926	37.123	36.755	37.389	16.815	11.035	8.7417	
927	37.074	36.709	37.348	16.816	11.041	8.7315	
928	37.025	36.662	37.308	16.814	11.034	8.7362	
929	36.977	36.616	37.269	16.797	10.994	8.7477	
930	36.929	36.57	37.229	16.793	10.972	8.7269	
931	36.881	36.524	37.189	16.805	11.016	8.7154	
932	36.833	36.479	37.15	16.812	10.951	8.6826	
933	36.786	36.434	37.111	16.782	11.008	8.6791	
934	36.738	36.388	37.072	16.775	10.976	8.695	
935	36.691	36.343	37.033	16.773	10.978	8.6554	
936	36.645	36.299	36.994	16.753	10.941	8.6501	
937	36.598	36.254	36.955	16.753	10.935	8.6851	
938	36.552	36.21	36.917	16.783	10.944	8.6069	
939	36.505	36.165	36.878	16.761	10.933	8.6336	
940	36.459	36.121	36.84	16.766	10.894	8.6504	
941	36.414	36.077	36.802	16.76	10.92	8.6114	
942	36.368	36.034	36.764	16.739	10.886	8.5574	
943	36.323	35.99	36.727	16.715	10.91	8.5951	
944	36.277	35.947	36.689	16.717	10.929	8.5787	
945	36.232	35.904	36.651	16.744	10.893	8.5827	
946	36.188	35.861	36.614	16.743	10.888	8.5713	
947	36.143	35.818	36.577	16.722	10.888	8.5569	
948	36.099	35.775	36.54	16.718	10.861	8.5456	
949	36.054	35.733	36.503	16.708	10.84	8.5238	
950	36.01	35.69	36.466	16.702	10.832	8.5213	
951	35.966	35.648	36.429	16.691	10.851	8.5259	
952	35.923	35.606	36.393	16.683	10.844	8.5209	
953	35.879	35.565	36.356	16.694	10.825	8.4986	
954	35.836	35.523	36.32	16.695	10.819	8.5124	
955	35.793	35.481	36.284	16.682	10.807	8.4784	
956	35.75	35.44	36.248	16.663	10.812	8.4848	
957	35.707	35.399	36.212	16.664	10.803	8.5324	
958	35.665	35.358	36.176	16.644	10.785	8.4534	
959	35.622	35.317	36.141	16.666	10.771	8.4791	
960	35.58	35.276	36.105	16.678	10.753	8.4078	
961	35.538	35.236	36.07	16.673	10.778	8.3952	
962	35.496	35.195	36.034	16.661	10.689	8.3687	
963	35.455	35.155	35.999	16.62	10.712	8.4149	
964	35.413	35.115	35.964	16.649	10.748	8.3485	
965	35.372	35.075	35.929	16.617	10.733	8.3817	
966	35.331	35.035	35.894	16.628	10.753	8.359	
967	35.29	34.996	35.86	16.623	10.733	8.3919	
968	35.249	34.956	35.825	16.627	10.745	8.3832	
969	35.208	34.917	35.791	16.611	10.709	8.3707	
970	35.168	34.878	35.756	16.625	10.692	8.3925	
971	35.127	34.839	35.722	16.613	10.68	8.3706	
972	35.087	34.8	35.688	16.61	10.702	8.3492	
973	35.047	34.761	35.654	16.61	10.685	8.3224	
974	35.007	34.722	35.62	16.594	10.661	8.3374	
975	34.968	34.684	35.586	16.588	10.668	8.2816	
976	34.928	34.646	35.553	16.58	10.653	8.2972	
977	34.889	34.607	35.519	16.575	10.641	8.2843	
978	34.85	34.569	35.486	16.572	10.632	8.2858	
979	34.811	34.531	35.452	16.57	10.638	8.2719	
980	34.772	34.494	35.419	16.575	10.628	8.2724	
981	34.733	34.456	35.386	16.572	10.626	8.2804	
982	34.695	34.418	35.353	16.566	10.621	8.2707	
983	34.656	34.381	35.32	16.562	10.623	8.2828	
984	34.618	34.344	35.287	16.548	10.613	8.2676	
985	34.58	34.307	35.254	16.546	10.617	8.2362	
986	34.542	34.27	35.222	16.573	10.595	8.2584	
987	34.504	34.233	35.189	16.537	10.591	8.2149	
988	34.466	34.196	35.157	16.532	10.56	8.1936	
989	34.429	34.159	35.125	16.524	10.566	8.1933	
990	34.391	34.123	35.092	16.52	10.547	8.1876	
991	34.354	34.087	35.06	16.519	10.55	8.1676	
992	34.317	34.05	35.028	16.52	10.545	8.1802	
993	34.28	34.014	34.996	16.509	10.544	8.1739	
994	34.243	33.978	34.965	16.517	10.548	8.1768	
995	34.207	33.942	34.933	16.503	10.54	8.1619	
996	34.17	33.907	34.901	16.496	10.533	8.1554	
997	34.134	33.871	34.87	16.504	10.529	8.1444	
998	34.098	33.836	34.838	16.493	10.516	8.1417	
999	34.061	33.8	34.807	16.483	10.502	8.1776	
1000	34.025	33.765	34.776	16.5	10.478	8.1157	
1001	33.99	33.73	34.745	16.464	10.53	8.0949	
1002	33.954	33.695	34.714	16.485	10.51	8.0982	
1003	33.918	33.66	34.683	16.476	10.477	8.0989	
1004	33.883	33.625	34.652	16.475	10.443	8.0759	
1005	33.848	33.59	34.621	16.439	10.542	8.1117	
1006	33.813	33.556	34.59	16.467	10.428	8.1096	
1007	33.777	33.521	34.56	16.465	10.492	8.0327	
1008	33.743	33.487	34.529	16.449	10.484	8.0563	
1009	33.708	33.453	34.499	16.429	10.432	8.0496	
1010	33.673	33.419	34.468	16.466	10.451	8.0414	
1011	33.639	33.385	34.438	16.433	10.444	8.0428	
1012	33.604	33.351	34.408	16.438	10.431	8.0143	
1013	33.57	33.317	34.378	16.434	10.414	8.0082	
1014	33.536	33.283	34.348	16.435	10.394	8.0042	
1015	33.502	33.25	34.318	16.437	10.4	7.9932	
1016	33.468	33.216	34.288	16.413	10.402	8.087	
1017	33.434	33.183	34.258	16.395	10.365	7.9546	
1018	33.401	33.15	34.229	16.391	10.366	7.9748	
1019	33.367	33.117	34.199	16.377	10.349	7.938	
1020	33.334	33.084	34.17	16.428	10.409	7.9076	
1021	33.3	33.051	34.14	16.344	10.406	7.9482	
1022	33.267	33.018	34.111	16.399	10.335	7.9468	
1023	33.234	32.985	34.082	16.418	10.322	7.9437	
1024	33.201	32.953	34.052	16.374	10.301	7.9785	
1025	33.168	32.92	34.023	16.416	10.31	7.9159	
1026	33.136	32.888	33.994	16.38	10.359	7.8728	
1027	33.103	32.855	33.965	16.414	10.241	7.8987	
1028	33.071	32.823	33.937	16.371	10.339	7.8451	
1029	33.038	32.791	33.908	16.355	10.283	7.8299	
1030	33.006	32.759	33.879	16.359	10.328	7.903	
1031	32.974	32.727	33.85	16.422	10.333	7.9249	
1032	32.942	32.695	33.822	16.316	10.327	7.8632	
1033	32.91	32.663	33.793	16.382	10.287	7.887	
1034	32.878	32.632	33.765	16.356	10.309	7.8533	
1035	32.847	32.6	33.737	16.379	10.251	7.9231	
1036	32.815	32.569	33.708	16.253	10.285	7.8388	
1037	32.784	32.537	33.68	16.397	10.175	7.8035	
1038	32.752	32.506	33.652	16.319	10.24	7.9786	
1039	32.721	32.475	33.624	16.361	10.29	7.9209	
1040	32.69	32.444	33.596	16.298	10.088	7.8087	
1041	32.659	32.413	33.568	16.335	10.216	7.8567	
1042	32.628	32.382	33.541	16.445	10.238	7.6434	
1043	32.597	32.351	33.513	16.412	10.176	7.6925	
1044	32.566	32.321	33.485	16.267	10.268	7.7417	
1045	32.536	32.29	33.458	16.308	10.204	7.7873	
1046	32.505	32.259	33.43	16.204	10.35	7.5825	
1047	32.475	32.229	33.403	16.266	10.039	7.7932	
1048	32.445	32.199	33.375	16.229	10.157	7.8069	
1049	32.414	32.168	33.348	16.299	10.171	7.7236	
1050	32.384	32.138	33.321	16.276	10.083	7.8107	
1051	32.354	32.108	33.293	16.278	10.17	7.7396	
1052	32.324	32.078	33.266	16.273	10.161	7.7044	
1053	32.295	32.048	33.239	16.277	10.167	7.7231	
1054	32.265	32.018	33.212	16.277	10.148	7.7089	
1055	32.235	31.989	33.185	16.277	10.167	7.6972	
1056	32.206	31.959	33.159	16.273	10.135	7.687	
1057	32.176	31.929	33.132	16.269	10.153	7.6997	
1058	32.147	31.9	33.105	16.262	10.142	7.6709	
1059	32.118	31.871	33.078	16.247	10.134	7.6933	
1060	32.089	31.841	33.052	16.254	10.134	7.6648	
1061	32.06	31.812	33.025	16.263	10.116	7.6747	
1062	32.031	31.783	32.999	16.239	10.115	7.6648	
1063	32.002	31.754	32.972	16.235	10.098	7.6667	
1064	31.973	31.725	32.946	16.233	10.093	7.6472	
1065	31.945	31.696	32.92	16.225	10.087	7.629	
1066	31.916	31.667	32.894	16.232	10.086	7.618	
1067	31.888	31.638	32.868	16.223	10.089	7.6219	
1068	31.859	31.61	32.841	16.218	10.078	7.6284	
1069	31.831	31.581	32.815	16.223	10.054	7.6005	
1070	31.803	31.552	32.789	16.22	10.079	7.5985	
1071	31.775	31.524	32.764	16.218	10.063	7.599	
1072	31.747	31.496	32.738	16.202	10.065	7.5925	
1073	31.719	31.467	32.712	16.215	10.029	7.5661	
1074	31.691	31.439	32.686	16.199	10.044	7.5808	
1075	31.663	31.411	32.661	16.193	10.033	7.5517	
1076	31.636	31.383	32.635	16.201	10.022	7.5548	
1077	31.608	31.355	32.609	16.189	10.024	7.5511	
1078	31.58	31.327	32.584	16.185	10.008	7.5417	
1079	31.553	31.299	32.559	16.186	10.022	7.5314	
1080	31.526	31.271	32.533	16.186	10.011	7.5387	
1081	31.499	31.244	32.508	16.179	10.01	7.5348	
1082	31.471	31.216	32.483	16.172	10.007	7.5257	
1083	31.444	31.189	32.457	16.18	9.9947	7.5117	
1084	31.417	31.161	32.432	16.172	9.995	7.5129	
1085	31.391	31.134	32.407	16.166	9.9914	7.5014	
1086	31.364	31.106	32.382	16.171	9.9923	7.5038	
1087	31.337	31.079	32.357	16.156	9.9873	7.4945	
1088	31.31	31.052	32.332	16.166	9.9817	7.4997	
1089	31.284	31.025	32.308	16.159	9.9779	7.4821	
1090	31.257	30.998	32.283	16.158	9.9803	7.4881	
1091	31.231	30.971	32.258	16.153	9.9785	7.4853	
1092	31.205	30.944	32.233	16.144	9.9565	7.4715	
1093	31.179	30.917	32.209	16.148	9.9506	7.4729	
1094	31.152	30.89	32.184	16.141	9.9601	7.4722	
1095	31.126	30.864	32.16	16.15	9.9318	7.4483	
1096	31.1	30.837	32.135	16.144	9.9407	7.4519	
1097	31.074	30.81	32.111	16.13	9.9283	7.4383	
1098	31.049	30.784	32.086	16.124	9.9234	7.4168	
1099	31.023	30.758	32.062	16.123	9.9232	7.4195	
1100	30.997	30.731	32.038	16.113	9.9178	7.4139	
1101	30.972	30.705	32.014	16.124	9.9056	7.3964	
1102	30.946	30.679	31.989	16.116	9.8945	7.3888	
1103	30.921	30.653	31.965	16.109	9.8791	7.3797	
1104	30.895	30.626	31.941	16.105	9.888	7.3786	
1105	30.87	30.6	31.917	16.097	9.8862	7.3711	
1106	30.845	30.574	31.893	16.101	9.8753	7.3644	
1107	30.819	30.548	31.869	16.09	9.8672	7.3615	
1108	30.794	30.523	31.846	16.098	9.873	7.3533	
1109	30.769	30.497	31.822	16.089	9.8628	7.35	
1110	30.745	30.471	31.798	16.087	9.8562	7.3493	
1111	30.72	30.446	31.774	16.086	9.8575	7.3426	
1112	30.695	30.42	31.751	16.085	9.8439	7.3361	
1113	30.67	30.394	31.727	16.085	9.8491	7.3346	
1114	30.646	30.369	31.704	16.08	9.8466	7.3305	
1115	30.621	30.344	31.68	16.077	9.8484	7.3291	
1116	30.596	30.318	31.657	16.078	9.8409	7.3321	
1117	30.572	30.293	31.633	16.079	9.8416	7.3209	
1118	30.548	30.268	31.61	16.072	9.8334	7.3214	
1119	30.523	30.243	31.586	16.06	9.8347	7.3015	
1120	30.499	30.218	31.563	16.068	9.8313	7.2924	
1121	30.475	30.192	31.54	16.067	9.8176	7.2878	
1122	30.451	30.168	31.517	16.06	9.8063	7.2978	
1123	30.427	30.143	31.494	16.048	9.8069	7.2903	
1124	30.403	30.118	31.471	16.063	9.8076	7.2673	
1125	30.379	30.093	31.448	16.054	9.7979	7.2623	
1126	30.355	30.068	31.425	16.058	9.8085	7.2676	
1127	30.332	30.044	31.402	16.033	9.7894	7.2435	
1128	30.308	30.019	31.379	16.033	9.7801	7.246	
1129	30.284	29.994	31.356	16.039	9.78	7.2589	
1130	30.261	29.97	31.333	16.029	9.784	7.2303	
1131	30.237	29.945	31.31	16.028	9.7661	7.2327	
1132	30.214	29.921	31.288	16.029	9.7641	7.2224	
1133	30.191	29.897	31.265	16.022	9.7746	7.22	
1134	30.167	29.872	31.242	16.013	9.7404	7.2208	
1135	30.144	29.848	31.22	16.016	9.7516	7.1929	
1136	30.121	29.824	31.197	16.019	9.733	7.2045	
1137	30.098	29.8	31.175	16.012	9.7186	7.2018	
1138	30.075	29.776	31.152	16.011	9.7314	7.1817	
1139	30.052	29.752	31.13	16.007	9.7294	7.188	
1140	30.029	29.728	31.108	16	9.711	7.1734	
1141	30.006	29.704	31.085	16.013	9.7229	7.1701	
1142	29.984	29.68	31.063	16.009	9.7157	7.1425	
1143	29.961	29.656	31.041	15.991	9.7047	7.1754	
1144	29.938	29.633	31.019	15.991	9.6948	7.1627	
1145	29.916	29.609	30.996	15.994	9.7082	7.1617	
1146	29.893	29.585	30.974	15.991	9.6734	7.1488	
1147	29.871	29.562	30.952	15.987	9.6773	7.1375	
1148	29.848	29.538	30.93	15.993	9.6824	7.1398	
1149	29.826	29.515	30.908	15.982	9.6859	7.1336	
1150	29.804	29.492	30.886	15.971	9.6696	7.1285	
1151	29.782	29.468	30.865	15.973	9.6557	7.1144	
1152	29.759	29.445	30.843	15.974	9.6664	7.1066	
1153	29.737	29.422	30.821	15.967	9.6521	7.0941	
1154	29.715	29.398	30.799	15.961	9.6519	7.0958	
1155	29.693	29.375	30.777	15.966	9.6506	7.0979	
1156	29.671	29.352	30.756	15.955	9.6498	7.0837	
1157	29.65	29.329	30.734	15.955	9.6421	7.0727	
1158	29.628	29.306	30.712	15.956	9.6421	7.0731	
1159	29.606	29.283	30.691	15.96	9.6267	7.0708	
1160	29.584	29.26	30.669	15.957	9.628	7.0722	
1161	29.563	29.237	30.648	15.947	9.6061	7.0769	
1162	29.541	29.215	30.626	15.943	9.6372	7.0503	
1163	29.52	29.192	30.605	15.932	9.6109	7.0423	
1164	29.498	29.169	30.584	15.933	9.5892	7.0355	
1165	29.477	29.147	30.562	15.926	9.6021	7.0251	
1166	29.456	29.124	30.541	15.934	9.5923	7.0232	
1167	29.434	29.101	30.52	15.935	9.6092	7.0307	
1168	29.413	29.079	30.498	15.925	9.5875	7.0159	
1169	29.392	29.056	30.477	15.919	9.579	7.0094	
1170	29.371	29.034	30.456	15.923	9.5874	6.9969	
1171	29.35	29.012	30.435	15.918	9.5745	6.9927	
1172	29.329	28.989	30.414	15.915	9.5753	6.9904	
1173	29.308	28.967	30.393	15.913	9.572	6.9898	
1174	29.287	28.945	30.372	15.912	9.5717	6.9855	
1175	29.266	28.923	30.351	15.911	9.5671	6.9893	
1176	29.245	28.901	30.33	15.909	9.5553	6.9753	
1177	29.225	28.879	30.309	15.913	9.5548	6.9734	
1178	29.204	28.857	30.288	15.902	9.5491	6.9642	
1179	29.183	28.835	30.268	15.902	9.5544	6.9693	
1180	29.163	28.813	30.247	15.901	9.5467	6.9584	
1181	29.142	28.791	30.226	15.901	9.5467	6.9598	
1182	29.122	28.769	30.205	15.894	9.5385	6.9547	
1183	29.101	28.747	30.185	15.897	9.537	6.95	
1184	29.081	28.725	30.164	15.892	9.532	6.9421	
1185	29.061	28.704	30.144	15.883	9.531	6.946	
1186	29.04	28.682	30.123	15.885	9.5219	6.9289	
1187	29.02	28.66	30.102	15.884	9.5224	6.9354	
1188	29	28.639	30.082	15.877	9.523	6.9241	
1189	28.98	28.617	30.062	15.882	9.5084	6.9071	
1190	28.96	28.596	30.041	15.876	9.5137	6.9197	
1191	28.94	28.574	30.021	15.87	9.5099	6.9094	
1192	28.92	28.553	30	15.871	9.4961	6.8957	
1193	28.9	28.532	29.98	15.868	9.4961	6.8932	
1194	28.88	28.51	29.96	15.862	9.5027	6.9035	
1195	28.86	28.489	29.94	15.874	9.474	6.8908	
1196	28.841	28.468	29.919	15.86	9.4905	6.8699	
1197	28.821	28.447	29.899	15.862	9.4762	6.8911	
1198	28.801	28.426	29.879	15.852	9.4631	6.8864	
1199	28.782	28.405	29.859	15.851	9.477	6.8633	
1200	28.762	28.383	29.839	15.858	9.4625	6.8505	
1201	28.743	28.362	29.819	15.861	9.4796	6.8706	
1202	28.723	28.341	29.799	15.841	9.4636	6.8566	
1203	28.704	28.321	29.779	15.848	9.4582	6.8337	
1204	28.684	28.3	29.759	15.851	9.4464	6.8183	
1205	28.665	28.279	29.739	15.832	9.4472	6.8323	
1206	28.646	28.258	29.719	15.836	9.466	6.8321	
1207	28.626	28.237	29.699	15.846	9.4633	6.8204	
1208	28.607	28.217	29.68	15.832	9.4402	6.8124	
1209	28.588	28.196	29.66	15.836	9.4279	6.8174	
1210	28.569	28.175	29.64	15.829	9.4198	6.7981	
1211	28.55	28.155	29.62	15.824	9.4014	6.7811	
1212	28.531	28.134	29.601	15.822	9.4159	6.7865	
1213	28.512	28.114	29.581	15.831	9.4125	6.7945	
1214	28.493	28.093	29.561	15.818	9.422	6.771	
1215	28.474	28.073	29.542	15.827	9.4065	6.7776	
1216	28.456	28.052	29.522	15.816	9.3902	6.7962	
1217	28.437	28.032	29.503	15.82	9.3945	6.7799	
1218	28.418	28.012	29.483	15.792	9.3676	6.7812	
1219	28.399	27.991	29.464	15.814	9.3787	6.7488	
1220	28.381	27.971	29.444	15.812	9.3724	6.7566	
1221	28.362	27.951	29.425	15.792	9.3678	6.7577	
1222	28.344	27.931	29.406	15.806	9.4041	6.7482	
1223	28.325	27.911	29.386	15.808	9.3612	6.7497	
1224	28.307	27.891	29.367	15.802	9.3661	6.7322	
1225	28.288	27.871	29.348	15.793	9.3623	6.7376	
1226	28.27	27.851	29.329	15.803	9.3763	6.7294	
1227	28.252	27.831	29.309	15.81	9.3589	6.7325	
1228	28.233	27.811	29.29	15.774	9.3448	6.7237	
1229	28.215	27.791	29.271	15.767	9.3236	6.7278	
1230	28.197	27.771	29.252	15.774	9.3573	6.7086	
1231	28.179	27.751	29.233	15.796	9.3605	6.676	
1232	28.161	27.731	29.214	15.789	9.3331	6.7336	
1233	28.143	27.712	29.195	15.803	9.3612	6.6865	
1234	28.125	27.692	29.176	15.779	9.3636	6.7088	
1235	28.107	27.672	29.157	15.762	9.3504	6.6856	
1236	28.089	27.653	29.138	15.776	9.3508	6.7156	
1237	28.071	27.633	29.119	15.771	9.3581	6.6932	
1238	28.053	27.614	29.1	15.803	9.3178	6.7029	
1239	28.035	27.594	29.081	15.735	9.3726	6.7182	
1240	28.017	27.575	29.063	15.732	9.2717	6.6779	
1241	28	27.555	29.044	15.745	9.341	6.6356	
1242	27.982	27.536	29.025	15.735	9.3044	6.6996	
1243	27.964	27.516	29.006	15.764	9.3127	6.761	
1244	27.947	27.497	28.988	15.782	9.3076	6.6586	
1245	27.929	27.478	28.969	15.721	9.362	6.5928	
1246	27.912	27.458	28.95	15.748	9.298	6.6041	
1247	27.894	27.439	28.932	15.731	9.2333	6.6094	
1248	27.877	27.42	28.913	15.743	9.2731	6.5843	
1249	27.859	27.401	28.895	15.775	9.2931	6.6536	
1250	27.842	27.382	28.876	15.753	9.3398	6.5861	
1251	27.825	27.363	28.858	15.739	9.2561	6.6486	
1252	27.807	27.344	28.839	15.709	9.2021	6.5795	
1253	27.79	27.325	28.821	15.708	9.3079	6.5872	
1254	27.773	27.306	28.802	15.716	9.2289	6.5936	
1255	27.756	27.287	28.784	15.74	9.2415	6.623	
1256	27.739	27.268	28.765	15.719	9.2629	6.5966	
1257	27.721	27.249	28.747	15.717	9.2216	6.5567	
1258	27.704	27.23	28.729	15.725	9.2458	6.548	
1259	27.687	27.211	28.711	15.694	9.2312	6.5771	
1260	27.67	27.192	28.692	15.709	9.2387	6.553	
1261	27.653	27.174	28.674	15.706	9.2178	6.5473	
1262	27.637	27.155	28.656	15.689	9.2162	6.5425	
1263	27.62	27.136	28.638	15.706	9.2186	6.5313	
1264	27.603	27.118	28.62	15.682	9.2026	6.5444	
1265	27.586	27.099	28.601	15.708	9.2245	6.5324	
1266	27.569	27.081	28.583	15.696	9.2306	6.5176	
1267	27.553	27.062	28.565	15.709	9.2023	6.5414	
1268	27.536	27.043	28.547	15.714	9.2095	6.5453	
1269	27.519	27.025	28.529	15.701	9.2186	6.5538	
1270	27.503	27.007	28.511	15.696	9.198	6.5367	
1271	27.486	26.988	28.493	15.683	9.2039	6.5136	
1272	27.47	26.97	28.475	15.688	9.2189	6.5472	
1273	27.453	26.951	28.458	15.705	9.2243	6.5247	
1274	27.437	26.933	28.44	15.701	9.2005	6.5306	
1275	27.42	26.915	28.422	15.686	9.1823	6.4939	
1276	27.404	26.897	28.404	15.699	9.2087	6.5205	
1277	27.387	26.878	28.386	15.663	9.1993	6.5191	
1278	27.371	26.86	28.368	15.665	9.1892	6.5112	
1279	27.355	26.842	28.351	15.681	9.1589	6.4593	
1280	27.339	26.824	28.333	15.675	9.156	6.4798	
1281	27.322	26.806	28.315	15.682	9.1567	6.4748	
1282	27.306	26.788	28.298	15.676	9.169	6.4949	
1283	27.29	26.77	28.28	15.656	9.1537	6.4527	
1284	27.274	26.752	28.262	15.632	9.1916	6.4591	
1285	27.258	26.734	28.245	15.644	9.1608	6.4782	
1286	27.242	26.716	28.227	15.669	9.1557	6.4463	
1287	27.226	26.698	28.21	15.652	9.1412	6.4697	
1288	27.21	26.68	28.192	15.663	9.1606	6.4591	
1289	27.194	26.662	28.175	15.652	9.1422	6.4344	
1290	27.178	26.644	28.157	15.657	9.1551	6.4376	
1291	27.162	26.627	28.14	15.64	9.1345	6.4164	
1292	27.147	26.609	28.122	15.656	9.1345	6.4736	
1293	27.131	26.591	28.105	15.647	9.1239	6.4379	
1294	27.115	26.574	28.088	15.668	9.1578	6.4281	
1295	27.099	26.556	28.07	15.646	9.1369	6.3954	
1296	27.084	26.538	28.053	15.653	9.1292	6.3926	
1297	27.068	26.521	28.036	15.651	9.0942	6.4387	
1298	27.052	26.503	28.018	15.631	9.1357	6.4042	
1299	27.037	26.486	28.001	15.641	9.0837	6.373	
1300	27.021	26.468	27.984	15.624	9.1037	6.3995	
1301	27.006	26.451	27.967	15.641	9.126	6.3705	
1302	26.99	26.433	27.95	15.611	9.0799	6.4187	
1303	26.975	26.416	27.932	15.637	9.1245	6.3851	
1304	26.959	26.398	27.915	15.648	9.1135	6.3952	
1305	26.944	26.381	27.898	15.652	9.0861	6.3467	
1306	26.929	26.364	27.881	15.629	9.1235	6.3831	
1307	26.913	26.346	27.864	15.62	9.108	6.3954	
1308	26.898	26.329	27.847	15.613	9.0891	6.388	
1309	26.883	26.312	27.83	15.62	9.0991	6.3783	
1310	26.867	26.295	27.813	15.612	9.0767	6.3653	
1311	26.852	26.277	27.796	15.62	9.0461	6.3913	
1312	26.837	26.26	27.779	15.608	9.0606	6.3221	
1313	26.822	26.243	27.762	15.613	9.0866	6.3847	
1314	26.807	26.226	27.745	15.607	9.0596	6.3495	
1315	26.792	26.209	27.728	15.602	9.0327	6.3262	
1316	26.777	26.192	27.712	15.629	8.9941	6.3194	
1317	26.762	26.175	27.695	15.605	9.0557	6.3822	
1318	26.747	26.158	27.678	15.589	9.0545	6.3601	
1319	26.732	26.141	27.661	15.631	9.0479	6.354	
1320	26.717	26.124	27.644	15.574	9.0367	6.3584	
1321	26.702	26.107	27.628	15.612	9.0226	6.3347	
1322	26.687	26.09	27.611	15.601	8.9983	6.2378	
1323	26.672	26.073	27.594	15.554	9.0135	6.278	
1324	26.658	26.057	27.578	15.608	9.0519	6.2872	
1325	26.643	26.04	27.561	15.621	8.9865	6.3038	
1326	26.628	26.023	27.544	15.629	8.988	6.2721	
1327	26.613	26.006	27.528	15.6	9.0561	6.2622	
1328	26.599	25.99	27.511	15.561	8.9618	6.3632	
1329	26.584	25.973	27.495	15.563	8.9748	6.2771	
1330	26.569	25.956	27.478	15.621	9.0407	6.2531	
1331	26.555	25.94	27.462	15.566	9.0607	6.3246	
1332	26.54	25.923	27.445	15.561	8.9719	6.418	
1333	26.526	25.906	27.429	15.578	9.0236	6.2824	
1334	26.511	25.89	27.412	15.6	8.9906	6.2743	
1335	26.497	25.873	27.396	15.55	9.0051	6.153	
1336	26.482	25.857	27.38	15.537	9.0374	6.3185	
1337	26.468	25.84	27.363	15.618	8.9803	6.1591	
1338	26.454	25.824	27.347	15.535	9.048	6.2468	
1339	26.439	25.808	27.33	15.561	9.032	6.2708	
1340	26.425	25.791	27.314	15.593	9.0077	6.1586	
1341	26.411	25.775	27.298	15.666	8.8259	6.2786	
1342	26.396	25.758	27.282	15.575	8.9248	6.4947	
1343	26.382	25.742	27.265	15.64	9.0003	6.4568	
1344	26.368	25.726	27.249	15.52	9.0383	6.2736	
1345	26.354	25.71	27.233	15.567	9.1261	6.2256	
1346	26.34	25.693	27.217	15.405	8.8527	6.0078	
1347	26.325	25.677	27.201	15.559	9.1196	5.8337	
1348	26.311	25.661	27.184	15.504	9.1334	6.1728	
1349	26.297	25.645	27.168	15.419	9.278	6.2167	
1350	26.283	25.629	27.152	15.265	9.0644	6.2217	
1351	26.269	25.613	27.136	15.503	8.9301	5.9253	
1352	26.255	25.596	27.12	15.455	8.8241	6.3825	
1353	26.241	25.58	27.104	15.547	8.3823	6.2501	
1354	26.227	25.564	27.088	15.469	9.3073	6.3855	
1355	26.214	25.548	27.072	15.712	8.773	5.6078	
1356	26.2	25.532	27.056	15.648	9.1567	6.0752	
1357	26.186	25.516	27.04	15.444	9.0441	6.2724	
1358	26.172	25.5	27.024	16.248	9.371	6.3795	
1359	26.158	25.485	27.008	16.262	8.6908	6.918	
1426	25.292	24.472	25.987	15.655	9.2987	6.337	
1427	25.28	24.458	25.972	15.544	8.6458	6.0444	
1428	25.268	24.443	25.958	15.394	8.841	5.6434	
1429	25.256	24.429	25.943	15.638	8.6618	5.8162	
1430	25.244	24.415	25.928	15.645	8.8034	5.8313	
1431	25.232	24.4	25.914	15.324	8.9254	6.1083	
1432	25.22	24.386	25.899	15.558	8.5618	5.8907	
1433	25.208	24.372	25.885	15.35	8.5981	5.8503	
1434	25.196	24.358	25.87	15.504	8.9164	6.1849	
1435	25.184	24.343	25.856	15.523	8.856	5.7635	
1436	25.172	24.329	25.841	15.531	8.646	5.9371	
1437	25.16	24.315	25.827	15.437	8.9074	5.8618	
1438	25.148	24.301	25.812	15.329	8.6594	5.9473	
1439	25.136	24.287	25.798	15.448	8.7878	5.9026	
1440	25.125	24.273	25.784	15.332	8.7869	5.8234	
1441	25.113	24.258	25.769	15.418	8.6815	6.0523	
1442	25.101	24.244	25.755	15.471	8.6178	5.804	
1443	25.089	24.23	25.741	15.352	8.745	5.9607	
1444	25.077	24.216	25.726	15.461	8.7728	5.754	
1445	25.066	24.202	25.712	15.33	8.7337	5.8418	
1446	25.054	24.188	25.698	15.463	8.6349	5.8148	
1447	25.042	24.174	25.683	15.435	8.7027	5.7187	
1448	25.031	24.16	25.669	15.418	8.6759	5.8657	
1449	25.019	24.147	25.655	15.369	8.7286	5.8616	
1450	25.007	24.133	25.641	15.389	8.7223	5.7667	
1451	24.996	24.119	25.626	15.439	8.6835	5.8613	
1452	24.984	24.105	25.612	15.461	8.7416	5.9121	
1453	24.973	24.091	25.598	15.432	8.7434	5.9344	
1454	24.961	24.077	25.584	15.347	8.6775	5.7013	
1455	24.95	24.063	25.57	15.416	8.7501	5.778	
1456	24.938	24.05	25.556	15.442	8.7139	5.8162	
1457	24.927	24.036	25.541	15.384	8.5911	5.8161	
1458	24.915	24.022	25.527	15.382	8.7003	5.8269	
1459	24.904	24.008	25.513	15.364	8.5653	5.7475	
1460	24.892	23.995	25.499	15.406	8.6329	5.8577	
1461	24.881	23.981	25.485	15.425	8.6263	5.8131	
1462	24.869	23.967	25.471	15.392	8.6402	5.8205	
1463	24.858	23.954	25.457	15.378	8.6426	5.7707	
1464	24.847	23.94	25.443	15.356	8.6674	5.7556	
1465	24.835	23.926	25.429	15.367	8.7009	5.7782	
1466	24.824	23.913	25.415	15.362	8.5979	5.8152	
1467	24.813	23.899	25.401	15.382	8.6242	5.8072	
1468	24.802	23.886	25.387	15.351	8.6378	5.7845	
1469	24.79	23.872	25.373	15.375	8.6157	5.7777	
1470	24.779	23.859	25.359	15.368	8.6027	5.7829	
1471	24.768	23.845	25.345	15.371	8.6274	5.7814	
1472	24.757	23.832	25.332	15.372	8.6286	5.7604	
1473	24.746	23.818	25.318	15.361	8.64	5.7729	
1474	24.734	23.805	25.304	15.364	8.6233	5.7729	
1475	24.723	23.791	25.29	15.367	8.6216	5.7631	
1476	24.712	23.778	25.276	15.361	8.6167	5.7547	
1477	24.701	23.764	25.262	15.367	8.6407	5.7684	
1478	24.69	23.751	25.249	15.372	8.6251	5.7501	
1479	24.679	23.738	25.235	15.364	8.6199	5.7574	
1480	24.668	23.724	25.221	15.365	8.6238	5.7479	
1481	24.657	23.711	25.207	15.366	8.6113	5.7261	
1482	24.646	23.698	25.194	15.361	8.6283	5.7517	
1483	24.635	23.684	25.18	15.362	8.62	5.7472	
1484	24.624	23.671	25.166	15.378	8.6195	5.7384	
1485	24.613	23.658	25.153	15.355	8.6304	5.737	
1486	24.602	23.645	25.139	15.356	8.5946	5.6973	
1487	24.591	23.631	25.125	15.348	8.6228	5.7008	
1488	24.58	23.618	25.112	15.36	8.6145	5.7232	
1489	24.57	23.605	25.098	15.361	8.6151	5.7038	
1490	24.559	23.592	25.084	15.362	8.5895	5.747	
1491	24.548	23.579	25.071	15.345	8.6053	5.698	
1492	24.537	23.566	25.057	15.351	8.5961	5.7165	
1493	24.526	23.552	25.044	15.341	8.5614	5.7088	
1494	24.516	23.539	25.03	15.341	8.5719	5.697	
1495	24.505	23.526	25.017	15.332	8.5697	5.6877	
1496	24.494	23.513	25.003	15.36	8.6007	5.7053	
1497	24.483	23.5	24.99	15.331	8.5842	5.694	
1498	24.473	23.487	24.976	15.364	8.5808	5.6957	
1499	24.462	23.474	24.963	15.346	8.5729	5.7135	
1500	24.451	23.461	24.949	15.338	8.5688	5.6944	
1501	24.441	23.448	24.936	15.324	8.5615	5.6481	
1502	24.43	23.435	24.923	15.341	8.5663	5.6767	
1503	24.42	23.422	24.909	15.337	8.5858	5.6658	
1504	24.409	23.409	24.896	15.331	8.5525	5.6375	
1505	24.398	23.396	24.882	15.336	8.5556	5.6753	
1506	24.388	23.384	24.869	15.327	8.5511	5.6423	
1507	24.377	23.371	24.856	15.311	8.5398	5.6658	
1508	24.367	23.358	24.842	15.308	8.5416	5.6703	
1509	24.356	23.345	24.829	15.345	8.5427	5.6533	
1510	24.346	23.332	24.816	15.333	8.5601	5.6374	
1511	24.335	23.319	24.802	15.339	8.555	5.6471	
1512	24.325	23.307	24.789	15.33	8.5822	5.6517	
1513	24.314	23.294	24.776	15.364	8.5032	5.6648	
1514	24.304	23.281	24.763	15.322	8.5396	5.6835	
1515	24.294	23.268	24.749	15.295	8.5603	5.6483	
1516	24.283	23.256	24.736	15.318	8.5056	5.6522	
1517	24.273	23.243	24.723	15.315	8.5658	5.6102	
1518	24.263	23.23	24.71	15.295	8.5482	5.6359	
1519	24.252	23.218	24.697	15.297	8.5464	5.6432	
1520	24.242	23.205	24.684	15.291	8.534	5.6375	
1521	24.232	23.192	24.67	15.314	8.4871	5.5673	
1522	24.221	23.18	24.657	15.294	8.5187	5.5965	
1523	24.211	23.167	24.644	15.298	8.5355	5.6022	
1524	24.201	23.155	24.631	15.33	8.5488	5.6586	
1525	24.191	23.142	24.618	15.314	8.5414	5.6269	
1526	24.181	23.129	24.605	15.292	8.5151	5.6013	
1527	24.17	23.117	24.592	15.3	8.528	5.6024	
1528	24.16	23.104	24.579	15.288	8.5465	5.6141	
1529	24.15	23.092	24.566	15.293	8.4942	5.5902	
1530	24.14	23.079	24.553	15.303	8.5058	5.6026	
1531	24.13	23.067	24.54	15.28	8.4914	5.604	
1532	24.12	23.054	24.527	15.308	8.4916	5.603	
1533	24.11	23.042	24.514	15.284	8.4702	5.5967	
1534	24.099	23.03	24.501	15.305	8.4793	5.6376	
1535	24.089	23.017	24.488	15.298	8.4926	5.5712	
1536	24.079	23.005	24.475	15.276	8.4891	5.5791	
1537	24.069	22.992	24.462	15.283	8.4941	5.5846	
1538	24.059	22.98	24.449	15.277	8.5252	5.5789	
1539	24.049	22.968	24.436	15.294	8.4816	5.577	
1540	24.039	22.955	24.423	15.287	8.4628	5.578	
1541	24.03	22.943	24.411	15.275	8.4525	5.5494	
1542	24.02	22.931	24.398	15.281	8.4651	5.5754	
1543	24.01	22.919	24.385	15.279	8.4722	5.544	
1544	24	22.906	24.372	15.282	8.4897	5.5788	
1545	23.99	22.894	24.359	15.263	8.493	5.5536	
1546	23.98	22.882	24.346	15.278	8.4662	5.5539	
1547	23.97	22.87	24.334	15.274	8.4734	5.5453	
1548	23.96	22.857	24.321	15.277	8.4642	5.5399	
1549	23.95	22.845	24.308	15.277	8.4838	5.5347	
1550	23.941	22.833	24.295	15.282	8.4621	5.5433	
1551	23.931	22.821	24.283	15.26	8.4848	5.5405	
1552	23.921	22.809	24.27	15.272	8.4641	5.5476	
1553	23.911	22.797	24.257	15.253	8.4528	5.5522	
1554	23.902	22.785	24.245	15.262	8.4672	5.5335	
1555	23.892	22.772	24.232	15.281	8.442	5.52	
1556	23.882	22.76	24.219	15.259	8.4567	5.5561	
1557	23.872	22.748	24.207	15.253	8.4481	5.5181	
1558	23.863	22.736	24.194	15.256	8.4504	5.5207	
1559	23.853	22.724	24.181	15.276	8.4324	5.4932	
1560	23.843	22.712	24.169	15.271	8.4614	5.517	
1561	23.834	22.7	24.156	15.28	8.463	5.5073	
1562	23.824	22.688	24.144	15.286	8.4263	5.5184	
1563	23.815	22.676	24.131	15.246	8.4494	5.5213	
1564	23.805	22.664	24.119	15.253	8.4738	5.4959	
1565	23.795	22.652	24.106	15.26	8.475	5.4892	
1566	23.786	22.64	24.094	15.25	8.4211	5.471	
1567	23.776	22.629	24.081	15.272	8.4036	5.5013	
1568	23.767	22.617	24.069	15.254	8.4459	5.5132	
1569	23.757	22.605	24.056	15.273	8.4673	5.5183	
1570	23.748	22.593	24.044	15.258	8.4541	5.5109	
1571	23.738	22.581	24.031	15.251	8.43	5.5032	
1572	23.729	22.569	24.019	15.247	8.4216	5.516	
1573	23.719	22.557	24.006	15.253	8.4038	5.4898	
1574	23.71	22.546	23.994	15.271	8.4254	5.4739	
1575	23.701	22.534	23.981	15.231	8.4078	5.4942	
1576	23.691	22.522	23.969	15.249	8.3978	5.4296	
1577	23.682	22.51	23.957	15.217	8.3749	5.4756	
1578	23.672	22.499	23.944	15.237	8.4288	5.4607	
1579	23.663	22.487	23.932	15.228	8.4205	5.4795	
1580	23.654	22.475	23.92	15.239	8.3869	5.4487	
1581	23.644	22.463	23.907	15.234	8.4189	5.4105	
1582	23.635	22.452	23.895	15.257	8.4008	5.48	
1583	23.626	22.44	23.883	15.226	8.4345	5.4544	
1584	23.617	22.428	23.87	15.259	8.3606	5.4227	
1585	23.607	22.417	23.858	15.244	8.4289	5.4566	
1586	23.598	22.405	23.846	15.233	8.3734	5.502	
1587	23.589	22.393	23.834	15.238	8.4237	5.4611	
1588	23.579	22.382	23.821	15.245	8.3774	5.3926	
1589	23.57	22.37	23.809	15.215	8.3875	5.4566	
1590	23.561	22.359	23.797	15.228	8.3519	5.4219	
1591	23.552	22.347	23.785	15.219	8.3652	5.442	
1592	23.543	22.336	23.773	15.22	8.4063	5.4059	
1593	23.534	22.324	23.76	15.242	8.3902	5.4055	
1594	23.524	22.313	23.748	15.227	8.3533	5.4718	
1595	23.515	22.301	23.736	15.251	8.3693	5.388	
1596	23.506	22.29	23.724	15.218	8.396	5.4089	
1597	23.497	22.278	23.712	15.224	8.3787	5.4234	
1598	23.488	22.267	23.7	15.233	8.3674	5.3693	
1599	23.479	22.255	23.688	15.229	8.3583	5.4027	
1600	23.47	22.244	23.676	15.215	8.372	5.3582	
1601	23.461	22.232	23.663	15.245	8.3609	5.4297	
1602	23.452	22.221	23.651	15.238	8.3485	5.3855	
1603	23.443	22.21	23.639	15.243	8.3307	5.3756	
1604	23.434	22.198	23.627	15.231	8.3665	5.3766	
1605	23.425	22.187	23.615	15.219	8.355	5.4195	
1606	23.416	22.175	23.603	15.218	8.3515	5.381	
1607	23.407	22.164	23.591	15.236	8.3546	5.3807	
1608	23.398	22.153	23.579	15.198	8.3743	5.3834	
1609	23.389	22.142	23.567	15.209	8.3542	5.3865	
1610	23.38	22.13	23.555	15.217	8.3669	5.3679	
1611	23.371	22.119	23.543	15.223	8.3448	5.3933	
1612	23.362	22.108	23.531	15.243	8.3307	5.3638	
1613	23.353	22.096	23.52	15.178	8.3644	5.3728	
1614	23.345	22.085	23.508	15.202	8.361	5.4227	
1615	23.336	22.074	23.496	15.227	8.3397	5.3958	
1616	23.327	22.063	23.484	15.22	8.3127	5.3666	
1617	23.318	22.052	23.472	15.246	8.3553	5.3936	
1618	23.309	22.04	23.46	15.226	8.3236	5.3726	
1619	23.301	22.029	23.448	15.199	8.3466	5.3731	
1620	23.292	22.018	23.436	15.181	8.3603	5.3781	
1621	23.283	22.007	23.425	15.208	8.3253	5.3494	
1622	23.274	21.996	23.413	15.178	8.3112	5.3902	
1623	23.266	21.985	23.401	15.171	8.3181	5.3343	
1624	23.257	21.974	23.389	15.213	8.3478	5.3601	
1625	23.248	21.962	23.377	15.221	8.3268	5.3138	
1626	23.239	21.951	23.366	15.189	8.3195	5.3457	
1627	23.231	21.94	23.354	15.194	8.2845	5.3273	
1628	23.222	21.929	23.342	15.187	8.3499	5.3401	
1629	23.213	21.918	23.33	15.19	8.342	5.3735	
1630	23.205	21.907	23.319	15.179	8.3391	5.3371	
1631	23.196	21.896	23.307	15.173	8.3154	5.3855	
1632	23.187	21.885	23.295	15.186	8.35	5.3166	
1633	23.179	21.874	23.284	15.203	8.3497	5.3381	
1634	23.17	21.863	23.272	15.171	8.297	5.3258	
1635	23.162	21.852	23.26	15.194	8.3312	5.3287	
1636	23.153	21.841	23.249	15.188	8.3212	5.3036	
1637	23.145	21.83	23.237	15.199	8.3059	5.3668	
1638	23.136	21.82	23.225	15.222	8.2801	5.3259	
1639	23.128	21.809	23.214	15.182	8.3194	5.2974	
1640	23.119	21.798	23.202	15.173	8.2818	5.3281	
1641	23.111	21.787	23.19	15.175	8.354	5.2891	
1642	23.102	21.776	23.179	15.205	8.2703	5.335	
1643	23.094	21.765	23.167	15.19	8.3112	5.2849	
1644	23.085	21.754	23.156	15.187	8.2906	5.3078	
1645	23.077	21.743	23.144	15.188	8.2927	5.329	
1646	23.068	21.733	23.133	15.208	8.31	5.2496	
1647	23.06	21.722	23.121	15.15	8.3281	5.3322	
1648	23.051	21.711	23.11	15.196	8.214	5.2562	
1649	23.043	21.7	23.098	15.203	8.3041	5.32	
1650	23.035	21.69	23.087	15.183	8.3097	5.3172	
1651	23.026	21.679	23.075	15.183	8.2823	5.2789	
1652	23.018	21.668	23.064	15.167	8.2903	5.2806	
1653	23.01	21.657	23.052	15.222	8.273	5.3132	
1654	23.001	21.647	23.041	15.187	8.2721	5.3	
1655	22.993	21.636	23.029	15.181	8.3124	5.2674	
1656	22.985	21.625	23.018	15.178	8.2858	5.2886	
1657	22.976	21.615	23.006	15.182	8.2736	5.2715	
1658	22.968	21.604	22.995	15.168	8.2909	5.2684	
1659	22.96	21.593	22.984	15.198	8.2389	5.2994	
1660	22.952	21.583	22.972	15.134	8.2013	5.3163	
1661	22.943	21.572	22.961	15.18	8.22	5.277	
1662	22.935	21.561	22.95	15.141	8.2754	5.2561	
1663	22.927	21.551	22.938	15.16	8.3068	5.3083	
1664	22.919	21.54	22.927	15.139	8.2076	5.1903	
1665	22.91	21.53	22.916	15.134	8.2768	5.2901	
1666	22.902	21.519	22.904	15.203	8.2376	5.2267	
1667	22.894	21.509	22.893	15.116	8.178	5.2636	
1668	22.886	21.498	22.882	15.094	8.2587	5.2816	
1669	22.878	21.487	22.87	15.177	8.2221	5.1642	
1670	22.87	21.477	22.859	15.177	8.3188	5.28	
1671	22.861	21.466	22.848	15.144	8.2985	5.1962	
1672	22.853	21.456	22.837	15.205	8.2434	5.1552	
1673	22.845	21.445	22.825	15.194	8.2671	5.2595	
1674	22.837	21.435	22.814	15.196	8.273	5.2443	
1675	22.829	21.425	22.803	15.123	8.1082	5.2754	
1676	22.821	21.414	22.792	15.177	8.2951	5.2414	
1677	22.813	21.404	22.781	15.141	8.2686	5.3115	
1678	22.805	21.393	22.769	15.131	8.1656	5.2901	
1679	22.797	21.383	22.758	15.153	8.2106	5.2576	
1680	22.789	21.372	22.747	15.136	8.2649	5.3272	
1681	22.781	21.362	22.736	15.15	8.3289	5.2473	
1682	22.773	21.352	22.725	15.105	8.2398	5.2015	
1683	22.765	21.341	22.714	15.132	8.2922	5.1972	
1684	22.757	21.331	22.703	15.112	8.2552	5.3479	
1685	22.749	21.321	22.691	15.14	8.0623	5.0309	
1686	22.741	21.31	22.68	15.254	8.287	5.2897	
1687	22.733	21.3	22.669	15.066	8.3556	5.4453	
1688	22.725	21.29	22.658	15.075	8.27	5.2045	
1689	22.717	21.28	22.647	15.151	8.2085	5.0922	
1690	22.709	21.269	22.636	15.044	8.425	5.2279	
1691	22.701	21.259	22.625	15.226	8.1621	5.1941	
1692	22.694	21.249	22.614	15.228	8.4692	5.2754	
1693	22.686	21.238	22.603	14.99	8.3545	5.5722	
1694	22.678	21.228	22.592	14.9	8.082	5.2263	
1695	22.67	21.218	22.581	15.192	8.4939	5.4261	
1696	22.662	21.208	22.57	15.082	8.2301	5.4347	
1697	22.654	21.198	22.559	15.142	8.3357	5.437	
1698	22.647	21.187	22.548	14.719	8.2576	4.9981	
1699	22.639	21.177	22.537	14.916	8.6842	5.3629	
1700	22.631	21.167	22.526	14.932	8.1696	5.1826	
