	65	70	75	65	70	75	
300	40.565	39.223	38.608	37.511	37.209	37.514	
301	40.207	38.858	38.23	37.295	36.907	37.453	
302	39.859	38.5	37.855	37.087	36.772	37.279	
303	39.521	38.147	37.479	37.019	36.553	37.024	
304	39.192	37.799	37.102	36.99	36.489	37.052	
305	38.872	37.458	36.726	36.884	36.423	36.867	
306	38.562	37.12	36.347	36.614	36.185	36.77	
307	38.259	36.787	35.967	36.511	36.277	36.641	
308	37.965	36.458	35.586	36.334	36.128	36.541	
309	37.677	36.132	35.201	36.365	35.959	36.377	
310	37.397	35.809	34.813	36.171	35.873	36.379	
311	37.125	35.49	34.422	36.159	35.715	36.319	
312	36.858	35.173	34.027	36.209	35.719	36.207	
313	36.597	34.859	33.628	35.89	35.526	36.139	
314	36.343	34.546	33.225	35.955	35.547	35.953	
315	36.094	34.236	32.817	35.892	35.364	35.909	
316	35.85	33.928	32.405	35.798	35.418	35.815	
317	35.612	33.621	31.988	35.661	35.298	35.754	
318	35.378	33.317	31.566	35.561	35.153	35.59	
319	35.15	33.014	31.14	35.518	35.053	35.611	
320	34.926	32.713	30.709	35.535	35.035	35.459	
321	34.706	32.414	30.273	35.427	34.977	35.375	
322	34.491	32.116	29.832	35.393	34.901	35.332	
323	34.281	31.821	29.388	35.355	34.78	35.278	
324	34.075	31.528	28.939	35.23	34.786	35.152	
325	33.873	31.237	28.487	35.241	34.578	35.091	
326	33.675	30.95	28.032	35.155	34.568	35.032	
327	33.482	30.664	27.575	35.062	34.546	34.927	
328	33.293	30.383	27.116	35.028	34.498	34.847	
329	33.109	30.104	26.656	34.999	34.432	34.774	
330	32.929	29.83	26.195	35.011	34.459	34.767	
331	32.754	29.56	25.735	34.888	34.365	34.712	
332	32.584	29.295	25.277	34.842	34.23	34.555	
333	32.419	29.035	24.821	34.885	34.182	34.577	
334	32.258	28.78	24.369	34.798	34.161	34.525	
335	32.103	28.532	23.922	34.731	34.097	34.447	
336	31.954	28.29	23.481	34.609	34.041	34.358	
337	31.81	28.055	23.048	34.687	34.006	34.353	
338	31.671	27.828	22.625	34.632	33.962	34.303	
339	31.539	27.61	22.213	34.529	33.832	34.23	
340	31.413	27.4	21.813	34.579	33.724	34.179	
341	31.294	27.199	21.428	34.486	33.766	34.165	
342	31.181	27.009	21.059	34.466	33.725	34.1	
343	31.075	26.829	20.708	34.549	33.733	34.023	
344	30.976	26.66	20.378	34.521	33.702	33.95	
345	30.884	26.503	20.069	34.424	33.661	33.933	
346	30.801	26.359	19.786	34.455	33.622	33.892	
347	30.725	26.228	19.529	34.458	33.593	33.865	
348	30.658	26.111	19.301	34.377	33.616	33.812	
349	30.6	26.009	19.104	34.389	33.625	33.81	
350	30.552	25.922	18.941	34.388	33.625	33.767	
351	30.514	25.853	18.814	34.35	33.524	33.743	
352	30.488	25.802	18.726	34.396	33.574	33.8	
353	30.473	25.771	18.678	34.351	33.52	33.614	
354	30.47	25.759	18.672	34.458	33.583	33.722	
355	30.48	25.769	18.711	34.599	33.444	33.575	
356	30.503	25.799	18.795	34.579	33.535	33.58	
357	30.538	25.85	18.922	34.514	33.694	33.653	
358	30.583	25.919	19.093	34.45	33.599	33.561	
359	30.635	26.004	19.304	34.557	33.626	33.604	
360	30.692	26.1	19.548	34.568	33.602	33.533	
361	30.748	26.202	19.821	34.519	33.534	33.614	
362	30.799	26.304	20.114	34.468	33.471	33.318	
363	30.84	26.4	20.42	34.502	33.373	33.27	
364	30.866	26.485	20.73	34.485	33.406	33.141	
365	30.875	26.555	21.038	34.48	33.239	33.257	
366	30.864	26.608	21.339	34.43	33.18	32.916	
367	30.832	26.641	21.628	34.217	33.026	32.627	
368	30.78	26.655	21.903	34.2	33.006	32.484	
369	30.706	26.648	22.158	34.034	32.568	32.257	
370	30.613	26.623	22.395	33.841	32.395	31.955	
371	30.506	26.584	22.618	33.737	32.227	31.762	
372	30.387	26.537	22.829	33.555	32.089	31.437	
373	30.261	26.483	23.03	33.39	31.779	31.262	
374	30.129	26.426	23.223	33.076	31.523	30.992	
375	29.994	26.368	23.41	32.972	31.289	30.557	
376	29.858	26.311	23.592	32.744	31.026	30.281	
377	29.723	26.256	23.771	32.512	30.758	29.935	
378	29.59	26.206	23.946	32.361	30.452	29.755	
379	29.461	26.161	24.119	32.152	30.302	29.525	
380	29.336	26.123	24.292	31.847	30.094	29.22	
381	29.217	26.091	24.465	31.78	29.805	28.874	
382	29.103	26.066	24.638	31.618	29.702	28.718	
383	28.994	26.048	24.811	31.407	29.37	28.494	
384	28.891	26.036	24.983	31.178	29.194	28.195	
385	28.795	26.032	25.155	31.074	29.021	28.069	
386	28.705	26.034	25.326	30.864	28.789	27.848	
387	28.622	26.044	25.498	30.652	28.633	27.637	
388	28.544	26.059	25.669	30.583	28.41	27.476	
389	28.473	26.081	25.841	30.461	28.307	27.256	
390	28.408	26.109	26.012	30.26	28.108	27.05	
391	28.351	26.143	26.183	30.191	27.915	26.895	
392	28.3	26.184	26.355	29.981	27.735	26.665	
393	28.255	26.231	26.527	29.878	27.587	26.582	
394	28.217	26.283	26.698	29.682	27.397	26.4	
395	28.184	26.34	26.87	29.63	27.355	26.298	
396	28.158	26.403	27.042	29.422	27.142	26.077	
397	28.139	26.472	27.215	29.335	27.036	25.925	
398	28.124	26.545	27.388	29.275	26.882	25.776	
399	28.115	26.623	27.561	29.093	26.69	25.637	
400	28.111	26.704	27.733	29.072	26.6	25.423	
401	28.114	26.791	27.907	28.922	26.451	25.337	
402	28.121	26.881	28.08	28.768	26.379	25.181	
403	28.132	26.974	28.252	28.682	26.196	25.041	
404	28.147	27.071	28.424	28.573	26.143	24.894	
405	28.167	27.17	28.597	28.511	25.929	24.83	
406	28.191	27.273	28.768	28.418	25.831	24.647	
407	28.218	27.378	28.939	28.306	25.691	24.585	
408	28.248	27.485	29.109	28.204	25.67	24.441	
409	28.282	27.594	29.279	28.091	25.533	24.21	
410	28.319	27.705	29.448	28.031	25.423	24.179	
411	28.359	27.817	29.615	27.868	25.362	24.088	
412	28.401	27.931	29.782	27.819	25.199	23.977	
413	28.447	28.046	29.948	27.751	25.068	23.815	
414	28.494	28.163	30.113	27.647	25.046	23.779	
415	28.544	28.28	30.276	27.567	24.906	23.666	
416	28.596	28.399	30.439	27.436	24.81	23.564	
417	28.65	28.518	30.6	27.395	24.667	23.442	
418	28.706	28.638	30.76	27.242	24.576	23.314	
419	28.764	28.759	30.92	27.24	24.539	23.278	
420	28.824	28.88	31.078	27.177	24.391	23.051	
421	28.886	29.002	31.235	26.993	24.277	23.05	
422	28.949	29.125	31.391	27.016	24.164	22.99	
423	29.014	29.248	31.547	26.934	24.088	22.879	
424	29.08	29.371	31.701	26.867	24.049	22.714	
425	29.148	29.495	31.854	26.755	23.89	22.644	
426	29.217	29.619	32.007	26.651	23.86	22.58	
427	29.288	29.744	32.158	26.553	23.755	22.538	
428	29.361	29.869	32.309	26.479	23.663	22.372	
429	29.434	29.994	32.459	26.519	23.569	22.282	
430	29.509	30.12	32.608	26.369	23.426	22.284	
431	29.585	30.245	32.757	26.264	23.503	22.162	
432	29.662	30.371	32.905	26.276	23.311	21.984	
433	29.741	30.498	33.052	26.141	23.339	21.941	
434	29.82	30.625	33.199	26.086	23.175	21.795	
435	29.901	30.751	33.345	26.006	23.033	21.804	
436	29.983	30.879	33.491	25.973	22.899	21.543	
437	30.066	31.006	33.636	25.893	22.922	21.617	
438	30.15	31.134	33.781	25.872	22.893	21.469	
439	30.235	31.262	33.926	25.71	22.818	21.435	
440	30.321	31.39	34.07	25.695	22.639	21.343	
441	30.408	31.519	34.214	25.63	22.648	21.261	
442	30.496	31.648	34.358	25.588	22.648	21.104	
443	30.585	31.777	34.502	25.507	22.442	21.184	
444	30.675	31.907	34.645	25.556	22.424	20.985	
445	30.766	32.036	34.788	25.392	22.277	20.91	
446	30.858	32.166	34.932	25.234	22.293	20.863	
447	30.951	32.297	35.075	25.292	22.112	20.749	
448	31.044	32.428	35.218	25.195	22.141	20.723	
449	31.139	32.559	35.362	25.183	22.026	20.627	
450	31.234	32.691	35.505	25.118	21.916	20.654	
451	31.33	32.823	35.649	25.118	21.857	20.554	
452	31.428	32.956	35.793	25.026	21.784	20.444	
453	31.526	33.089	35.937	24.922	21.755	20.443	
454	31.624	33.222	36.081	24.835	21.684	20.273	
455	31.724	33.356	36.226	24.769	21.671	20.279	
456	31.825	33.49	36.371	24.72	21.58	20.095	
457	31.926	33.625	36.517	24.709	21.546	20.092	
458	32.029	33.761	36.663	24.66	21.441	20.062	
459	32.132	33.897	36.809	24.663	21.481	19.975	
460	32.236	34.033	36.956	24.545	21.331	19.906	
461	32.341	34.17	37.103	24.62	21.233	19.818	
462	32.446	34.308	37.251	24.431	21.183	19.772	
463	32.553	34.447	37.4	24.46	21.21	19.722	
464	32.66	34.586	37.55	24.327	21.031	19.609	
465	32.769	34.725	37.7	24.36	21.017	19.608	
466	32.878	34.866	37.851	24.267	20.954	19.454	
467	32.988	35.007	38.002	24.206	20.854	19.484	
468	33.098	35.149	38.155	24.17	20.799	19.396	
469	33.21	35.291	38.308	24.092	20.77	19.34	
470	33.322	35.434	38.462	24.061	20.699	19.193	
471	33.436	35.578	38.617	24.012	20.652	19.217	
472	33.55	35.723	38.774	23.934	20.679	19.142	
473	33.665	35.869	38.931	23.947	20.517	19.035	
474	33.781	36.016	39.089	23.908	20.509	19.076	
475	33.898	36.163	39.248	23.846	20.472	18.955	
476	34.015	36.311	39.409	23.824	20.439	18.928	
477	34.134	36.46	39.57	23.74	20.279	18.806	
478	34.253	36.61	39.733	23.684	20.28	18.775	
479	34.373	36.761	39.897	23.667	20.197	18.72	
480	34.495	36.913	40.062	23.599	20.142	18.638	
481	34.617	37.066	40.229	23.572	20.093	18.615	
482	34.74	37.22	40.397	23.495	20.1	18.561	
483	34.863	37.375	40.566	23.543	20.037	18.524	
484	34.988	37.531	40.737	23.447	19.952	18.437	
485	35.114	37.688	40.909	23.405	19.904	18.479	
486	35.24	37.846	41.083	23.388	19.787	18.36	
487	35.368	38.006	41.258	23.308	19.783	18.254	
488	35.496	38.166	41.435	23.318	19.714	18.213	
489	35.625	38.327	41.614	23.228	19.691	18.178	
490	35.756	38.49	41.794	23.239	19.606	18.185	
491	35.887	38.654	41.976	23.162	19.598	18.078	
492	36.019	38.819	42.159	23.125	19.513	18.036	
493	36.152	38.985	42.344	23.098	19.505	17.975	
494	36.286	39.152	42.531	23.049	19.475	17.976	
495	36.421	39.321	42.72	23.039	19.452	17.877	
496	36.557	39.491	42.911	22.991	19.38	17.876	
497	36.694	39.662	43.103	22.952	19.303	17.874	
498	36.831	39.834	43.298	22.922	19.281	17.787	
499	36.97	40.008	43.494	22.888	19.204	17.73	
500	37.11	40.183	43.692	22.873	19.164	17.653	
501	37.251	40.36	43.893	22.799	19.155	17.607	
502	37.393	40.538	44.095	22.748	19.072	17.553	
503	37.535	40.717	44.3	22.745	19.08	17.515	
504	37.679	40.898	44.507	22.67	18.989	17.461	
505	37.824	41.08	44.716	22.66	18.966	17.426	
506	37.97	41.263	44.927	22.59	18.9	17.357	
507	38.116	41.448	45.14	22.573	18.858	17.36	
508	38.264	41.635	45.356	22.544	18.831	17.264	
509	38.413	41.823	45.574	22.54	18.784	17.234	
510	38.563	42.012	45.794	22.464	18.744	17.185	
511	38.713	42.203	46.016	22.441	18.672	17.172	
512	38.865	42.395	46.241	22.411	18.653	17.095	
513	39.018	42.589	46.469	22.38	18.604	17.039	
514	39.172	42.785	46.699	22.329	18.581	17.008	
515	39.327	42.982	46.931	22.323	18.521	16.956	
516	39.482	43.18	47.166	22.272	18.488	16.925	
517	39.639	43.381	47.403	22.233	18.453	16.889	
518	39.797	43.583	47.643	22.213	18.429	16.8	
519	39.956	43.786	47.886	22.156	18.383	16.8	
520	40.116	43.991	48.131	22.155	18.329	16.783	
521	40.277	44.198	48.379	22.107	18.281	16.705	
522	40.439	44.406	48.63	22.082	18.236	16.682	
523	40.602	44.616	48.883	22.044	18.197	16.633	
524	40.766	44.828	49.139	22.008	18.175	16.576	
525	40.931	45.041	49.398	21.973	18.11	16.541	
526	41.098	45.256	49.66	21.948	18.101	16.479	
527	41.265	45.472	49.924	21.919	18.041	16.467	
528	41.433	45.691	50.192	21.871	18.015	16.444	
529	41.602	45.91	50.462	21.848	17.935	16.346	
530	41.772	46.132	50.735	21.807	17.963	16.332	
531	41.943	46.355	51.011	21.787	17.894	16.282	
532	42.116	46.58	51.29	21.792	17.872	16.249	
533	42.289	46.807	51.572	21.715	17.836	16.21	
534	42.463	47.035	51.857	21.688	17.765	16.173	
535	42.638	47.265	52.145	21.675	17.736	16.118	
536	42.814	47.497	52.435	21.642	17.728	16.071	
537	42.991	47.73	52.729	21.635	17.67	16.051	
538	43.169	47.966	53.026	21.595	17.649	16.008	
539	43.348	48.202	53.326	21.569	17.626	15.99	
540	43.528	48.441	53.629	21.55	17.587	15.938	
541	43.709	48.681	53.935	21.51	17.537	15.923	
542	43.891	48.922	54.244	21.482	17.509	15.858	
543	44.074	49.166	54.556	21.476	17.461	15.814	
544	44.257	49.411	54.871	21.431	17.422	15.773	
545	44.442	49.657	55.189	21.41	17.437	15.761	
546	44.627	49.905	55.51	21.352	17.352	15.71	
547	44.813	50.155	55.834	21.367	17.317	15.707	
548	45	50.406	56.162	21.329	17.285	15.648	
549	45.188	50.659	56.492	21.326	17.238	15.622	
550	45.377	50.914	56.825	21.261	17.228	15.591	
551	45.567	51.17	57.162	21.239	17.193	15.54	
552	45.757	51.427	57.501	21.241	17.157	15.508	
553	45.948	51.686	57.843	21.207	17.129	15.477	
554	46.14	51.946	58.189	21.168	17.077	15.44	
555	46.333	52.208	58.537	21.16	17.056	15.395	
556	46.526	52.471	58.888	21.131	17.016	15.362	
557	46.72	52.735	59.242	21.103	16.947	15.317	
558	46.914	53.001	59.599	21.084	16.962	15.3	
559	47.11	53.268	59.959	21.046	16.928	15.278	
560	47.305	53.536	60.321	21.019	16.886	15.228	
561	47.502	53.805	60.687	21.007	16.84	15.186	
562	47.699	54.076	61.055	21	16.812	15.184	
563	47.897	54.347	61.426	20.961	16.801	15.133	
564	48.095	54.62	61.799	20.944	16.75	15.126	
565	48.293	54.893	62.175	20.9	16.721	15.064	
566	48.492	55.168	62.553	20.879	16.684	15.074	
567	48.692	55.444	62.934	20.845	16.66	15.01	
568	48.891	55.72	63.318	20.818	16.626	14.969	
569	49.092	55.997	63.704	20.805	16.591	14.939	
570	49.292	56.275	64.092	20.791	16.566	14.891	
571	49.493	56.554	64.482	20.756	16.54	14.877	
572	49.694	56.833	64.874	20.734	16.528	14.866	
573	49.895	57.113	65.269	20.719	16.489	14.815	
574	50.097	57.393	65.665	20.685	16.473	14.755	
575	50.298	57.674	66.063	20.662	16.434	14.74	
576	50.5	57.955	66.463	20.631	16.404	14.719	
577	50.701	58.236	66.865	20.644	16.385	14.694	
578	50.903	58.517	67.268	20.618	16.331	14.681	
579	51.105	58.799	67.673	20.576	16.316	14.62	
580	51.306	59.08	68.079	20.577	16.277	14.621	
581	51.508	59.361	68.486	20.535	16.251	14.584	
582	51.709	59.642	68.894	20.524	16.22	14.522	
583	51.91	59.923	69.303	20.504	16.18	14.507	
584	52.111	60.203	69.713	20.492	16.17	14.517	
585	52.312	60.483	70.124	20.442	16.155	14.449	
586	52.512	60.762	70.535	20.431	16.123	14.417	
587	52.712	61.041	70.947	20.436	16.098	14.362	
588	52.911	61.319	71.358	20.408	16.07	14.357	
589	53.11	61.595	71.77	20.364	16.041	14.332	
590	53.308	61.871	72.181	20.345	16.005	14.287	
591	53.506	62.146	72.592	20.333	15.99	14.25	
592	53.703	62.419	73.002	20.31	15.918	14.221	
593	53.899	62.69	73.411	20.296	15.969	14.198	
594	54.094	62.96	73.818	20.283	15.892	14.209	
595	54.289	63.229	74.225	20.24	15.88	14.155	
596	54.482	63.495	74.629	20.22	15.879	14.124	
597	54.675	63.76	75.031	20.21	15.839	14.089	
598	54.867	64.022	75.431	20.202	15.8	14.07	
599	55.057	64.282	75.828	20.184	15.748	14.033	
600	55.246	64.539	76.222	20.146	15.774	14.024	
601	55.434	64.794	76.611	20.111	15.734	13.982	
602	55.621	65.047	76.997	20.089	15.676	13.946	
603	55.807	65.296	77.378	20.073	15.681	13.918	
604	55.991	65.542	77.754	20.062	15.645	13.915	
605	56.173	65.784	78.124	20.041	15.608	13.859	
606	56.354	66.024	78.487	20.03	15.616	13.815	
607	56.534	66.259	78.843	19.998	15.592	13.779	
608	56.711	66.491	79.191	20.014	15.535	13.804	
609	56.887	66.719	79.53	19.982	15.547	13.748	
610	57.061	66.943	79.859	19.959	15.505	13.733	
611	57.233	67.162	80.177	19.939	15.468	13.708	
612	57.403	67.377	80.483	19.937	15.48	13.705	
613	57.572	67.587	80.776	19.905	15.44	13.625	
614	57.738	67.792	81.054	19.873	15.416	13.633	
615	57.902	67.992	81.317	19.872	15.373	13.599	
616	58.063	68.187	81.562	19.848	15.366	13.567	
617	58.223	68.377	81.789	19.833	15.339	13.548	
618	58.38	68.561	81.995	19.81	15.324	13.544	
619	58.534	68.739	82.18	19.793	15.289	13.484	
620	58.687	68.911	82.342	19.769	15.26	13.464	
621	58.836	69.077	82.479	19.744	15.245	13.463	
622	58.983	69.237	82.591	19.758	15.223	13.435	
623	59.127	69.391	82.677	19.727	15.19	13.375	
624	59.269	69.537	82.735	19.705	15.17	13.372	
625	59.407	69.677	82.766	19.678	15.168	13.392	
626	59.543	69.811	82.769	19.681	15.12	13.311	
627	59.676	69.937	82.745	19.667	15.098	13.304	
628	59.806	70.056	82.694	19.638	15.06	13.283	
629	59.932	70.168	82.617	19.635	15.075	13.294	
630	60.056	70.273	82.516	19.57	15.013	13.233	
631	60.177	70.37	82.391	19.565	15.066	13.236	
632	60.294	70.459	82.244	19.575	15.011	13.141	
633	60.408	70.542	82.077	19.564	14.965	13.12	
634	60.519	70.616	81.892	19.51	14.954	13.069	
635	60.626	70.683	81.689	19.493	14.942	13.106	
636	60.73	70.742	81.471	19.49	14.951	13.106	
637	60.831	70.793	81.238	19.498	14.872	13.056	
638	60.928	70.837	80.993	19.454	14.846	13.046	
639	61.021	70.873	80.737	19.459	14.818	13.027	
640	61.111	70.901	80.471	19.425	14.799	13.018	
641	61.198	70.921	80.196	19.452	14.778	12.939	
642	61.28	70.934	79.913	19.402	14.772	12.986	
643	61.36	70.939	79.624	19.387	14.721	12.945	
644	61.435	70.936	79.328	19.404	14.727	12.899	
645	61.507	70.927	79.027	19.385	14.71	12.869	
646	61.575	70.91	78.723	19.341	14.67	12.857	
647	61.639	70.885	78.414	19.34	14.697	12.832	
648	61.7	70.854	78.102	19.298	14.644	12.833	
649	61.757	70.815	77.787	19.29	14.633	12.793	
650	61.81	70.77	77.471	19.268	14.571	12.757	
651	61.859	70.717	77.152	19.249	14.593	12.771	
652	61.905	70.659	76.833	19.245	14.544	12.718	
653	61.947	70.594	76.512	19.224	14.556	12.69	
654	61.984	70.522	76.191	19.213	14.505	12.636	
655	62.019	70.444	75.869	19.188	14.528	12.643	
656	62.049	70.361	75.547	19.173	14.551	12.655	
657	62.076	70.272	75.226	19.182	14.495	12.58	
658	62.099	70.177	74.904	19.145	14.451	12.585	
659	62.119	70.077	74.584	19.135	14.393	12.576	
660	62.134	69.971	74.264	19.131	14.406	12.557	
661	62.146	69.861	73.945	19.149	14.366	12.521	
662	62.155	69.745	73.627	19.141	14.38	12.487	
663	62.159	69.626	73.31	19.085	14.354	12.478	
664	62.161	69.501	72.994	19.067	14.358	12.46	
665	62.158	69.372	72.68	19.05	14.329	12.422	
666	62.152	69.24	72.368	19.037	14.283	12.4	
667	62.143	69.103	72.057	19.049	14.264	12.403	
668	62.13	68.962	71.747	19.03	14.28	12.379	
669	62.114	68.818	71.44	19.015	14.24	12.357	
670	62.095	68.671	71.134	18.996	14.227	12.341	
671	62.072	68.52	70.83	18.983	14.189	12.272	
672	62.046	68.367	70.528	18.968	14.151	12.307	
673	62.017	68.21	70.228	18.924	14.153	12.286	
674	61.984	68.051	69.93	18.939	14.161	12.278	
675	61.949	67.889	69.635	18.916	14.153	12.296	
676	61.91	67.724	69.341	18.918	14.072	12.203	
677	61.869	67.558	69.049	18.905	14.111	12.199	
678	61.824	67.389	68.76	18.877	14.073	12.219	
679	61.777	67.218	68.473	18.874	14.028	12.143	
680	61.727	67.046	68.188	18.865	14.013	12.153	
681	61.674	66.871	67.905	18.846	13.999	12.088	
682	61.618	66.695	67.625	18.845	14.005	12.109	
683	61.56	66.518	67.346	18.808	13.954	12.072	
684	61.499	66.339	67.071	18.784	13.945	12.093	
685	61.435	66.159	66.797	18.793	13.961	12.052	
686	61.369	65.978	66.526	18.775	13.924	12.002	
687	61.301	65.795	66.256	18.777	13.89	11.991	
688	61.23	65.612	65.99	18.772	13.868	11.962	
689	61.158	65.428	65.725	18.761	13.903	11.957	
690	61.082	65.243	65.463	18.716	13.875	11.965	
691	61.005	65.058	65.203	18.724	13.843	11.91	
692	60.926	64.872	64.945	18.709	13.782	11.94	
693	60.844	64.685	64.69	18.696	13.781	11.891	
694	60.761	64.498	64.437	18.682	13.775	11.898	
695	60.675	64.311	64.186	18.653	13.738	11.859	
696	60.588	64.124	63.938	18.654	13.704	11.854	
697	60.499	63.936	63.692	18.647	13.742	11.818	
698	60.408	63.748	63.447	18.656	13.697	11.76	
699	60.316	63.56	63.206	18.615	13.678	11.745	
700	60.221	63.372	62.966	18.603	13.714	11.763	
701	60.126	63.184	62.729	18.616	13.601	11.754	
702	60.029	62.997	62.494	18.605	13.677	11.742	
703	59.93	62.809	62.261	18.55	13.664	11.695	
704	59.83	62.622	62.03	18.548	13.616	11.689	
705	59.728	62.435	61.801	18.593	13.586	11.663	
706	59.626	62.248	61.574	18.539	13.595	11.627	
707	59.522	62.061	61.35	18.519	13.587	11.625	
708	59.417	61.875	61.128	18.499	13.513	11.634	
709	59.31	61.69	60.908	18.52	13.555	11.58	
710	59.203	61.505	60.689	18.509	13.487	11.628	
711	59.094	61.32	60.473	18.491	13.491	11.511	
712	58.985	61.136	60.259	18.46	13.43	11.505	
713	58.875	60.952	60.047	18.443	13.501	11.532	
714	58.763	60.769	59.837	18.434	13.419	11.487	
715	58.651	60.587	59.629	18.397	13.433	11.469	
716	58.538	60.406	59.423	18.418	13.356	11.374	
717	58.425	60.225	59.219	18.408	13.398	11.468	
718	58.31	60.044	59.017	18.389	13.347	11.371	
719	58.195	59.865	58.816	18.416	13.365	11.461	
720	58.079	59.686	58.618	18.332	13.336	11.414	
721	57.963	59.508	58.422	18.377	13.311	11.389	
722	57.846	59.331	58.227	18.373	13.341	11.365	
723	57.728	59.154	58.034	18.316	13.339	11.362	
724	57.61	58.979	57.843	18.348	13.267	11.357	
725	57.492	58.804	57.654	18.293	13.366	11.278	
726	57.373	58.63	57.467	18.343	13.2	11.279	
727	57.254	58.457	57.281	18.3	13.25	11.255	
728	57.134	58.285	57.097	18.318	13.194	11.255	
729	57.014	58.114	56.915	18.272	13.178	11.254	
730	56.894	57.943	56.735	18.26	13.183	11.173	
731	56.774	57.774	56.556	18.22	13.167	11.208	
732	56.653	57.605	56.379	18.247	13.116	11.197	
733	56.532	57.438	56.203	18.236	13.152	11.165	
734	56.411	57.271	56.03	18.263	13.117	11.143	
735	56.29	57.105	55.858	18.212	13.131	11.119	
736	56.168	56.94	55.687	18.211	13.114	11.12	
737	56.047	56.776	55.518	18.221	13.084	11.153	
738	55.925	56.613	55.351	18.175	13.091	11.076	
739	55.803	56.451	55.185	18.168	13.067	11.094	
740	55.682	56.29	55.021	18.198	13.06	11.074	
741	55.56	56.13	54.858	18.146	13.012	11.072	
742	55.438	55.971	54.697	18.159	13.021	11.016	
743	55.317	55.813	54.537	18.16	13.027	10.987	
744	55.195	55.655	54.379	18.128	13	11.023	
745	55.074	55.499	54.222	18.098	13.023	11.013	
746	54.952	55.344	54.067	18.113	12.97	10.981	
747	54.831	55.19	53.913	18.112	13.001	10.944	
748	54.71	55.036	53.76	18.09	12.967	10.93	
749	54.589	54.884	53.609	18.087	12.928	10.902	
750	54.468	54.732	53.459	18.026	12.909	10.938	
751	54.347	54.582	53.311	18.064	12.892	10.873	
752	54.227	54.432	53.164	18.016	12.923	10.846	
753	54.106	54.284	53.018	18.042	12.881	10.845	
754	53.986	54.136	52.873	18.033	12.862	10.87	
755	53.866	53.99	52.73	17.998	12.896	10.794	
756	53.747	53.844	52.588	18.017	12.83	10.84	
757	53.627	53.699	52.448	18.016	12.778	10.837	
758	53.508	53.555	52.308	17.993	12.814	10.794	
759	53.389	53.413	52.17	17.991	12.817	10.766	
760	53.271	53.271	52.033	17.965	12.743	10.723	
761	53.153	53.13	51.898	17.94	12.757	10.727	
762	53.035	52.99	51.763	17.968	12.744	10.685	
763	52.917	52.851	51.63	17.942	12.757	10.67	
764	52.8	52.712	51.498	17.942	12.75	10.703	
765	52.683	52.575	51.367	17.928	12.723	10.649	
766	52.567	52.439	51.237	17.945	12.732	10.659	
767	52.45	52.303	51.108	17.932	12.689	10.658	
768	52.335	52.169	50.98	17.898	12.676	10.604	
769	52.219	52.035	50.854	17.901	12.684	10.63	
770	52.104	51.903	50.728	17.88	12.632	10.573	
771	51.989	51.771	50.604	17.839	12.621	10.567	
772	51.875	51.64	50.48	17.837	12.664	10.567	
773	51.761	51.51	50.358	17.851	12.613	10.567	
774	51.648	51.381	50.237	17.831	12.605	10.51	
775	51.535	51.252	50.116	17.81	12.584	10.517	
776	51.422	51.125	49.997	17.872	12.563	10.49	
777	51.31	50.998	49.879	17.813	12.541	10.499	
778	51.198	50.872	49.762	17.814	12.507	10.516	
779	51.087	50.748	49.645	17.771	12.515	10.473	
780	50.976	50.623	49.53	17.769	12.529	10.484	
781	50.865	50.5	49.416	17.816	12.552	10.405	
782	50.755	50.378	49.302	17.788	12.453	10.414	
783	50.646	50.256	49.19	17.766	12.44	10.413	
784	50.537	50.136	49.078	17.747	12.468	10.369	
785	50.428	50.016	48.968	17.727	12.424	10.347	
786	50.32	49.896	48.858	17.72	12.435	10.349	
787	50.212	49.778	48.749	17.725	12.412	10.345	
788	50.105	49.661	48.641	17.722	12.394	10.324	
789	49.998	49.544	48.534	17.703	12.376	10.317	
790	49.891	49.428	48.427	17.705	12.403	10.277	
791	49.785	49.313	48.322	17.675	12.368	10.278	
792	49.68	49.198	48.217	17.689	12.361	10.267	
793	49.575	49.085	48.114	17.679	12.381	10.266	
794	49.47	48.972	48.011	17.66	12.327	10.239	
795	49.366	48.86	47.909	17.659	12.309	10.224	
796	49.263	48.748	47.807	17.662	12.313	10.213	
797	49.16	48.638	47.707	17.654	12.325	10.176	
798	49.057	48.528	47.607	17.666	12.323	10.181	
799	48.955	48.419	47.508	17.647	12.261	10.206	
800	48.853	48.31	47.41	17.62	12.266	10.135	
801	48.752	48.203	47.312	17.605	12.279	10.152	
802	48.651	48.095	47.215	17.648	12.257	10.122	
803	48.551	47.989	47.119	17.585	12.228	10.092	
804	48.451	47.884	47.024	17.575	12.219	10.133	
805	48.352	47.779	46.929	17.566	12.198	10.093	
806	48.253	47.674	46.836	17.583	12.17	10.084	
807	48.154	47.571	46.742	17.566	12.126	10.115	
808	48.057	47.468	46.65	17.569	12.174	10.024	
809	47.959	47.366	46.558	17.516	12.099	10.047	
810	47.862	47.264	46.467	17.556	12.165	10.014	
811	47.766	47.164	46.377	17.537	12.131	9.9973	
812	47.67	47.063	46.287	17.532	12.176	10.005	
813	47.574	46.964	46.198	17.542	12.077	9.9926	
814	47.479	46.865	46.109	17.52	12.11	10.013	
815	47.385	46.767	46.021	17.499	12.091	9.9656	
816	47.29	46.669	45.934	17.51	12.082	9.9131	
817	47.197	46.572	45.848	17.487	12.062	9.9298	
818	47.104	46.476	45.762	17.492	12.059	9.9034	
819	47.011	46.38	45.676	17.483	12.042	9.9129	
820	46.919	46.285	45.592	17.46	12.018	9.8719	
821	46.827	46.19	45.508	17.453	12.005	9.8656	
822	46.735	46.096	45.424	17.45	12.012	9.8616	
823	46.645	46.003	45.341	17.451	12.006	9.8525	
824	46.554	45.91	45.259	17.443	12.007	9.8497	
825	46.464	45.818	45.177	17.437	11.988	9.8449	
826	46.375	45.726	45.096	17.433	11.98	9.8362	
827	46.286	45.635	45.015	17.43	11.974	9.8144	
828	46.197	45.545	44.935	17.419	11.964	9.8087	
829	46.109	45.455	44.856	17.407	11.95	9.7941	
830	46.021	45.366	44.777	17.407	11.946	9.8031	
831	45.934	45.277	44.698	17.4	11.919	9.7859	
832	45.847	45.189	44.62	17.384	11.91	9.7662	
833	45.761	45.101	44.543	17.379	11.905	9.7353	
834	45.675	45.014	44.466	17.367	11.897	9.7158	
835	45.589	44.928	44.389	17.36	11.889	9.7177	
836	45.504	44.842	44.314	17.358	11.888	9.6974	
837	45.419	44.756	44.238	17.35	11.861	9.7024	
838	45.335	44.671	44.163	17.356	11.846	9.6741	
839	45.251	44.587	44.089	17.339	11.835	9.6728	
840	45.168	44.503	44.015	17.323	11.851	9.6213	
841	45.085	44.419	43.942	17.338	11.799	9.6059	
842	45.002	44.336	43.869	17.35	11.812	9.6524	
843	44.92	44.254	43.796	17.333	11.79	9.6237	
844	44.839	44.172	43.724	17.328	11.8	9.6135	
845	44.757	44.09	43.653	17.337	11.83	9.5864	
846	44.677	44.009	43.582	17.25	11.762	9.5728	
847	44.596	43.929	43.511	17.316	11.671	9.6306	
848	44.516	43.849	43.441	17.299	11.801	9.6341	
849	44.437	43.769	43.371	17.296	11.713	9.5251	
850	44.357	43.69	43.302	17.278	11.74	9.5683	
851	44.279	43.612	43.233	17.254	11.712	9.5872	
852	44.2	43.534	43.164	17.249	11.723	9.4661	
853	44.122	43.456	43.096	17.279	11.658	9.4759	
854	44.045	43.379	43.029	17.228	11.704	9.4325	
855	43.967	43.302	42.962	17.23	11.626	9.478	
856	43.891	43.226	42.895	17.202	11.678	9.4881	
857	43.814	43.15	42.828	17.234	11.659	9.4508	
858	43.738	43.074	42.762	17.248	11.682	9.4151	
859	43.662	42.999	42.697	17.26	11.629	9.461	
860	43.587	42.925	42.632	17.206	11.667	9.4684	
861	43.512	42.85	42.567	17.177	11.615	9.3825	
862	43.438	42.777	42.503	17.215	11.595	9.3837	
863	43.364	42.703	42.439	17.205	11.644	9.3907	
864	43.29	42.631	42.375	17.208	11.589	9.387	
865	43.217	42.558	42.312	17.157	11.577	9.3165	
866	43.144	42.486	42.249	17.167	11.563	9.3468	
867	43.071	42.414	42.186	17.147	11.513	9.3459	
868	42.999	42.343	42.124	17.118	11.543	9.3501	
869	42.927	42.272	42.062	17.15	11.508	9.2901	
870	42.855	42.202	42.001	17.159	11.516	9.3057	
871	42.784	42.132	41.94	17.146	11.508	9.2767	
872	42.713	42.062	41.879	17.131	11.512	9.3136	
873	42.643	41.993	41.819	17.157	11.469	9.267	
874	42.573	41.924	41.759	17.129	11.488	9.2504	
875	42.503	41.855	41.699	17.111	11.474	9.2559	
876	42.433	41.787	41.639	17.115	11.465	9.2204	
877	42.364	41.719	41.58	17.112	11.46	9.2537	
878	42.296	41.652	41.522	17.083	11.444	9.2191	
879	42.227	41.585	41.463	17.079	11.432	9.1998	
880	42.159	41.518	41.405	17.071	11.421	9.1926	
881	42.091	41.452	41.347	17.069	11.417	9.1849	
882	42.024	41.386	41.29	17.067	11.412	9.1889	
883	41.957	41.32	41.233	17.063	11.408	9.1794	
884	41.89	41.255	41.176	17.061	11.404	9.1718	
885	41.824	41.19	41.12	17.061	11.396	9.1709	
886	41.758	41.125	41.063	17.056	11.388	9.1566	
887	41.692	41.061	41.008	17.046	11.371	9.1428	
888	41.627	40.997	40.952	17.044	11.364	9.1243	
889	41.562	40.933	40.897	17.031	11.351	9.1119	
890	41.497	40.87	40.842	17.018	11.337	9.0964	
891	41.432	40.807	40.787	17.012	11.328	9.0812	
892	41.368	40.744	40.732	17.01	11.316	9.0788	
893	41.304	40.682	40.678	17.003	11.31	9.0602	
894	41.241	40.62	40.624	16.991	11.308	9.0486	
895	41.178	40.559	40.571	16.999	11.303	9.0533	
896	41.115	40.497	40.517	16.989	11.29	9.0498	
897	41.052	40.436	40.464	16.989	11.285	9.0476	
898	40.99	40.376	40.412	16.987	11.282	9.0195	
899	40.928	40.315	40.359	16.979	11.268	9.0175	
900	40.866	40.255	40.307	16.966	11.258	8.9949	
901	40.805	40.195	40.255	16.947	11.247	8.9733	
902	40.744	40.136	40.203	16.948	11.229	8.9685	
903	40.683	40.077	40.152	16.945	11.226	8.9618	
904	40.622	40.018	40.101	16.94	11.217	8.9595	
905	40.562	39.959	40.05	16.932	11.215	8.9576	
906	40.502	39.901	39.999	16.934	11.21	8.9517	
907	40.442	39.843	39.949	16.929	11.206	8.9528	
908	40.383	39.785	39.898	16.931	11.194	8.9288	
909	40.324	39.728	39.848	16.916	11.183	8.9209	
910	40.265	39.67	39.799	16.902	11.167	8.91	
911	40.207	39.614	39.749	16.906	11.155	8.9055	
912	40.148	39.557	39.7	16.894	11.128	8.8691	
913	40.09	39.501	39.651	16.881	11.137	8.8493	
914	40.033	39.445	39.602	16.883	11.127	8.8511	
915	39.975	39.389	39.554	16.876	11.114	8.8449	
916	39.918	39.333	39.505	16.869	11.119	8.8435	
917	39.861	39.278	39.457	16.869	11.116	8.8377	
918	39.804	39.223	39.409	16.872	11.111	8.8326	
919	39.748	39.168	39.362	16.868	11.102	8.8198	
920	39.692	39.114	39.314	16.862	11.094	8.8106	
921	39.636	39.059	39.267	16.852	11.081	8.8013	
922	39.58	39.005	39.22	16.848	11.073	8.8045	
923	39.525	38.952	39.174	16.851	11.066	8.7956	
924	39.47	38.898	39.127	16.835	11.037	8.7695	
925	39.415	38.845	39.081	16.832	11.054	8.7564	
926	39.36	38.792	39.035	16.815	11.035	8.7417	
927	39.306	38.739	38.989	16.816	11.041	8.7315	
928	39.252	38.687	38.943	16.814	11.034	8.7362	
929	39.198	38.635	38.898	16.797	10.994	8.7477	
930	39.145	38.583	38.852	16.793	10.972	8.7269	
931	39.091	38.531	38.807	16.805	11.016	8.7154	
932	39.038	38.479	38.762	16.812	10.951	8.6826	
933	38.985	38.428	38.718	16.782	11.008	8.6791	
934	38.932	38.377	38.673	16.775	10.976	8.695	
935	38.88	38.326	38.629	16.773	10.978	8.6554	
936	38.828	38.276	38.585	16.753	10.941	8.6501	
937	38.776	38.225	38.541	16.753	10.935	8.6851	
938	38.724	38.175	38.497	16.783	10.944	8.6069	
939	38.673	38.125	38.454	16.761	10.933	8.6336	
940	38.621	38.075	38.41	16.766	10.894	8.6504	
941	38.57	38.026	38.367	16.76	10.92	8.6114	
942	38.52	37.977	38.324	16.739	10.886	8.5574	
943	38.469	37.927	38.281	16.715	10.91	8.5951	
944	38.419	37.879	38.239	16.717	10.929	8.5787	
945	38.369	37.83	38.196	16.744	10.893	8.5827	
946	38.319	37.782	38.154	16.743	10.888	8.5713	
947	38.269	37.733	38.112	16.722	10.888	8.5569	
948	38.219	37.685	38.07	16.718	10.861	8.5456	
949	38.17	37.638	38.028	16.708	10.84	8.5238	
950	38.121	37.59	37.987	16.702	10.832	8.5213	
951	38.072	37.543	37.945	16.691	10.851	8.5259	
952	38.024	37.495	37.904	16.683	10.844	8.5209	
953	37.975	37.448	37.863	16.694	10.825	8.4986	
954	37.927	37.402	37.822	16.695	10.819	8.5124	
955	37.879	37.355	37.781	16.682	10.807	8.4784	
956	37.831	37.309	37.741	16.663	10.812	8.4848	
957	37.784	37.262	37.7	16.664	10.803	8.5324	
958	37.736	37.216	37.66	16.644	10.785	8.4534	
959	37.689	37.17	37.62	16.666	10.771	8.4791	
960	37.642	37.125	37.58	16.678	10.753	8.4078	
961	37.595	37.079	37.54	16.673	10.778	8.3952	
962	37.549	37.034	37.501	16.661	10.689	8.3687	
963	37.502	36.989	37.461	16.62	10.712	8.4149	
964	37.456	36.944	37.422	16.649	10.748	8.3485	
965	37.41	36.899	37.383	16.617	10.733	8.3817	
966	37.364	36.855	37.344	16.628	10.753	8.359	
967	37.319	36.811	37.305	16.623	10.733	8.3919	
968	37.273	36.766	37.266	16.627	10.745	8.3832	
969	37.228	36.722	37.228	16.611	10.709	8.3707	
970	37.183	36.679	37.189	16.625	10.692	8.3925	
971	37.138	36.635	37.151	16.613	10.68	8.3706	
972	37.093	36.592	37.113	16.61	10.702	8.3492	
973	37.049	36.548	37.075	16.61	10.685	8.3224	
974	37.004	36.505	37.037	16.594	10.661	8.3374	
975	36.96	36.462	37	16.588	10.668	8.2816	
976	36.916	36.419	36.962	16.58	10.653	8.2972	
977	36.872	36.377	36.925	16.575	10.641	8.2843	
978	36.829	36.334	36.887	16.572	10.632	8.2858	
979	36.785	36.292	36.85	16.57	10.638	8.2719	
980	36.742	36.25	36.813	16.575	10.628	8.2724	
981	36.699	36.208	36.776	16.572	10.626	8.2804	
982	36.656	36.166	36.74	16.566	10.621	8.2707	
983	36.614	36.125	36.703	16.562	10.623	8.2828	
984	36.571	36.083	36.666	16.548	10.613	8.2676	
985	36.529	36.042	36.63	16.546	10.617	8.2362	
986	36.486	36.001	36.594	16.573	10.595	8.2584	
987	36.444	35.96	36.558	16.537	10.591	8.2149	
988	36.402	35.919	36.522	16.532	10.56	8.1936	
989	36.361	35.878	36.486	16.524	10.566	8.1933	
990	36.319	35.838	36.45	16.52	10.547	8.1876	
991	36.278	35.797	36.415	16.519	10.55	8.1676	
992	36.237	35.757	36.379	16.52	10.545	8.1802	
993	36.195	35.717	36.344	16.509	10.544	8.1739	
994	36.155	35.677	36.309	16.517	10.548	8.1768	
995	36.114	35.637	36.274	16.503	10.54	8.1619	
996	36.073	35.597	36.239	16.496	10.533	8.1554	
997	36.033	35.558	36.204	16.504	10.529	8.1444	
998	35.993	35.519	36.169	16.493	10.516	8.1417	
999	35.952	35.479	36.135	16.483	10.502	8.1776	
1000	35.913	35.44	36.1	16.5	10.478	8.1157	
1001	35.873	35.401	36.066	16.464	10.53	8.0949	
1002	35.833	35.363	36.031	16.485	10.51	8.0982	
1003	35.794	35.324	35.997	16.476	10.477	8.0989	
1004	35.754	35.285	35.963	16.475	10.443	8.0759	
1005	35.715	35.247	35.929	16.439	10.542	8.1117	
1006	35.676	35.209	35.896	16.467	10.428	8.1096	
1007	35.637	35.171	35.862	16.465	10.492	8.0327	
1008	35.598	35.133	35.828	16.449	10.484	8.0563	
1009	35.56	35.095	35.795	16.429	10.432	8.0496	
1010	35.521	35.057	35.761	16.466	10.451	8.0414	
1011	35.483	35.02	35.728	16.433	10.444	8.0428	
1012	35.445	34.982	35.695	16.438	10.431	8.0143	
1013	35.407	34.945	35.662	16.434	10.414	8.0082	
1014	35.369	34.908	35.629	16.435	10.394	8.0042	
1015	35.331	34.871	35.596	16.437	10.4	7.9932	
1016	35.294	34.834	35.563	16.413	10.402	8.087	
1017	35.256	34.797	35.531	16.395	10.365	7.9546	
1018	35.219	34.76	35.498	16.391	10.366	7.9748	
1019	35.182	34.724	35.466	16.377	10.349	7.938	
1020	35.145	34.688	35.434	16.428	10.409	7.9076	
1021	35.108	34.651	35.401	16.344	10.406	7.9482	
1022	35.071	34.615	35.369	16.399	10.335	7.9468	
1023	35.034	34.579	35.337	16.418	10.322	7.9437	
1024	34.998	34.543	35.305	16.374	10.301	7.9785	
1025	34.961	34.507	35.273	16.416	10.31	7.9159	
1026	34.925	34.472	35.242	16.38	10.359	7.8728	
1027	34.889	34.436	35.21	16.414	10.241	7.8987	
1028	34.853	34.401	35.179	16.371	10.339	7.8451	
1029	34.817	34.365	35.147	16.355	10.283	7.8299	
1030	34.782	34.33	35.116	16.359	10.328	7.903	
1031	34.746	34.295	35.085	16.422	10.333	7.9249	
1032	34.711	34.26	35.053	16.316	10.327	7.8632	
1033	34.675	34.225	35.022	16.382	10.287	7.887	
1034	34.64	34.191	34.991	16.356	10.309	7.8533	
1035	34.605	34.156	34.961	16.379	10.251	7.9231	
1036	34.57	34.121	34.93	16.253	10.285	7.8388	
1037	34.535	34.087	34.899	16.397	10.175	7.8035	
1038	34.5	34.053	34.868	16.319	10.24	7.9786	
1039	34.466	34.019	34.838	16.361	10.29	7.9209	
1040	34.431	33.984	34.808	16.298	10.088	7.8087	
1041	34.397	33.951	34.777	16.335	10.216	7.8567	
1042	34.363	33.917	34.747	16.445	10.238	7.6434	
1043	34.329	33.883	34.717	16.412	10.176	7.6925	
1044	34.295	33.849	34.687	16.267	10.268	7.7417	
1045	34.261	33.816	34.657	16.308	10.204	7.7873	
1046	34.227	33.782	34.627	16.204	10.35	7.5825	
1047	34.194	33.749	34.597	16.266	10.039	7.7932	
1048	34.16	33.716	34.567	16.229	10.157	7.8069	
1049	34.127	33.683	34.538	16.299	10.171	7.7236	
1050	34.093	33.65	34.508	16.276	10.083	7.8107	
1051	34.06	33.617	34.479	16.278	10.17	7.7396	
1052	34.027	33.584	34.449	16.273	10.161	7.7044	
1053	33.994	33.551	34.42	16.277	10.167	7.7231	
1054	33.961	33.519	34.391	16.277	10.148	7.7089	
1055	33.929	33.486	34.362	16.277	10.167	7.6972	
1056	33.896	33.454	34.332	16.273	10.135	7.687	
1057	33.864	33.422	34.303	16.269	10.153	7.6997	
1058	33.831	33.389	34.275	16.262	10.142	7.6709	
1059	33.799	33.357	34.246	16.247	10.134	7.6933	
1060	33.767	33.325	34.217	16.254	10.134	7.6648	
1061	33.735	33.293	34.188	16.263	10.116	7.6747	
1062	33.703	33.262	34.16	16.239	10.115	7.6648	
1063	33.671	33.23	34.131	16.235	10.098	7.6667	
1064	33.639	33.198	34.103	16.233	10.093	7.6472	
1065	33.608	33.167	34.074	16.225	10.087	7.629	
1066	33.576	33.135	34.046	16.232	10.086	7.618	
1067	33.545	33.104	34.018	16.223	10.089	7.6219	
1068	33.513	33.073	33.99	16.218	10.078	7.6284	
1069	33.482	33.042	33.962	16.223	10.054	7.6005	
1070	33.451	33.01	33.934	16.22	10.079	7.5985	
1071	33.42	32.98	33.906	16.218	10.063	7.599	
1072	33.389	32.949	33.878	16.202	10.065	7.5925	
1073	33.358	32.918	33.85	16.215	10.029	7.5661	
1074	33.328	32.887	33.822	16.199	10.044	7.5808	
1075	33.297	32.857	33.795	16.193	10.033	7.5517	
1076	33.267	32.826	33.767	16.201	10.022	7.5548	
1077	33.236	32.796	33.74	16.189	10.024	7.5511	
1078	33.206	32.765	33.712	16.185	10.008	7.5417	
1079	33.176	32.735	33.685	16.186	10.022	7.5314	
1080	33.146	32.705	33.658	16.186	10.011	7.5387	
1081	33.116	32.675	33.63	16.179	10.01	7.5348	
1082	33.086	32.645	33.603	16.172	10.007	7.5257	
1083	33.056	32.615	33.576	16.18	9.9947	7.5117	
1084	33.026	32.585	33.549	16.172	9.995	7.5129	
1085	32.997	32.555	33.522	16.166	9.9914	7.5014	
1086	32.967	32.526	33.495	16.171	9.9923	7.5038	
1087	32.938	32.496	33.469	16.156	9.9873	7.4945	
1088	32.908	32.467	33.442	16.166	9.9817	7.4997	
1089	32.879	32.437	33.415	16.159	9.9779	7.4821	
1090	32.85	32.408	33.389	16.158	9.9803	7.4881	
1091	32.821	32.379	33.362	16.153	9.9785	7.4853	
1092	32.792	32.349	33.336	16.144	9.9565	7.4715	
1093	32.763	32.32	33.309	16.148	9.9506	7.4729	
1094	32.734	32.291	33.283	16.141	9.9601	7.4722	
1095	32.705	32.262	33.257	16.15	9.9318	7.4483	
1096	32.677	32.234	33.23	16.144	9.9407	7.4519	
1097	32.648	32.205	33.204	16.13	9.9283	7.4383	
1098	32.62	32.176	33.178	16.124	9.9234	7.4168	
1099	32.591	32.148	33.152	16.123	9.9232	7.4195	
1100	32.563	32.119	33.126	16.113	9.9178	7.4139	
1101	32.535	32.091	33.1	16.124	9.9056	7.3964	
1102	32.507	32.062	33.074	16.116	9.8945	7.3888	
1103	32.479	32.034	33.049	16.109	9.8791	7.3797	
1104	32.451	32.006	33.023	16.105	9.888	7.3786	
1105	32.423	31.978	32.997	16.097	9.8862	7.3711	
1106	32.395	31.949	32.972	16.101	9.8753	7.3644	
1107	32.368	31.921	32.946	16.09	9.8672	7.3615	
1108	32.34	31.894	32.921	16.098	9.873	7.3533	
1109	32.313	31.866	32.895	16.089	9.8628	7.35	
1110	32.285	31.838	32.87	16.087	9.8562	7.3493	
1111	32.258	31.81	32.845	16.086	9.8575	7.3426	
1112	32.231	31.783	32.819	16.085	9.8439	7.3361	
1113	32.204	31.755	32.794	16.085	9.8491	7.3346	
1114	32.177	31.728	32.769	16.08	9.8466	7.3305	
1115	32.149	31.7	32.744	16.077	9.8484	7.3291	
1116	32.123	31.673	32.719	16.078	9.8409	7.3321	
1117	32.096	31.646	32.694	16.079	9.8416	7.3209	
1118	32.069	31.618	32.669	16.072	9.8334	7.3214	
1119	32.042	31.591	32.644	16.06	9.8347	7.3015	
1120	32.016	31.564	32.619	16.068	9.8313	7.2924	
1121	31.989	31.537	32.595	16.067	9.8176	7.2878	
1122	31.963	31.51	32.57	16.06	9.8063	7.2978	
1123	31.936	31.483	32.545	16.048	9.8069	7.2903	
1124	31.91	31.457	32.521	16.063	9.8076	7.2673	
1125	31.884	31.43	32.496	16.054	9.7979	7.2623	
1126	31.858	31.403	32.472	16.058	9.8085	7.2676	
1127	31.832	31.377	32.448	16.033	9.7894	7.2435	
1128	31.806	31.35	32.423	16.033	9.7801	7.246	
1129	31.78	31.324	32.399	16.039	9.78	7.2589	
1130	31.754	31.297	32.375	16.029	9.784	7.2303	
1131	31.728	31.271	32.35	16.028	9.7661	7.2327	
1132	31.703	31.245	32.326	16.029	9.7641	7.2224	
1133	31.677	31.219	32.302	16.022	9.7746	7.22	
1134	31.651	31.193	32.278	16.013	9.7404	7.2208	
1135	31.626	31.166	32.254	16.016	9.7516	7.1929	
1136	31.601	31.141	32.23	16.019	9.733	7.2045	
1137	31.575	31.115	32.206	16.012	9.7186	7.2018	
1138	31.55	31.089	32.183	16.011	9.7314	7.1817	
1139	31.525	31.063	32.159	16.007	9.7294	7.188	
1140	31.5	31.037	32.135	16	9.711	7.1734	
1141	31.475	31.012	32.111	16.013	9.7229	7.1701	
1142	31.45	30.986	32.088	16.009	9.7157	7.1425	
1143	31.425	30.96	32.064	15.991	9.7047	7.1754	
1144	31.4	30.935	32.041	15.991	9.6948	7.1627	
1145	31.375	30.909	32.017	15.994	9.7082	7.1617	
1146	31.351	30.884	31.994	15.991	9.6734	7.1488	
1147	31.326	30.859	31.97	15.987	9.6773	7.1375	
1148	31.301	30.834	31.947	15.993	9.6824	7.1398	
1149	31.277	30.808	31.924	15.982	9.6859	7.1336	
1150	31.253	30.783	31.901	15.971	9.6696	7.1285	
1151	31.228	30.758	31.877	15.973	9.6557	7.1144	
1152	31.204	30.733	31.854	15.974	9.6664	7.1066	
1153	31.18	30.708	31.831	15.967	9.6521	7.0941	
1154	31.156	30.683	31.808	15.961	9.6519	7.0958	
1155	31.132	30.659	31.785	15.966	9.6506	7.0979	
1156	31.108	30.634	31.762	15.955	9.6498	7.0837	
1157	31.084	30.609	31.739	15.955	9.6421	7.0727	
1158	31.06	30.585	31.716	15.956	9.6421	7.0731	
1159	31.036	30.56	31.694	15.96	9.6267	7.0708	
1160	31.012	30.535	31.671	15.957	9.628	7.0722	
1161	30.989	30.511	31.648	15.947	9.6061	7.0769	
1162	30.965	30.487	31.626	15.943	9.6372	7.0503	
1163	30.941	30.462	31.603	15.932	9.6109	7.0423	
1164	30.918	30.438	31.58	15.933	9.5892	7.0355	
1165	30.895	30.414	31.558	15.926	9.6021	7.0251	
1166	30.871	30.389	31.535	15.934	9.5923	7.0232	
1167	30.848	30.365	31.513	15.935	9.6092	7.0307	
1168	30.825	30.341	31.49	15.925	9.5875	7.0159	
1169	30.802	30.317	31.468	15.919	9.579	7.0094	
1170	30.778	30.293	31.446	15.923	9.5874	6.9969	
1171	30.755	30.269	31.424	15.918	9.5745	6.9927	
1172	30.732	30.245	31.401	15.915	9.5753	6.9904	
1173	30.71	30.222	31.379	15.913	9.572	6.9898	
1174	30.687	30.198	31.357	15.912	9.5717	6.9855	
1175	30.664	30.174	31.335	15.911	9.5671	6.9893	
1176	30.641	30.151	31.313	15.909	9.5553	6.9753	
1177	30.618	30.127	31.291	15.913	9.5548	6.9734	
1178	30.596	30.103	31.269	15.902	9.5491	6.9642	
1179	30.573	30.08	31.247	15.902	9.5544	6.9693	
1180	30.551	30.056	31.225	15.901	9.5467	6.9584	
1181	30.528	30.033	31.203	15.901	9.5467	6.9598	
1182	30.506	30.01	31.181	15.894	9.5385	6.9547	
1183	30.484	29.987	31.16	15.897	9.537	6.95	
1184	30.461	29.963	31.138	15.892	9.532	6.9421	
1185	30.439	29.94	31.116	15.883	9.531	6.946	
1186	30.417	29.917	31.095	15.885	9.5219	6.9289	
1187	30.395	29.894	31.073	15.884	9.5224	6.9354	
1188	30.373	29.871	31.051	15.877	9.523	6.9241	
1189	30.351	29.848	31.03	15.882	9.5084	6.9071	
1190	30.329	29.825	31.008	15.876	9.5137	6.9197	
1191	30.307	29.802	30.987	15.87	9.5099	6.9094	
1192	30.285	29.779	30.966	15.871	9.4961	6.8957	
1193	30.264	29.757	30.944	15.868	9.4961	6.8932	
1194	30.242	29.734	30.923	15.862	9.5027	6.9035	
1195	30.22	29.711	30.902	15.874	9.474	6.8908	
1196	30.199	29.688	30.88	15.86	9.4905	6.8699	
1197	30.177	29.666	30.859	15.862	9.4762	6.8911	
1198	30.156	29.643	30.838	15.852	9.4631	6.8864	
1199	30.134	29.621	30.817	15.851	9.477	6.8633	
1200	30.113	29.598	30.796	15.858	9.4625	6.8505	
1201	30.092	29.576	30.775	15.861	9.4796	6.8706	
1202	30.07	29.554	30.754	15.841	9.4636	6.8566	
1203	30.049	29.531	30.733	15.848	9.4582	6.8337	
1204	30.028	29.509	30.712	15.851	9.4464	6.8183	
1205	30.007	29.487	30.691	15.832	9.4472	6.8323	
1206	29.986	29.465	30.67	15.836	9.466	6.8321	
1207	29.965	29.443	30.649	15.846	9.4633	6.8204	
1208	29.944	29.421	30.629	15.832	9.4402	6.8124	
1209	29.923	29.399	30.608	15.836	9.4279	6.8174	
1210	29.902	29.377	30.587	15.829	9.4198	6.7981	
1211	29.882	29.355	30.567	15.824	9.4014	6.7811	
1212	29.861	29.333	30.546	15.822	9.4159	6.7865	
1213	29.84	29.311	30.525	15.831	9.4125	6.7945	
1214	29.82	29.289	30.505	15.818	9.422	6.771	
1215	29.799	29.268	30.484	15.827	9.4065	6.7776	
1216	29.779	29.246	30.464	15.816	9.3902	6.7962	
1217	29.758	29.224	30.443	15.82	9.3945	6.7799	
1218	29.738	29.203	30.423	15.792	9.3676	6.7812	
1219	29.717	29.181	30.402	15.814	9.3787	6.7488	
1220	29.697	29.16	30.382	15.812	9.3724	6.7566	
1221	29.677	29.138	30.362	15.792	9.3678	6.7577	
1222	29.656	29.117	30.342	15.806	9.4041	6.7482	
1223	29.636	29.095	30.321	15.808	9.3612	6.7497	
1224	29.616	29.074	30.301	15.802	9.3661	6.7322	
1225	29.596	29.053	30.281	15.793	9.3623	6.7376	
1226	29.576	29.031	30.261	15.803	9.3763	6.7294	
1227	29.556	29.01	30.241	15.81	9.3589	6.7325	
1228	29.536	28.989	30.221	15.774	9.3448	6.7237	
1229	29.516	28.968	30.201	15.767	9.3236	6.7278	
1230	29.496	28.947	30.181	15.774	9.3573	6.7086	
1231	29.477	28.926	30.161	15.796	9.3605	6.676	
1232	29.457	28.905	30.141	15.789	9.3331	6.7336	
1233	29.437	28.884	30.121	15.803	9.3612	6.6865	
1234	29.418	28.863	30.101	15.779	9.3636	6.7088	
1235	29.398	28.842	30.081	15.762	9.3504	6.6856	
1236	29.379	28.821	30.061	15.776	9.3508	6.7156	
1237	29.359	28.8	30.042	15.771	9.3581	6.6932	
1238	29.34	28.78	30.022	15.803	9.3178	6.7029	
1239	29.32	28.759	30.002	15.735	9.3726	6.7182	
1240	29.301	28.738	29.982	15.732	9.2717	6.6779	
1241	29.281	28.718	29.963	15.745	9.341	6.6356	
1242	29.262	28.697	29.943	15.735	9.3044	6.6996	
1243	29.243	28.676	29.924	15.764	9.3127	6.761	
1244	29.224	28.656	29.904	15.782	9.3076	6.6586	
1245	29.205	28.636	29.885	15.721	9.362	6.5928	
1246	29.186	28.615	29.865	15.748	9.298	6.6041	
1247	29.167	28.595	29.846	15.731	9.2333	6.6094	
1248	29.148	28.574	29.826	15.743	9.2731	6.5843	
1249	29.129	28.554	29.807	15.775	9.2931	6.6536	
1250	29.11	28.534	29.788	15.753	9.3398	6.5861	
1251	29.091	28.514	29.768	15.739	9.2561	6.6486	
1252	29.072	28.493	29.749	15.709	9.2021	6.5795	
1253	29.053	28.473	29.73	15.708	9.3079	6.5872	
1254	29.034	28.453	29.71	15.716	9.2289	6.5936	
1255	29.016	28.433	29.691	15.74	9.2415	6.623	
1256	28.997	28.413	29.672	15.719	9.2629	6.5966	
1257	28.979	28.393	29.653	15.717	9.2216	6.5567	
1258	28.96	28.373	29.634	15.725	9.2458	6.548	
1259	28.941	28.353	29.615	15.694	9.2312	6.5771	
1260	28.923	28.333	29.596	15.709	9.2387	6.553	
1261	28.905	28.313	29.577	15.706	9.2178	6.5473	
1262	28.886	28.294	29.558	15.689	9.2162	6.5425	
1263	28.868	28.274	29.539	15.706	9.2186	6.5313	
1264	28.849	28.254	29.52	15.682	9.2026	6.5444	
1265	28.831	28.234	29.501	15.708	9.2245	6.5324	
1266	28.813	28.215	29.482	15.696	9.2306	6.5176	
1267	28.795	28.195	29.463	15.709	9.2023	6.5414	
1268	28.777	28.175	29.445	15.714	9.2095	6.5453	
1269	28.759	28.156	29.426	15.701	9.2186	6.5538	
1270	28.741	28.136	29.407	15.696	9.198	6.5367	
1271	28.722	28.117	29.388	15.683	9.2039	6.5136	
1272	28.705	28.097	29.37	15.688	9.2189	6.5472	
1273	28.687	28.078	29.351	15.705	9.2243	6.5247	
1274	28.669	28.059	29.333	15.701	9.2005	6.5306	
1275	28.651	28.039	29.314	15.686	9.1823	6.4939	
1276	28.633	28.02	29.295	15.699	9.2087	6.5205	
1277	28.615	28.001	29.277	15.663	9.1993	6.5191	
1278	28.597	27.982	29.258	15.665	9.1892	6.5112	
1279	28.58	27.962	29.24	15.681	9.1589	6.4593	
1280	28.562	27.943	29.221	15.675	9.156	6.4798	
1281	28.544	27.924	29.203	15.682	9.1567	6.4748	
1282	28.527	27.905	29.185	15.676	9.169	6.4949	
1283	28.509	27.886	29.166	15.656	9.1537	6.4527	
1284	28.492	27.867	29.148	15.632	9.1916	6.4591	
1285	28.474	27.848	29.13	15.644	9.1608	6.4782	
1286	28.457	27.829	29.111	15.669	9.1557	6.4463	
1287	28.44	27.81	29.093	15.652	9.1412	6.4697	
1288	28.422	27.791	29.075	15.663	9.1606	6.4591	
1289	28.405	27.772	29.057	15.652	9.1422	6.4344	
1290	28.388	27.753	29.039	15.657	9.1551	6.4376	
1291	28.37	27.735	29.02	15.64	9.1345	6.4164	
1292	28.353	27.716	29.002	15.656	9.1345	6.4736	
1293	28.336	27.697	28.984	15.647	9.1239	6.4379	
1294	28.319	27.679	28.966	15.668	9.1578	6.4281	
1295	28.302	27.66	28.948	15.646	9.1369	6.3954	
1296	28.285	27.641	28.93	15.653	9.1292	6.3926	
1297	28.268	27.623	28.912	15.651	9.0942	6.4387	
1298	28.251	27.604	28.894	15.631	9.1357	6.4042	
1299	28.234	27.586	28.876	15.641	9.0837	6.373	
1300	28.217	27.567	28.858	15.624	9.1037	6.3995	
1301	28.2	27.549	28.84	15.641	9.126	6.3705	
1302	28.183	27.53	28.823	15.611	9.0799	6.4187	
1303	28.166	27.512	28.805	15.637	9.1245	6.3851	
1304	28.15	27.494	28.787	15.648	9.1135	6.3952	
1305	28.133	27.475	28.769	15.652	9.0861	6.3467	
1306	28.116	27.457	28.752	15.629	9.1235	6.3831	
1307	28.1	27.439	28.734	15.62	9.108	6.3954	
1308	28.083	27.42	28.716	15.613	9.0891	6.388	
1309	28.066	27.402	28.698	15.62	9.0991	6.3783	
1310	28.05	27.384	28.681	15.612	9.0767	6.3653	
1311	28.033	27.366	28.663	15.62	9.0461	6.3913	
1312	28.017	27.348	28.646	15.608	9.0606	6.3221	
1313	28.001	27.33	28.628	15.613	9.0866	6.3847	
1314	27.984	27.312	28.611	15.607	9.0596	6.3495	
1315	27.968	27.294	28.593	15.602	9.0327	6.3262	
1316	27.951	27.276	28.576	15.629	8.9941	6.3194	
1317	27.935	27.258	28.558	15.605	9.0557	6.3822	
1318	27.919	27.24	28.541	15.589	9.0545	6.3601	
1319	27.903	27.222	28.523	15.631	9.0479	6.354	
1320	27.886	27.204	28.506	15.574	9.0367	6.3584	
1321	27.87	27.186	28.489	15.612	9.0226	6.3347	
1322	27.854	27.169	28.471	15.601	8.9983	6.2378	
1323	27.838	27.151	28.454	15.554	9.0135	6.278	
1324	27.822	27.133	28.437	15.608	9.0519	6.2872	
1325	27.806	27.115	28.419	15.621	8.9865	6.3038	
1326	27.79	27.098	28.402	15.629	8.988	6.2721	
1327	27.774	27.08	28.385	15.6	9.0561	6.2622	
1328	27.758	27.062	28.368	15.561	8.9618	6.3632	
1329	27.742	27.045	28.351	15.563	8.9748	6.2771	
1330	27.726	27.027	28.333	15.621	9.0407	6.2531	
1331	27.711	27.01	28.316	15.566	9.0607	6.3246	
1332	27.695	26.992	28.299	15.561	8.9719	6.418	
1333	27.679	26.975	28.282	15.578	9.0236	6.2824	
1334	27.663	26.957	28.265	15.6	8.9906	6.2743	
1335	27.648	26.94	28.248	15.55	9.0051	6.153	
1336	27.632	26.923	28.231	15.537	9.0374	6.3185	
1337	27.616	26.905	28.214	15.618	8.9803	6.1591	
1338	27.601	26.888	28.197	15.535	9.048	6.2468	
1339	27.585	26.871	28.18	15.561	9.032	6.2708	
1340	27.57	26.853	28.163	15.593	9.0077	6.1586	
1341	27.554	26.836	28.147	15.666	8.8259	6.2786	
1342	27.539	26.819	28.13	15.575	8.9248	6.4947	
1343	27.523	26.802	28.113	15.64	9.0003	6.4568	
1344	27.508	26.785	28.096	15.52	9.0383	6.2736	
1345	27.492	26.768	28.079	15.567	9.1261	6.2256	
1346	27.477	26.75	28.062	15.405	8.8527	6.0078	
1347	27.462	26.733	28.046	15.559	9.1196	5.8337	
1348	27.446	26.716	28.029	15.504	9.1334	6.1728	
1349	27.431	26.699	28.012	15.419	9.278	6.2167	
1350	27.416	26.682	27.996	15.265	9.0644	6.2217	
1351	27.401	26.665	27.979	15.503	8.9301	5.9253	
1352	27.386	26.648	27.962	15.455	8.8241	6.3825	
1353	27.37	26.632	27.946	15.547	8.3823	6.2501	
1354	27.355	26.615	27.929	15.469	9.3073	6.3855	
1355	27.34	26.598	27.913	15.712	8.773	5.6078	
1356	27.325	26.581	27.896	15.648	9.1567	6.0752	
1357	27.31	26.564	27.88	15.444	9.0441	6.2724	
1358	27.295	26.548	27.863	16.248	9.371	6.3795	
1359	27.28	26.531	27.847	16.262	8.6908	6.918	
1426	26.342	25.467	26.791	15.655	9.2987	6.337	
1427	26.329	25.452	26.776	15.544	8.6458	6.0444	
1428	26.316	25.437	26.761	15.394	8.841	5.6434	
1429	26.303	25.422	26.746	15.638	8.6618	5.8162	
1430	26.289	25.407	26.731	15.645	8.8034	5.8313	
1431	26.276	25.392	26.716	15.324	8.9254	6.1083	
1432	26.263	25.377	26.701	15.558	8.5618	5.8907	
1433	26.25	25.362	26.686	15.35	8.5981	5.8503	
1434	26.237	25.347	26.671	15.504	8.9164	6.1849	
1435	26.225	25.332	26.656	15.523	8.856	5.7635	
1436	26.212	25.317	26.641	15.531	8.646	5.9371	
1437	26.199	25.303	26.626	15.437	8.9074	5.8618	
1438	26.186	25.288	26.611	15.329	8.6594	5.9473	
1439	26.173	25.273	26.597	15.448	8.7878	5.9026	
1440	26.16	25.258	26.582	15.332	8.7869	5.8234	
1441	26.147	25.243	26.567	15.418	8.6815	6.0523	
1442	26.135	25.229	26.552	15.471	8.6178	5.804	
1443	26.122	25.214	26.537	15.352	8.745	5.9607	
1444	26.109	25.199	26.522	15.461	8.7728	5.754	
1445	26.096	25.185	26.508	15.33	8.7337	5.8418	
1446	26.084	25.17	26.493	15.463	8.6349	5.8148	
1447	26.071	25.155	26.478	15.435	8.7027	5.7187	
1448	26.059	25.141	26.464	15.418	8.6759	5.8657	
1449	26.046	25.126	26.449	15.369	8.7286	5.8616	
1450	26.033	25.111	26.434	15.389	8.7223	5.7667	
1451	26.021	25.097	26.42	15.439	8.6835	5.8613	
1452	26.008	25.082	26.405	15.461	8.7416	5.9121	
1453	25.996	25.068	26.39	15.432	8.7434	5.9344	
1454	25.983	25.053	26.376	15.347	8.6775	5.7013	
1455	25.971	25.039	26.361	15.416	8.7501	5.778	
1456	25.958	25.024	26.347	15.442	8.7139	5.8162	
1457	25.946	25.01	26.332	15.384	8.5911	5.8161	
1458	25.933	24.996	26.317	15.382	8.7003	5.8269	
1459	25.921	24.981	26.303	15.364	8.5653	5.7475	
1460	25.909	24.967	26.288	15.406	8.6329	5.8577	
1461	25.896	24.953	26.274	15.425	8.6263	5.8131	
1462	25.884	24.938	26.26	15.392	8.6402	5.8205	
1463	25.872	24.924	26.245	15.378	8.6426	5.7707	
1464	25.859	24.91	26.231	15.356	8.6674	5.7556	
1465	25.847	24.895	26.216	15.367	8.7009	5.7782	
1466	25.835	24.881	26.202	15.362	8.5979	5.8152	
1467	25.823	24.867	26.187	15.382	8.6242	5.8072	
1468	25.811	24.853	26.173	15.351	8.6378	5.7845	
1469	25.798	24.838	26.159	15.375	8.6157	5.7777	
1470	25.786	24.824	26.144	15.368	8.6027	5.7829	
1471	25.774	24.81	26.13	15.371	8.6274	5.7814	
1472	25.762	24.796	26.116	15.372	8.6286	5.7604	
1473	25.75	24.782	26.102	15.361	8.64	5.7729	
1474	25.738	24.768	26.087	15.364	8.6233	5.7729	
1475	25.726	24.754	26.073	15.367	8.6216	5.7631	
1476	25.714	24.74	26.059	15.361	8.6167	5.7547	
1477	25.702	24.726	26.045	15.367	8.6407	5.7684	
1478	25.69	24.712	26.03	15.372	8.6251	5.7501	
1479	25.678	24.698	26.016	15.364	8.6199	5.7574	
1480	25.666	24.684	26.002	15.365	8.6238	5.7479	
1481	25.654	24.67	25.988	15.366	8.6113	5.7261	
1482	25.642	24.656	25.974	15.361	8.6283	5.7517	
1483	25.63	24.642	25.96	15.362	8.62	5.7472	
1484	25.618	24.628	25.946	15.378	8.6195	5.7384	
1485	25.606	24.614	25.932	15.355	8.6304	5.737	
1486	25.595	24.6	25.917	15.356	8.5946	5.6973	
1487	25.583	24.586	25.903	15.348	8.6228	5.7008	
1488	25.571	24.573	25.889	15.36	8.6145	5.7232	
1489	25.559	24.559	25.875	15.361	8.6151	5.7038	
1490	25.548	24.545	25.861	15.362	8.5895	5.747	
1491	25.536	24.531	25.847	15.345	8.6053	5.698	
1492	25.524	24.518	25.833	15.351	8.5961	5.7165	
1493	25.512	24.504	25.819	15.341	8.5614	5.7088	
1494	25.501	24.49	25.806	15.341	8.5719	5.697	
1495	25.489	24.476	25.792	15.332	8.5697	5.6877	
1496	25.478	24.463	25.778	15.36	8.6007	5.7053	
1497	25.466	24.449	25.764	15.331	8.5842	5.694	
1498	25.454	24.435	25.75	15.364	8.5808	5.6957	
1499	25.443	24.422	25.736	15.346	8.5729	5.7135	
1500	25.431	24.408	25.722	15.338	8.5688	5.6944	
1501	25.42	24.395	25.708	15.324	8.5615	5.6481	
1502	25.408	24.381	25.695	15.341	8.5663	5.6767	
1503	25.397	24.368	25.681	15.337	8.5858	5.6658	
1504	25.385	24.354	25.667	15.331	8.5525	5.6375	
1505	25.374	24.341	25.653	15.336	8.5556	5.6753	
1506	25.363	24.327	25.64	15.327	8.5511	5.6423	
1507	25.351	24.314	25.626	15.311	8.5398	5.6658	
1508	25.34	24.3	25.612	15.308	8.5416	5.6703	
1509	25.328	24.287	25.598	15.345	8.5427	5.6533	
1510	25.317	24.273	25.585	15.333	8.5601	5.6374	
1511	25.306	24.26	25.571	15.339	8.555	5.6471	
1512	25.294	24.247	25.557	15.33	8.5822	5.6517	
1513	25.283	24.233	25.544	15.364	8.5032	5.6648	
1514	25.272	24.22	25.53	15.322	8.5396	5.6835	
1515	25.261	24.207	25.517	15.295	8.5603	5.6483	
1516	25.249	24.193	25.503	15.318	8.5056	5.6522	
1517	25.238	24.18	25.489	15.315	8.5658	5.6102	
1518	25.227	24.167	25.476	15.295	8.5482	5.6359	
1519	25.216	24.153	25.462	15.297	8.5464	5.6432	
1520	25.205	24.14	25.449	15.291	8.534	5.6375	
1521	25.194	24.127	25.435	15.314	8.4871	5.5673	
1522	25.182	24.114	25.422	15.294	8.5187	5.5965	
1523	25.171	24.101	25.408	15.298	8.5355	5.6022	
1524	25.16	24.087	25.395	15.33	8.5488	5.6586	
1525	25.149	24.074	25.381	15.314	8.5414	5.6269	
1526	25.138	24.061	25.368	15.292	8.5151	5.6013	
1527	25.127	24.048	25.355	15.3	8.528	5.6024	
1528	25.116	24.035	25.341	15.288	8.5465	5.6141	
1529	25.105	24.022	25.328	15.293	8.4942	5.5902	
1530	25.094	24.009	25.314	15.303	8.5058	5.6026	
1531	25.083	23.996	25.301	15.28	8.4914	5.604	
1532	25.072	23.983	25.288	15.308	8.4916	5.603	
1533	25.061	23.97	25.274	15.284	8.4702	5.5967	
1534	25.051	23.957	25.261	15.305	8.4793	5.6376	
1535	25.04	23.944	25.248	15.298	8.4926	5.5712	
1536	25.029	23.931	25.234	15.276	8.4891	5.5791	
1537	25.018	23.918	25.221	15.283	8.4941	5.5846	
1538	25.007	23.905	25.208	15.277	8.5252	5.5789	
1539	24.996	23.892	25.195	15.294	8.4816	5.577	
1540	24.986	23.879	25.181	15.287	8.4628	5.578	
1541	24.975	23.866	25.168	15.275	8.4525	5.5494	
1542	24.964	23.853	25.155	15.281	8.4651	5.5754	
1543	24.953	23.841	25.142	15.279	8.4722	5.544	
1544	24.943	23.828	25.129	15.282	8.4897	5.5788	
1545	24.932	23.815	25.115	15.263	8.493	5.5536	
1546	24.921	23.802	25.102	15.278	8.4662	5.5539	
1547	24.91	23.789	25.089	15.274	8.4734	5.5453	
1548	24.9	23.777	25.076	15.277	8.4642	5.5399	
1549	24.889	23.764	25.063	15.277	8.4838	5.5347	
1550	24.879	23.751	25.05	15.282	8.4621	5.5433	
1551	24.868	23.738	25.037	15.26	8.4848	5.5405	
1552	24.857	23.726	25.024	15.272	8.4641	5.5476	
1553	24.847	23.713	25.011	15.253	8.4528	5.5522	
1554	24.836	23.7	24.998	15.262	8.4672	5.5335	
1555	24.826	23.688	24.985	15.281	8.442	5.52	
1556	24.815	23.675	24.972	15.259	8.4567	5.5561	
1557	24.805	23.663	24.959	15.253	8.4481	5.5181	
1558	24.794	23.65	24.946	15.256	8.4504	5.5207	
1559	24.784	23.637	24.933	15.276	8.4324	5.4932	
1560	24.773	23.625	24.92	15.271	8.4614	5.517	
1561	24.763	23.612	24.907	15.28	8.463	5.5073	
1562	24.753	23.6	24.894	15.286	8.4263	5.5184	
1563	24.742	23.587	24.881	15.246	8.4494	5.5213	
1564	24.732	23.575	24.868	15.253	8.4738	5.4959	
1565	24.721	23.562	24.855	15.26	8.475	5.4892	
1566	24.711	23.55	24.842	15.25	8.4211	5.471	
1567	24.701	23.537	24.829	15.272	8.4036	5.5013	
1568	24.69	23.525	24.817	15.254	8.4459	5.5132	
1569	24.68	23.513	24.804	15.273	8.4673	5.5183	
1570	24.67	23.5	24.791	15.258	8.4541	5.5109	
1571	24.66	23.488	24.778	15.251	8.43	5.5032	
1572	24.649	23.475	24.765	15.247	8.4216	5.516	
1573	24.639	23.463	24.753	15.253	8.4038	5.4898	
1574	24.629	23.451	24.74	15.271	8.4254	5.4739	
1575	24.619	23.438	24.727	15.231	8.4078	5.4942	
1576	24.609	23.426	24.714	15.249	8.3978	5.4296	
1577	24.598	23.414	24.702	15.217	8.3749	5.4756	
1578	24.588	23.401	24.689	15.237	8.4288	5.4607	
1579	24.578	23.389	24.676	15.228	8.4205	5.4795	
1580	24.568	23.377	24.664	15.239	8.3869	5.4487	
1581	24.558	23.365	24.651	15.234	8.4189	5.4105	
1582	24.548	23.353	24.638	15.257	8.4008	5.48	
1583	24.538	23.34	24.626	15.226	8.4345	5.4544	
1584	24.528	23.328	24.613	15.259	8.3606	5.4227	
1585	24.518	23.316	24.6	15.244	8.4289	5.4566	
1586	24.508	23.304	24.588	15.233	8.3734	5.502	
1587	24.498	23.292	24.575	15.238	8.4237	5.4611	
1588	24.488	23.28	24.563	15.245	8.3774	5.3926	
1589	24.478	23.267	24.55	15.215	8.3875	5.4566	
1590	24.468	23.255	24.537	15.228	8.3519	5.4219	
1591	24.458	23.243	24.525	15.219	8.3652	5.442	
1592	24.448	23.231	24.512	15.22	8.4063	5.4059	
1593	24.438	23.219	24.5	15.242	8.3902	5.4055	
1594	24.428	23.207	24.487	15.227	8.3533	5.4718	
1595	24.418	23.195	24.475	15.251	8.3693	5.388	
1596	24.408	23.183	24.462	15.218	8.396	5.4089	
1597	24.399	23.171	24.45	15.224	8.3787	5.4234	
1598	24.389	23.159	24.438	15.233	8.3674	5.3693	
1599	24.379	23.147	24.425	15.229	8.3583	5.4027	
1600	24.369	23.135	24.413	15.215	8.372	5.3582	
1601	24.359	23.123	24.4	15.245	8.3609	5.4297	
1602	24.35	23.111	24.388	15.238	8.3485	5.3855	
1603	24.34	23.1	24.376	15.243	8.3307	5.3756	
1604	24.33	23.088	24.363	15.231	8.3665	5.3766	
1605	24.32	23.076	24.351	15.219	8.355	5.4195	
1606	24.311	23.064	24.339	15.218	8.3515	5.381	
1607	24.301	23.052	24.326	15.236	8.3546	5.3807	
1608	24.291	23.04	24.314	15.198	8.3743	5.3834	
1609	24.282	23.028	24.302	15.209	8.3542	5.3865	
1610	24.272	23.017	24.289	15.217	8.3669	5.3679	
1611	24.262	23.005	24.277	15.223	8.3448	5.3933	
1612	24.253	22.993	24.265	15.243	8.3307	5.3638	
1613	24.243	22.981	24.253	15.178	8.3644	5.3728	
1614	24.234	22.97	24.24	15.202	8.361	5.4227	
1615	24.224	22.958	24.228	15.227	8.3397	5.3958	
1616	24.214	22.946	24.216	15.22	8.3127	5.3666	
1617	24.205	22.934	24.204	15.246	8.3553	5.3936	
1618	24.195	22.923	24.191	15.226	8.3236	5.3726	
1619	24.186	22.911	24.179	15.199	8.3466	5.3731	
1620	24.176	22.899	24.167	15.181	8.3603	5.3781	
1621	24.167	22.888	24.155	15.208	8.3253	5.3494	
1622	24.157	22.876	24.143	15.178	8.3112	5.3902	
1623	24.148	22.865	24.131	15.171	8.3181	5.3343	
1624	24.138	22.853	24.119	15.213	8.3478	5.3601	
1625	24.129	22.841	24.107	15.221	8.3268	5.3138	
1626	24.12	22.83	24.094	15.189	8.3195	5.3457	
1627	24.11	22.818	24.082	15.194	8.2845	5.3273	
1628	24.101	22.807	24.07	15.187	8.3499	5.3401	
1629	24.091	22.795	24.058	15.19	8.342	5.3735	
1630	24.082	22.784	24.046	15.179	8.3391	5.3371	
1631	24.073	22.772	24.034	15.173	8.3154	5.3855	
1632	24.063	22.761	24.022	15.186	8.35	5.3166	
1633	24.054	22.749	24.01	15.203	8.3497	5.3381	
1634	24.045	22.738	23.998	15.171	8.297	5.3258	
1635	24.036	22.726	23.986	15.194	8.3312	5.3287	
1636	24.026	22.715	23.974	15.188	8.3212	5.3036	
1637	24.017	22.703	23.962	15.199	8.3059	5.3668	
1638	24.008	22.692	23.95	15.222	8.2801	5.3259	
1639	23.999	22.681	23.938	15.182	8.3194	5.2974	
1640	23.989	22.669	23.927	15.173	8.2818	5.3281	
1641	23.98	22.658	23.915	15.175	8.354	5.2891	
1642	23.971	22.647	23.903	15.205	8.2703	5.335	
1643	23.962	22.635	23.891	15.19	8.3112	5.2849	
1644	23.953	22.624	23.879	15.187	8.2906	5.3078	
1645	23.943	22.613	23.867	15.188	8.2927	5.329	
1646	23.934	22.601	23.855	15.208	8.31	5.2496	
1647	23.925	22.59	23.843	15.15	8.3281	5.3322	
1648	23.916	22.579	23.832	15.196	8.214	5.2562	
1649	23.907	22.568	23.82	15.203	8.3041	5.32	
1650	23.898	22.556	23.808	15.183	8.3097	5.3172	
1651	23.889	22.545	23.796	15.183	8.2823	5.2789	
1652	23.88	22.534	23.784	15.167	8.2903	5.2806	
1653	23.871	22.523	23.773	15.222	8.273	5.3132	
1654	23.862	22.511	23.761	15.187	8.2721	5.3	
1655	23.853	22.5	23.749	15.181	8.3124	5.2674	
1656	23.844	22.489	23.737	15.178	8.2858	5.2886	
1657	23.835	22.478	23.726	15.182	8.2736	5.2715	
1658	23.826	22.467	23.714	15.168	8.2909	5.2684	
1659	23.817	22.456	23.702	15.198	8.2389	5.2994	
1660	23.808	22.445	23.691	15.134	8.2013	5.3163	
1661	23.799	22.434	23.679	15.18	8.22	5.277	
1662	23.79	22.422	23.667	15.141	8.2754	5.2561	
1663	23.781	22.411	23.656	15.16	8.3068	5.3083	
1664	23.772	22.4	23.644	15.139	8.2076	5.1903	
1665	23.763	22.389	23.632	15.134	8.2768	5.2901	
1666	23.755	22.378	23.621	15.203	8.2376	5.2267	
1667	23.746	22.367	23.609	15.116	8.178	5.2636	
1668	23.737	22.356	23.598	15.094	8.2587	5.2816	
1669	23.728	22.345	23.586	15.177	8.2221	5.1642	
1670	23.719	22.334	23.575	15.177	8.3188	5.28	
1671	23.71	22.323	23.563	15.144	8.2985	5.1962	
1672	23.702	22.312	23.551	15.205	8.2434	5.1552	
1673	23.693	22.301	23.54	15.194	8.2671	5.2595	
1674	23.684	22.29	23.528	15.196	8.273	5.2443	
1675	23.675	22.28	23.517	15.123	8.1082	5.2754	
1676	23.667	22.269	23.505	15.177	8.2951	5.2414	
1677	23.658	22.258	23.494	15.141	8.2686	5.3115	
1678	23.649	22.247	23.482	15.131	8.1656	5.2901	
1679	23.64	22.236	23.471	15.153	8.2106	5.2576	
1680	23.632	22.225	23.46	15.136	8.2649	5.3272	
1681	23.623	22.214	23.448	15.15	8.3289	5.2473	
1682	23.615	22.203	23.437	15.105	8.2398	5.2015	
1683	23.606	22.193	23.425	15.132	8.2922	5.1972	
1684	23.597	22.182	23.414	15.112	8.2552	5.3479	
1685	23.589	22.171	23.402	15.14	8.0623	5.0309	
1686	23.58	22.16	23.391	15.254	8.287	5.2897	
1687	23.571	22.15	23.38	15.066	8.3556	5.4453	
1688	23.563	22.139	23.368	15.075	8.27	5.2045	
1689	23.554	22.128	23.357	15.151	8.2085	5.0922	
1690	23.546	22.117	23.346	15.044	8.425	5.2279	
1691	23.537	22.107	23.334	15.226	8.1621	5.1941	
1692	23.529	22.096	23.323	15.228	8.4692	5.2754	
1693	23.52	22.085	23.312	14.99	8.3545	5.5722	
1694	23.512	22.075	23.3	14.9	8.082	5.2263	
1695	23.503	22.064	23.289	15.192	8.4939	5.4261	
1696	23.495	22.053	23.278	15.082	8.2301	5.4347	
1697	23.486	22.043	23.267	15.142	8.3357	5.437	
1698	23.478	22.032	23.255	14.719	8.2576	4.9981	
1699	23.469	22.021	23.244	14.916	8.6842	5.3629	
1700	23.461	22.011	23.233	14.932	8.1696	5.1826	
