	65	70	75	65	70	75	
300	40.372	42.487	44.955	37.511	37.209	37.514	
301	40.756	43.072	45.71	37.295	36.907	37.453	
302	41.182	43.711	46.542	37.087	36.772	37.279	
303	41.651	44.41	47.46	37.019	36.553	37.024	
304	42.164	45.174	48.475	36.99	36.489	37.052	
305	42.723	46.006	49.596	36.884	36.423	36.867	
306	43.332	46.913	50.835	36.614	36.185	36.77	
307	43.991	47.901	52.205	36.511	36.277	36.641	
308	44.705	48.974	53.718	36.334	36.128	36.541	
309	45.474	50.139	55.388	36.365	35.959	36.377	
310	46.303	51.403	57.228	36.171	35.873	36.379	
311	47.193	52.77	59.249	36.159	35.715	36.319	
312	48.147	54.245	61.461	36.209	35.719	36.207	
313	49.166	55.83	63.87	35.89	35.526	36.139	
314	50.252	57.525	66.474	35.955	35.547	35.953	
315	51.403	59.326	69.264	35.892	35.364	35.909	
316	52.62	61.224	72.219	35.798	35.418	35.815	
317	53.899	63.204	75.299	35.661	35.298	35.754	
318	55.233	65.238	78.431	35.561	35.153	35.59	
319	56.613	67.288	81.469	35.518	35.053	35.611	
320	58.027	69.296	84.045	35.535	35.035	35.459	
321	59.457	71.183	85.188	35.427	34.977	35.375	
322	60.88	72.846	84.02	35.393	34.901	35.332	
323	62.265	74.155	81.525	35.355	34.78	35.278	
324	63.579	74.979	78.651	35.23	34.786	35.152	
325	64.779	75.219	75.74	35.241	34.578	35.091	
326	65.82	74.856	72.919	35.155	34.568	35.032	
327	66.658	73.958	70.243	35.062	34.546	34.927	
328	67.25	72.652	67.738	35.028	34.498	34.847	
329	67.567	71.073	65.412	34.999	34.432	34.774	
330	67.595	69.336	63.267	35.011	34.459	34.767	
331	67.339	67.529	61.297	34.888	34.365	34.712	
332	66.823	65.714	59.491	34.842	34.23	34.555	
333	66.083	63.932	57.84	34.885	34.182	34.577	
334	65.162	62.211	56.33	34.798	34.161	34.525	
335	64.106	60.566	54.95	34.731	34.097	34.447	
336	62.955	59.007	53.688	34.609	34.041	34.358	
337	61.747	57.538	52.532	34.687	34.006	34.353	
338	60.51	56.16	51.473	34.632	33.962	34.303	
339	59.269	54.869	50.5	34.529	33.832	34.23	
340	58.043	53.664	49.604	34.579	33.724	34.179	
341	56.844	52.54	48.779	34.486	33.766	34.165	
342	55.682	51.491	48.016	34.466	33.725	34.1	
343	54.564	50.514	47.31	34.549	33.733	34.023	
344	53.494	49.603	46.654	34.521	33.702	33.95	
345	52.473	48.753	46.044	34.424	33.661	33.933	
346	51.504	47.959	45.475	34.455	33.622	33.892	
347	50.585	47.217	44.944	34.458	33.593	33.865	
348	49.716	46.524	44.446	34.377	33.616	33.812	
349	48.895	45.875	43.978	34.389	33.625	33.81	
350	48.12	45.267	43.538	34.388	33.625	33.767	
351	47.39	44.697	43.124	34.35	33.524	33.743	
352	46.702	44.162	42.732	34.396	33.574	33.8	
353	46.053	43.658	42.361	34.351	33.52	33.614	
354	45.442	43.185	42.009	34.458	33.583	33.722	
355	44.866	42.738	41.675	34.599	33.444	33.575	
356	44.323	42.316	41.355	34.579	33.535	33.58	
357	43.81	41.916	41.049	34.514	33.694	33.653	
358	43.325	41.535	40.753	34.45	33.599	33.561	
359	42.865	41.172	40.466	34.557	33.626	33.604	
360	42.427	40.821	40.184	34.568	33.602	33.533	
361	42.008	40.482	39.904	34.519	33.534	33.614	
362	41.606	40.149	39.624	34.468	33.471	33.318	
363	41.218	39.821	39.339	34.502	33.373	33.27	
364	40.841	39.493	39.047	34.485	33.406	33.141	
365	40.471	39.164	38.745	34.48	33.239	33.257	
366	40.108	38.831	38.432	34.43	33.18	32.916	
367	39.748	38.493	38.106	34.217	33.026	32.627	
368	39.391	38.147	37.766	34.2	33.006	32.484	
369	39.034	37.794	37.41	34.034	32.568	32.257	
370	38.677	37.432	37.04	33.841	32.395	31.955	
371	38.321	37.065	36.658	33.737	32.227	31.762	
372	37.966	36.691	36.264	33.555	32.089	31.437	
373	37.612	36.313	35.86	33.39	31.779	31.262	
374	37.259	35.932	35.446	33.076	31.523	30.992	
375	36.91	35.547	35.025	32.972	31.289	30.557	
376	36.562	35.161	34.597	32.744	31.026	30.281	
377	36.218	34.773	34.164	32.512	30.758	29.935	
378	35.878	34.386	33.725	32.361	30.452	29.755	
379	35.542	34	33.284	32.152	30.302	29.525	
380	35.211	33.614	32.84	31.847	30.094	29.22	
381	34.883	33.23	32.392	31.78	29.805	28.874	
382	34.56	32.847	31.941	31.618	29.702	28.718	
383	34.242	32.466	31.488	31.407	29.37	28.494	
384	33.927	32.086	31.033	31.178	29.194	28.195	
385	33.618	31.709	30.577	31.074	29.021	28.069	
386	33.315	31.336	30.121	30.864	28.789	27.848	
387	33.016	30.965	29.664	30.652	28.633	27.637	
388	32.721	30.597	29.205	30.583	28.41	27.476	
389	32.432	30.232	28.746	30.461	28.307	27.256	
390	32.147	29.869	28.287	30.26	28.108	27.05	
391	31.869	29.512	27.829	30.191	27.915	26.895	
392	31.596	29.159	27.372	29.981	27.735	26.665	
393	31.328	28.809	26.915	29.878	27.587	26.582	
394	31.065	28.462	26.458	29.682	27.397	26.4	
395	30.807	28.119	26.001	29.63	27.355	26.298	
396	30.555	27.781	25.546	29.422	27.142	26.077	
397	30.308	27.448	25.092	29.335	27.036	25.925	
398	30.066	27.118	24.639	29.275	26.882	25.776	
399	29.829	26.791	24.185	29.093	26.69	25.637	
400	29.595	26.467	23.731	29.072	26.6	25.423	
401	29.368	26.149	23.28	28.922	26.451	25.337	
402	29.145	25.834	22.828	28.768	26.379	25.181	
403	28.925	25.522	22.376	28.682	26.196	25.041	
404	28.709	25.213	21.924	28.573	26.143	24.894	
405	28.498	24.908	21.473	28.511	25.929	24.83	
406	28.291	24.607	21.022	28.418	25.831	24.647	
407	28.087	24.308	20.571	28.306	25.691	24.585	
408	27.886	24.012	20.12	28.204	25.67	24.441	
409	27.689	23.72	19.67	28.091	25.533	24.21	
410	27.496	23.431	19.221	28.031	25.423	24.179	
411	27.306	23.145	18.772	27.868	25.362	24.088	
412	27.118	22.863	18.323	27.819	25.199	23.977	
413	26.934	22.584	17.877	27.751	25.068	23.815	
414	26.754	22.308	17.432	27.647	25.046	23.779	
415	26.576	22.036	16.988	27.567	24.906	23.666	
416	26.401	21.768	16.546	27.436	24.81	23.564	
417	26.229	21.503	16.107	27.395	24.667	23.442	
418	26.06	21.243	15.671	27.242	24.576	23.314	
419	25.894	20.986	15.237	27.24	24.539	23.278	
420	25.732	20.734	14.807	27.177	24.391	23.051	
421	25.572	20.485	14.381	26.993	24.277	23.05	
422	25.415	20.241	13.96	27.016	24.164	22.99	
423	25.261	20.002	13.543	26.934	24.088	22.879	
424	25.111	19.768	13.132	26.867	24.049	22.714	
425	24.963	19.538	12.727	26.755	23.89	22.644	
426	24.817	19.313	12.329	26.651	23.86	22.58	
427	24.676	19.093	11.939	26.553	23.755	22.538	
428	24.537	18.879	11.556	26.479	23.663	22.372	
429	24.401	18.67	11.182	26.519	23.569	22.282	
430	24.268	18.467	10.818	26.369	23.426	22.284	
431	24.138	18.269	10.465	26.264	23.503	22.162	
432	24.011	18.076	10.122	26.276	23.311	21.984	
433	23.887	17.89	9.7936	26.141	23.339	21.941	
434	23.766	17.71	9.4781	26.086	23.175	21.795	
435	23.648	17.536	9.1773	26.006	23.033	21.804	
436	23.533	17.369	8.8933	25.973	22.899	21.543	
437	23.421	17.207	8.6261	25.893	22.922	21.617	
438	23.312	17.052	8.3776	25.872	22.893	21.469	
439	23.206	16.904	8.1496	25.71	22.818	21.435	
440	23.103	16.762	7.9424	25.695	22.639	21.343	
441	23.003	16.627	7.7579	25.63	22.648	21.261	
442	22.906	16.499	7.5973	25.588	22.648	21.104	
443	22.811	16.377	7.4608	25.507	22.442	21.184	
444	22.72	16.263	7.3503	25.556	22.424	20.985	
445	22.632	16.155	7.2656	25.392	22.277	20.91	
446	22.547	16.054	7.207	25.234	22.293	20.863	
447	22.465	15.961	7.1754	25.292	22.112	20.749	
448	22.385	15.874	7.1694	25.195	22.141	20.723	
449	22.309	15.794	7.189	25.183	22.026	20.627	
450	22.236	15.721	7.2334	25.118	21.916	20.654	
451	22.165	15.655	7.301	25.118	21.857	20.554	
452	22.097	15.596	7.3913	25.026	21.784	20.444	
453	22.032	15.544	7.5021	24.922	21.755	20.443	
454	21.97	15.498	7.6322	24.835	21.684	20.273	
455	21.911	15.459	7.7802	24.769	21.671	20.279	
456	21.854	15.426	7.9439	24.72	21.58	20.095	
457	21.801	15.401	8.1225	24.709	21.546	20.092	
458	21.75	15.381	8.3139	24.66	21.441	20.062	
459	21.702	15.368	8.5169	24.663	21.481	19.975	
460	21.656	15.361	8.7302	24.545	21.331	19.906	
461	21.613	15.36	8.9522	24.62	21.233	19.818	
462	21.573	15.365	9.1824	24.431	21.183	19.772	
463	21.535	15.376	9.4191	24.46	21.21	19.722	
464	21.501	15.392	9.6617	24.327	21.031	19.609	
465	21.468	15.414	9.9093	24.36	21.017	19.608	
466	21.438	15.442	10.161	24.267	20.954	19.454	
467	21.411	15.474	10.416	24.206	20.854	19.484	
468	21.386	15.511	10.674	24.17	20.799	19.396	
469	21.363	15.554	10.934	24.092	20.77	19.34	
470	21.343	15.601	11.196	24.061	20.699	19.193	
471	21.326	15.652	11.459	24.012	20.652	19.217	
472	21.31	15.708	11.723	23.934	20.679	19.142	
473	21.297	15.768	11.987	23.947	20.517	19.035	
474	21.286	15.832	12.252	23.908	20.509	19.076	
475	21.277	15.9	12.516	23.846	20.472	18.955	
476	21.271	15.972	12.78	23.824	20.439	18.928	
477	21.267	16.047	13.043	23.74	20.279	18.806	
478	21.265	16.126	13.306	23.684	20.28	18.775	
479	21.265	16.208	13.567	23.667	20.197	18.72	
480	21.267	16.293	13.827	23.599	20.142	18.638	
481	21.271	16.381	14.086	23.572	20.093	18.615	
482	21.277	16.472	14.344	23.495	20.1	18.561	
483	21.285	16.565	14.6	23.543	20.037	18.524	
484	21.295	16.661	14.854	23.447	19.952	18.437	
485	21.306	16.759	15.106	23.405	19.904	18.479	
486	21.32	16.86	15.357	23.388	19.787	18.36	
487	21.335	16.963	15.606	23.308	19.783	18.254	
488	21.352	17.067	15.853	23.318	19.714	18.213	
489	21.371	17.174	16.098	23.228	19.691	18.178	
490	21.392	17.282	16.34	23.239	19.606	18.185	
491	21.414	17.393	16.581	23.162	19.598	18.078	
492	21.438	17.504	16.82	23.125	19.513	18.036	
493	21.463	17.618	17.056	23.098	19.505	17.975	
494	21.49	17.732	17.291	23.049	19.475	17.976	
495	21.519	17.848	17.523	23.039	19.452	17.877	
496	21.548	17.965	17.753	22.991	19.38	17.876	
497	21.58	18.083	17.981	22.952	19.303	17.874	
498	21.612	18.202	18.207	22.922	19.281	17.787	
499	21.647	18.322	18.43	22.888	19.204	17.73	
500	21.682	18.443	18.652	22.873	19.164	17.653	
501	21.719	18.565	18.871	22.799	19.155	17.607	
502	21.757	18.687	19.088	22.748	19.072	17.553	
503	21.797	18.811	19.303	22.745	19.08	17.515	
504	21.837	18.934	19.516	22.67	18.989	17.461	
505	21.88	19.059	19.727	22.66	18.966	17.426	
506	21.922	19.183	19.936	22.59	18.9	17.357	
507	21.967	19.309	20.142	22.573	18.858	17.36	
508	22.012	19.434	20.347	22.544	18.831	17.264	
509	22.059	19.56	20.55	22.54	18.784	17.234	
510	22.106	19.687	20.75	22.464	18.744	17.185	
511	22.154	19.813	20.949	22.441	18.672	17.172	
512	22.204	19.94	21.145	22.411	18.653	17.095	
513	22.255	20.067	21.34	22.38	18.604	17.039	
514	22.306	20.194	21.533	22.329	18.581	17.008	
515	22.358	20.321	21.724	22.323	18.521	16.956	
516	22.412	20.448	21.913	22.272	18.488	16.925	
517	22.466	20.576	22.1	22.233	18.453	16.889	
518	22.521	20.703	22.285	22.213	18.429	16.8	
519	22.577	20.83	22.469	22.156	18.383	16.8	
520	22.634	20.958	22.651	22.155	18.329	16.783	
521	22.691	21.085	22.831	22.107	18.281	16.705	
522	22.75	21.212	23.009	22.082	18.236	16.682	
523	22.809	21.339	23.186	22.044	18.197	16.633	
524	22.869	21.466	23.361	22.008	18.175	16.576	
525	22.93	21.593	23.534	21.973	18.11	16.541	
526	22.991	21.719	23.706	21.948	18.101	16.479	
527	23.053	21.846	23.876	21.919	18.041	16.467	
528	23.116	21.972	24.044	21.871	18.015	16.444	
529	23.179	22.098	24.211	21.848	17.935	16.346	
530	23.243	22.224	24.377	21.807	17.963	16.332	
531	23.308	22.35	24.541	21.787	17.894	16.282	
532	23.373	22.475	24.704	21.792	17.872	16.249	
533	23.439	22.6	24.865	21.715	17.836	16.21	
534	23.505	22.725	25.025	21.688	17.765	16.173	
535	23.572	22.85	25.183	21.675	17.736	16.118	
536	23.64	22.974	25.34	21.642	17.728	16.071	
537	23.708	23.099	25.496	21.635	17.67	16.051	
538	23.777	23.223	25.65	21.595	17.649	16.008	
539	23.846	23.346	25.803	21.569	17.626	15.99	
540	23.916	23.47	25.955	21.55	17.587	15.938	
541	23.986	23.593	26.106	21.51	17.537	15.923	
542	24.057	23.716	26.255	21.482	17.509	15.858	
543	24.128	23.838	26.404	21.476	17.461	15.814	
544	24.2	23.96	26.551	21.431	17.422	15.773	
545	24.272	24.083	26.697	21.41	17.437	15.761	
546	24.345	24.204	26.842	21.352	17.352	15.71	
547	24.418	24.326	26.986	21.367	17.317	15.707	
548	24.492	24.447	27.129	21.329	17.285	15.648	
549	24.566	24.568	27.27	21.326	17.238	15.622	
550	24.64	24.689	27.411	21.261	17.228	15.591	
551	24.715	24.809	27.551	21.239	17.193	15.54	
552	24.79	24.929	27.69	21.241	17.157	15.508	
553	24.866	25.049	27.828	21.207	17.129	15.477	
554	24.942	25.169	27.965	21.168	17.077	15.44	
555	25.018	25.288	28.101	21.16	17.056	15.395	
556	25.095	25.407	28.236	21.131	17.016	15.362	
557	25.173	25.526	28.37	21.103	16.947	15.317	
558	25.25	25.645	28.504	21.084	16.962	15.3	
559	25.328	25.764	28.637	21.046	16.928	15.278	
560	25.407	25.882	28.768	21.019	16.886	15.228	
561	25.486	26	28.9	21.007	16.84	15.186	
562	25.565	26.118	29.03	21	16.812	15.184	
563	25.644	26.235	29.16	20.961	16.801	15.133	
564	25.724	26.353	29.289	20.944	16.75	15.126	
565	25.804	26.47	29.417	20.9	16.721	15.064	
566	25.885	26.587	29.545	20.879	16.684	15.074	
567	25.966	26.704	29.672	20.845	16.66	15.01	
568	26.047	26.82	29.798	20.818	16.626	14.969	
569	26.129	26.937	29.924	20.805	16.591	14.939	
570	26.211	27.053	30.049	20.791	16.566	14.891	
571	26.294	27.169	30.173	20.756	16.54	14.877	
572	26.376	27.285	30.297	20.734	16.528	14.866	
573	26.46	27.401	30.421	20.719	16.489	14.815	
574	26.543	27.517	30.544	20.685	16.473	14.755	
575	26.627	27.633	30.666	20.662	16.434	14.74	
576	26.711	27.748	30.788	20.631	16.404	14.719	
577	26.795	27.864	30.91	20.644	16.385	14.694	
578	26.88	27.979	31.031	20.618	16.331	14.681	
579	26.966	28.094	31.151	20.576	16.316	14.62	
580	27.051	28.209	31.272	20.577	16.277	14.621	
581	27.137	28.325	31.392	20.535	16.251	14.584	
582	27.223	28.44	31.511	20.524	16.22	14.522	
583	27.31	28.555	31.63	20.504	16.18	14.507	
584	27.397	28.67	31.749	20.492	16.17	14.517	
585	27.484	28.784	31.867	20.442	16.155	14.449	
586	27.572	28.899	31.986	20.431	16.123	14.417	
587	27.66	29.014	32.103	20.436	16.098	14.362	
588	27.749	29.129	32.221	20.408	16.07	14.357	
589	27.837	29.244	32.338	20.364	16.041	14.332	
590	27.927	29.359	32.455	20.345	16.005	14.287	
591	28.016	29.474	32.572	20.333	15.99	14.25	
592	28.106	29.589	32.689	20.31	15.918	14.221	
593	28.196	29.704	32.805	20.296	15.969	14.198	
594	28.287	29.819	32.921	20.283	15.892	14.209	
595	28.378	29.934	33.038	20.24	15.88	14.155	
596	28.469	30.049	33.153	20.22	15.879	14.124	
597	28.561	30.164	33.269	20.21	15.839	14.089	
598	28.654	30.28	33.385	20.202	15.8	14.07	
599	28.746	30.395	33.5	20.184	15.748	14.033	
600	28.839	30.511	33.616	20.146	15.774	14.024	
601	28.933	30.626	33.731	20.111	15.734	13.982	
602	29.026	30.742	33.846	20.089	15.676	13.946	
603	29.121	30.858	33.962	20.073	15.681	13.918	
604	29.215	30.974	34.077	20.062	15.645	13.915	
605	29.31	31.09	34.192	20.041	15.608	13.859	
606	29.406	31.207	34.307	20.03	15.616	13.815	
607	29.502	31.323	34.422	19.998	15.592	13.779	
608	29.598	31.44	34.538	20.014	15.535	13.804	
609	29.695	31.557	34.653	19.982	15.547	13.748	
610	29.792	31.674	34.768	19.959	15.505	13.733	
611	29.89	31.792	34.883	19.939	15.468	13.708	
612	29.988	31.909	34.999	19.937	15.48	13.705	
613	30.086	32.027	35.114	19.905	15.44	13.625	
614	30.185	32.145	35.23	19.873	15.416	13.633	
615	30.285	32.264	35.346	19.872	15.373	13.599	
616	30.385	32.382	35.461	19.848	15.366	13.567	
617	30.485	32.501	35.577	19.833	15.339	13.548	
618	30.586	32.62	35.693	19.81	15.324	13.544	
619	30.688	32.74	35.81	19.793	15.289	13.484	
620	30.79	32.86	35.926	19.769	15.26	13.464	
621	30.892	32.98	36.043	19.744	15.245	13.463	
622	30.995	33.1	36.16	19.758	15.223	13.435	
623	31.098	33.221	36.277	19.727	15.19	13.375	
624	31.202	33.342	36.394	19.705	15.17	13.372	
625	31.307	33.464	36.511	19.678	15.168	13.392	
626	31.412	33.585	36.629	19.681	15.12	13.311	
627	31.517	33.708	36.747	19.667	15.098	13.304	
628	31.623	33.83	36.865	19.638	15.06	13.283	
629	31.73	33.953	36.984	19.635	15.075	13.294	
630	31.837	34.077	37.103	19.57	15.013	13.233	
631	31.944	34.201	37.222	19.565	15.066	13.236	
632	32.053	34.325	37.341	19.575	15.011	13.141	
633	32.161	34.449	37.461	19.564	14.965	13.12	
634	32.271	34.575	37.581	19.51	14.954	13.069	
635	32.381	34.7	37.702	19.493	14.942	13.106	
636	32.491	34.826	37.823	19.49	14.951	13.106	
637	32.602	34.953	37.944	19.498	14.872	13.056	
638	32.714	35.08	38.066	19.454	14.846	13.046	
639	32.826	35.207	38.188	19.459	14.818	13.027	
640	32.939	35.335	38.31	19.425	14.799	13.018	
641	33.053	35.464	38.433	19.452	14.778	12.939	
642	33.167	35.593	38.556	19.402	14.772	12.986	
643	33.282	35.723	38.68	19.387	14.721	12.945	
644	33.398	35.853	38.804	19.404	14.727	12.899	
645	33.514	35.984	38.929	19.385	14.71	12.869	
646	33.63	36.115	39.054	19.341	14.67	12.857	
647	33.748	36.247	39.18	19.34	14.697	12.832	
648	33.866	36.379	39.306	19.298	14.644	12.833	
649	33.985	36.512	39.432	19.29	14.633	12.793	
650	34.104	36.646	39.56	19.268	14.571	12.757	
651	34.224	36.781	39.687	19.249	14.593	12.771	
652	34.345	36.915	39.816	19.245	14.544	12.718	
653	34.467	37.051	39.944	19.224	14.556	12.69	
654	34.589	37.187	40.074	19.213	14.505	12.636	
655	34.712	37.324	40.204	19.188	14.528	12.643	
656	34.836	37.462	40.334	19.173	14.551	12.655	
657	34.96	37.6	40.465	19.182	14.495	12.58	
658	35.086	37.739	40.597	19.145	14.451	12.585	
659	35.212	37.879	40.729	19.135	14.393	12.576	
660	35.338	38.019	40.862	19.131	14.406	12.557	
661	35.466	38.16	40.995	19.149	14.366	12.521	
662	35.594	38.302	41.13	19.141	14.38	12.487	
663	35.723	38.444	41.264	19.085	14.354	12.478	
664	35.853	38.588	41.4	19.067	14.358	12.46	
665	35.984	38.732	41.536	19.05	14.329	12.422	
666	36.115	38.877	41.673	19.037	14.283	12.4	
667	36.247	39.022	41.81	19.049	14.264	12.403	
668	36.38	39.169	41.948	19.03	14.28	12.379	
669	36.514	39.316	42.087	19.015	14.24	12.357	
670	36.649	39.464	42.227	18.996	14.227	12.341	
671	36.784	39.613	42.367	18.983	14.189	12.272	
672	36.921	39.762	42.508	18.968	14.151	12.307	
673	37.058	39.913	42.65	18.924	14.153	12.286	
674	37.196	40.064	42.792	18.939	14.161	12.278	
675	37.335	40.216	42.935	18.916	14.153	12.296	
676	37.475	40.369	43.079	18.918	14.072	12.203	
677	37.616	40.523	43.224	18.905	14.111	12.199	
678	37.758	40.678	43.369	18.877	14.073	12.219	
679	37.9	40.834	43.516	18.874	14.028	12.143	
680	38.044	40.991	43.663	18.865	14.013	12.153	
681	38.188	41.148	43.811	18.846	13.999	12.088	
682	38.334	41.307	43.959	18.845	14.005	12.109	
683	38.48	41.466	44.109	18.808	13.954	12.072	
684	38.627	41.626	44.259	18.784	13.945	12.093	
685	38.776	41.788	44.41	18.793	13.961	12.052	
686	38.925	41.95	44.562	18.775	13.924	12.002	
687	39.075	42.113	44.715	18.777	13.89	11.991	
688	39.226	42.277	44.868	18.772	13.868	11.962	
689	39.378	42.442	45.022	18.761	13.903	11.957	
690	39.531	42.609	45.178	18.716	13.875	11.965	
691	39.686	42.776	45.334	18.724	13.843	11.91	
692	39.841	42.944	45.491	18.709	13.782	11.94	
693	39.997	43.113	45.648	18.696	13.781	11.891	
694	40.154	43.283	45.807	18.682	13.775	11.898	
695	40.312	43.455	45.967	18.653	13.738	11.859	
696	40.472	43.627	46.127	18.654	13.704	11.854	
697	40.632	43.8	46.288	18.647	13.742	11.818	
698	40.794	43.975	46.45	18.656	13.697	11.76	
699	40.956	44.15	46.613	18.615	13.678	11.745	
700	41.12	44.327	46.777	18.603	13.714	11.763	
701	41.284	44.505	46.942	18.616	13.601	11.754	
702	41.45	44.683	47.108	18.605	13.677	11.742	
703	41.617	44.863	47.274	18.55	13.664	11.695	
704	41.785	45.044	47.442	18.548	13.616	11.689	
705	41.954	45.226	47.61	18.593	13.586	11.663	
706	42.124	45.409	47.779	18.539	13.595	11.627	
707	42.295	45.594	47.949	18.519	13.587	11.625	
708	42.468	45.779	48.12	18.499	13.513	11.634	
709	42.641	45.966	48.292	18.52	13.555	11.58	
710	42.816	46.154	48.465	18.509	13.487	11.628	
711	42.992	46.342	48.639	18.491	13.491	11.511	
712	43.169	46.533	48.813	18.46	13.43	11.505	
713	43.348	46.724	48.989	18.443	13.501	11.532	
714	43.527	46.916	49.165	18.434	13.419	11.487	
715	43.708	47.11	49.342	18.397	13.433	11.469	
716	43.89	47.304	49.52	18.418	13.356	11.374	
717	44.073	47.5	49.699	18.408	13.398	11.468	
718	44.257	47.697	49.879	18.389	13.347	11.371	
719	44.443	47.896	50.06	18.416	13.365	11.461	
720	44.629	48.095	50.241	18.332	13.336	11.414	
721	44.817	48.296	50.424	18.377	13.311	11.389	
722	45.007	48.498	50.607	18.373	13.341	11.365	
723	45.197	48.701	50.791	18.316	13.339	11.362	
724	45.389	48.905	50.976	18.348	13.267	11.357	
725	45.582	49.111	51.162	18.293	13.366	11.278	
726	45.776	49.318	51.349	18.343	13.2	11.279	
727	45.972	49.526	51.536	18.3	13.25	11.255	
728	46.168	49.735	51.725	18.318	13.194	11.255	
729	46.366	49.945	51.914	18.272	13.178	11.254	
730	46.566	50.157	52.104	18.26	13.183	11.173	
731	46.767	50.37	52.295	18.22	13.167	11.208	
732	46.969	50.584	52.486	18.247	13.116	11.197	
733	47.172	50.799	52.678	18.236	13.152	11.165	
734	47.377	51.016	52.871	18.263	13.117	11.143	
735	47.583	51.234	53.065	18.212	13.131	11.119	
736	47.79	51.453	53.259	18.211	13.114	11.12	
737	47.998	51.673	53.455	18.221	13.084	11.153	
738	48.208	51.895	53.65	18.175	13.091	11.076	
739	48.42	52.118	53.847	18.168	13.067	11.094	
740	48.632	52.342	54.044	18.198	13.06	11.074	
741	48.846	52.567	54.242	18.146	13.012	11.072	
742	49.062	52.793	54.441	18.159	13.021	11.016	
743	49.278	53.021	54.64	18.16	13.027	10.987	
744	49.496	53.25	54.839	18.128	13	11.023	
745	49.716	53.48	55.04	18.098	13.023	11.013	
746	49.937	53.711	55.241	18.113	12.97	10.981	
747	50.159	53.944	55.442	18.112	13.001	10.944	
748	50.382	54.177	55.644	18.09	12.967	10.93	
749	50.607	54.412	55.846	18.087	12.928	10.902	
750	50.834	54.649	56.049	18.026	12.909	10.938	
751	51.061	54.886	56.252	18.064	12.892	10.873	
752	51.29	55.124	56.456	18.016	12.923	10.846	
753	51.521	55.364	56.66	18.042	12.881	10.845	
754	51.753	55.605	56.865	18.033	12.862	10.87	
755	51.986	55.847	57.069	17.998	12.896	10.794	
756	52.221	56.09	57.274	18.017	12.83	10.84	
757	52.457	56.334	57.48	18.016	12.778	10.837	
758	52.694	56.58	57.686	17.993	12.814	10.794	
759	52.933	56.826	57.891	17.991	12.817	10.766	
760	53.173	57.074	58.097	17.965	12.743	10.723	
761	53.415	57.323	58.304	17.94	12.757	10.727	
762	53.658	57.573	58.51	17.968	12.744	10.685	
763	53.902	57.823	58.716	17.942	12.757	10.67	
764	54.148	58.075	58.923	17.942	12.75	10.703	
765	54.395	58.328	59.129	17.928	12.723	10.649	
766	54.644	58.582	59.336	17.945	12.732	10.659	
767	54.894	58.837	59.542	17.932	12.689	10.658	
768	55.145	59.094	59.748	17.898	12.676	10.604	
769	55.398	59.351	59.954	17.901	12.684	10.63	
770	55.652	59.609	60.16	17.88	12.632	10.573	
771	55.907	59.868	60.366	17.839	12.621	10.567	
772	56.164	60.127	60.571	17.837	12.664	10.567	
773	56.423	60.388	60.776	17.851	12.613	10.567	
774	56.682	60.65	60.981	17.831	12.605	10.51	
775	56.943	60.912	61.185	17.81	12.584	10.517	
776	57.206	61.176	61.389	17.872	12.563	10.49	
777	57.469	61.44	61.592	17.813	12.541	10.499	
778	57.734	61.705	61.795	17.814	12.507	10.516	
779	58.001	61.971	61.997	17.771	12.515	10.473	
780	58.269	62.237	62.198	17.769	12.529	10.484	
781	58.538	62.505	62.398	17.816	12.552	10.405	
782	58.808	62.772	62.598	17.788	12.453	10.414	
783	59.08	63.041	62.797	17.766	12.44	10.413	
784	59.353	63.31	62.995	17.747	12.468	10.369	
785	59.627	63.58	63.192	17.727	12.424	10.347	
786	59.903	63.851	63.388	17.72	12.435	10.349	
787	60.18	64.121	63.583	17.725	12.412	10.345	
788	60.458	64.393	63.777	17.722	12.394	10.324	
789	60.737	64.665	63.969	17.703	12.376	10.317	
790	61.018	64.937	64.161	17.705	12.403	10.277	
791	61.3	65.21	64.35	17.675	12.368	10.278	
792	61.583	65.483	64.539	17.689	12.361	10.267	
793	61.868	65.756	64.726	17.679	12.381	10.266	
794	62.154	66.03	64.911	17.66	12.327	10.239	
795	62.44	66.304	65.095	17.659	12.309	10.224	
796	62.729	66.578	65.277	17.662	12.313	10.213	
797	63.018	66.852	65.457	17.654	12.325	10.176	
798	63.308	67.127	65.636	17.666	12.323	10.181	
799	63.6	67.401	65.812	17.647	12.261	10.206	
800	63.893	67.675	65.987	17.62	12.266	10.135	
801	64.187	67.95	66.159	17.605	12.279	10.152	
802	64.482	68.224	66.33	17.648	12.257	10.122	
803	64.778	68.498	66.498	17.585	12.228	10.092	
804	65.075	68.771	66.664	17.575	12.219	10.133	
805	65.373	69.045	66.827	17.566	12.198	10.093	
806	65.672	69.318	66.988	17.583	12.17	10.084	
807	65.973	69.591	67.146	17.566	12.126	10.115	
808	66.274	69.863	67.302	17.569	12.174	10.024	
809	66.576	70.134	67.455	17.516	12.099	10.047	
810	66.88	70.405	67.606	17.556	12.165	10.014	
811	67.184	70.675	67.753	17.537	12.131	9.9973	
812	67.49	70.945	67.898	17.532	12.176	10.005	
813	67.796	71.213	68.04	17.542	12.077	9.9926	
814	68.103	71.481	68.178	17.52	12.11	10.013	
815	68.411	71.747	68.313	17.499	12.091	9.9656	
816	68.72	72.012	68.446	17.51	12.082	9.9131	
817	69.03	72.276	68.575	17.487	12.062	9.9298	
818	69.34	72.539	68.7	17.492	12.059	9.9034	
819	69.652	72.8	68.822	17.483	12.042	9.9129	
820	69.964	73.059	68.941	17.46	12.018	9.8719	
821	70.277	73.317	69.056	17.453	12.005	9.8656	
822	70.591	73.573	69.167	17.45	12.012	9.8616	
823	70.905	73.828	69.275	17.451	12.006	9.8525	
824	71.221	74.08	69.379	17.443	12.007	9.8497	
825	71.536	74.329	69.479	17.437	11.988	9.8449	
826	71.853	74.577	69.575	17.433	11.98	9.8362	
827	72.17	74.822	69.667	17.43	11.974	9.8144	
828	72.488	75.064	69.756	17.419	11.964	9.8087	
829	72.807	75.304	69.84	17.407	11.95	9.7941	
830	73.126	75.54	69.92	17.407	11.946	9.8031	
831	73.445	75.773	69.996	17.4	11.919	9.7859	
832	73.765	76.003	70.068	17.384	11.91	9.7662	
833	74.086	76.23	70.136	17.379	11.905	9.7353	
834	74.407	76.452	70.199	17.367	11.897	9.7158	
835	74.729	76.671	70.259	17.36	11.889	9.7177	
836	75.051	76.886	70.314	17.358	11.888	9.6974	
837	75.373	77.096	70.364	17.35	11.861	9.7024	
838	75.696	77.302	70.41	17.356	11.846	9.6741	
839	76.019	77.502	70.453	17.339	11.835	9.6728	
840	76.342	77.698	70.49	17.323	11.851	9.6213	
841	76.666	77.889	70.524	17.338	11.799	9.6059	
842	76.99	78.073	70.553	17.35	11.812	9.6524	
843	77.314	78.252	70.577	17.333	11.79	9.6237	
844	77.639	78.425	70.598	17.328	11.8	9.6135	
845	77.964	78.592	70.614	17.337	11.83	9.5864	
846	78.289	78.752	70.625	17.25	11.762	9.5728	
847	78.614	78.904	70.633	17.316	11.671	9.6306	
848	78.939	79.05	70.636	17.299	11.801	9.6341	
849	79.264	79.188	70.635	17.296	11.713	9.5251	
850	79.59	79.319	70.63	17.278	11.74	9.5683	
851	79.915	79.441	70.62	17.254	11.712	9.5872	
852	80.24	79.556	70.607	17.249	11.723	9.4661	
853	80.566	79.661	70.589	17.279	11.658	9.4759	
854	80.891	79.758	70.568	17.228	11.704	9.4325	
855	81.217	79.846	70.542	17.23	11.626	9.478	
856	81.542	79.926	70.513	17.202	11.678	9.4881	
857	81.867	79.995	70.479	17.234	11.659	9.4508	
858	82.192	80.056	70.442	17.248	11.682	9.4151	
859	82.517	80.107	70.401	17.26	11.629	9.461	
860	82.841	80.148	70.357	17.206	11.667	9.4684	
861	83.166	80.179	70.309	17.177	11.615	9.3825	
862	83.49	80.201	70.257	17.215	11.595	9.3837	
863	83.814	80.213	70.202	17.205	11.644	9.3907	
864	84.138	80.216	70.143	17.208	11.589	9.387	
865	84.461	80.209	70.081	17.157	11.577	9.3165	
866	84.784	80.192	70.016	17.167	11.563	9.3468	
867	85.107	80.165	69.948	17.147	11.513	9.3459	
868	85.429	80.13	69.876	17.118	11.543	9.3501	
869	85.751	80.086	69.802	17.15	11.508	9.2901	
870	86.072	80.032	69.725	17.159	11.516	9.3057	
871	86.393	79.97	69.644	17.146	11.508	9.2767	
872	86.713	79.9	69.561	17.131	11.512	9.3136	
873	87.033	79.821	69.475	17.157	11.469	9.267	
874	87.353	79.735	69.387	17.129	11.488	9.2504	
875	87.672	79.641	69.296	17.111	11.474	9.2559	
876	87.99	79.539	69.203	17.115	11.465	9.2204	
877	88.308	79.431	69.107	17.112	11.46	9.2537	
878	88.625	79.316	69.009	17.083	11.444	9.2191	
879	88.941	79.194	68.908	17.079	11.432	9.1998	
880	89.257	79.066	68.806	17.071	11.421	9.1926	
881	89.571	78.933	68.701	17.069	11.417	9.1849	
882	89.883	78.794	68.595	17.067	11.412	9.1889	
883	89.798	78.65	68.486	17.063	11.408	9.1794	
884	89.486	78.501	68.376	17.061	11.404	9.1718	
885	89.174	78.347	68.263	17.061	11.396	9.1709	
886	88.863	78.189	68.149	17.056	11.388	9.1566	
887	88.552	78.026	68.034	17.046	11.371	9.1428	
888	88.243	77.86	67.917	17.044	11.364	9.1243	
889	87.934	77.691	67.798	17.031	11.351	9.1119	
890	87.626	77.517	67.678	17.018	11.337	9.0964	
891	87.319	77.341	67.556	17.012	11.328	9.0812	
892	87.013	77.161	67.433	17.01	11.316	9.0788	
893	86.707	76.979	67.309	17.003	11.31	9.0602	
894	86.403	76.795	67.184	16.991	11.308	9.0486	
895	86.099	76.607	67.058	16.999	11.303	9.0533	
896	85.797	76.418	66.93	16.989	11.29	9.0498	
897	85.495	76.227	66.802	16.989	11.285	9.0476	
898	85.195	76.034	66.672	16.987	11.282	9.0195	
899	84.895	75.839	66.542	16.979	11.268	9.0175	
900	84.597	75.642	66.411	16.966	11.258	8.9949	
901	84.3	75.444	66.279	16.947	11.247	8.9733	
902	84.003	75.245	66.146	16.948	11.229	8.9685	
903	83.708	75.045	66.012	16.945	11.226	8.9618	
904	83.414	74.843	65.878	16.94	11.217	8.9595	
905	83.12	74.641	65.743	16.932	11.215	8.9576	
906	82.828	74.437	65.608	16.934	11.21	8.9517	
907	82.538	74.233	65.472	16.929	11.206	8.9528	
908	82.248	74.029	65.336	16.931	11.194	8.9288	
909	81.959	73.824	65.199	16.916	11.183	8.9209	
910	81.672	73.618	65.062	16.902	11.167	8.91	
911	81.385	73.412	64.925	16.906	11.155	8.9055	
912	81.1	73.205	64.787	16.894	11.128	8.8691	
913	80.816	72.999	64.649	16.881	11.137	8.8493	
914	80.533	72.792	64.51	16.883	11.127	8.8511	
915	80.252	72.585	64.372	16.876	11.114	8.8449	
916	79.971	72.378	64.233	16.869	11.119	8.8435	
917	79.692	72.171	64.094	16.869	11.116	8.8377	
918	79.414	71.964	63.955	16.872	11.111	8.8326	
919	79.138	71.757	63.816	16.868	11.102	8.8198	
920	78.862	71.551	63.677	16.862	11.094	8.8106	
921	78.588	71.344	63.538	16.852	11.081	8.8013	
922	78.315	71.138	63.399	16.848	11.073	8.8045	
923	78.044	70.933	63.259	16.851	11.066	8.7956	
924	77.773	70.727	63.12	16.835	11.037	8.7695	
925	77.504	70.522	62.981	16.832	11.054	8.7564	
926	77.236	70.317	62.842	16.815	11.035	8.7417	
927	76.97	70.113	62.703	16.816	11.041	8.7315	
928	76.704	69.909	62.565	16.814	11.034	8.7362	
929	76.44	69.706	62.426	16.797	10.994	8.7477	
930	76.178	69.504	62.288	16.793	10.972	8.7269	
931	75.916	69.301	62.15	16.805	11.016	8.7154	
932	75.656	69.1	62.012	16.812	10.951	8.6826	
933	75.398	68.899	61.874	16.782	11.008	8.6791	
934	75.14	68.699	61.737	16.775	10.976	8.695	
935	74.884	68.499	61.6	16.773	10.978	8.6554	
936	74.629	68.3	61.463	16.753	10.941	8.6501	
937	74.376	68.102	61.326	16.753	10.935	8.6851	
938	74.124	67.905	61.19	16.783	10.944	8.6069	
939	73.873	67.708	61.054	16.761	10.933	8.6336	
940	73.623	67.512	60.918	16.766	10.894	8.6504	
941	73.375	67.317	60.783	16.76	10.92	8.6114	
942	73.128	67.123	60.648	16.739	10.886	8.5574	
943	72.883	66.929	60.514	16.715	10.91	8.5951	
944	72.638	66.736	60.38	16.717	10.929	8.5787	
945	72.396	66.544	60.246	16.744	10.893	8.5827	
946	72.154	66.353	60.113	16.743	10.888	8.5713	
947	71.914	66.163	59.98	16.722	10.888	8.5569	
948	71.675	65.973	59.848	16.718	10.861	8.5456	
949	71.437	65.785	59.716	16.708	10.84	8.5238	
950	71.201	65.597	59.584	16.702	10.832	8.5213	
951	70.966	65.41	59.453	16.691	10.851	8.5259	
952	70.732	65.224	59.323	16.683	10.844	8.5209	
953	70.5	65.039	59.193	16.694	10.825	8.4986	
954	70.269	64.855	59.063	16.695	10.819	8.5124	
955	70.04	64.671	58.934	16.682	10.807	8.4784	
956	69.811	64.489	58.806	16.663	10.812	8.4848	
957	69.584	64.308	58.677	16.664	10.803	8.5324	
958	69.358	64.127	58.55	16.644	10.785	8.4534	
959	69.134	63.947	58.423	16.666	10.771	8.4791	
960	68.911	63.769	58.296	16.678	10.753	8.4078	
961	68.689	63.591	58.17	16.673	10.778	8.3952	
962	68.469	63.414	58.045	16.661	10.689	8.3687	
963	68.249	63.238	57.92	16.62	10.712	8.4149	
964	68.032	63.063	57.795	16.649	10.748	8.3485	
965	67.815	62.889	57.671	16.617	10.733	8.3817	
966	67.6	62.716	57.548	16.628	10.753	8.359	
967	67.385	62.543	57.425	16.623	10.733	8.3919	
968	67.173	62.372	57.303	16.627	10.745	8.3832	
969	66.961	62.202	57.181	16.611	10.709	8.3707	
970	66.751	62.032	57.06	16.625	10.692	8.3925	
971	66.542	61.864	56.94	16.613	10.68	8.3706	
972	66.334	61.696	56.82	16.61	10.702	8.3492	
973	66.128	61.53	56.7	16.61	10.685	8.3224	
974	65.922	61.364	56.581	16.594	10.661	8.3374	
975	65.718	61.199	56.463	16.588	10.668	8.2816	
976	65.516	61.035	56.345	16.58	10.653	8.2972	
977	65.314	60.872	56.228	16.575	10.641	8.2843	
978	65.114	60.71	56.111	16.572	10.632	8.2858	
979	64.915	60.549	55.995	16.57	10.638	8.2719	
980	64.717	60.389	55.879	16.575	10.628	8.2724	
981	64.52	60.229	55.764	16.572	10.626	8.2804	
982	64.325	60.071	55.65	16.566	10.621	8.2707	
983	64.131	59.914	55.536	16.562	10.623	8.2828	
984	63.938	59.757	55.423	16.548	10.613	8.2676	
985	63.746	59.601	55.31	16.546	10.617	8.2362	
986	63.555	59.447	55.198	16.573	10.595	8.2584	
987	63.366	59.293	55.086	16.537	10.591	8.2149	
988	63.177	59.14	54.975	16.532	10.56	8.1936	
989	62.99	58.988	54.865	16.524	10.566	8.1933	
990	62.804	58.837	54.755	16.52	10.547	8.1876	
991	62.619	58.686	54.646	16.519	10.55	8.1676	
992	62.436	58.537	54.537	16.52	10.545	8.1802	
993	62.253	58.388	54.429	16.509	10.544	8.1739	
994	62.072	58.241	54.321	16.517	10.548	8.1768	
995	61.892	58.094	54.214	16.503	10.54	8.1619	
996	61.712	57.948	54.107	16.496	10.533	8.1554	
997	61.534	57.803	54.001	16.504	10.529	8.1444	
998	61.357	57.659	53.896	16.493	10.516	8.1417	
999	61.182	57.515	53.791	16.483	10.502	8.1776	
1000	61.007	57.373	53.687	16.5	10.478	8.1157	
1001	60.833	57.231	53.583	16.464	10.53	8.0949	
1002	60.661	57.09	53.48	16.485	10.51	8.0982	
1003	60.489	56.95	53.377	16.476	10.477	8.0989	
1004	60.319	56.811	53.275	16.475	10.443	8.0759	
1005	60.15	56.673	53.173	16.439	10.542	8.1117	
1006	59.982	56.535	53.072	16.467	10.428	8.1096	
1007	59.814	56.398	52.972	16.465	10.492	8.0327	
1008	59.648	56.263	52.872	16.449	10.484	8.0563	
1009	59.483	56.128	52.772	16.429	10.432	8.0496	
1010	59.319	55.993	52.673	16.466	10.451	8.0414	
1011	59.156	55.86	52.575	16.433	10.444	8.0428	
1012	58.994	55.727	52.477	16.438	10.431	8.0143	
1013	58.833	55.595	52.38	16.434	10.414	8.0082	
1014	58.673	55.464	52.283	16.435	10.394	8.0042	
1015	58.514	55.334	52.186	16.437	10.4	7.9932	
1016	58.356	55.204	52.091	16.413	10.402	8.087	
1017	58.199	55.076	51.995	16.395	10.365	7.9546	
1018	58.043	54.948	51.9	16.391	10.366	7.9748	
1019	57.888	54.82	51.806	16.377	10.349	7.938	
1020	57.734	54.694	51.712	16.428	10.409	7.9076	
1021	57.581	54.568	51.619	16.344	10.406	7.9482	
1022	57.429	54.443	51.526	16.399	10.335	7.9468	
1023	57.278	54.319	51.434	16.418	10.322	7.9437	
1024	57.128	54.195	51.342	16.374	10.301	7.9785	
1025	56.979	54.073	51.251	16.416	10.31	7.9159	
1026	56.83	53.951	51.16	16.38	10.359	7.8728	
1027	56.683	53.829	51.07	16.414	10.241	7.8987	
1028	56.536	53.709	50.98	16.371	10.339	7.8451	
1029	56.391	53.589	50.891	16.355	10.283	7.8299	
1030	56.246	53.47	50.802	16.359	10.328	7.903	
1031	56.103	53.351	50.714	16.422	10.333	7.9249	
1032	55.96	53.234	50.626	16.316	10.327	7.8632	
1033	55.818	53.117	50.538	16.382	10.287	7.887	
1034	55.677	53	50.451	16.356	10.309	7.8533	
1035	55.536	52.885	50.365	16.379	10.251	7.9231	
1036	55.397	52.77	50.279	16.253	10.285	7.8388	
1037	55.259	52.655	50.193	16.397	10.175	7.8035	
1038	55.121	52.542	50.108	16.319	10.24	7.9786	
1039	54.984	52.429	50.024	16.361	10.29	7.9209	
1040	54.848	52.316	49.939	16.298	10.088	7.8087	
1041	54.713	52.205	49.856	16.335	10.216	7.8567	
1042	54.579	52.094	49.772	16.445	10.238	7.6434	
1043	54.446	51.983	49.69	16.412	10.176	7.6925	
1044	54.313	51.874	49.607	16.267	10.268	7.7417	
1045	54.181	51.765	49.525	16.308	10.204	7.7873	
1046	54.05	51.656	49.444	16.204	10.35	7.5825	
1047	53.92	51.549	49.363	16.266	10.039	7.7932	
1048	53.791	51.441	49.282	16.229	10.157	7.8069	
1049	53.662	51.335	49.202	16.299	10.171	7.7236	
1050	53.535	51.229	49.122	16.276	10.083	7.8107	
1051	53.408	51.124	49.043	16.278	10.17	7.7396	
1052	53.282	51.019	48.964	16.273	10.161	7.7044	
1053	53.156	50.915	48.885	16.277	10.167	7.7231	
1054	53.031	50.811	48.807	16.277	10.148	7.7089	
1055	52.908	50.709	48.729	16.277	10.167	7.6972	
1056	52.784	50.606	48.652	16.273	10.135	7.687	
1057	52.662	50.505	48.575	16.269	10.153	7.6997	
1058	52.54	50.403	48.499	16.262	10.142	7.6709	
1059	52.419	50.303	48.422	16.247	10.134	7.6933	
1060	52.299	50.203	48.347	16.254	10.134	7.6648	
1061	52.18	50.104	48.271	16.263	10.116	7.6747	
1062	52.061	50.005	48.197	16.239	10.115	7.6648	
1063	51.943	49.906	48.122	16.235	10.098	7.6667	
1064	51.826	49.809	48.048	16.233	10.093	7.6472	
1065	51.709	49.712	47.974	16.225	10.087	7.629	
1066	51.593	49.615	47.901	16.232	10.086	7.618	
1067	51.478	49.519	47.828	16.223	10.089	7.6219	
1068	51.364	49.423	47.755	16.218	10.078	7.6284	
1069	51.25	49.329	47.683	16.223	10.054	7.6005	
1070	51.137	49.234	47.611	16.22	10.079	7.5985	
1071	51.024	49.14	47.54	16.218	10.063	7.599	
1072	50.912	49.047	47.469	16.202	10.065	7.5925	
1073	50.801	48.954	47.398	16.215	10.029	7.5661	
1074	50.691	48.862	47.328	16.199	10.044	7.5808	
1075	50.581	48.77	47.258	16.193	10.033	7.5517	
1076	50.472	48.679	47.188	16.201	10.022	7.5548	
1077	50.363	48.588	47.119	16.189	10.024	7.5511	
1078	50.255	48.497	47.05	16.185	10.008	7.5417	
1079	50.148	48.408	46.981	16.186	10.022	7.5314	
1080	50.042	48.318	46.913	16.186	10.011	7.5387	
1081	49.936	48.23	46.845	16.179	10.01	7.5348	
1082	49.83	48.141	46.777	16.172	10.007	7.5257	
1083	49.726	48.054	46.71	16.18	9.9947	7.5117	
1084	49.621	47.966	46.643	16.172	9.995	7.5129	
1085	49.518	47.879	46.577	16.166	9.9914	7.5014	
1086	49.415	47.793	46.511	16.171	9.9923	7.5038	
1087	49.313	47.707	46.445	16.156	9.9873	7.4945	
1088	49.211	47.622	46.379	16.166	9.9817	7.4997	
1089	49.11	47.537	46.314	16.159	9.9779	7.4821	
1090	49.009	47.452	46.249	16.158	9.9803	7.4881	
1091	48.909	47.368	46.184	16.153	9.9785	7.4853	
1092	48.81	47.284	46.12	16.144	9.9565	7.4715	
1093	48.711	47.201	46.056	16.148	9.9506	7.4729	
1094	48.613	47.119	45.993	16.141	9.9601	7.4722	
1095	48.515	47.036	45.929	16.15	9.9318	7.4483	
1096	48.418	46.955	45.866	16.144	9.9407	7.4519	
1097	48.321	46.873	45.804	16.13	9.9283	7.4383	
1098	48.225	46.792	45.741	16.124	9.9234	7.4168	
1099	48.13	46.712	45.679	16.123	9.9232	7.4195	
1100	48.035	46.632	45.618	16.113	9.9178	7.4139	
1101	47.94	46.552	45.556	16.124	9.9056	7.3964	
1102	47.847	46.473	45.495	16.116	9.8945	7.3888	
1103	47.753	46.394	45.434	16.109	9.8791	7.3797	
1104	47.66	46.315	45.373	16.105	9.888	7.3786	
1105	47.568	46.237	45.313	16.097	9.8862	7.3711	
1106	47.476	46.16	45.253	16.101	9.8753	7.3644	
1107	47.385	46.083	45.194	16.09	9.8672	7.3615	
1108	47.294	46.006	45.134	16.098	9.873	7.3533	
1109	47.204	45.93	45.075	16.089	9.8628	7.35	
1110	47.114	45.854	45.016	16.087	9.8562	7.3493	
1111	47.025	45.778	44.958	16.086	9.8575	7.3426	
1112	46.936	45.703	44.899	16.085	9.8439	7.3361	
1113	46.848	45.628	44.841	16.085	9.8491	7.3346	
1114	46.76	45.554	44.784	16.08	9.8466	7.3305	
1115	46.673	45.48	44.726	16.077	9.8484	7.3291	
1116	46.586	45.406	44.669	16.078	9.8409	7.3321	
1117	46.5	45.333	44.612	16.079	9.8416	7.3209	
1118	46.414	45.26	44.555	16.072	9.8334	7.3214	
1119	46.329	45.187	44.499	16.06	9.8347	7.3015	
1120	46.244	45.115	44.443	16.068	9.8313	7.2924	
1121	46.16	45.043	44.387	16.067	9.8176	7.2878	
1122	46.076	44.972	44.331	16.06	9.8063	7.2978	
1123	45.992	44.901	44.276	16.048	9.8069	7.2903	
1124	45.909	44.83	44.221	16.063	9.8076	7.2673	
1125	45.826	44.76	44.166	16.054	9.7979	7.2623	
1126	45.744	44.69	44.112	16.058	9.8085	7.2676	
1127	45.662	44.62	44.057	16.033	9.7894	7.2435	
1128	45.581	44.551	44.003	16.033	9.7801	7.246	
1129	45.5	44.482	43.949	16.039	9.78	7.2589	
1130	45.42	44.413	43.896	16.029	9.784	7.2303	
1131	45.34	44.345	43.842	16.028	9.7661	7.2327	
1132	45.26	44.277	43.789	16.029	9.7641	7.2224	
1133	45.181	44.209	43.736	16.022	9.7746	7.22	
1134	45.102	44.142	43.684	16.013	9.7404	7.2208	
1135	45.024	44.075	43.631	16.016	9.7516	7.1929	
1136	44.946	44.009	43.579	16.019	9.733	7.2045	
1137	44.869	43.942	43.527	16.012	9.7186	7.2018	
1138	44.792	43.876	43.476	16.011	9.7314	7.1817	
1139	44.715	43.811	43.424	16.007	9.7294	7.188	
1140	44.639	43.745	43.373	16	9.711	7.1734	
1141	44.563	43.68	43.322	16.013	9.7229	7.1701	
1142	44.488	43.616	43.271	16.009	9.7157	7.1425	
1143	44.412	43.551	43.221	15.991	9.7047	7.1754	
1144	44.338	43.487	43.17	15.991	9.6948	7.1627	
1145	44.263	43.423	43.12	15.994	9.7082	7.1617	
1146	44.19	43.36	43.07	15.991	9.6734	7.1488	
1147	44.116	43.297	43.021	15.987	9.6773	7.1375	
1148	44.043	43.234	42.971	15.993	9.6824	7.1398	
1149	43.97	43.171	42.922	15.982	9.6859	7.1336	
1150	43.898	43.109	42.873	15.971	9.6696	7.1285	
1151	43.826	43.047	42.824	15.973	9.6557	7.1144	
1152	43.754	42.986	42.775	15.974	9.6664	7.1066	
1153	43.683	42.924	42.727	15.967	9.6521	7.0941	
1154	43.612	42.863	42.679	15.961	9.6519	7.0958	
1155	43.541	42.802	42.631	15.966	9.6506	7.0979	
1156	43.471	42.742	42.583	15.955	9.6498	7.0837	
1157	43.401	42.681	42.535	15.955	9.6421	7.0727	
1158	43.332	42.622	42.488	15.956	9.6421	7.0731	
1159	43.263	42.562	42.441	15.96	9.6267	7.0708	
1160	43.194	42.502	42.394	15.957	9.628	7.0722	
1161	43.125	42.443	42.347	15.947	9.6061	7.0769	
1162	43.057	42.384	42.301	15.943	9.6372	7.0503	
1163	42.99	42.326	42.254	15.932	9.6109	7.0423	
1164	42.922	42.268	42.208	15.933	9.5892	7.0355	
1165	42.855	42.209	42.162	15.926	9.6021	7.0251	
1166	42.788	42.152	42.116	15.934	9.5923	7.0232	
1167	42.722	42.094	42.071	15.935	9.6092	7.0307	
1168	42.656	42.037	42.025	15.925	9.5875	7.0159	
1169	42.59	41.98	41.98	15.919	9.579	7.0094	
1170	42.524	41.923	41.935	15.923	9.5874	6.9969	
1171	42.459	41.867	41.89	15.918	9.5745	6.9927	
1172	42.395	41.81	41.845	15.915	9.5753	6.9904	
1173	42.33	41.754	41.801	15.913	9.572	6.9898	
1174	42.266	41.699	41.757	15.912	9.5717	6.9855	
1175	42.202	41.643	41.712	15.911	9.5671	6.9893	
1176	42.138	41.588	41.668	15.909	9.5553	6.9753	
1177	42.075	41.533	41.625	15.913	9.5548	6.9734	
1178	42.012	41.478	41.581	15.902	9.5491	6.9642	
1179	41.95	41.424	41.538	15.902	9.5544	6.9693	
1180	41.887	41.369	41.494	15.901	9.5467	6.9584	
1181	41.825	41.315	41.451	15.901	9.5467	6.9598	
1182	41.764	41.262	41.408	15.894	9.5385	6.9547	
1183	41.702	41.208	41.366	15.897	9.537	6.95	
1184	41.641	41.155	41.323	15.892	9.532	6.9421	
1185	41.58	41.102	41.281	15.883	9.531	6.946	
1186	41.52	41.049	41.238	15.885	9.5219	6.9289	
1187	41.459	40.996	41.196	15.884	9.5224	6.9354	
1188	41.399	40.944	41.154	15.877	9.523	6.9241	
1189	41.34	40.891	41.113	15.882	9.5084	6.9071	
1190	41.28	40.839	41.071	15.876	9.5137	6.9197	
1191	41.221	40.788	41.03	15.87	9.5099	6.9094	
1192	41.162	40.736	40.988	15.871	9.4961	6.8957	
1193	41.103	40.685	40.947	15.868	9.4961	6.8932	
1194	41.045	40.634	40.906	15.862	9.5027	6.9035	
1195	40.987	40.583	40.865	15.874	9.474	6.8908	
1196	40.929	40.532	40.825	15.86	9.4905	6.8699	
1197	40.872	40.482	40.784	15.862	9.4762	6.8911	
1198	40.815	40.432	40.744	15.852	9.4631	6.8864	
1199	40.758	40.382	40.704	15.851	9.477	6.8633	
1200	40.701	40.332	40.664	15.858	9.4625	6.8505	
1201	40.644	40.282	40.624	15.861	9.4796	6.8706	
1202	40.588	40.233	40.584	15.841	9.4636	6.8566	
1203	40.532	40.184	40.545	15.848	9.4582	6.8337	
1204	40.477	40.135	40.505	15.851	9.4464	6.8183	
1205	40.421	40.086	40.466	15.832	9.4472	6.8323	
1206	40.366	40.037	40.427	15.836	9.466	6.8321	
1207	40.311	39.989	40.388	15.846	9.4633	6.8204	
1208	40.256	39.941	40.349	15.832	9.4402	6.8124	
1209	40.202	39.893	40.31	15.836	9.4279	6.8174	
1210	40.148	39.845	40.272	15.829	9.4198	6.7981	
1211	40.094	39.797	40.233	15.824	9.4014	6.7811	
1212	40.04	39.75	40.195	15.822	9.4159	6.7865	
1213	39.987	39.703	40.157	15.831	9.4125	6.7945	
1214	39.933	39.656	40.119	15.818	9.422	6.771	
1215	39.88	39.609	40.081	15.827	9.4065	6.7776	
1216	39.828	39.562	40.043	15.816	9.3902	6.7962	
1217	39.775	39.516	40.006	15.82	9.3945	6.7799	
1218	39.723	39.469	39.968	15.792	9.3676	6.7812	
1219	39.671	39.423	39.931	15.814	9.3787	6.7488	
1220	39.619	39.377	39.894	15.812	9.3724	6.7566	
1221	39.567	39.332	39.857	15.792	9.3678	6.7577	
1222	39.516	39.286	39.82	15.806	9.4041	6.7482	
1223	39.465	39.241	39.783	15.808	9.3612	6.7497	
1224	39.414	39.196	39.746	15.802	9.3661	6.7322	
1225	39.363	39.151	39.71	15.793	9.3623	6.7376	
1226	39.313	39.106	39.673	15.803	9.3763	6.7294	
1227	39.263	39.061	39.637	15.81	9.3589	6.7325	
1228	39.212	39.017	39.601	15.774	9.3448	6.7237	
1229	39.163	38.972	39.565	15.767	9.3236	6.7278	
1230	39.113	38.928	39.529	15.774	9.3573	6.7086	
1231	39.064	38.884	39.493	15.796	9.3605	6.676	
1232	39.014	38.84	39.458	15.789	9.3331	6.7336	
1233	38.966	38.797	39.422	15.803	9.3612	6.6865	
1234	38.917	38.753	39.387	15.779	9.3636	6.7088	
1235	38.868	38.71	39.352	15.762	9.3504	6.6856	
1236	38.82	38.667	39.316	15.776	9.3508	6.7156	
1237	38.772	38.624	39.281	15.771	9.3581	6.6932	
1238	38.724	38.581	39.246	15.803	9.3178	6.7029	
1239	38.676	38.538	39.212	15.735	9.3726	6.7182	
1240	38.628	38.496	39.177	15.732	9.2717	6.6779	
1241	38.581	38.454	39.142	15.745	9.341	6.6356	
1242	38.534	38.411	39.108	15.735	9.3044	6.6996	
1243	38.487	38.369	39.074	15.764	9.3127	6.761	
1244	38.44	38.328	39.039	15.782	9.3076	6.6586	
1245	38.394	38.286	39.005	15.721	9.362	6.5928	
1246	38.347	38.244	38.971	15.748	9.298	6.6041	
1247	38.301	38.203	38.937	15.731	9.2333	6.6094	
1248	38.255	38.162	38.904	15.743	9.2731	6.5843	
1249	38.21	38.121	38.87	15.775	9.2931	6.6536	
1250	38.164	38.08	38.836	15.753	9.3398	6.5861	
1251	38.119	38.039	38.803	15.739	9.2561	6.6486	
1252	38.073	37.998	38.77	15.709	9.2021	6.5795	
1253	38.028	37.958	38.736	15.708	9.3079	6.5872	
1254	37.983	37.918	38.703	15.716	9.2289	6.5936	
1255	37.939	37.877	38.67	15.74	9.2415	6.623	
1256	37.894	37.837	38.638	15.719	9.2629	6.5966	
1257	37.85	37.797	38.605	15.717	9.2216	6.5567	
1258	37.806	37.758	38.572	15.725	9.2458	6.548	
1259	37.762	37.718	38.539	15.694	9.2312	6.5771	
1260	37.718	37.679	38.507	15.709	9.2387	6.553	
1261	37.675	37.639	38.475	15.706	9.2178	6.5473	
1262	37.631	37.6	38.442	15.689	9.2162	6.5425	
1263	37.588	37.561	38.41	15.706	9.2186	6.5313	
1264	37.545	37.522	38.378	15.682	9.2026	6.5444	
1265	37.502	37.483	38.346	15.708	9.2245	6.5324	
1266	37.459	37.445	38.314	15.696	9.2306	6.5176	
1267	37.417	37.406	38.283	15.709	9.2023	6.5414	
1268	37.374	37.368	38.251	15.714	9.2095	6.5453	
1269	37.332	37.33	38.219	15.701	9.2186	6.5538	
1270	37.29	37.292	38.188	15.696	9.198	6.5367	
1271	37.248	37.254	38.157	15.683	9.2039	6.5136	
1272	37.207	37.216	38.125	15.688	9.2189	6.5472	
1273	37.165	37.178	38.094	15.705	9.2243	6.5247	
1274	37.124	37.14	38.063	15.701	9.2005	6.5306	
1275	37.082	37.103	38.032	15.686	9.1823	6.4939	
1276	37.041	37.066	38.001	15.699	9.2087	6.5205	
1277	37	37.029	37.97	15.663	9.1993	6.5191	
1278	36.96	36.991	37.94	15.665	9.1892	6.5112	
1279	36.919	36.955	37.909	15.681	9.1589	6.4593	
1280	36.879	36.918	37.879	15.675	9.156	6.4798	
1281	36.838	36.881	37.848	15.682	9.1567	6.4748	
1282	36.798	36.845	37.818	15.676	9.169	6.4949	
1283	36.758	36.808	37.788	15.656	9.1537	6.4527	
1284	36.718	36.772	37.757	15.632	9.1916	6.4591	
1285	36.679	36.736	37.727	15.644	9.1608	6.4782	
1286	36.639	36.7	37.697	15.669	9.1557	6.4463	
1287	36.6	36.664	37.668	15.652	9.1412	6.4697	
1288	36.561	36.628	37.638	15.663	9.1606	6.4591	
1289	36.522	36.592	37.608	15.652	9.1422	6.4344	
1290	36.483	36.557	37.578	15.657	9.1551	6.4376	
1291	36.444	36.521	37.549	15.64	9.1345	6.4164	
1292	36.405	36.486	37.519	15.656	9.1345	6.4736	
1293	36.367	36.451	37.49	15.647	9.1239	6.4379	
1294	36.328	36.415	37.461	15.668	9.1578	6.4281	
1295	36.29	36.38	37.432	15.646	9.1369	6.3954	
1296	36.252	36.346	37.403	15.653	9.1292	6.3926	
1297	36.214	36.311	37.374	15.651	9.0942	6.4387	
1298	36.177	36.276	37.345	15.631	9.1357	6.4042	
1299	36.139	36.242	37.316	15.641	9.0837	6.373	
1300	36.101	36.207	37.287	15.624	9.1037	6.3995	
1301	36.064	36.173	37.258	15.641	9.126	6.3705	
1302	36.027	36.139	37.23	15.611	9.0799	6.4187	
1303	35.99	36.105	37.201	15.637	9.1245	6.3851	
1304	35.953	36.071	37.173	15.648	9.1135	6.3952	
1305	35.916	36.037	37.144	15.652	9.0861	6.3467	
1306	35.879	36.003	37.116	15.629	9.1235	6.3831	
1307	35.843	35.969	37.088	15.62	9.108	6.3954	
1308	35.806	35.936	37.06	15.613	9.0891	6.388	
1309	35.77	35.902	37.032	15.62	9.0991	6.3783	
1310	35.734	35.869	37.004	15.612	9.0767	6.3653	
1311	35.698	35.836	36.976	15.62	9.0461	6.3913	
1312	35.662	35.802	36.948	15.608	9.0606	6.3221	
1313	35.626	35.769	36.92	15.613	9.0866	6.3847	
1314	35.591	35.737	36.893	15.607	9.0596	6.3495	
1315	35.555	35.704	36.865	15.602	9.0327	6.3262	
1316	35.52	35.671	36.838	15.629	8.9941	6.3194	
1317	35.485	35.638	36.81	15.605	9.0557	6.3822	
1318	35.45	35.606	36.783	15.589	9.0545	6.3601	
1319	35.415	35.573	36.755	15.631	9.0479	6.354	
1320	35.38	35.541	36.728	15.574	9.0367	6.3584	
1321	35.345	35.509	36.701	15.612	9.0226	6.3347	
1322	35.31	35.477	36.674	15.601	8.9983	6.2378	
1323	35.276	35.445	36.647	15.554	9.0135	6.278	
1324	35.241	35.413	36.62	15.608	9.0519	6.2872	
1325	35.207	35.381	36.593	15.621	8.9865	6.3038	
1326	35.173	35.349	36.567	15.629	8.988	6.2721	
1327	35.139	35.318	36.54	15.6	9.0561	6.2622	
1328	35.105	35.286	36.513	15.561	8.9618	6.3632	
1329	35.071	35.255	36.487	15.563	8.9748	6.2771	
1330	35.038	35.223	36.46	15.621	9.0407	6.2531	
1331	35.004	35.192	36.434	15.566	9.0607	6.3246	
1332	34.971	35.161	36.407	15.561	8.9719	6.418	
1333	34.937	35.13	36.381	15.578	9.0236	6.2824	
1334	34.904	35.099	36.355	15.6	8.9906	6.2743	
1335	34.871	35.068	36.329	15.55	9.0051	6.153	
1336	34.838	35.037	36.303	15.537	9.0374	6.3185	
1337	34.805	35.006	36.277	15.618	8.9803	6.1591	
1338	34.773	34.976	36.251	15.535	9.048	6.2468	
1339	34.74	34.945	36.225	15.561	9.032	6.2708	
1340	34.707	34.915	36.199	15.593	9.0077	6.1586	
1341	34.675	34.885	36.173	15.666	8.8259	6.2786	
1342	34.643	34.854	36.148	15.575	8.9248	6.4947	
1343	34.611	34.824	36.122	15.64	9.0003	6.4568	
1344	34.578	34.794	36.096	15.52	9.0383	6.2736	
1345	34.546	34.764	36.071	15.567	9.1261	6.2256	
1346	34.515	34.734	36.045	15.405	8.8527	6.0078	
1347	34.483	34.704	36.02	15.559	9.1196	5.8337	
1348	34.451	34.675	35.995	15.504	9.1334	6.1728	
1349	34.42	34.645	35.97	15.419	9.278	6.2167	
1350	34.388	34.615	35.944	15.265	9.0644	6.2217	
1351	34.357	34.586	35.919	15.503	8.9301	5.9253	
1352	34.326	34.557	35.894	15.455	8.8241	6.3825	
1353	34.295	34.527	35.869	15.547	8.3823	6.2501	
1354	34.264	34.498	35.844	15.469	9.3073	6.3855	
1355	34.233	34.469	35.819	15.712	8.773	5.6078	
1356	34.202	34.44	35.795	15.648	9.1567	6.0752	
1357	34.171	34.411	35.77	15.444	9.0441	6.2724	
1358	34.14	34.382	35.745	16.248	9.371	6.3795	
1359	34.11	34.353	35.721	16.262	8.6908	6.918	
1426	32.268	32.588	34.194	15.655	9.2987	6.337	
1427	32.244	32.564	34.173	15.544	8.6458	6.0444	
1428	32.219	32.539	34.152	15.394	8.841	5.6434	
1429	32.194	32.515	34.13	15.638	8.6618	5.8162	
1430	32.17	32.491	34.109	15.645	8.8034	5.8313	
1431	32.145	32.468	34.088	15.324	8.9254	6.1083	
1432	32.121	32.444	34.068	15.558	8.5618	5.8907	
1433	32.096	32.42	34.047	15.35	8.5981	5.8503	
1434	32.072	32.396	34.026	15.504	8.9164	6.1849	
1435	32.048	32.372	34.005	15.523	8.856	5.7635	
1436	32.024	32.349	33.984	15.531	8.646	5.9371	
1437	32	32.325	33.963	15.437	8.9074	5.8618	
1438	31.976	32.302	33.943	15.329	8.6594	5.9473	
1439	31.952	32.278	33.922	15.448	8.7878	5.9026	
1440	31.928	32.255	33.902	15.332	8.7869	5.8234	
1441	31.904	32.231	33.881	15.418	8.6815	6.0523	
1442	31.88	32.208	33.86	15.471	8.6178	5.804	
1443	31.857	32.185	33.84	15.352	8.745	5.9607	
1444	31.833	32.162	33.819	15.461	8.7728	5.754	
1445	31.809	32.138	33.799	15.33	8.7337	5.8418	
1446	31.786	32.115	33.779	15.463	8.6349	5.8148	
1447	31.762	32.092	33.758	15.435	8.7027	5.7187	
1448	31.739	32.069	33.738	15.418	8.6759	5.8657	
1449	31.716	32.046	33.718	15.369	8.7286	5.8616	
1450	31.693	32.024	33.698	15.389	8.7223	5.7667	
1451	31.669	32.001	33.678	15.439	8.6835	5.8613	
1452	31.646	31.978	33.657	15.461	8.7416	5.9121	
1453	31.623	31.955	33.637	15.432	8.7434	5.9344	
1454	31.6	31.933	33.617	15.347	8.6775	5.7013	
1455	31.577	31.91	33.597	15.416	8.7501	5.778	
1456	31.554	31.887	33.577	15.442	8.7139	5.8162	
1457	31.532	31.865	33.557	15.384	8.5911	5.8161	
1458	31.509	31.842	33.537	15.382	8.7003	5.8269	
1459	31.486	31.82	33.518	15.364	8.5653	5.7475	
1460	31.464	31.798	33.498	15.406	8.6329	5.8577	
1461	31.441	31.775	33.478	15.425	8.6263	5.8131	
1462	31.419	31.753	33.458	15.392	8.6402	5.8205	
1463	31.396	31.731	33.439	15.378	8.6426	5.7707	
1464	31.374	31.709	33.419	15.356	8.6674	5.7556	
1465	31.352	31.686	33.399	15.367	8.7009	5.7782	
1466	31.329	31.664	33.38	15.362	8.5979	5.8152	
1467	31.307	31.642	33.36	15.382	8.6242	5.8072	
1468	31.285	31.62	33.341	15.351	8.6378	5.7845	
1469	31.263	31.598	33.321	15.375	8.6157	5.7777	
1470	31.241	31.577	33.302	15.368	8.6027	5.7829	
1471	31.219	31.555	33.282	15.371	8.6274	5.7814	
1472	31.197	31.533	33.263	15.372	8.6286	5.7604	
1473	31.175	31.511	33.243	15.361	8.64	5.7729	
1474	31.153	31.49	33.224	15.364	8.6233	5.7729	
1475	31.132	31.468	33.205	15.367	8.6216	5.7631	
1476	31.11	31.446	33.186	15.361	8.6167	5.7547	
1477	31.088	31.425	33.166	15.367	8.6407	5.7684	
1478	31.067	31.403	33.147	15.372	8.6251	5.7501	
1479	31.045	31.382	33.128	15.364	8.6199	5.7574	
1480	31.024	31.36	33.109	15.365	8.6238	5.7479	
1481	31.003	31.339	33.09	15.366	8.6113	5.7261	
1482	30.981	31.318	33.071	15.361	8.6283	5.7517	
1483	30.96	31.296	33.052	15.362	8.62	5.7472	
1484	30.939	31.275	33.033	15.378	8.6195	5.7384	
1485	30.918	31.254	33.014	15.355	8.6304	5.737	
1486	30.897	31.233	32.995	15.356	8.5946	5.6973	
1487	30.875	31.212	32.976	15.348	8.6228	5.7008	
1488	30.854	31.191	32.957	15.36	8.6145	5.7232	
1489	30.834	31.17	32.939	15.361	8.6151	5.7038	
1490	30.813	31.149	32.92	15.362	8.5895	5.747	
1491	30.792	31.128	32.901	15.345	8.6053	5.698	
1492	30.771	31.107	32.882	15.351	8.5961	5.7165	
1493	30.75	31.086	32.864	15.341	8.5614	5.7088	
1494	30.73	31.065	32.845	15.341	8.5719	5.697	
1495	30.709	31.045	32.826	15.332	8.5697	5.6877	
1496	30.688	31.024	32.808	15.36	8.6007	5.7053	
1497	30.668	31.003	32.789	15.331	8.5842	5.694	
1498	30.647	30.983	32.771	15.364	8.5808	5.6957	
1499	30.627	30.962	32.752	15.346	8.5729	5.7135	
1500	30.607	30.941	32.734	15.338	8.5688	5.6944	
1501	30.586	30.921	32.716	15.324	8.5615	5.6481	
1502	30.566	30.901	32.697	15.341	8.5663	5.6767	
1503	30.546	30.88	32.679	15.337	8.5858	5.6658	
1504	30.526	30.86	32.66	15.331	8.5525	5.6375	
1505	30.506	30.839	32.642	15.336	8.5556	5.6753	
1506	30.485	30.819	32.624	15.327	8.5511	5.6423	
1507	30.465	30.799	32.606	15.311	8.5398	5.6658	
1508	30.445	30.779	32.588	15.308	8.5416	5.6703	
1509	30.426	30.759	32.569	15.345	8.5427	5.6533	
1510	30.406	30.738	32.551	15.333	8.5601	5.6374	
1511	30.386	30.718	32.533	15.339	8.555	5.6471	
1512	30.366	30.698	32.515	15.33	8.5822	5.6517	
1513	30.346	30.678	32.497	15.364	8.5032	5.6648	
1514	30.327	30.658	32.479	15.322	8.5396	5.6835	
1515	30.307	30.638	32.461	15.295	8.5603	5.6483	
1516	30.287	30.619	32.443	15.318	8.5056	5.6522	
1517	30.268	30.599	32.425	15.315	8.5658	5.6102	
1518	30.248	30.579	32.407	15.295	8.5482	5.6359	
1519	30.229	30.559	32.389	15.297	8.5464	5.6432	
1520	30.21	30.54	32.372	15.291	8.534	5.6375	
1521	30.19	30.52	32.354	15.314	8.4871	5.5673	
1522	30.171	30.5	32.336	15.294	8.5187	5.5965	
1523	30.152	30.481	32.318	15.298	8.5355	5.6022	
1524	30.133	30.461	32.301	15.33	8.5488	5.6586	
1525	30.113	30.442	32.283	15.314	8.5414	5.6269	
1526	30.094	30.422	32.265	15.292	8.5151	5.6013	
1527	30.075	30.403	32.248	15.3	8.528	5.6024	
1528	30.056	30.383	32.23	15.288	8.5465	5.6141	
1529	30.037	30.364	32.212	15.293	8.4942	5.5902	
1530	30.018	30.344	32.195	15.303	8.5058	5.6026	
1531	29.999	30.325	32.177	15.28	8.4914	5.604	
1532	29.981	30.306	32.16	15.308	8.4916	5.603	
1533	29.962	30.287	32.142	15.284	8.4702	5.5967	
1534	29.943	30.267	32.125	15.305	8.4793	5.6376	
1535	29.924	30.248	32.108	15.298	8.4926	5.5712	
1536	29.906	30.229	32.09	15.276	8.4891	5.5791	
1537	29.887	30.21	32.073	15.283	8.4941	5.5846	
1538	29.869	30.191	32.056	15.277	8.5252	5.5789	
1539	29.85	30.172	32.038	15.294	8.4816	5.577	
1540	29.832	30.153	32.021	15.287	8.4628	5.578	
1541	29.813	30.134	32.004	15.275	8.4525	5.5494	
1542	29.795	30.115	31.987	15.281	8.4651	5.5754	
1543	29.776	30.096	31.969	15.279	8.4722	5.544	
1544	29.758	30.078	31.952	15.282	8.4897	5.5788	
1545	29.74	30.059	31.935	15.263	8.493	5.5536	
1546	29.722	30.04	31.918	15.278	8.4662	5.5539	
1547	29.703	30.021	31.901	15.274	8.4734	5.5453	
1548	29.685	30.003	31.884	15.277	8.4642	5.5399	
1549	29.667	29.984	31.867	15.277	8.4838	5.5347	
1550	29.649	29.965	31.85	15.282	8.4621	5.5433	
1551	29.631	29.947	31.833	15.26	8.4848	5.5405	
1552	29.613	29.928	31.816	15.272	8.4641	5.5476	
1553	29.595	29.91	31.799	15.253	8.4528	5.5522	
1554	29.577	29.891	31.782	15.262	8.4672	5.5335	
1555	29.559	29.873	31.765	15.281	8.442	5.52	
1556	29.542	29.855	31.748	15.259	8.4567	5.5561	
1557	29.524	29.836	31.732	15.253	8.4481	5.5181	
1558	29.506	29.818	31.715	15.256	8.4504	5.5207	
1559	29.489	29.8	31.698	15.276	8.4324	5.4932	
1560	29.471	29.781	31.681	15.271	8.4614	5.517	
1561	29.453	29.763	31.665	15.28	8.463	5.5073	
1562	29.436	29.745	31.648	15.286	8.4263	5.5184	
1563	29.418	29.727	31.631	15.246	8.4494	5.5213	
1564	29.401	29.709	31.615	15.253	8.4738	5.4959	
1565	29.383	29.69	31.598	15.26	8.475	5.4892	
1566	29.366	29.672	31.582	15.25	8.4211	5.471	
1567	29.348	29.654	31.565	15.272	8.4036	5.5013	
1568	29.331	29.636	31.548	15.254	8.4459	5.5132	
1569	29.314	29.618	31.532	15.273	8.4673	5.5183	
1570	29.297	29.6	31.515	15.258	8.4541	5.5109	
1571	29.279	29.582	31.499	15.251	8.43	5.5032	
1572	29.262	29.565	31.483	15.247	8.4216	5.516	
1573	29.245	29.547	31.466	15.253	8.4038	5.4898	
1574	29.228	29.529	31.45	15.271	8.4254	5.4739	
1575	29.211	29.511	31.433	15.231	8.4078	5.4942	
1576	29.194	29.493	31.417	15.249	8.3978	5.4296	
1577	29.177	29.476	31.401	15.217	8.3749	5.4756	
1578	29.16	29.458	31.384	15.237	8.4288	5.4607	
1579	29.143	29.44	31.368	15.228	8.4205	5.4795	
1580	29.126	29.423	31.352	15.239	8.3869	5.4487	
1581	29.109	29.405	31.336	15.234	8.4189	5.4105	
1582	29.093	29.388	31.32	15.257	8.4008	5.48	
1583	29.076	29.37	31.303	15.226	8.4345	5.4544	
1584	29.059	29.353	31.287	15.259	8.3606	5.4227	
1585	29.042	29.335	31.271	15.244	8.4289	5.4566	
1586	29.026	29.318	31.255	15.233	8.3734	5.502	
1587	29.009	29.3	31.239	15.238	8.4237	5.4611	
1588	28.993	29.283	31.223	15.245	8.3774	5.3926	
1589	28.976	29.266	31.207	15.215	8.3875	5.4566	
1590	28.96	29.248	31.191	15.228	8.3519	5.4219	
1591	28.943	29.231	31.175	15.219	8.3652	5.442	
1592	28.927	29.214	31.159	15.22	8.4063	5.4059	
1593	28.91	29.196	31.143	15.242	8.3902	5.4055	
1594	28.894	29.179	31.127	15.227	8.3533	5.4718	
1595	28.878	29.162	31.111	15.251	8.3693	5.388	
1596	28.861	29.145	31.095	15.218	8.396	5.4089	
1597	28.845	29.128	31.079	15.224	8.3787	5.4234	
1598	28.829	29.111	31.064	15.233	8.3674	5.3693	
1599	28.813	29.094	31.048	15.229	8.3583	5.4027	
1600	28.797	29.077	31.032	15.215	8.372	5.3582	
1601	28.78	29.06	31.016	15.245	8.3609	5.4297	
1602	28.764	29.043	31	15.238	8.3485	5.3855	
1603	28.748	29.026	30.985	15.243	8.3307	5.3756	
1604	28.732	29.009	30.969	15.231	8.3665	5.3766	
1605	28.716	28.992	30.953	15.219	8.355	5.4195	
1606	28.7	28.975	30.938	15.218	8.3515	5.381	
1607	28.684	28.958	30.922	15.236	8.3546	5.3807	
1608	28.669	28.942	30.906	15.198	8.3743	5.3834	
1609	28.653	28.925	30.891	15.209	8.3542	5.3865	
1610	28.637	28.908	30.875	15.217	8.3669	5.3679	
1611	28.621	28.891	30.86	15.223	8.3448	5.3933	
1612	28.605	28.875	30.844	15.243	8.3307	5.3638	
1613	28.59	28.858	30.829	15.178	8.3644	5.3728	
1614	28.574	28.842	30.813	15.202	8.361	5.4227	
1615	28.558	28.825	30.798	15.227	8.3397	5.3958	
1616	28.543	28.808	30.782	15.22	8.3127	5.3666	
1617	28.527	28.792	30.767	15.246	8.3553	5.3936	
1618	28.512	28.775	30.752	15.226	8.3236	5.3726	
1619	28.496	28.759	30.736	15.199	8.3466	5.3731	
1620	28.481	28.742	30.721	15.181	8.3603	5.3781	
1621	28.465	28.726	30.706	15.208	8.3253	5.3494	
1622	28.45	28.71	30.69	15.178	8.3112	5.3902	
1623	28.434	28.693	30.675	15.171	8.3181	5.3343	
1624	28.419	28.677	30.66	15.213	8.3478	5.3601	
1625	28.404	28.661	30.644	15.221	8.3268	5.3138	
1626	28.388	28.644	30.629	15.189	8.3195	5.3457	
1627	28.373	28.628	30.614	15.194	8.2845	5.3273	
1628	28.358	28.612	30.599	15.187	8.3499	5.3401	
1629	28.343	28.596	30.584	15.19	8.342	5.3735	
1630	28.328	28.579	30.568	15.179	8.3391	5.3371	
1631	28.312	28.563	30.553	15.173	8.3154	5.3855	
1632	28.297	28.547	30.538	15.186	8.35	5.3166	
1633	28.282	28.531	30.523	15.203	8.3497	5.3381	
1634	28.267	28.515	30.508	15.171	8.297	5.3258	
1635	28.252	28.499	30.493	15.194	8.3312	5.3287	
1636	28.237	28.483	30.478	15.188	8.3212	5.3036	
1637	28.222	28.467	30.463	15.199	8.3059	5.3668	
1638	28.207	28.451	30.448	15.222	8.2801	5.3259	
1639	28.193	28.435	30.433	15.182	8.3194	5.2974	
1640	28.178	28.419	30.418	15.173	8.2818	5.3281	
1641	28.163	28.403	30.403	15.175	8.354	5.2891	
1642	28.148	28.387	30.388	15.205	8.2703	5.335	
1643	28.133	28.371	30.373	15.19	8.3112	5.2849	
1644	28.119	28.355	30.358	15.187	8.2906	5.3078	
1645	28.104	28.34	30.344	15.188	8.2927	5.329	
1646	28.089	28.324	30.329	15.208	8.31	5.2496	
1647	28.075	28.308	30.314	15.15	8.3281	5.3322	
1648	28.06	28.292	30.299	15.196	8.214	5.2562	
1649	28.045	28.277	30.284	15.203	8.3041	5.32	
1650	28.031	28.261	30.27	15.183	8.3097	5.3172	
1651	28.016	28.245	30.255	15.183	8.2823	5.2789	
1652	28.002	28.23	30.24	15.167	8.2903	5.2806	
1653	27.987	28.214	30.226	15.222	8.273	5.3132	
1654	27.973	28.199	30.211	15.187	8.2721	5.3	
1655	27.958	28.183	30.196	15.181	8.3124	5.2674	
1656	27.944	28.168	30.182	15.178	8.2858	5.2886	
1657	27.93	28.152	30.167	15.182	8.2736	5.2715	
1658	27.915	28.137	30.152	15.168	8.2909	5.2684	
1659	27.901	28.121	30.138	15.198	8.2389	5.2994	
1660	27.887	28.106	30.123	15.134	8.2013	5.3163	
1661	27.873	28.09	30.109	15.18	8.22	5.277	
1662	27.858	28.075	30.094	15.141	8.2754	5.2561	
1663	27.844	28.06	30.08	15.16	8.3068	5.3083	
1664	27.83	28.044	30.065	15.139	8.2076	5.1903	
1665	27.816	28.029	30.051	15.134	8.2768	5.2901	
1666	27.802	28.014	30.036	15.203	8.2376	5.2267	
1667	27.788	27.998	30.022	15.116	8.178	5.2636	
1668	27.774	27.983	30.007	15.094	8.2587	5.2816	
1669	27.76	27.968	29.993	15.177	8.2221	5.1642	
1670	27.746	27.953	29.978	15.177	8.3188	5.28	
1671	27.732	27.937	29.964	15.144	8.2985	5.1962	
1672	27.718	27.922	29.95	15.205	8.2434	5.1552	
1673	27.704	27.907	29.935	15.194	8.2671	5.2595	
1674	27.69	27.892	29.921	15.196	8.273	5.2443	
1675	27.676	27.877	29.907	15.123	8.1082	5.2754	
1676	27.662	27.862	29.893	15.177	8.2951	5.2414	
1677	27.648	27.847	29.878	15.141	8.2686	5.3115	
1678	27.635	27.832	29.864	15.131	8.1656	5.2901	
1679	27.621	27.817	29.85	15.153	8.2106	5.2576	
1680	27.607	27.802	29.836	15.136	8.2649	5.3272	
1681	27.593	27.787	29.821	15.15	8.3289	5.2473	
1682	27.58	27.772	29.807	15.105	8.2398	5.2015	
1683	27.566	27.757	29.793	15.132	8.2922	5.1972	
1684	27.552	27.742	29.779	15.112	8.2552	5.3479	
1685	27.539	27.728	29.765	15.14	8.0623	5.0309	
1686	27.525	27.713	29.751	15.254	8.287	5.2897	
1687	27.512	27.698	29.737	15.066	8.3556	5.4453	
1688	27.498	27.683	29.723	15.075	8.27	5.2045	
1689	27.485	27.668	29.709	15.151	8.2085	5.0922	
1690	27.471	27.654	29.694	15.044	8.425	5.2279	
1691	27.458	27.639	29.68	15.226	8.1621	5.1941	
1692	27.444	27.624	29.666	15.228	8.4692	5.2754	
1693	27.431	27.609	29.652	14.99	8.3545	5.5722	
1694	27.418	27.595	29.638	14.9	8.082	5.2263	
1695	27.404	27.58	29.625	15.192	8.4939	5.4261	
1696	27.391	27.566	29.611	15.082	8.2301	5.4347	
1697	27.378	27.551	29.597	15.142	8.3357	5.437	
1698	27.364	27.536	29.583	14.719	8.2576	4.9981	
1699	27.351	27.522	29.569	14.916	8.6842	5.3629	
1700	27.338	27.507	29.555	14.932	8.1696	5.1826	
