	65	70	75	65	70	75	
300	33.973	32.901	33.384	37.511	37.209	37.514	
301	33.963	33.053	33.721	37.295	36.907	37.453	
302	33.978	33.227	34.065	37.087	36.772	37.279	
303	34.014	33.422	34.414	37.019	36.553	37.024	
304	34.071	33.636	34.77	36.99	36.489	37.052	
305	34.149	33.869	35.131	36.884	36.423	36.867	
306	34.246	34.117	35.497	36.614	36.185	36.77	
307	34.361	34.381	35.868	36.511	36.277	36.641	
308	34.495	34.66	36.244	36.334	36.128	36.541	
309	34.645	34.953	36.626	36.365	35.959	36.377	
310	34.813	35.26	37.014	36.171	35.873	36.379	
311	34.997	35.581	37.41	36.159	35.715	36.319	
312	35.198	35.916	37.814	36.209	35.719	36.207	
313	35.415	36.264	38.227	35.89	35.526	36.139	
314	35.648	36.627	38.652	35.955	35.547	35.953	
315	35.898	37.005	39.089	35.892	35.364	35.909	
316	36.164	37.4	39.541	35.798	35.418	35.815	
317	36.448	37.811	40.009	35.661	35.298	35.754	
318	36.749	38.241	40.497	35.561	35.153	35.59	
319	37.069	38.691	41.007	35.518	35.053	35.611	
320	37.409	39.162	41.542	35.535	35.035	35.459	
321	37.768	39.658	42.106	35.427	34.977	35.375	
322	38.149	40.178	42.701	35.393	34.901	35.332	
323	38.552	40.728	43.333	35.355	34.78	35.278	
324	38.979	41.308	44.005	35.23	34.786	35.152	
325	39.431	41.922	44.723	35.241	34.578	35.091	
326	39.911	42.573	45.492	35.155	34.568	35.032	
327	40.419	43.264	46.319	35.062	34.546	34.927	
328	40.958	44	47.209	35.028	34.498	34.847	
329	41.53	44.785	48.171	34.999	34.432	34.774	
330	42.137	45.623	49.212	35.011	34.459	34.767	
331	42.782	46.518	50.34	34.888	34.365	34.712	
332	43.466	47.476	51.565	34.842	34.23	34.555	
333	44.193	48.502	52.896	34.885	34.182	34.577	
334	44.965	49.601	54.343	34.798	34.161	34.525	
335	45.784	50.779	55.916	34.731	34.097	34.447	
336	46.654	52.04	57.625	34.609	34.041	34.358	
337	47.576	53.39	59.479	34.687	34.006	34.353	
338	48.553	54.833	61.486	34.632	33.962	34.303	
339	49.586	56.371	63.652	34.529	33.832	34.23	
340	50.677	58.008	65.982	34.579	33.724	34.179	
341	51.827	59.742	68.475	34.486	33.766	34.165	
342	53.033	61.57	71.127	34.466	33.725	34.1	
343	54.296	63.484	73.928	34.549	33.733	34.023	
344	55.61	65.471	76.862	34.521	33.702	33.95	
345	56.969	67.509	79.904	34.424	33.661	33.933	
346	58.364	69.564	83.017	34.455	33.622	33.892	
347	59.781	71.588	86.125	34.458	33.593	33.865	
348	61.205	73.508	88.647	34.377	33.616	33.812	
349	62.61	75.223	86.919	34.389	33.625	33.81	
350	63.969	76.598	83.886	34.388	33.625	33.767	
351	65.245	77.475	80.831	34.35	33.524	33.743	
352	66.397	77.72	77.854	34.396	33.574	33.8	
353	67.378	77.292	74.99	34.351	33.52	33.614	
354	68.141	76.268	72.259	34.458	33.583	33.722	
355	68.641	74.794	69.672	34.599	33.444	33.575	
356	68.845	73.024	67.234	34.579	33.535	33.58	
357	68.738	71.08	64.945	34.514	33.694	33.653	
358	68.325	69.054	62.805	34.45	33.599	33.561	
359	67.632	67.009	60.812	34.557	33.626	33.604	
360	66.7	64.991	58.961	34.568	33.602	33.533	
361	65.58	63.032	57.249	34.519	33.534	33.614	
362	64.325	61.158	55.672	34.468	33.471	33.318	
363	62.984	59.385	54.226	34.502	33.373	33.27	
364	61.6	57.723	52.905	34.485	33.406	33.141	
365	60.209	56.176	51.7	34.48	33.239	33.257	
366	58.837	54.744	50.603	34.43	33.18	32.916	
367	57.506	53.423	49.603	34.217	33.026	32.627	
368	56.226	52.207	48.689	34.2	33.006	32.484	
369	55.007	51.087	47.853	34.034	32.568	32.257	
370	53.853	50.055	47.084	33.841	32.395	31.955	
371	52.761	49.1	46.372	33.737	32.227	31.762	
372	51.729	48.213	45.71	33.555	32.089	31.437	
373	50.753	47.386	45.09	33.39	31.779	31.262	
374	49.83	46.612	44.506	33.076	31.523	30.992	
375	48.955	45.883	43.952	32.972	31.289	30.557	
376	48.126	45.194	43.426	32.744	31.026	30.281	
377	47.338	44.541	42.922	32.512	30.758	29.935	
378	46.589	43.921	42.438	32.361	30.452	29.755	
379	45.876	43.329	41.973	32.152	30.302	29.525	
380	45.194	42.762	41.523	31.847	30.094	29.22	
381	44.543	42.217	41.086	31.78	29.805	28.874	
382	43.918	41.692	40.661	31.618	29.702	28.718	
383	43.318	41.186	40.246	31.407	29.37	28.494	
384	42.742	40.695	39.84	31.178	29.194	28.195	
385	42.189	40.221	39.443	31.074	29.021	28.069	
386	41.657	39.761	39.054	30.864	28.789	27.848	
387	41.144	39.315	38.672	30.652	28.633	27.637	
388	40.649	38.879	38.296	30.583	28.41	27.476	
389	40.171	38.455	37.925	30.461	28.307	27.256	
390	39.709	38.041	37.56	30.26	28.108	27.05	
391	39.263	37.638	37.2	30.191	27.915	26.895	
392	38.832	37.244	36.844	29.981	27.735	26.665	
393	38.414	36.859	36.492	29.878	27.587	26.582	
394	38.008	36.481	36.144	29.682	27.397	26.4	
395	37.615	36.11	35.798	29.63	27.355	26.298	
396	37.233	35.748	35.456	29.422	27.142	26.077	
397	36.863	35.392	35.117	29.335	27.036	25.925	
398	36.503	35.042	34.78	29.275	26.882	25.776	
399	36.153	34.698	34.444	29.093	26.69	25.637	
400	35.811	34.358	34.11	29.072	26.6	25.423	
401	35.48	34.025	33.778	28.922	26.451	25.337	
402	35.156	33.696	33.446	28.768	26.379	25.181	
403	34.84	33.371	33.115	28.682	26.196	25.041	
404	34.531	33.05	32.784	28.573	26.143	24.894	
405	34.23	32.733	32.454	28.511	25.929	24.83	
406	33.935	32.419	32.124	28.418	25.831	24.647	
407	33.646	32.108	31.792	28.306	25.691	24.585	
408	33.363	31.8	31.461	28.204	25.67	24.441	
409	33.086	31.494	31.128	28.091	25.533	24.21	
410	32.815	31.192	30.795	28.031	25.423	24.179	
411	32.548	30.891	30.461	27.868	25.362	24.088	
412	32.286	30.592	30.125	27.819	25.199	23.977	
413	32.029	30.295	29.789	27.751	25.068	23.815	
414	31.776	30	29.45	27.647	25.046	23.779	
415	31.527	29.707	29.111	27.567	24.906	23.666	
416	31.283	29.415	28.769	27.436	24.81	23.564	
417	31.042	29.125	28.427	27.395	24.667	23.442	
418	30.806	28.837	28.082	27.242	24.576	23.314	
419	30.572	28.549	27.736	27.24	24.539	23.278	
420	30.343	28.264	27.388	27.177	24.391	23.051	
421	30.117	27.979	27.039	26.993	24.277	23.05	
422	29.894	27.696	26.687	27.016	24.164	22.99	
423	29.674	27.414	26.334	26.934	24.088	22.879	
424	29.458	27.133	25.979	26.867	24.049	22.714	
425	29.244	26.854	25.623	26.755	23.89	22.644	
426	29.034	26.575	25.264	26.651	23.86	22.58	
427	28.827	26.299	24.904	26.553	23.755	22.538	
428	28.622	26.023	24.542	26.479	23.663	22.372	
429	28.42	25.748	24.178	26.519	23.569	22.282	
430	28.221	25.475	23.814	26.369	23.426	22.284	
431	28.024	25.203	23.447	26.264	23.503	22.162	
432	27.83	24.932	23.078	26.276	23.311	21.984	
433	27.639	24.663	22.709	26.141	23.339	21.941	
434	27.451	24.395	22.337	26.086	23.175	21.795	
435	27.264	24.128	21.964	26.006	23.033	21.804	
436	27.081	23.864	21.591	25.973	22.899	21.543	
437	26.9	23.6	21.215	25.893	22.922	21.617	
438	26.721	23.338	20.839	25.872	22.893	21.469	
439	26.545	23.077	20.462	25.71	22.818	21.435	
440	26.371	22.819	20.083	25.695	22.639	21.343	
441	26.2	22.561	19.704	25.63	22.648	21.261	
442	26.031	22.306	19.324	25.588	22.648	21.104	
443	25.864	22.052	18.942	25.507	22.442	21.184	
444	25.7	21.801	18.561	25.556	22.424	20.985	
445	25.538	21.551	18.179	25.392	22.277	20.91	
446	25.378	21.304	17.796	25.234	22.293	20.863	
447	25.221	21.058	17.414	25.292	22.112	20.749	
448	25.065	20.815	17.031	25.195	22.141	20.723	
449	24.913	20.574	16.648	25.183	22.026	20.627	
450	24.762	20.336	16.265	25.118	21.916	20.654	
451	24.614	20.099	15.882	25.118	21.857	20.554	
452	24.469	19.866	15.5	25.026	21.784	20.444	
453	24.325	19.635	15.119	24.922	21.755	20.443	
454	24.184	19.406	14.738	24.835	21.684	20.273	
455	24.045	19.181	14.358	24.769	21.671	20.279	
456	23.908	18.958	13.979	24.72	21.58	20.095	
457	23.774	18.739	13.601	24.709	21.546	20.092	
458	23.642	18.522	13.225	24.66	21.441	20.062	
459	23.512	18.309	12.85	24.663	21.481	19.975	
460	23.385	18.099	12.478	24.545	21.331	19.906	
461	23.26	17.892	12.107	24.62	21.233	19.818	
462	23.137	17.689	11.739	24.431	21.183	19.772	
463	23.017	17.49	11.373	24.46	21.21	19.722	
464	22.899	17.294	11.011	24.327	21.031	19.609	
465	22.783	17.102	10.651	24.36	21.017	19.608	
466	22.669	16.914	10.295	24.267	20.954	19.454	
467	22.558	16.73	9.9434	24.206	20.854	19.484	
468	22.449	16.549	9.5955	24.17	20.799	19.396	
469	22.343	16.374	9.253	24.092	20.77	19.34	
470	22.238	16.202	8.9153	24.061	20.699	19.193	
471	22.136	16.035	8.5837	24.012	20.652	19.217	
472	22.037	15.873	8.2585	23.934	20.679	19.142	
473	21.94	15.715	7.9402	23.947	20.517	19.035	
474	21.845	15.562	7.6301	23.908	20.509	19.076	
475	21.752	15.413	7.3283	23.846	20.472	18.955	
476	21.662	15.269	7.0366	23.824	20.439	18.928	
477	21.573	15.13	6.7551	23.74	20.279	18.806	
478	21.488	14.997	6.4859	23.684	20.28	18.775	
479	21.404	14.868	6.2295	23.667	20.197	18.72	
480	21.323	14.745	5.9878	23.599	20.142	18.638	
481	21.244	14.627	5.7619	23.572	20.093	18.615	
482	21.168	14.514	5.5538	23.495	20.1	18.561	
483	21.093	14.407	5.365	23.543	20.037	18.524	
484	21.021	14.305	5.1972	23.447	19.952	18.437	
485	20.952	14.208	5.0521	23.405	19.904	18.479	
486	20.884	14.117	4.9312	23.388	19.787	18.36	
487	20.819	14.032	4.8361	23.308	19.783	18.254	
488	20.756	13.952	4.7674	23.318	19.714	18.213	
489	20.695	13.878	4.7263	23.228	19.691	18.178	
490	20.636	13.809	4.7124	23.239	19.606	18.185	
491	20.58	13.746	4.7261	23.162	19.598	18.078	
492	20.526	13.688	4.7659	23.125	19.513	18.036	
493	20.474	13.637	4.8314	23.098	19.505	17.975	
494	20.424	13.59	4.9202	23.049	19.475	17.976	
495	20.377	13.549	5.0315	23.039	19.452	17.877	
496	20.331	13.514	5.1624	22.991	19.38	17.876	
497	20.288	13.484	5.3119	22.952	19.303	17.874	
498	20.246	13.459	5.477	22.922	19.281	17.787	
499	20.207	13.44	5.6568	22.888	19.204	17.73	
500	20.17	13.426	5.8487	22.873	19.164	17.653	
501	20.135	13.418	6.0518	22.799	19.155	17.607	
502	20.102	13.414	6.264	22.748	19.072	17.553	
503	20.071	13.416	6.4845	22.745	19.08	17.515	
504	20.042	13.422	6.7116	22.67	18.989	17.461	
505	20.015	13.433	6.9447	22.66	18.966	17.426	
506	19.99	13.449	7.1825	22.59	18.9	17.357	
507	19.967	13.47	7.4246	22.573	18.858	17.36	
508	19.945	13.495	7.6698	22.544	18.831	17.264	
509	19.926	13.525	7.9178	22.54	18.784	17.234	
510	19.909	13.559	8.1679	22.464	18.744	17.185	
511	19.893	13.597	8.4198	22.441	18.672	17.172	
512	19.879	13.639	8.6728	22.411	18.653	17.095	
513	19.867	13.685	8.9267	22.38	18.604	17.039	
514	19.857	13.735	9.1811	22.329	18.581	17.008	
515	19.849	13.789	9.4358	22.323	18.521	16.956	
516	19.842	13.846	9.6904	22.272	18.488	16.925	
517	19.837	13.906	9.9447	22.233	18.453	16.889	
518	19.834	13.971	10.199	22.213	18.429	16.8	
519	19.833	14.038	10.452	22.156	18.383	16.8	
520	19.833	14.108	10.704	22.155	18.329	16.783	
521	19.834	14.181	10.956	22.107	18.281	16.705	
522	19.838	14.257	11.206	22.082	18.236	16.682	
523	19.843	14.336	11.455	22.044	18.197	16.633	
524	19.849	14.418	11.703	22.008	18.175	16.576	
525	19.857	14.501	11.95	21.973	18.11	16.541	
526	19.866	14.588	12.195	21.948	18.101	16.479	
527	19.877	14.676	12.439	21.919	18.041	16.467	
528	19.89	14.767	12.681	21.871	18.015	16.444	
529	19.903	14.86	12.922	21.848	17.935	16.346	
530	19.918	14.954	13.16	21.807	17.963	16.332	
531	19.935	15.051	13.398	21.787	17.894	16.282	
532	19.953	15.149	13.633	21.792	17.872	16.249	
533	19.972	15.249	13.867	21.715	17.836	16.21	
534	19.993	15.351	14.099	21.688	17.765	16.173	
535	20.015	15.454	14.329	21.675	17.736	16.118	
536	20.038	15.558	14.557	21.642	17.728	16.071	
537	20.062	15.664	14.783	21.635	17.67	16.051	
538	20.087	15.771	15.008	21.595	17.649	16.008	
539	20.114	15.879	15.231	21.569	17.626	15.99	
540	20.142	15.989	15.452	21.55	17.587	15.938	
541	20.171	16.099	15.671	21.51	17.537	15.923	
542	20.201	16.21	15.888	21.482	17.509	15.858	
543	20.232	16.322	16.103	21.476	17.461	15.814	
544	20.264	16.435	16.316	21.431	17.422	15.773	
545	20.298	16.549	16.528	21.41	17.437	15.761	
546	20.332	16.663	16.738	21.352	17.352	15.71	
547	20.367	16.778	16.946	21.367	17.317	15.707	
548	20.403	16.894	17.152	21.329	17.285	15.648	
549	20.441	17.01	17.356	21.326	17.238	15.622	
550	20.479	17.127	17.558	21.261	17.228	15.591	
551	20.518	17.244	17.759	21.239	17.193	15.54	
552	20.558	17.362	17.958	21.241	17.157	15.508	
553	20.599	17.479	18.155	21.207	17.129	15.477	
554	20.641	17.598	18.35	21.168	17.077	15.44	
555	20.683	17.716	18.544	21.16	17.056	15.395	
556	20.727	17.835	18.736	21.131	17.016	15.362	
557	20.771	17.954	18.926	21.103	16.947	15.317	
558	20.816	18.073	19.114	21.084	16.962	15.3	
559	20.862	18.193	19.301	21.046	16.928	15.278	
560	20.908	18.312	19.486	21.019	16.886	15.228	
561	20.955	18.431	19.669	21.007	16.84	15.186	
562	21.004	18.551	19.851	21	16.812	15.184	
563	21.052	18.671	20.031	20.961	16.801	15.133	
564	21.102	18.79	20.21	20.944	16.75	15.126	
565	21.152	18.91	20.387	20.9	16.721	15.064	
566	21.203	19.03	20.562	20.879	16.684	15.074	
567	21.254	19.149	20.736	20.845	16.66	15.01	
568	21.306	19.269	20.908	20.818	16.626	14.969	
569	21.359	19.388	21.079	20.805	16.591	14.939	
570	21.412	19.508	21.248	20.791	16.566	14.891	
571	21.466	19.627	21.416	20.756	16.54	14.877	
572	21.52	19.746	21.583	20.734	16.528	14.866	
573	21.575	19.865	21.748	20.719	16.489	14.815	
574	21.631	19.984	21.911	20.685	16.473	14.755	
575	21.687	20.102	22.073	20.662	16.434	14.74	
576	21.743	20.221	22.234	20.631	16.404	14.719	
577	21.8	20.339	22.394	20.644	16.385	14.694	
578	21.858	20.457	22.552	20.618	16.331	14.681	
579	21.916	20.575	22.709	20.576	16.316	14.62	
580	21.975	20.693	22.864	20.577	16.277	14.621	
581	22.034	20.81	23.018	20.535	16.251	14.584	
582	22.093	20.927	23.171	20.524	16.22	14.522	
583	22.153	21.044	23.323	20.504	16.18	14.507	
584	22.214	21.161	23.474	20.492	16.17	14.517	
585	22.275	21.277	23.623	20.442	16.155	14.449	
586	22.336	21.393	23.771	20.431	16.123	14.417	
587	22.398	21.509	23.918	20.436	16.098	14.362	
588	22.46	21.625	24.064	20.408	16.07	14.357	
589	22.523	21.74	24.209	20.364	16.041	14.332	
590	22.585	21.855	24.352	20.345	16.005	14.287	
591	22.649	21.97	24.495	20.333	15.99	14.25	
592	22.712	22.085	24.636	20.31	15.918	14.221	
593	22.776	22.199	24.777	20.296	15.969	14.198	
594	22.841	22.313	24.916	20.283	15.892	14.209	
595	22.906	22.427	25.055	20.24	15.88	14.155	
596	22.971	22.54	25.192	20.22	15.879	14.124	
597	23.036	22.654	25.328	20.21	15.839	14.089	
598	23.102	22.766	25.464	20.202	15.8	14.07	
599	23.168	22.879	25.598	20.184	15.748	14.033	
600	23.235	22.991	25.732	20.146	15.774	14.024	
601	23.302	23.104	25.864	20.111	15.734	13.982	
602	23.369	23.215	25.996	20.089	15.676	13.946	
603	23.436	23.327	26.127	20.073	15.681	13.918	
604	23.504	23.438	26.257	20.062	15.645	13.915	
605	23.572	23.549	26.386	20.041	15.608	13.859	
606	23.641	23.66	26.514	20.03	15.616	13.815	
607	23.709	23.771	26.642	19.998	15.592	13.779	
608	23.778	23.881	26.768	20.014	15.535	13.804	
609	23.848	23.991	26.894	19.982	15.547	13.748	
610	23.917	24.101	27.019	19.959	15.505	13.733	
611	23.987	24.21	27.144	19.939	15.468	13.708	
612	24.057	24.32	27.267	19.937	15.48	13.705	
613	24.128	24.429	27.39	19.905	15.44	13.625	
614	24.198	24.537	27.513	19.873	15.416	13.633	
615	24.27	24.646	27.634	19.872	15.373	13.599	
616	24.341	24.755	27.755	19.848	15.366	13.567	
617	24.412	24.863	27.875	19.833	15.339	13.548	
618	24.484	24.971	27.995	19.81	15.324	13.544	
619	24.556	25.078	28.113	19.793	15.289	13.484	
620	24.629	25.186	28.232	19.769	15.26	13.464	
621	24.701	25.293	28.349	19.744	15.245	13.463	
622	24.774	25.4	28.467	19.758	15.223	13.435	
623	24.847	25.507	28.583	19.727	15.19	13.375	
624	24.921	25.614	28.699	19.705	15.17	13.372	
625	24.995	25.721	28.814	19.678	15.168	13.392	
626	25.068	25.827	28.929	19.681	15.12	13.311	
627	25.143	25.933	29.044	19.667	15.098	13.304	
628	25.217	26.039	29.157	19.638	15.06	13.283	
629	25.292	26.145	29.271	19.635	15.075	13.294	
630	25.367	26.251	29.383	19.57	15.013	13.233	
631	25.442	26.357	29.496	19.565	15.066	13.236	
632	25.518	26.462	29.608	19.575	15.011	13.141	
633	25.593	26.568	29.719	19.564	14.965	13.12	
634	25.67	26.673	29.83	19.51	14.954	13.069	
635	25.746	26.778	29.941	19.493	14.942	13.106	
636	25.822	26.883	30.051	19.49	14.951	13.106	
637	25.899	26.988	30.161	19.498	14.872	13.056	
638	25.976	27.093	30.27	19.454	14.846	13.046	
639	26.054	27.197	30.379	19.459	14.818	13.027	
640	26.131	27.302	30.488	19.425	14.799	13.018	
641	26.209	27.407	30.596	19.452	14.778	12.939	
642	26.287	27.511	30.704	19.402	14.772	12.986	
643	26.366	27.615	30.812	19.387	14.721	12.945	
644	26.445	27.72	30.919	19.404	14.727	12.899	
645	26.524	27.824	31.027	19.385	14.71	12.869	
646	26.603	27.928	31.133	19.341	14.67	12.857	
647	26.682	28.032	31.24	19.34	14.697	12.832	
648	26.762	28.137	31.346	19.298	14.644	12.833	
649	26.842	28.241	31.452	19.29	14.633	12.793	
650	26.923	28.345	31.558	19.268	14.571	12.757	
651	27.003	28.449	31.663	19.249	14.593	12.771	
652	27.084	28.553	31.769	19.245	14.544	12.718	
653	27.166	28.657	31.874	19.224	14.556	12.69	
654	27.247	28.761	31.978	19.213	14.505	12.636	
655	27.329	28.865	32.083	19.188	14.528	12.643	
656	27.411	28.969	32.188	19.173	14.551	12.655	
657	27.494	29.073	32.292	19.182	14.495	12.58	
658	27.576	29.177	32.396	19.145	14.451	12.585	
659	27.659	29.281	32.5	19.135	14.393	12.576	
660	27.743	29.386	32.604	19.131	14.406	12.557	
661	27.826	29.49	32.708	19.149	14.366	12.521	
662	27.91	29.594	32.811	19.141	14.38	12.487	
663	27.994	29.699	32.915	19.085	14.354	12.478	
664	28.079	29.803	33.018	19.067	14.358	12.46	
665	28.164	29.908	33.121	19.05	14.329	12.422	
666	28.249	30.012	33.224	19.037	14.283	12.4	
667	28.335	30.117	33.328	19.049	14.264	12.403	
668	28.42	30.222	33.431	19.03	14.28	12.379	
669	28.507	30.327	33.534	19.015	14.24	12.357	
670	28.593	30.432	33.637	18.996	14.227	12.341	
671	28.68	30.537	33.739	18.983	14.189	12.272	
672	28.767	30.642	33.842	18.968	14.151	12.307	
673	28.855	30.747	33.945	18.924	14.153	12.286	
674	28.943	30.853	34.048	18.939	14.161	12.278	
675	29.031	30.959	34.151	18.916	14.153	12.296	
676	29.12	31.064	34.254	18.918	14.072	12.203	
677	29.209	31.17	34.357	18.905	14.111	12.199	
678	29.298	31.277	34.46	18.877	14.073	12.219	
679	29.388	31.383	34.563	18.874	14.028	12.143	
680	29.478	31.489	34.665	18.865	14.013	12.153	
681	29.568	31.596	34.769	18.846	13.999	12.088	
682	29.659	31.703	34.872	18.845	14.005	12.109	
683	29.75	31.81	34.975	18.808	13.954	12.072	
684	29.842	31.917	35.078	18.784	13.945	12.093	
685	29.934	32.025	35.181	18.793	13.961	12.052	
686	30.026	32.133	35.285	18.775	13.924	12.002	
687	30.119	32.241	35.388	18.777	13.89	11.991	
688	30.212	32.349	35.492	18.772	13.868	11.962	
689	30.306	32.457	35.596	18.761	13.903	11.957	
690	30.4	32.566	35.699	18.716	13.875	11.965	
691	30.494	32.675	35.803	18.724	13.843	11.91	
692	30.589	32.784	35.908	18.709	13.782	11.94	
693	30.684	32.894	36.012	18.696	13.781	11.891	
694	30.78	33.003	36.116	18.682	13.775	11.898	
695	30.876	33.113	36.221	18.653	13.738	11.859	
696	30.973	33.224	36.326	18.654	13.704	11.854	
697	31.07	33.334	36.431	18.647	13.742	11.818	
698	31.167	33.445	36.536	18.656	13.697	11.76	
699	31.265	33.557	36.641	18.615	13.678	11.745	
700	31.363	33.668	36.747	18.603	13.714	11.763	
701	31.462	33.78	36.852	18.616	13.601	11.754	
702	31.562	33.892	36.958	18.605	13.677	11.742	
703	31.661	34.005	37.065	18.55	13.664	11.695	
704	31.762	34.118	37.171	18.548	13.616	11.689	
705	31.862	34.231	37.278	18.593	13.586	11.663	
706	31.964	34.345	37.385	18.539	13.595	11.627	
707	32.065	34.459	37.492	18.519	13.587	11.625	
708	32.167	34.573	37.599	18.499	13.513	11.634	
709	32.27	34.688	37.707	18.52	13.555	11.58	
710	32.373	34.803	37.815	18.509	13.487	11.628	
711	32.477	34.919	37.923	18.491	13.491	11.511	
712	32.581	35.034	38.031	18.46	13.43	11.505	
713	32.686	35.151	38.14	18.443	13.501	11.532	
714	32.791	35.268	38.249	18.434	13.419	11.487	
715	32.897	35.385	38.359	18.397	13.433	11.469	
716	33.004	35.502	38.468	18.418	13.356	11.374	
717	33.11	35.62	38.578	18.408	13.398	11.468	
718	33.218	35.739	38.689	18.389	13.347	11.371	
719	33.326	35.858	38.799	18.416	13.365	11.461	
720	33.434	35.977	38.91	18.332	13.336	11.414	
721	33.543	36.097	39.022	18.377	13.311	11.389	
722	33.653	36.217	39.134	18.373	13.341	11.365	
723	33.763	36.338	39.246	18.316	13.339	11.362	
724	33.874	36.459	39.358	18.348	13.267	11.357	
725	33.986	36.581	39.471	18.293	13.366	11.278	
726	34.098	36.703	39.584	18.343	13.2	11.279	
727	34.21	36.826	39.697	18.3	13.25	11.255	
728	34.323	36.949	39.811	18.318	13.194	11.255	
729	34.437	37.073	39.926	18.272	13.178	11.254	
730	34.552	37.197	40.04	18.26	13.183	11.173	
731	34.667	37.322	40.155	18.22	13.167	11.208	
732	34.782	37.447	40.271	18.247	13.116	11.197	
733	34.899	37.573	40.387	18.236	13.152	11.165	
734	35.015	37.699	40.503	18.263	13.117	11.143	
735	35.133	37.826	40.62	18.212	13.131	11.119	
736	35.251	37.954	40.737	18.211	13.114	11.12	
737	35.37	38.082	40.855	18.221	13.084	11.153	
738	35.49	38.21	40.973	18.175	13.091	11.076	
739	35.61	38.34	41.091	18.168	13.067	11.094	
740	35.731	38.469	41.21	18.198	13.06	11.074	
741	35.852	38.6	41.329	18.146	13.012	11.072	
742	35.974	38.731	41.449	18.159	13.021	11.016	
743	36.097	38.862	41.569	18.16	13.027	10.987	
744	36.221	38.994	41.69	18.128	13	11.023	
745	36.345	39.127	41.811	18.098	13.023	11.013	
746	36.47	39.261	41.933	18.113	12.97	10.981	
747	36.596	39.394	42.055	18.112	13.001	10.944	
748	36.722	39.529	42.178	18.09	12.967	10.93	
749	36.849	39.664	42.301	18.087	12.928	10.902	
750	36.977	39.8	42.424	18.026	12.909	10.938	
751	37.106	39.937	42.548	18.064	12.892	10.873	
752	37.235	40.074	42.673	18.016	12.923	10.846	
753	37.365	40.212	42.798	18.042	12.881	10.845	
754	37.496	40.35	42.923	18.033	12.862	10.87	
755	37.627	40.489	43.049	17.998	12.896	10.794	
756	37.759	40.629	43.176	18.017	12.83	10.84	
757	37.893	40.77	43.303	18.016	12.778	10.837	
758	38.026	40.911	43.43	17.993	12.814	10.794	
759	38.161	41.053	43.558	17.991	12.817	10.766	
760	38.296	41.195	43.687	17.965	12.743	10.723	
761	38.433	41.339	43.816	17.94	12.757	10.727	
762	38.57	41.483	43.945	17.968	12.744	10.685	
763	38.707	41.627	44.075	17.942	12.757	10.67	
764	38.846	41.773	44.206	17.942	12.75	10.703	
765	38.985	41.919	44.337	17.928	12.723	10.649	
766	39.126	42.066	44.468	17.945	12.732	10.659	
767	39.267	42.213	44.601	17.932	12.689	10.658	
768	39.409	42.361	44.733	17.898	12.676	10.604	
769	39.551	42.51	44.866	17.901	12.684	10.63	
770	39.695	42.66	45	17.88	12.632	10.573	
771	39.839	42.811	45.134	17.839	12.621	10.567	
772	39.985	42.962	45.269	17.837	12.664	10.567	
773	40.131	43.114	45.404	17.851	12.613	10.567	
774	40.278	43.266	45.54	17.831	12.605	10.51	
775	40.425	43.42	45.676	17.81	12.584	10.517	
776	40.574	43.574	45.813	17.872	12.563	10.49	
777	40.724	43.729	45.95	17.813	12.541	10.499	
778	40.874	43.885	46.088	17.814	12.507	10.516	
779	41.026	44.041	46.226	17.771	12.515	10.473	
780	41.178	44.199	46.365	17.769	12.529	10.484	
781	41.331	44.357	46.505	17.816	12.552	10.405	
782	41.485	44.516	46.645	17.788	12.453	10.414	
783	41.64	44.675	46.785	17.766	12.44	10.413	
784	41.796	44.836	46.926	17.747	12.468	10.369	
785	41.953	44.997	47.067	17.727	12.424	10.347	
786	42.111	45.159	47.209	17.72	12.435	10.349	
787	42.27	45.322	47.352	17.725	12.412	10.345	
788	42.429	45.485	47.495	17.722	12.394	10.324	
789	42.59	45.65	47.638	17.703	12.376	10.317	
790	42.751	45.815	47.782	17.705	12.403	10.277	
791	42.914	45.981	47.926	17.675	12.368	10.278	
792	43.077	46.148	48.071	17.689	12.361	10.267	
793	43.242	46.315	48.217	17.679	12.381	10.266	
794	43.407	46.484	48.362	17.66	12.327	10.239	
795	43.574	46.653	48.509	17.659	12.309	10.224	
796	43.741	46.823	48.655	17.662	12.313	10.213	
797	43.909	46.994	48.803	17.654	12.325	10.176	
798	44.079	47.165	48.95	17.666	12.323	10.181	
799	44.249	47.338	49.098	17.647	12.261	10.206	
800	44.42	47.511	49.247	17.62	12.266	10.135	
801	44.593	47.685	49.396	17.605	12.279	10.152	
802	44.766	47.86	49.545	17.648	12.257	10.122	
803	44.94	48.036	49.695	17.585	12.228	10.092	
804	45.116	48.212	49.845	17.575	12.219	10.133	
805	45.292	48.389	49.996	17.566	12.198	10.093	
806	45.47	48.567	50.147	17.583	12.17	10.084	
807	45.648	48.746	50.298	17.566	12.126	10.115	
808	45.827	48.926	50.45	17.569	12.174	10.024	
809	46.008	49.106	50.602	17.516	12.099	10.047	
810	46.189	49.288	50.755	17.556	12.165	10.014	
811	46.372	49.47	50.908	17.537	12.131	9.9973	
812	46.556	49.652	51.061	17.532	12.176	10.005	
813	46.74	49.836	51.214	17.542	12.077	9.9926	
814	46.926	50.02	51.368	17.52	12.11	10.013	
815	47.113	50.206	51.522	17.499	12.091	9.9656	
816	47.301	50.392	51.677	17.51	12.082	9.9131	
817	47.49	50.578	51.832	17.487	12.062	9.9298	
818	47.68	50.766	51.987	17.492	12.059	9.9034	
819	47.871	50.954	52.142	17.483	12.042	9.9129	
820	48.063	51.143	52.297	17.46	12.018	9.8719	
821	48.256	51.333	52.453	17.453	12.005	9.8656	
822	48.45	51.523	52.609	17.45	12.012	9.8616	
823	48.646	51.715	52.765	17.451	12.006	9.8525	
824	48.842	51.907	52.921	17.443	12.007	9.8497	
825	49.039	52.099	53.078	17.437	11.988	9.8449	
826	49.238	52.293	53.234	17.433	11.98	9.8362	
827	49.438	52.487	53.391	17.43	11.974	9.8144	
828	49.638	52.682	53.548	17.419	11.964	9.8087	
829	49.84	52.877	53.705	17.407	11.95	9.7941	
830	50.043	53.074	53.862	17.407	11.946	9.8031	
831	50.247	53.271	54.019	17.4	11.919	9.7859	
832	50.452	53.468	54.176	17.384	11.91	9.7662	
833	50.658	53.666	54.333	17.379	11.905	9.7353	
834	50.865	53.865	54.491	17.367	11.897	9.7158	
835	51.074	54.065	54.648	17.36	11.889	9.7177	
836	51.283	54.265	54.805	17.358	11.888	9.6974	
837	51.494	54.466	54.962	17.35	11.861	9.7024	
838	51.705	54.667	55.119	17.356	11.846	9.6741	
839	51.918	54.869	55.276	17.339	11.835	9.6728	
840	52.132	55.072	55.433	17.323	11.851	9.6213	
841	52.347	55.275	55.59	17.338	11.799	9.6059	
842	52.562	55.479	55.746	17.35	11.812	9.6524	
843	52.779	55.683	55.903	17.333	11.79	9.6237	
844	52.997	55.888	56.059	17.328	11.8	9.6135	
845	53.217	56.093	56.215	17.337	11.83	9.5864	
846	53.437	56.299	56.37	17.25	11.762	9.5728	
847	53.658	56.505	56.526	17.316	11.671	9.6306	
848	53.88	56.712	56.681	17.299	11.801	9.6341	
849	54.104	56.919	56.836	17.296	11.713	9.5251	
850	54.328	57.127	56.99	17.278	11.74	9.5683	
851	54.554	57.335	57.144	17.254	11.712	9.5872	
852	54.78	57.543	57.298	17.249	11.723	9.4661	
853	55.008	57.752	57.451	17.279	11.658	9.4759	
854	55.237	57.961	57.604	17.228	11.704	9.4325	
855	55.466	58.17	57.756	17.23	11.626	9.478	
856	55.697	58.38	57.908	17.202	11.678	9.4881	
857	55.929	58.59	58.059	17.234	11.659	9.4508	
858	56.162	58.801	58.21	17.248	11.682	9.4151	
859	56.396	59.011	58.36	17.26	11.629	9.461	
860	56.63	59.222	58.509	17.206	11.667	9.4684	
861	56.866	59.433	58.658	17.177	11.615	9.3825	
862	57.103	59.644	58.806	17.215	11.595	9.3837	
863	57.341	59.855	58.953	17.205	11.644	9.3907	
864	57.58	60.067	59.1	17.208	11.589	9.387	
865	57.819	60.278	59.246	17.157	11.577	9.3165	
866	58.06	60.49	59.39	17.167	11.563	9.3468	
867	58.302	60.702	59.534	17.147	11.513	9.3459	
868	58.544	60.913	59.678	17.118	11.543	9.3501	
869	58.788	61.125	59.82	17.15	11.508	9.2901	
870	59.032	61.336	59.961	17.159	11.516	9.3057	
871	59.278	61.548	60.102	17.146	11.508	9.2767	
872	59.524	61.759	60.241	17.131	11.512	9.3136	
873	59.771	61.97	60.379	17.157	11.469	9.267	
874	60.019	62.181	60.516	17.129	11.488	9.2504	
875	60.268	62.392	60.652	17.111	11.474	9.2559	
876	60.518	62.603	60.787	17.115	11.465	9.2204	
877	60.769	62.813	60.921	17.112	11.46	9.2537	
878	61.02	63.023	61.053	17.083	11.444	9.2191	
879	61.273	63.232	61.184	17.079	11.432	9.1998	
880	61.526	63.441	61.314	17.071	11.421	9.1926	
881	61.78	63.65	61.443	17.069	11.417	9.1849	
882	62.034	63.858	61.57	17.067	11.412	9.1889	
883	62.29	64.066	61.696	17.063	11.408	9.1794	
884	62.546	64.273	61.82	17.061	11.404	9.1718	
885	62.803	64.479	61.943	17.061	11.396	9.1709	
886	63.06	64.685	62.064	17.056	11.388	9.1566	
887	63.319	64.89	62.184	17.046	11.371	9.1428	
888	63.578	65.094	62.302	17.044	11.364	9.1243	
889	63.837	65.297	62.419	17.031	11.351	9.1119	
890	64.097	65.5	62.534	17.018	11.337	9.0964	
891	64.358	65.701	62.647	17.012	11.328	9.0812	
892	64.62	65.902	62.758	17.01	11.316	9.0788	
893	64.882	66.102	62.868	17.003	11.31	9.0602	
894	65.144	66.3	62.976	16.991	11.308	9.0486	
895	65.407	66.498	63.083	16.999	11.303	9.0533	
896	65.671	66.694	63.187	16.989	11.29	9.0498	
897	65.935	66.889	63.289	16.989	11.285	9.0476	
898	66.199	67.082	63.39	16.987	11.282	9.0195	
899	66.464	67.275	63.489	16.979	11.268	9.0175	
900	66.73	67.466	63.585	16.966	11.258	8.9949	
901	66.995	67.655	63.68	16.947	11.247	8.9733	
902	67.261	67.843	63.773	16.948	11.229	8.9685	
903	67.528	68.029	63.863	16.945	11.226	8.9618	
904	67.794	68.214	63.952	16.94	11.217	8.9595	
905	68.061	68.396	64.038	16.932	11.215	8.9576	
906	68.328	68.577	64.122	16.934	11.21	8.9517	
907	68.595	68.757	64.204	16.929	11.206	8.9528	
908	68.863	68.934	64.284	16.931	11.194	8.9288	
909	69.13	69.109	64.362	16.916	11.183	8.9209	
910	69.398	69.282	64.437	16.902	11.167	8.91	
911	69.666	69.453	64.511	16.906	11.155	8.9055	
912	69.933	69.621	64.581	16.894	11.128	8.8691	
913	70.201	69.787	64.65	16.881	11.137	8.8493	
914	70.468	69.951	64.717	16.883	11.127	8.8511	
915	70.736	70.113	64.781	16.876	11.114	8.8449	
916	71.003	70.272	64.842	16.869	11.119	8.8435	
917	71.27	70.428	64.901	16.869	11.116	8.8377	
918	71.536	70.581	64.958	16.872	11.111	8.8326	
919	71.803	70.732	65.013	16.868	11.102	8.8198	
920	72.069	70.88	65.065	16.862	11.094	8.8106	
921	72.334	71.025	65.115	16.852	11.081	8.8013	
922	72.599	71.167	65.162	16.848	11.073	8.8045	
923	72.864	71.306	65.207	16.851	11.066	8.7956	
924	73.128	71.442	65.249	16.835	11.037	8.7695	
925	73.391	71.574	65.289	16.832	11.054	8.7564	
926	73.653	71.704	65.326	16.815	11.035	8.7417	
927	73.915	71.83	65.361	16.816	11.041	8.7315	
928	74.176	71.952	65.394	16.814	11.034	8.7362	
929	74.435	72.071	65.424	16.797	10.994	8.7477	
930	74.694	72.186	65.452	16.793	10.972	8.7269	
931	74.952	72.297	65.477	16.805	11.016	8.7154	
932	75.208	72.405	65.499	16.812	10.951	8.6826	
933	75.463	72.509	65.52	16.782	11.008	8.6791	
934	75.716	72.609	65.538	16.775	10.976	8.695	
935	75.968	72.706	65.553	16.773	10.978	8.6554	
936	76.219	72.798	65.566	16.753	10.941	8.6501	
937	76.467	72.886	65.577	16.753	10.935	8.6851	
938	76.714	72.97	65.585	16.783	10.944	8.6069	
939	76.959	73.049	65.59	16.761	10.933	8.6336	
940	77.201	73.125	65.594	16.766	10.894	8.6504	
941	77.441	73.196	65.595	16.76	10.92	8.6114	
942	77.679	73.263	65.594	16.739	10.886	8.5574	
943	77.914	73.326	65.59	16.715	10.91	8.5951	
944	78.146	73.384	65.584	16.717	10.929	8.5787	
945	78.376	73.438	65.576	16.744	10.893	8.5827	
946	78.602	73.488	65.565	16.743	10.888	8.5713	
947	78.825	73.533	65.552	16.722	10.888	8.5569	
948	79.044	73.573	65.537	16.718	10.861	8.5456	
949	79.259	73.609	65.52	16.708	10.84	8.5238	
950	79.471	73.641	65.5	16.702	10.832	8.5213	
951	79.678	73.668	65.479	16.691	10.851	8.5259	
952	79.88	73.69	65.455	16.683	10.844	8.5209	
953	80.078	73.708	65.429	16.694	10.825	8.4986	
954	80.27	73.722	65.401	16.695	10.819	8.5124	
955	80.457	73.731	65.371	16.682	10.807	8.4784	
956	80.638	73.736	65.339	16.663	10.812	8.4848	
957	80.814	73.736	65.305	16.664	10.803	8.5324	
958	80.982	73.732	65.268	16.644	10.785	8.4534	
959	81.144	73.723	65.23	16.666	10.771	8.4791	
960	81.299	73.71	65.19	16.678	10.753	8.4078	
961	81.447	73.693	65.149	16.673	10.778	8.3952	
962	81.586	73.671	65.105	16.661	10.689	8.3687	
963	81.718	73.646	65.059	16.62	10.712	8.4149	
964	81.84	73.616	65.012	16.649	10.748	8.3485	
965	81.954	73.582	64.963	16.617	10.733	8.3817	
966	82.059	73.544	64.912	16.628	10.753	8.359	
967	82.153	73.502	64.86	16.623	10.733	8.3919	
968	82.238	73.457	64.805	16.627	10.745	8.3832	
969	82.313	73.407	64.75	16.611	10.709	8.3707	
970	82.377	73.354	64.692	16.625	10.692	8.3925	
971	82.431	73.297	64.633	16.613	10.68	8.3706	
972	82.474	73.236	64.573	16.61	10.702	8.3492	
973	82.506	73.172	64.511	16.61	10.685	8.3224	
974	82.527	73.105	64.447	16.594	10.661	8.3374	
975	82.536	73.034	64.382	16.588	10.668	8.2816	
976	82.535	72.959	64.316	16.58	10.653	8.2972	
977	82.523	72.882	64.248	16.575	10.641	8.2843	
978	82.5	72.801	64.179	16.572	10.632	8.2858	
979	82.466	72.718	64.109	16.57	10.638	8.2719	
980	82.422	72.631	64.038	16.575	10.628	8.2724	
981	82.367	72.542	63.965	16.572	10.626	8.2804	
982	82.303	72.449	63.891	16.566	10.621	8.2707	
983	82.229	72.354	63.816	16.562	10.623	8.2828	
984	82.146	72.257	63.739	16.548	10.613	8.2676	
985	82.054	72.156	63.662	16.546	10.617	8.2362	
986	81.953	72.054	63.584	16.573	10.595	8.2584	
987	81.845	71.949	63.504	16.537	10.591	8.2149	
988	81.729	71.842	63.424	16.532	10.56	8.1936	
989	81.605	71.732	63.342	16.524	10.566	8.1933	
990	81.475	71.62	63.26	16.52	10.547	8.1876	
991	81.338	71.506	63.176	16.519	10.55	8.1676	
992	81.195	71.391	63.092	16.52	10.545	8.1802	
993	81.046	71.273	63.007	16.509	10.544	8.1739	
994	80.892	71.153	62.921	16.517	10.548	8.1768	
995	80.733	71.032	62.834	16.503	10.54	8.1619	
996	80.57	70.909	62.747	16.496	10.533	8.1554	
997	80.402	70.785	62.658	16.504	10.529	8.1444	
998	80.23	70.658	62.569	16.493	10.516	8.1417	
999	80.054	70.531	62.479	16.483	10.502	8.1776	
1000	79.874	70.402	62.389	16.5	10.478	8.1157	
1001	79.692	70.271	62.298	16.464	10.53	8.0949	
1002	79.506	70.14	62.206	16.485	10.51	8.0982	
1003	79.318	70.007	62.114	16.476	10.477	8.0989	
1004	79.127	69.872	62.021	16.475	10.443	8.0759	
1005	78.933	69.737	61.928	16.439	10.542	8.1117	
1006	78.738	69.601	61.834	16.467	10.428	8.1096	
1007	78.541	69.463	61.74	16.465	10.492	8.0327	
1008	78.341	69.325	61.645	16.449	10.484	8.0563	
1009	78.141	69.186	61.55	16.429	10.432	8.0496	
1010	77.939	69.046	61.454	16.466	10.451	8.0414	
1011	77.735	68.905	61.358	16.433	10.444	8.0428	
1012	77.53	68.764	61.262	16.438	10.431	8.0143	
1013	77.324	68.622	61.165	16.434	10.414	8.0082	
1014	77.118	68.479	61.067	16.435	10.394	8.0042	
1015	76.91	68.335	60.97	16.437	10.4	7.9932	
1016	76.701	68.191	60.872	16.413	10.402	8.087	
1017	76.492	68.046	60.774	16.395	10.365	7.9546	
1018	76.283	67.901	60.676	16.391	10.366	7.9748	
1019	76.073	67.756	60.577	16.377	10.349	7.938	
1020	75.862	67.61	60.478	16.428	10.409	7.9076	
1021	75.651	67.464	60.379	16.344	10.406	7.9482	
1022	75.44	67.317	60.28	16.399	10.335	7.9468	
1023	75.229	67.17	60.18	16.418	10.322	7.9437	
1024	75.017	67.023	60.081	16.374	10.301	7.9785	
1025	74.806	66.876	59.981	16.416	10.31	7.9159	
1026	74.595	66.728	59.881	16.38	10.359	7.8728	
1027	74.383	66.58	59.781	16.414	10.241	7.8987	
1028	74.172	66.432	59.681	16.371	10.339	7.8451	
1029	73.961	66.284	59.581	16.355	10.283	7.8299	
1030	73.75	66.136	59.481	16.359	10.328	7.903	
1031	73.539	65.988	59.38	16.422	10.333	7.9249	
1032	73.329	65.84	59.28	16.316	10.327	7.8632	
1033	73.119	65.692	59.18	16.382	10.287	7.887	
1034	72.909	65.544	59.079	16.356	10.309	7.8533	
1035	72.7	65.396	58.979	16.379	10.251	7.9231	
1036	72.491	65.248	58.879	16.253	10.285	7.8388	
1037	72.282	65.1	58.778	16.397	10.175	7.8035	
1038	72.074	64.952	58.678	16.319	10.24	7.9786	
1039	71.866	64.804	58.578	16.361	10.29	7.9209	
1040	71.659	64.656	58.477	16.298	10.088	7.8087	
1041	71.453	64.509	58.377	16.335	10.216	7.8567	
1042	71.247	64.362	58.277	16.445	10.238	7.6434	
1043	71.042	64.215	58.177	16.412	10.176	7.6925	
1044	70.837	64.068	58.077	16.267	10.268	7.7417	
1045	70.633	63.921	57.977	16.308	10.204	7.7873	
1046	70.429	63.775	57.877	16.204	10.35	7.5825	
1047	70.227	63.629	57.778	16.266	10.039	7.7932	
1048	70.025	63.483	57.678	16.229	10.157	7.8069	
1049	69.823	63.338	57.579	16.299	10.171	7.7236	
1050	69.622	63.193	57.48	16.276	10.083	7.8107	
1051	69.422	63.048	57.381	16.278	10.17	7.7396	
1052	69.223	62.903	57.282	16.273	10.161	7.7044	
1053	69.025	62.759	57.183	16.277	10.167	7.7231	
1054	68.827	62.615	57.085	16.277	10.148	7.7089	
1055	68.63	62.472	56.986	16.277	10.167	7.6972	
1056	68.434	62.329	56.888	16.273	10.135	7.687	
1057	68.238	62.186	56.79	16.269	10.153	7.6997	
1058	68.044	62.044	56.692	16.262	10.142	7.6709	
1059	67.85	61.902	56.595	16.247	10.134	7.6933	
1060	67.657	61.76	56.497	16.254	10.134	7.6648	
1061	67.464	61.619	56.4	16.263	10.116	7.6747	
1062	67.273	61.479	56.303	16.239	10.115	7.6648	
1063	67.082	61.338	56.207	16.235	10.098	7.6667	
1064	66.893	61.199	56.11	16.233	10.093	7.6472	
1065	66.704	61.059	56.014	16.225	10.087	7.629	
1066	66.516	60.921	55.918	16.232	10.086	7.618	
1067	66.328	60.782	55.822	16.223	10.089	7.6219	
1068	66.142	60.644	55.727	16.218	10.078	7.6284	
1069	65.956	60.507	55.632	16.223	10.054	7.6005	
1070	65.772	60.37	55.537	16.22	10.079	7.5985	
1071	65.588	60.233	55.442	16.218	10.063	7.599	
1072	65.405	60.097	55.348	16.202	10.065	7.5925	
1073	65.223	59.962	55.253	16.215	10.029	7.5661	
1074	65.042	59.827	55.16	16.199	10.044	7.5808	
1075	64.862	59.692	55.066	16.193	10.033	7.5517	
1076	64.682	59.558	54.973	16.201	10.022	7.5548	
1077	64.503	59.425	54.88	16.189	10.024	7.5511	
1078	64.326	59.292	54.787	16.185	10.008	7.5417	
1079	64.149	59.16	54.694	16.186	10.022	7.5314	
1080	63.973	59.028	54.602	16.186	10.011	7.5387	
1081	63.798	58.896	54.51	16.179	10.01	7.5348	
1082	63.624	58.765	54.419	16.172	10.007	7.5257	
1083	63.45	58.635	54.328	16.18	9.9947	7.5117	
1084	63.278	58.505	54.237	16.172	9.995	7.5129	
1085	63.106	58.376	54.146	16.166	9.9914	7.5014	
1086	62.935	58.247	54.056	16.171	9.9923	7.5038	
1087	62.765	58.119	53.966	16.156	9.9873	7.4945	
1088	62.596	57.991	53.876	16.166	9.9817	7.4997	
1089	62.428	57.864	53.786	16.159	9.9779	7.4821	
1090	62.261	57.738	53.697	16.158	9.9803	7.4881	
1091	62.095	57.612	53.609	16.153	9.9785	7.4853	
1092	61.929	57.486	53.52	16.144	9.9565	7.4715	
1093	61.764	57.361	53.432	16.148	9.9506	7.4729	
1094	61.601	57.237	53.344	16.141	9.9601	7.4722	
1095	61.438	57.113	53.257	16.15	9.9318	7.4483	
1096	61.275	56.99	53.169	16.144	9.9407	7.4519	
1097	61.114	56.867	53.083	16.13	9.9283	7.4383	
1098	60.954	56.745	52.996	16.124	9.9234	7.4168	
1099	60.794	56.623	52.91	16.123	9.9232	7.4195	
1100	60.636	56.502	52.824	16.113	9.9178	7.4139	
1101	60.478	56.381	52.738	16.124	9.9056	7.3964	
1102	60.321	56.261	52.653	16.116	9.8945	7.3888	
1103	60.165	56.142	52.568	16.109	9.8791	7.3797	
1104	60.009	56.023	52.484	16.105	9.888	7.3786	
1105	59.855	55.904	52.399	16.097	9.8862	7.3711	
1106	59.701	55.786	52.315	16.101	9.8753	7.3644	
1107	59.548	55.669	52.232	16.09	9.8672	7.3615	
1108	59.396	55.552	52.148	16.098	9.873	7.3533	
1109	59.245	55.436	52.065	16.089	9.8628	7.35	
1110	59.095	55.32	51.983	16.087	9.8562	7.3493	
1111	58.945	55.205	51.901	16.086	9.8575	7.3426	
1112	58.796	55.09	51.819	16.085	9.8439	7.3361	
1113	58.648	54.976	51.737	16.085	9.8491	7.3346	
1114	58.501	54.863	51.656	16.08	9.8466	7.3305	
1115	58.355	54.75	51.575	16.077	9.8484	7.3291	
1116	58.209	54.637	51.494	16.078	9.8409	7.3321	
1117	58.065	54.525	51.413	16.079	9.8416	7.3209	
1118	57.921	54.414	51.333	16.072	9.8334	7.3214	
1119	57.778	54.303	51.254	16.06	9.8347	7.3015	
1120	57.635	54.192	51.174	16.068	9.8313	7.2924	
1121	57.494	54.083	51.095	16.067	9.8176	7.2878	
1122	57.353	53.973	51.017	16.06	9.8063	7.2978	
1123	57.213	53.864	50.938	16.048	9.8069	7.2903	
1124	57.074	53.756	50.86	16.063	9.8076	7.2673	
1125	56.935	53.648	50.782	16.054	9.7979	7.2623	
1126	56.797	53.541	50.705	16.058	9.8085	7.2676	
1127	56.66	53.434	50.628	16.033	9.7894	7.2435	
1128	56.524	53.328	50.551	16.033	9.7801	7.246	
1129	56.389	53.222	50.475	16.039	9.78	7.2589	
1130	56.254	53.117	50.399	16.029	9.784	7.2303	
1131	56.12	53.013	50.323	16.028	9.7661	7.2327	
1132	55.987	52.908	50.247	16.029	9.7641	7.2224	
1133	55.854	52.805	50.172	16.022	9.7746	7.22	
1134	55.722	52.701	50.097	16.013	9.7404	7.2208	
1135	55.591	52.599	50.023	16.016	9.7516	7.1929	
1136	55.461	52.497	49.948	16.019	9.733	7.2045	
1137	55.331	52.395	49.874	16.012	9.7186	7.2018	
1138	55.202	52.294	49.801	16.011	9.7314	7.1817	
1139	55.074	52.193	49.728	16.007	9.7294	7.188	
1140	54.947	52.093	49.655	16	9.711	7.1734	
1141	54.82	51.993	49.582	16.013	9.7229	7.1701	
1142	54.694	51.894	49.509	16.009	9.7157	7.1425	
1143	54.569	51.795	49.437	15.991	9.7047	7.1754	
1144	54.444	51.697	49.366	15.991	9.6948	7.1627	
1145	54.32	51.599	49.294	15.994	9.7082	7.1617	
1146	54.197	51.502	49.223	15.991	9.6734	7.1488	
1147	54.074	51.405	49.152	15.987	9.6773	7.1375	
1148	53.952	51.308	49.082	15.993	9.6824	7.1398	
1149	53.831	51.212	49.011	15.982	9.6859	7.1336	
1150	53.71	51.117	48.941	15.971	9.6696	7.1285	
1151	53.59	51.022	48.872	15.973	9.6557	7.1144	
1152	53.471	50.928	48.803	15.974	9.6664	7.1066	
1153	53.352	50.834	48.733	15.967	9.6521	7.0941	
1154	53.234	50.74	48.665	15.961	9.6519	7.0958	
1155	53.117	50.647	48.596	15.966	9.6506	7.0979	
1156	53	50.554	48.528	15.955	9.6498	7.0837	
1157	52.884	50.462	48.46	15.955	9.6421	7.0727	
1158	52.769	50.37	48.393	15.956	9.6421	7.0731	
1159	52.654	50.279	48.325	15.96	9.6267	7.0708	
1160	52.54	50.188	48.258	15.957	9.628	7.0722	
1161	52.426	50.097	48.192	15.947	9.6061	7.0769	
1162	52.313	50.007	48.125	15.943	9.6372	7.0503	
1163	52.201	49.918	48.059	15.932	9.6109	7.0423	
1164	52.089	49.829	47.993	15.933	9.5892	7.0355	
1165	51.978	49.74	47.928	15.926	9.6021	7.0251	
1166	51.868	49.652	47.862	15.934	9.5923	7.0232	
1167	51.758	49.564	47.797	15.935	9.6092	7.0307	
1168	51.649	49.476	47.733	15.925	9.5875	7.0159	
1169	51.54	49.389	47.668	15.919	9.579	7.0094	
1170	51.432	49.303	47.604	15.923	9.5874	6.9969	
1171	51.324	49.217	47.54	15.918	9.5745	6.9927	
1172	51.218	49.131	47.476	15.915	9.5753	6.9904	
1173	51.111	49.046	47.413	15.913	9.572	6.9898	
1174	51.005	48.961	47.35	15.912	9.5717	6.9855	
1175	50.9	48.876	47.287	15.911	9.5671	6.9893	
1176	50.796	48.792	47.225	15.909	9.5553	6.9753	
1177	50.692	48.709	47.162	15.913	9.5548	6.9734	
1178	50.588	48.625	47.1	15.902	9.5491	6.9642	
1179	50.485	48.542	47.039	15.902	9.5544	6.9693	
1180	50.383	48.46	46.977	15.901	9.5467	6.9584	
1181	50.281	48.378	46.916	15.901	9.5467	6.9598	
1182	50.18	48.296	46.855	15.894	9.5385	6.9547	
1183	50.079	48.215	46.794	15.897	9.537	6.95	
1184	49.979	48.134	46.734	15.892	9.532	6.9421	
1185	49.879	48.053	46.673	15.883	9.531	6.946	
1186	49.78	47.973	46.614	15.885	9.5219	6.9289	
1187	49.681	47.893	46.554	15.884	9.5224	6.9354	
1188	49.583	47.814	46.494	15.877	9.523	6.9241	
1189	49.486	47.735	46.435	15.882	9.5084	6.9071	
1190	49.389	47.656	46.376	15.876	9.5137	6.9197	
1191	49.292	47.578	46.318	15.87	9.5099	6.9094	
1192	49.196	47.5	46.259	15.871	9.4961	6.8957	
1193	49.1	47.423	46.201	15.868	9.4961	6.8932	
1194	49.005	47.346	46.143	15.862	9.5027	6.9035	
1195	48.911	47.269	46.085	15.874	9.474	6.8908	
1196	48.817	47.192	46.028	15.86	9.4905	6.8699	
1197	48.723	47.116	45.971	15.862	9.4762	6.8911	
1198	48.63	47.041	45.914	15.852	9.4631	6.8864	
1199	48.538	46.965	45.857	15.851	9.477	6.8633	
1200	48.446	46.89	45.8	15.858	9.4625	6.8505	
1201	48.354	46.816	45.744	15.861	9.4796	6.8706	
1202	48.263	46.741	45.688	15.841	9.4636	6.8566	
1203	48.173	46.667	45.632	15.848	9.4582	6.8337	
1204	48.082	46.594	45.577	15.851	9.4464	6.8183	
1205	47.993	46.52	45.521	15.832	9.4472	6.8323	
1206	47.904	46.447	45.466	15.836	9.466	6.8321	
1207	47.815	46.375	45.411	15.846	9.4633	6.8204	
1208	47.727	46.303	45.357	15.832	9.4402	6.8124	
1209	47.639	46.231	45.302	15.836	9.4279	6.8174	
1210	47.551	46.159	45.248	15.829	9.4198	6.7981	
1211	47.465	46.088	45.194	15.824	9.4014	6.7811	
1212	47.378	46.017	45.14	15.822	9.4159	6.7865	
1213	47.292	45.946	45.087	15.831	9.4125	6.7945	
1214	47.206	45.876	45.034	15.818	9.422	6.771	
1215	47.121	45.806	44.981	15.827	9.4065	6.7776	
1216	47.037	45.737	44.928	15.816	9.3902	6.7962	
1217	46.952	45.667	44.875	15.82	9.3945	6.7799	
1218	46.869	45.598	44.823	15.792	9.3676	6.7812	
1219	46.785	45.53	44.77	15.814	9.3787	6.7488	
1220	46.702	45.461	44.718	15.812	9.3724	6.7566	
1221	46.62	45.393	44.666	15.792	9.3678	6.7577	
1222	46.537	45.325	44.615	15.806	9.4041	6.7482	
1223	46.456	45.258	44.563	15.808	9.3612	6.7497	
1224	46.374	45.191	44.512	15.802	9.3661	6.7322	
1225	46.293	45.124	44.461	15.793	9.3623	6.7376	
1226	46.213	45.058	44.411	15.803	9.3763	6.7294	
1227	46.133	44.991	44.36	15.81	9.3589	6.7325	
1228	46.053	44.925	44.31	15.774	9.3448	6.7237	
1229	45.974	44.86	44.259	15.767	9.3236	6.7278	
1230	45.895	44.794	44.21	15.774	9.3573	6.7086	
1231	45.816	44.729	44.16	15.796	9.3605	6.676	
1232	45.738	44.665	44.11	15.789	9.3331	6.7336	
1233	45.661	44.6	44.061	15.803	9.3612	6.6865	
1234	45.583	44.536	44.012	15.779	9.3636	6.7088	
1235	45.506	44.472	43.963	15.762	9.3504	6.6856	
1236	45.43	44.409	43.914	15.776	9.3508	6.7156	
1237	45.354	44.345	43.865	15.771	9.3581	6.6932	
1238	45.278	44.282	43.817	15.803	9.3178	6.7029	
1239	45.202	44.219	43.769	15.735	9.3726	6.7182	
1240	45.127	44.157	43.721	15.732	9.2717	6.6779	
1241	45.053	44.095	43.673	15.745	9.341	6.6356	
1242	44.978	44.033	43.625	15.735	9.3044	6.6996	
1243	44.904	43.971	43.578	15.764	9.3127	6.761	
1244	44.831	43.91	43.531	15.782	9.3076	6.6586	
1245	44.758	43.849	43.484	15.721	9.362	6.5928	
1246	44.685	43.788	43.437	15.748	9.298	6.6041	
1247	44.612	43.727	43.39	15.731	9.2333	6.6094	
1248	44.54	43.667	43.343	15.743	9.2731	6.5843	
1249	44.468	43.607	43.297	15.775	9.2931	6.6536	
1250	44.397	43.547	43.251	15.753	9.3398	6.5861	
1251	44.325	43.487	43.205	15.739	9.2561	6.6486	
1252	44.255	43.428	43.159	15.709	9.2021	6.5795	
1253	44.184	43.369	43.113	15.708	9.3079	6.5872	
1254	44.114	43.31	43.068	15.716	9.2289	6.5936	
1255	44.044	43.252	43.023	15.74	9.2415	6.623	
1256	43.975	43.193	42.978	15.719	9.2629	6.5966	
1257	43.906	43.135	42.933	15.717	9.2216	6.5567	
1258	43.837	43.078	42.888	15.725	9.2458	6.548	
1259	43.769	43.02	42.843	15.694	9.2312	6.5771	
1260	43.701	42.963	42.799	15.709	9.2387	6.553	
1261	43.633	42.906	42.755	15.706	9.2178	6.5473	
1262	43.565	42.849	42.71	15.689	9.2162	6.5425	
1263	43.498	42.792	42.666	15.706	9.2186	6.5313	
1264	43.431	42.736	42.623	15.682	9.2026	6.5444	
1265	43.365	42.68	42.579	15.708	9.2245	6.5324	
1266	43.298	42.624	42.536	15.696	9.2306	6.5176	
1267	43.233	42.568	42.492	15.709	9.2023	6.5414	
1268	43.167	42.513	42.449	15.714	9.2095	6.5453	
1269	43.102	42.458	42.406	15.701	9.2186	6.5538	
1270	43.037	42.403	42.364	15.696	9.198	6.5367	
1271	42.972	42.348	42.321	15.683	9.2039	6.5136	
1272	42.908	42.294	42.278	15.688	9.2189	6.5472	
1273	42.844	42.239	42.236	15.705	9.2243	6.5247	
1274	42.78	42.185	42.194	15.701	9.2005	6.5306	
1275	42.716	42.131	42.152	15.686	9.1823	6.4939	
1276	42.653	42.078	42.11	15.699	9.2087	6.5205	
1277	42.59	42.024	42.068	15.663	9.1993	6.5191	
1278	42.528	41.971	42.027	15.665	9.1892	6.5112	
1279	42.465	41.918	41.985	15.681	9.1589	6.4593	
1280	42.403	41.866	41.944	15.675	9.156	6.4798	
1281	42.341	41.813	41.903	15.682	9.1567	6.4748	
1282	42.28	41.761	41.862	15.676	9.169	6.4949	
1283	42.219	41.709	41.821	15.656	9.1537	6.4527	
1284	42.158	41.657	41.781	15.632	9.1916	6.4591	
1285	42.097	41.605	41.74	15.644	9.1608	6.4782	
1286	42.037	41.554	41.7	15.669	9.1557	6.4463	
1287	41.977	41.503	41.66	15.652	9.1412	6.4697	
1288	41.917	41.452	41.62	15.663	9.1606	6.4591	
1289	41.857	41.401	41.58	15.652	9.1422	6.4344	
1290	41.798	41.35	41.54	15.657	9.1551	6.4376	
1291	41.739	41.3	41.5	15.64	9.1345	6.4164	
1292	41.68	41.249	41.461	15.656	9.1345	6.4736	
1293	41.622	41.199	41.421	15.647	9.1239	6.4379	
1294	41.564	41.15	41.382	15.668	9.1578	6.4281	
1295	41.506	41.1	41.343	15.646	9.1369	6.3954	
1296	41.448	41.05	41.304	15.653	9.1292	6.3926	
1297	41.39	41.001	41.265	15.651	9.0942	6.4387	
1298	41.333	40.952	41.227	15.631	9.1357	6.4042	
1299	41.276	40.903	41.188	15.641	9.0837	6.373	
1300	41.22	40.855	41.15	15.624	9.1037	6.3995	
1301	41.163	40.806	41.111	15.641	9.126	6.3705	
1302	41.107	40.758	41.073	15.611	9.0799	6.4187	
1303	41.051	40.71	41.035	15.637	9.1245	6.3851	
1304	40.995	40.662	40.997	15.648	9.1135	6.3952	
1305	40.94	40.614	40.96	15.652	9.0861	6.3467	
1306	40.885	40.567	40.922	15.629	9.1235	6.3831	
1307	40.83	40.519	40.884	15.62	9.108	6.3954	
1308	40.775	40.472	40.847	15.613	9.0891	6.388	
1309	40.72	40.425	40.81	15.62	9.0991	6.3783	
1310	40.666	40.378	40.773	15.612	9.0767	6.3653	
1311	40.612	40.332	40.736	15.62	9.0461	6.3913	
1312	40.558	40.285	40.699	15.608	9.0606	6.3221	
1313	40.505	40.239	40.662	15.613	9.0866	6.3847	
1314	40.451	40.193	40.626	15.607	9.0596	6.3495	
1315	40.398	40.147	40.589	15.602	9.0327	6.3262	
1316	40.345	40.101	40.553	15.629	8.9941	6.3194	
1317	40.293	40.055	40.517	15.605	9.0557	6.3822	
1318	40.24	40.01	40.48	15.589	9.0545	6.3601	
1319	40.188	39.965	40.444	15.631	9.0479	6.354	
1320	40.136	39.92	40.409	15.574	9.0367	6.3584	
1321	40.084	39.875	40.373	15.612	9.0226	6.3347	
1322	40.033	39.83	40.337	15.601	8.9983	6.2378	
1323	39.981	39.786	40.302	15.554	9.0135	6.278	
1324	39.93	39.741	40.266	15.608	9.0519	6.2872	
1325	39.879	39.697	40.231	15.621	8.9865	6.3038	
1326	39.829	39.653	40.196	15.629	8.988	6.2721	
1327	39.778	39.609	40.161	15.6	9.0561	6.2622	
1328	39.728	39.565	40.126	15.561	8.9618	6.3632	
1329	39.678	39.522	40.091	15.563	8.9748	6.2771	
1330	39.628	39.478	40.056	15.621	9.0407	6.2531	
1331	39.578	39.435	40.022	15.566	9.0607	6.3246	
1332	39.529	39.392	39.987	15.561	8.9719	6.418	
1333	39.48	39.349	39.953	15.578	9.0236	6.2824	
1334	39.431	39.306	39.918	15.6	8.9906	6.2743	
1335	39.382	39.263	39.884	15.55	9.0051	6.153	
1336	39.333	39.221	39.85	15.537	9.0374	6.3185	
1337	39.285	39.179	39.816	15.618	8.9803	6.1591	
1338	39.237	39.136	39.783	15.535	9.048	6.2468	
1339	39.188	39.094	39.749	15.561	9.032	6.2708	
1340	39.141	39.052	39.715	15.593	9.0077	6.1586	
1341	39.093	39.011	39.682	15.666	8.8259	6.2786	
1342	39.046	38.969	39.648	15.575	8.9248	6.4947	
1343	38.998	38.928	39.615	15.64	9.0003	6.4568	
1344	38.951	38.886	39.582	15.52	9.0383	6.2736	
1345	38.904	38.845	39.549	15.567	9.1261	6.2256	
1346	38.858	38.804	39.516	15.405	8.8527	6.0078	
1347	38.811	38.763	39.483	15.559	9.1196	5.8337	
1348	38.765	38.723	39.45	15.504	9.1334	6.1728	
1349	38.719	38.682	39.417	15.419	9.278	6.2167	
1350	38.673	38.642	39.385	15.265	9.0644	6.2217	
1351	38.627	38.601	39.352	15.503	8.9301	5.9253	
1352	38.581	38.561	39.32	15.455	8.8241	6.3825	
1353	38.536	38.521	39.288	15.547	8.3823	6.2501	
1354	38.491	38.481	39.256	15.469	9.3073	6.3855	
1355	38.446	38.442	39.224	15.712	8.773	5.6078	
1356	38.401	38.402	39.192	15.648	9.1567	6.0752	
1357	38.356	38.363	39.16	15.444	9.0441	6.2724	
1358	38.312	38.323	39.128	16.248	9.371	6.3795	
1359	38.267	38.284	39.096	16.262	8.6908	6.918	
1426	35.648	35.932	37.169	15.655	9.2987	6.337	
1427	35.613	35.901	37.143	15.544	8.6458	6.0444	
1428	35.579	35.869	37.117	15.394	8.841	5.6434	
1429	35.545	35.838	37.091	15.638	8.6618	5.8162	
1430	35.511	35.807	37.065	15.645	8.8034	5.8313	
1431	35.476	35.776	37.039	15.324	8.9254	6.1083	
1432	35.443	35.745	37.013	15.558	8.5618	5.8907	
1433	35.409	35.714	36.987	15.35	8.5981	5.8503	
1434	35.375	35.683	36.961	15.504	8.9164	6.1849	
1435	35.341	35.652	36.936	15.523	8.856	5.7635	
1436	35.308	35.621	36.91	15.531	8.646	5.9371	
1437	35.275	35.591	36.885	15.437	8.9074	5.8618	
1438	35.241	35.56	36.859	15.329	8.6594	5.9473	
1439	35.208	35.53	36.834	15.448	8.7878	5.9026	
1440	35.175	35.499	36.808	15.332	8.7869	5.8234	
1441	35.142	35.469	36.783	15.418	8.6815	6.0523	
1442	35.11	35.439	36.758	15.471	8.6178	5.804	
1443	35.077	35.409	36.733	15.352	8.745	5.9607	
1444	35.044	35.379	36.708	15.461	8.7728	5.754	
1445	35.012	35.349	36.683	15.33	8.7337	5.8418	
1446	34.98	35.319	36.658	15.463	8.6349	5.8148	
1447	34.947	35.289	36.633	15.435	8.7027	5.7187	
1448	34.915	35.26	36.608	15.418	8.6759	5.8657	
1449	34.883	35.23	36.583	15.369	8.7286	5.8616	
1450	34.851	35.201	36.559	15.389	8.7223	5.7667	
1451	34.819	35.171	36.534	15.439	8.6835	5.8613	
1452	34.788	35.142	36.509	15.461	8.7416	5.9121	
1453	34.756	35.113	36.485	15.432	8.7434	5.9344	
1454	34.724	35.084	36.46	15.347	8.6775	5.7013	
1455	34.693	35.054	36.436	15.416	8.7501	5.778	
1456	34.662	35.025	36.412	15.442	8.7139	5.8162	
1457	34.631	34.997	36.387	15.384	8.5911	5.8161	
1458	34.599	34.968	36.363	15.382	8.7003	5.8269	
1459	34.568	34.939	36.339	15.364	8.5653	5.7475	
1460	34.538	34.91	36.315	15.406	8.6329	5.8577	
1461	34.507	34.882	36.291	15.425	8.6263	5.8131	
1462	34.476	34.853	36.267	15.392	8.6402	5.8205	
1463	34.445	34.825	36.243	15.378	8.6426	5.7707	
1464	34.415	34.796	36.219	15.356	8.6674	5.7556	
1465	34.384	34.768	36.195	15.367	8.7009	5.7782	
1466	34.354	34.74	36.171	15.362	8.5979	5.8152	
1467	34.324	34.712	36.147	15.382	8.6242	5.8072	
1468	34.294	34.684	36.124	15.351	8.6378	5.7845	
1469	34.264	34.656	36.1	15.375	8.6157	5.7777	
1470	34.234	34.628	36.077	15.368	8.6027	5.7829	
1471	34.204	34.6	36.053	15.371	8.6274	5.7814	
1472	34.174	34.572	36.03	15.372	8.6286	5.7604	
1473	34.145	34.545	36.006	15.361	8.64	5.7729	
1474	34.115	34.517	35.983	15.364	8.6233	5.7729	
1475	34.086	34.489	35.96	15.367	8.6216	5.7631	
1476	34.056	34.462	35.936	15.361	8.6167	5.7547	
1477	34.027	34.435	35.913	15.367	8.6407	5.7684	
1478	33.998	34.407	35.89	15.372	8.6251	5.7501	
1479	33.969	34.38	35.867	15.364	8.6199	5.7574	
1480	33.94	34.353	35.844	15.365	8.6238	5.7479	
1481	33.911	34.326	35.821	15.366	8.6113	5.7261	
1482	33.882	34.299	35.798	15.361	8.6283	5.7517	
1483	33.853	34.272	35.775	15.362	8.62	5.7472	
1484	33.825	34.245	35.752	15.378	8.6195	5.7384	
1485	33.796	34.218	35.73	15.355	8.6304	5.737	
1486	33.768	34.191	35.707	15.356	8.5946	5.6973	
1487	33.739	34.165	35.684	15.348	8.6228	5.7008	
1488	33.711	34.138	35.662	15.36	8.6145	5.7232	
1489	33.683	34.111	35.639	15.361	8.6151	5.7038	
1490	33.655	34.085	35.617	15.362	8.5895	5.747	
1491	33.626	34.059	35.594	15.345	8.6053	5.698	
1492	33.599	34.032	35.572	15.351	8.5961	5.7165	
1493	33.571	34.006	35.549	15.341	8.5614	5.7088	
1494	33.543	33.98	35.527	15.341	8.5719	5.697	
1495	33.515	33.954	35.505	15.332	8.5697	5.6877	
1496	33.488	33.928	35.483	15.36	8.6007	5.7053	
1497	33.46	33.902	35.46	15.331	8.5842	5.694	
1498	33.433	33.876	35.438	15.364	8.5808	5.6957	
1499	33.405	33.85	35.416	15.346	8.5729	5.7135	
1500	33.378	33.824	35.394	15.338	8.5688	5.6944	
1501	33.351	33.798	35.372	15.324	8.5615	5.6481	
1502	33.324	33.773	35.35	15.341	8.5663	5.6767	
1503	33.297	33.747	35.328	15.337	8.5858	5.6658	
1504	33.27	33.721	35.307	15.331	8.5525	5.6375	
1505	33.243	33.696	35.285	15.336	8.5556	5.6753	
1506	33.216	33.671	35.263	15.327	8.5511	5.6423	
1507	33.189	33.645	35.241	15.311	8.5398	5.6658	
1508	33.163	33.62	35.22	15.308	8.5416	5.6703	
1509	33.136	33.595	35.198	15.345	8.5427	5.6533	
1510	33.11	33.57	35.177	15.333	8.5601	5.6374	
1511	33.083	33.544	35.155	15.339	8.555	5.6471	
1512	33.057	33.519	35.134	15.33	8.5822	5.6517	
1513	33.031	33.494	35.112	15.364	8.5032	5.6648	
1514	33.004	33.47	35.091	15.322	8.5396	5.6835	
1515	32.978	33.445	35.069	15.295	8.5603	5.6483	
1516	32.952	33.42	35.048	15.318	8.5056	5.6522	
1517	32.926	33.395	35.027	15.315	8.5658	5.6102	
1518	32.901	33.37	35.006	15.295	8.5482	5.6359	
1519	32.875	33.346	34.985	15.297	8.5464	5.6432	
1520	32.849	33.321	34.963	15.291	8.534	5.6375	
1521	32.823	33.297	34.942	15.314	8.4871	5.5673	
1522	32.798	33.272	34.921	15.294	8.5187	5.5965	
1523	32.772	33.248	34.9	15.298	8.5355	5.6022	
1524	32.747	33.224	34.879	15.33	8.5488	5.6586	
1525	32.722	33.199	34.859	15.314	8.5414	5.6269	
1526	32.696	33.175	34.838	15.292	8.5151	5.6013	
1527	32.671	33.151	34.817	15.3	8.528	5.6024	
1528	32.646	33.127	34.796	15.288	8.5465	5.6141	
1529	32.621	33.103	34.775	15.293	8.4942	5.5902	
1530	32.596	33.079	34.755	15.303	8.5058	5.6026	
1531	32.571	33.055	34.734	15.28	8.4914	5.604	
1532	32.546	33.031	34.713	15.308	8.4916	5.603	
1533	32.521	33.007	34.693	15.284	8.4702	5.5967	
1534	32.497	32.984	34.672	15.305	8.4793	5.6376	
1535	32.472	32.96	34.652	15.298	8.4926	5.5712	
1536	32.447	32.936	34.632	15.276	8.4891	5.5791	
1537	32.423	32.913	34.611	15.283	8.4941	5.5846	
1538	32.398	32.889	34.591	15.277	8.5252	5.5789	
1539	32.374	32.866	34.57	15.294	8.4816	5.577	
1540	32.35	32.842	34.55	15.287	8.4628	5.578	
1541	32.326	32.819	34.53	15.275	8.4525	5.5494	
1542	32.301	32.796	34.51	15.281	8.4651	5.5754	
1543	32.277	32.773	34.49	15.279	8.4722	5.544	
1544	32.253	32.749	34.47	15.282	8.4897	5.5788	
1545	32.229	32.726	34.449	15.263	8.493	5.5536	
1546	32.205	32.703	34.429	15.278	8.4662	5.5539	
1547	32.182	32.68	34.409	15.274	8.4734	5.5453	
1548	32.158	32.657	34.389	15.277	8.4642	5.5399	
1549	32.134	32.634	34.37	15.277	8.4838	5.5347	
1550	32.111	32.611	34.35	15.282	8.4621	5.5433	
1551	32.087	32.588	34.33	15.26	8.4848	5.5405	
1552	32.063	32.566	34.31	15.272	8.4641	5.5476	
1553	32.04	32.543	34.29	15.253	8.4528	5.5522	
1554	32.017	32.52	34.271	15.262	8.4672	5.5335	
1555	31.993	32.498	34.251	15.281	8.442	5.52	
1556	31.97	32.475	34.231	15.259	8.4567	5.5561	
1557	31.947	32.453	34.212	15.253	8.4481	5.5181	
1558	31.924	32.43	34.192	15.256	8.4504	5.5207	
1559	31.901	32.408	34.172	15.276	8.4324	5.4932	
1560	31.878	32.385	34.153	15.271	8.4614	5.517	
1561	31.855	32.363	34.134	15.28	8.463	5.5073	
1562	31.832	32.341	34.114	15.286	8.4263	5.5184	
1563	31.809	32.319	34.095	15.246	8.4494	5.5213	
1564	31.786	32.296	34.075	15.253	8.4738	5.4959	
1565	31.764	32.274	34.056	15.26	8.475	5.4892	
1566	31.741	32.252	34.037	15.25	8.4211	5.471	
1567	31.719	32.23	34.017	15.272	8.4036	5.5013	
1568	31.696	32.208	33.998	15.254	8.4459	5.5132	
1569	31.674	32.186	33.979	15.273	8.4673	5.5183	
1570	31.651	32.164	33.96	15.258	8.4541	5.5109	
1571	31.629	32.143	33.941	15.251	8.43	5.5032	
1572	31.607	32.121	33.922	15.247	8.4216	5.516	
1573	31.584	32.099	33.903	15.253	8.4038	5.4898	
1574	31.562	32.077	33.884	15.271	8.4254	5.4739	
1575	31.54	32.056	33.865	15.231	8.4078	5.4942	
1576	31.518	32.034	33.846	15.249	8.3978	5.4296	
1577	31.496	32.013	33.827	15.217	8.3749	5.4756	
1578	31.474	31.991	33.808	15.237	8.4288	5.4607	
1579	31.452	31.97	33.789	15.228	8.4205	5.4795	
1580	31.431	31.948	33.771	15.239	8.3869	5.4487	
1581	31.409	31.927	33.752	15.234	8.4189	5.4105	
1582	31.387	31.906	33.733	15.257	8.4008	5.48	
1583	31.365	31.884	33.714	15.226	8.4345	5.4544	
1584	31.344	31.863	33.696	15.259	8.3606	5.4227	
1585	31.322	31.842	33.677	15.244	8.4289	5.4566	
1586	31.301	31.821	33.658	15.233	8.3734	5.502	
1587	31.279	31.8	33.64	15.238	8.4237	5.4611	
1588	31.258	31.779	33.621	15.245	8.3774	5.3926	
1589	31.237	31.758	33.603	15.215	8.3875	5.4566	
1590	31.216	31.737	33.584	15.228	8.3519	5.4219	
1591	31.194	31.716	33.566	15.219	8.3652	5.442	
1592	31.173	31.695	33.548	15.22	8.4063	5.4059	
1593	31.152	31.674	33.529	15.242	8.3902	5.4055	
1594	31.131	31.653	33.511	15.227	8.3533	5.4718	
1595	31.11	31.633	33.493	15.251	8.3693	5.388	
1596	31.089	31.612	33.474	15.218	8.396	5.4089	
1597	31.068	31.591	33.456	15.224	8.3787	5.4234	
1598	31.048	31.571	33.438	15.233	8.3674	5.3693	
1599	31.027	31.55	33.42	15.229	8.3583	5.4027	
1600	31.006	31.53	33.402	15.215	8.372	5.3582	
1601	30.985	31.509	33.384	15.245	8.3609	5.4297	
1602	30.965	31.489	33.365	15.238	8.3485	5.3855	
1603	30.944	31.468	33.347	15.243	8.3307	5.3756	
1604	30.924	31.448	33.329	15.231	8.3665	5.3766	
1605	30.903	31.428	33.311	15.219	8.355	5.4195	
1606	30.883	31.407	33.293	15.218	8.3515	5.381	
1607	30.863	31.387	33.276	15.236	8.3546	5.3807	
1608	30.842	31.367	33.258	15.198	8.3743	5.3834	
1609	30.822	31.347	33.24	15.209	8.3542	5.3865	
1610	30.802	31.327	33.222	15.217	8.3669	5.3679	
1611	30.782	31.307	33.204	15.223	8.3448	5.3933	
1612	30.762	31.287	33.186	15.243	8.3307	5.3638	
1613	30.742	31.267	33.169	15.178	8.3644	5.3728	
1614	30.722	31.247	33.151	15.202	8.361	5.4227	
1615	30.702	31.227	33.133	15.227	8.3397	5.3958	
1616	30.682	31.207	33.116	15.22	8.3127	5.3666	
1617	30.662	31.187	33.098	15.246	8.3553	5.3936	
1618	30.642	31.167	33.08	15.226	8.3236	5.3726	
1619	30.622	31.148	33.063	15.199	8.3466	5.3731	
1620	30.603	31.128	33.045	15.181	8.3603	5.3781	
1621	30.583	31.108	33.028	15.208	8.3253	5.3494	
1622	30.563	31.089	33.01	15.178	8.3112	5.3902	
1623	30.544	31.069	32.993	15.171	8.3181	5.3343	
1624	30.524	31.05	32.976	15.213	8.3478	5.3601	
1625	30.505	31.03	32.958	15.221	8.3268	5.3138	
1626	30.485	31.011	32.941	15.189	8.3195	5.3457	
1627	30.466	30.991	32.923	15.194	8.2845	5.3273	
1628	30.447	30.972	32.906	15.187	8.3499	5.3401	
1629	30.427	30.952	32.889	15.19	8.342	5.3735	
1630	30.408	30.933	32.872	15.179	8.3391	5.3371	
1631	30.389	30.914	32.854	15.173	8.3154	5.3855	
1632	30.37	30.895	32.837	15.186	8.35	5.3166	
1633	30.351	30.875	32.82	15.203	8.3497	5.3381	
1634	30.332	30.856	32.803	15.171	8.297	5.3258	
1635	30.313	30.837	32.786	15.194	8.3312	5.3287	
1636	30.294	30.818	32.769	15.188	8.3212	5.3036	
1637	30.275	30.799	32.752	15.199	8.3059	5.3668	
1638	30.256	30.78	32.735	15.222	8.2801	5.3259	
1639	30.237	30.761	32.718	15.182	8.3194	5.2974	
1640	30.218	30.742	32.701	15.173	8.2818	5.3281	
1641	30.2	30.723	32.684	15.175	8.354	5.2891	
1642	30.181	30.704	32.667	15.205	8.2703	5.335	
1643	30.162	30.685	32.65	15.19	8.3112	5.2849	
1644	30.144	30.667	32.633	15.187	8.2906	5.3078	
1645	30.125	30.648	32.616	15.188	8.2927	5.329	
1646	30.107	30.629	32.6	15.208	8.31	5.2496	
1647	30.088	30.61	32.583	15.15	8.3281	5.3322	
1648	30.07	30.592	32.566	15.196	8.214	5.2562	
1649	30.051	30.573	32.549	15.203	8.3041	5.32	
1650	30.033	30.555	32.533	15.183	8.3097	5.3172	
1651	30.015	30.536	32.516	15.183	8.2823	5.2789	
1652	29.996	30.517	32.499	15.167	8.2903	5.2806	
1653	29.978	30.499	32.483	15.222	8.273	5.3132	
1654	29.96	30.481	32.466	15.187	8.2721	5.3	
1655	29.942	30.462	32.449	15.181	8.3124	5.2674	
1656	29.924	30.444	32.433	15.178	8.2858	5.2886	
1657	29.906	30.425	32.416	15.182	8.2736	5.2715	
1658	29.888	30.407	32.4	15.168	8.2909	5.2684	
1659	29.87	30.389	32.383	15.198	8.2389	5.2994	
1660	29.852	30.371	32.367	15.134	8.2013	5.3163	
1661	29.834	30.352	32.351	15.18	8.22	5.277	
1662	29.816	30.334	32.334	15.141	8.2754	5.2561	
1663	29.798	30.316	32.318	15.16	8.3068	5.3083	
1664	29.781	30.298	32.301	15.139	8.2076	5.1903	
1665	29.763	30.28	32.285	15.134	8.2768	5.2901	
1666	29.745	30.262	32.269	15.203	8.2376	5.2267	
1667	29.728	30.244	32.253	15.116	8.178	5.2636	
1668	29.71	30.226	32.236	15.094	8.2587	5.2816	
1669	29.692	30.208	32.22	15.177	8.2221	5.1642	
1670	29.675	30.19	32.204	15.177	8.3188	5.28	
1671	29.657	30.172	32.188	15.144	8.2985	5.1962	
1672	29.64	30.154	32.172	15.205	8.2434	5.1552	
1673	29.622	30.136	32.155	15.194	8.2671	5.2595	
1674	29.605	30.119	32.139	15.196	8.273	5.2443	
1675	29.588	30.101	32.123	15.123	8.1082	5.2754	
1676	29.571	30.083	32.107	15.177	8.2951	5.2414	
1677	29.553	30.066	32.091	15.141	8.2686	5.3115	
1678	29.536	30.048	32.075	15.131	8.1656	5.2901	
1679	29.519	30.03	32.059	15.153	8.2106	5.2576	
1680	29.502	30.013	32.043	15.136	8.2649	5.3272	
1681	29.485	29.995	32.027	15.15	8.3289	5.2473	
1682	29.468	29.978	32.011	15.105	8.2398	5.2015	
1683	29.451	29.96	31.996	15.132	8.2922	5.1972	
1684	29.434	29.943	31.98	15.112	8.2552	5.3479	
1685	29.417	29.925	31.964	15.14	8.0623	5.0309	
1686	29.4	29.908	31.948	15.254	8.287	5.2897	
1687	29.383	29.89	31.932	15.066	8.3556	5.4453	
1688	29.366	29.873	31.917	15.075	8.27	5.2045	
1689	29.349	29.856	31.901	15.151	8.2085	5.0922	
1690	29.333	29.839	31.885	15.044	8.425	5.2279	
1691	29.316	29.821	31.869	15.226	8.1621	5.1941	
1692	29.299	29.804	31.854	15.228	8.4692	5.2754	
1693	29.283	29.787	31.838	14.99	8.3545	5.5722	
1694	29.266	29.77	31.822	14.9	8.082	5.2263	
1695	29.249	29.753	31.807	15.192	8.4939	5.4261	
1696	29.233	29.735	31.791	15.082	8.2301	5.4347	
1697	29.216	29.718	31.776	15.142	8.3357	5.437	
1698	29.2	29.701	31.76	14.719	8.2576	4.9981	
1699	29.183	29.684	31.745	14.916	8.6842	5.3629	
1700	29.167	29.667	31.729	14.932	8.1696	5.1826	
