	65	70	75	65	70	75	
300	55.212	54.567	51.187	37.511	37.209	37.514	
301	54.874	53.589	50.191	37.295	36.907	37.453	
302	54.418	52.617	49.276	37.087	36.772	37.279	
303	53.868	51.667	48.434	37.019	36.553	37.024	
304	53.245	50.75	47.657	36.99	36.489	37.052	
305	52.571	49.872	46.94	36.884	36.423	36.867	
306	51.865	49.035	46.275	36.614	36.185	36.77	
307	51.14	48.242	45.657	36.511	36.277	36.641	
308	50.41	47.492	45.079	36.334	36.128	36.541	
309	49.685	46.783	44.538	36.365	35.959	36.377	
310	48.972	46.113	44.029	36.171	35.873	36.379	
311	48.276	45.48	43.549	36.159	35.715	36.319	
312	47.601	44.882	43.093	36.209	35.719	36.207	
313	46.95	44.316	42.659	35.89	35.526	36.139	
314	46.323	43.779	42.244	35.955	35.547	35.953	
315	45.722	43.269	41.846	35.892	35.364	35.909	
316	45.147	42.784	41.463	35.798	35.418	35.815	
317	44.597	42.321	41.092	35.661	35.298	35.754	
318	44.071	41.878	40.733	35.561	35.153	35.59	
319	43.568	41.454	40.382	35.518	35.053	35.611	
320	43.088	41.047	40.04	35.535	35.035	35.459	
321	42.629	40.654	39.705	35.427	34.977	35.375	
322	42.19	40.276	39.375	35.393	34.901	35.332	
323	41.77	39.91	39.05	35.355	34.78	35.278	
324	41.367	39.555	38.729	35.23	34.786	35.152	
325	40.981	39.211	38.411	35.241	34.578	35.091	
326	40.61	38.875	38.095	35.155	34.568	35.032	
327	40.254	38.548	37.781	35.062	34.546	34.927	
328	39.912	38.229	37.467	35.028	34.498	34.847	
329	39.582	37.916	37.154	34.999	34.432	34.774	
330	39.265	37.61	36.841	35.011	34.459	34.767	
331	38.958	37.309	36.528	34.888	34.365	34.712	
332	38.662	37.014	36.213	34.842	34.23	34.555	
333	38.377	36.724	35.898	34.885	34.182	34.577	
334	38.101	36.438	35.581	34.798	34.161	34.525	
335	37.833	36.157	35.263	34.731	34.097	34.447	
336	37.575	35.88	34.943	34.609	34.041	34.358	
337	37.325	35.606	34.621	34.687	34.006	34.353	
338	37.082	35.336	34.297	34.632	33.962	34.303	
339	36.848	35.07	33.971	34.529	33.832	34.23	
340	36.62	34.808	33.642	34.579	33.724	34.179	
341	36.401	34.549	33.312	34.486	33.766	34.165	
342	36.188	34.294	32.979	34.466	33.725	34.1	
343	35.982	34.043	32.644	34.549	33.733	34.023	
344	35.783	33.795	32.308	34.521	33.702	33.95	
345	35.591	33.551	31.969	34.424	33.661	33.933	
346	35.406	33.312	31.629	34.455	33.622	33.892	
347	35.228	33.076	31.288	34.458	33.593	33.865	
348	35.058	32.846	30.947	34.377	33.616	33.812	
349	34.895	32.621	30.604	34.389	33.625	33.81	
350	34.739	32.402	30.263	34.388	33.625	33.767	
351	34.592	32.19	29.922	34.35	33.524	33.743	
352	34.454	31.984	29.583	34.396	33.574	33.8	
353	34.324	31.787	29.246	34.351	33.52	33.614	
354	34.204	31.598	28.912	34.458	33.583	33.722	
355	34.093	31.417	28.581	34.599	33.444	33.575	
356	33.991	31.244	28.252	34.579	33.535	33.58	
357	33.898	31.078	27.924	34.514	33.694	33.653	
358	33.812	30.918	27.595	34.45	33.599	33.561	
359	33.73	30.761	27.26	34.557	33.626	33.604	
360	33.649	30.602	26.916	34.568	33.602	33.533	
361	33.565	30.437	26.557	34.519	33.534	33.614	
362	33.475	30.261	26.178	34.468	33.471	33.318	
363	33.374	30.07	25.775	34.502	33.373	33.27	
364	33.258	29.86	25.343	34.485	33.406	33.141	
365	33.124	29.627	24.882	34.48	33.239	33.257	
366	32.972	29.37	24.39	34.43	33.18	32.916	
367	32.799	29.089	23.87	34.217	33.026	32.627	
368	32.607	28.785	23.325	34.2	33.006	32.484	
369	32.395	28.457	22.756	34.034	32.568	32.257	
370	32.164	28.108	22.17	33.841	32.395	31.955	
371	31.919	27.746	21.577	33.737	32.227	31.762	
372	31.663	27.374	20.984	33.555	32.089	31.437	
373	31.399	26.995	20.398	33.39	31.779	31.262	
374	31.13	26.614	19.824	33.076	31.523	30.992	
375	30.857	26.234	19.268	32.972	31.289	30.557	
376	30.584	25.857	18.735	32.744	31.026	30.281	
377	30.31	25.487	18.228	32.512	30.758	29.935	
378	30.04	25.125	17.753	32.361	30.452	29.755	
379	29.773	24.773	17.311	32.152	30.302	29.525	
380	29.511	24.433	16.905	31.847	30.094	29.22	
381	29.254	24.106	16.535	31.78	29.805	28.874	
382	29.003	23.791	16.204	31.618	29.702	28.718	
383	28.758	23.49	15.91	31.407	29.37	28.494	
384	28.52	23.203	15.655	31.178	29.194	28.195	
385	28.289	22.93	15.439	31.074	29.021	28.069	
386	28.066	22.674	15.262	30.864	28.789	27.848	
387	27.85	22.432	15.122	30.652	28.633	27.637	
388	27.642	22.206	15.017	30.583	28.41	27.476	
389	27.442	21.994	14.947	30.461	28.307	27.256	
390	27.249	21.797	14.91	30.26	28.108	27.05	
391	27.066	21.617	14.905	30.191	27.915	26.895	
392	26.891	21.453	14.931	29.981	27.735	26.665	
393	26.724	21.303	14.984	29.878	27.587	26.582	
394	26.566	21.168	15.062	29.682	27.397	26.4	
395	26.415	21.047	15.163	29.63	27.355	26.298	
396	26.273	20.941	15.288	29.422	27.142	26.077	
397	26.14	20.851	15.432	29.335	27.036	25.925	
398	26.014	20.773	15.595	29.275	26.882	25.776	
399	25.896	20.708	15.773	29.093	26.69	25.637	
400	25.785	20.655	15.965	29.072	26.6	25.423	
401	25.683	20.617	16.171	28.922	26.451	25.337	
402	25.587	20.589	16.388	28.768	26.379	25.181	
403	25.498	20.573	16.615	28.682	26.196	25.041	
404	25.415	20.566	16.85	28.573	26.143	24.894	
405	25.339	20.571	17.092	28.511	25.929	24.83	
406	25.27	20.585	17.341	28.418	25.831	24.647	
407	25.206	20.607	17.595	28.306	25.691	24.585	
408	25.147	20.638	17.853	28.204	25.67	24.441	
409	25.094	20.678	18.114	28.091	25.533	24.21	
410	25.047	20.726	18.378	28.031	25.423	24.179	
411	25.004	20.78	18.643	27.868	25.362	24.088	
412	24.966	20.84	18.909	27.819	25.199	23.977	
413	24.933	20.908	19.177	27.751	25.068	23.815	
414	24.905	20.981	19.444	27.647	25.046	23.779	
415	24.88	21.059	19.71	27.567	24.906	23.666	
416	24.86	21.143	19.976	27.436	24.81	23.564	
417	24.845	21.232	20.242	27.395	24.667	23.442	
418	24.833	21.325	20.505	27.242	24.576	23.314	
419	24.825	21.421	20.767	27.24	24.539	23.278	
420	24.821	21.523	21.027	27.177	24.391	23.051	
421	24.82	21.627	21.285	26.993	24.277	23.05	
422	24.823	21.735	21.541	27.016	24.164	22.99	
423	24.829	21.846	21.795	26.934	24.088	22.879	
424	24.839	21.961	22.046	26.867	24.049	22.714	
425	24.851	22.077	22.295	26.755	23.89	22.644	
426	24.867	22.196	22.541	26.651	23.86	22.58	
427	24.886	22.317	22.784	26.553	23.755	22.538	
428	24.908	22.441	23.025	26.479	23.663	22.372	
429	24.932	22.566	23.262	26.519	23.569	22.282	
430	24.959	22.693	23.498	26.369	23.426	22.284	
431	24.989	22.821	23.73	26.264	23.503	22.162	
432	25.021	22.951	23.959	26.276	23.311	21.984	
433	25.056	23.082	24.186	26.141	23.339	21.941	
434	25.093	23.214	24.41	26.086	23.175	21.795	
435	25.133	23.347	24.631	26.006	23.033	21.804	
436	25.175	23.481	24.85	25.973	22.899	21.543	
437	25.218	23.616	25.066	25.893	22.922	21.617	
438	25.264	23.752	25.279	25.872	22.893	21.469	
439	25.312	23.888	25.49	25.71	22.818	21.435	
440	25.362	24.025	25.698	25.695	22.639	21.343	
441	25.413	24.162	25.903	25.63	22.648	21.261	
442	25.467	24.299	26.106	25.588	22.648	21.104	
443	25.522	24.437	26.306	25.507	22.442	21.184	
444	25.579	24.575	26.504	25.556	22.424	20.985	
445	25.637	24.713	26.7	25.392	22.277	20.91	
446	25.697	24.852	26.893	25.234	22.293	20.863	
447	25.759	24.99	27.084	25.292	22.112	20.749	
448	25.822	25.129	27.273	25.195	22.141	20.723	
449	25.886	25.267	27.46	25.183	22.026	20.627	
450	25.952	25.406	27.645	25.118	21.916	20.654	
451	26.019	25.544	27.827	25.118	21.857	20.554	
452	26.088	25.683	28.008	25.026	21.784	20.444	
453	26.157	25.821	28.186	24.922	21.755	20.443	
454	26.228	25.959	28.363	24.835	21.684	20.273	
455	26.3	26.097	28.538	24.769	21.671	20.279	
456	26.373	26.235	28.711	24.72	21.58	20.095	
457	26.447	26.372	28.883	24.709	21.546	20.092	
458	26.523	26.51	29.052	24.66	21.441	20.062	
459	26.599	26.647	29.22	24.663	21.481	19.975	
460	26.676	26.784	29.387	24.545	21.331	19.906	
461	26.754	26.921	29.552	24.62	21.233	19.818	
462	26.833	27.057	29.716	24.431	21.183	19.772	
463	26.913	27.193	29.878	24.46	21.21	19.722	
464	26.994	27.33	30.038	24.327	21.031	19.609	
465	27.076	27.465	30.198	24.36	21.017	19.608	
466	27.158	27.601	30.356	24.267	20.954	19.454	
467	27.242	27.736	30.513	24.206	20.854	19.484	
468	27.325	27.871	30.669	24.17	20.799	19.396	
469	27.41	28.006	30.823	24.092	20.77	19.34	
470	27.496	28.141	30.977	24.061	20.699	19.193	
471	27.582	28.275	31.129	24.012	20.652	19.217	
472	27.669	28.409	31.281	23.934	20.679	19.142	
473	27.757	28.543	31.431	23.947	20.517	19.035	
474	27.845	28.677	31.581	23.908	20.509	19.076	
475	27.934	28.81	31.73	23.846	20.472	18.955	
476	28.024	28.944	31.878	23.824	20.439	18.928	
477	28.114	29.077	32.025	23.74	20.279	18.806	
478	28.205	29.21	32.171	23.684	20.28	18.775	
479	28.296	29.343	32.317	23.667	20.197	18.72	
480	28.388	29.476	32.462	23.599	20.142	18.638	
481	28.481	29.608	32.607	23.572	20.093	18.615	
482	28.574	29.741	32.751	23.495	20.1	18.561	
483	28.668	29.873	32.894	23.543	20.037	18.524	
484	28.762	30.005	33.037	23.447	19.952	18.437	
485	28.857	30.138	33.179	23.405	19.904	18.479	
486	28.952	30.27	33.321	23.388	19.787	18.36	
487	29.048	30.402	33.462	23.308	19.783	18.254	
488	29.144	30.534	33.604	23.318	19.714	18.213	
489	29.241	30.666	33.745	23.228	19.691	18.178	
490	29.339	30.798	33.885	23.239	19.606	18.185	
491	29.437	30.93	34.025	23.162	19.598	18.078	
492	29.535	31.062	34.165	23.125	19.513	18.036	
493	29.634	31.194	34.305	23.098	19.505	17.975	
494	29.734	31.326	34.445	23.049	19.475	17.976	
495	29.834	31.458	34.585	23.039	19.452	17.877	
496	29.934	31.591	34.724	22.991	19.38	17.876	
497	30.035	31.723	34.864	22.952	19.303	17.874	
498	30.136	31.856	35.003	22.922	19.281	17.787	
499	30.238	31.988	35.143	22.888	19.204	17.73	
500	30.341	32.121	35.283	22.873	19.164	17.653	
501	30.444	32.254	35.422	22.799	19.155	17.607	
502	30.547	32.387	35.562	22.748	19.072	17.553	
503	30.651	32.521	35.702	22.745	19.08	17.515	
504	30.755	32.654	35.842	22.67	18.989	17.461	
505	30.86	32.788	35.982	22.66	18.966	17.426	
506	30.966	32.922	36.123	22.59	18.9	17.357	
507	31.071	33.056	36.264	22.573	18.858	17.36	
508	31.178	33.191	36.405	22.544	18.831	17.264	
509	31.285	33.326	36.546	22.54	18.784	17.234	
510	31.392	33.461	36.688	22.464	18.744	17.185	
511	31.5	33.596	36.83	22.441	18.672	17.172	
512	31.608	33.732	36.973	22.411	18.653	17.095	
513	31.717	33.868	37.116	22.38	18.604	17.039	
514	31.826	34.005	37.259	22.329	18.581	17.008	
515	31.936	34.142	37.403	22.323	18.521	16.956	
516	32.047	34.279	37.548	22.272	18.488	16.925	
517	32.158	34.417	37.693	22.233	18.453	16.889	
518	32.269	34.555	37.839	22.213	18.429	16.8	
519	32.381	34.694	37.985	22.156	18.383	16.8	
520	32.493	34.833	38.132	22.155	18.329	16.783	
521	32.606	34.973	38.279	22.107	18.281	16.705	
522	32.72	35.113	38.428	22.082	18.236	16.682	
523	32.834	35.254	38.577	22.044	18.197	16.633	
524	32.949	35.395	38.726	22.008	18.175	16.576	
525	33.064	35.537	38.877	21.973	18.11	16.541	
526	33.18	35.679	39.028	21.948	18.101	16.479	
527	33.296	35.822	39.18	21.919	18.041	16.467	
528	33.413	35.966	39.334	21.871	18.015	16.444	
529	33.53	36.11	39.487	21.848	17.935	16.346	
530	33.648	36.255	39.642	21.807	17.963	16.332	
531	33.767	36.401	39.798	21.787	17.894	16.282	
532	33.886	36.547	39.955	21.792	17.872	16.249	
533	34.006	36.694	40.113	21.715	17.836	16.21	
534	34.126	36.841	40.272	21.688	17.765	16.173	
535	34.247	36.989	40.431	21.675	17.736	16.118	
536	34.369	37.138	40.592	21.642	17.728	16.071	
537	34.491	37.288	40.754	21.635	17.67	16.051	
538	34.614	37.439	40.918	21.595	17.649	16.008	
539	34.737	37.59	41.082	21.569	17.626	15.99	
540	34.861	37.742	41.247	21.55	17.587	15.938	
541	34.986	37.895	41.414	21.51	17.537	15.923	
542	35.111	38.049	41.582	21.482	17.509	15.858	
543	35.237	38.203	41.751	21.476	17.461	15.814	
544	35.363	38.359	41.922	21.431	17.422	15.773	
545	35.491	38.515	42.094	21.41	17.437	15.761	
546	35.619	38.672	42.267	21.352	17.352	15.71	
547	35.747	38.83	42.442	21.367	17.317	15.707	
548	35.876	38.989	42.618	21.329	17.285	15.648	
549	36.006	39.149	42.795	21.326	17.238	15.622	
550	36.137	39.31	42.974	21.261	17.228	15.591	
551	36.268	39.472	43.154	21.239	17.193	15.54	
552	36.4	39.635	43.336	21.241	17.157	15.508	
553	36.532	39.798	43.519	21.207	17.129	15.477	
554	36.666	39.963	43.704	21.168	17.077	15.44	
555	36.8	40.129	43.891	21.16	17.056	15.395	
556	36.934	40.296	44.079	21.131	17.016	15.362	
557	37.07	40.464	44.269	21.103	16.947	15.317	
558	37.206	40.633	44.46	21.084	16.962	15.3	
559	37.342	40.803	44.653	21.046	16.928	15.278	
560	37.48	40.974	44.848	21.019	16.886	15.228	
561	37.618	41.146	45.044	21.007	16.84	15.186	
562	37.757	41.319	45.242	21	16.812	15.184	
563	37.897	41.493	45.442	20.961	16.801	15.133	
564	38.037	41.669	45.644	20.944	16.75	15.126	
565	38.178	41.845	45.848	20.9	16.721	15.064	
566	38.32	42.023	46.053	20.879	16.684	15.074	
567	38.463	42.202	46.261	20.845	16.66	15.01	
568	38.606	42.382	46.47	20.818	16.626	14.969	
569	38.75	42.564	46.681	20.805	16.591	14.939	
570	38.895	42.746	46.894	20.791	16.566	14.891	
571	39.041	42.93	47.109	20.756	16.54	14.877	
572	39.187	43.114	47.326	20.734	16.528	14.866	
573	39.334	43.301	47.545	20.719	16.489	14.815	
574	39.482	43.488	47.766	20.685	16.473	14.755	
575	39.631	43.676	47.989	20.662	16.434	14.74	
576	39.78	43.866	48.214	20.631	16.404	14.719	
577	39.93	44.057	48.442	20.644	16.385	14.694	
578	40.081	44.249	48.671	20.618	16.331	14.681	
579	40.233	44.443	48.902	20.576	16.316	14.62	
580	40.386	44.638	49.136	20.577	16.277	14.621	
581	40.539	44.834	49.372	20.535	16.251	14.584	
582	40.693	45.031	49.61	20.524	16.22	14.522	
583	40.847	45.23	49.85	20.504	16.18	14.507	
584	41.003	45.43	50.092	20.492	16.17	14.517	
585	41.159	45.631	50.337	20.442	16.155	14.449	
586	41.316	45.834	50.583	20.431	16.123	14.417	
587	41.474	46.037	50.833	20.436	16.098	14.362	
588	41.632	46.243	51.084	20.408	16.07	14.357	
589	41.792	46.449	51.337	20.364	16.041	14.332	
590	41.952	46.657	51.593	20.345	16.005	14.287	
591	42.112	46.866	51.852	20.333	15.99	14.25	
592	42.274	47.076	52.112	20.31	15.918	14.221	
593	42.436	47.288	52.375	20.296	15.969	14.198	
594	42.599	47.501	52.64	20.283	15.892	14.209	
595	42.763	47.715	52.908	20.24	15.88	14.155	
596	42.927	47.931	53.178	20.22	15.879	14.124	
597	43.092	48.147	53.45	20.21	15.839	14.089	
598	43.258	48.366	53.725	20.202	15.8	14.07	
599	43.425	48.585	54.002	20.184	15.748	14.033	
600	43.592	48.806	54.281	20.146	15.774	14.024	
601	43.76	49.028	54.563	20.111	15.734	13.982	
602	43.929	49.251	54.847	20.089	15.676	13.946	
603	44.098	49.476	55.134	20.073	15.681	13.918	
604	44.268	49.701	55.423	20.062	15.645	13.915	
605	44.439	49.928	55.714	20.041	15.608	13.859	
606	44.61	50.157	56.008	20.03	15.616	13.815	
607	44.782	50.386	56.304	19.998	15.592	13.779	
608	44.955	50.617	56.603	20.014	15.535	13.804	
609	45.128	50.849	56.904	19.982	15.547	13.748	
610	45.302	51.082	57.207	19.959	15.505	13.733	
611	45.476	51.316	57.513	19.939	15.468	13.708	
612	45.651	51.551	57.821	19.937	15.48	13.705	
613	45.827	51.788	58.131	19.905	15.44	13.625	
614	46.003	52.026	58.444	19.873	15.416	13.633	
615	46.18	52.264	58.759	19.872	15.373	13.599	
616	46.357	52.504	59.076	19.848	15.366	13.567	
617	46.535	52.745	59.396	19.833	15.339	13.548	
618	46.713	52.987	59.717	19.81	15.324	13.544	
619	46.892	53.23	60.041	19.793	15.289	13.484	
620	47.071	53.474	60.368	19.769	15.26	13.464	
621	47.251	53.719	60.696	19.744	15.245	13.463	
622	47.431	53.964	61.027	19.758	15.223	13.435	
623	47.611	54.211	61.36	19.727	15.19	13.375	
624	47.792	54.458	61.695	19.705	15.17	13.372	
625	47.974	54.707	62.032	19.678	15.168	13.392	
626	48.155	54.956	62.371	19.681	15.12	13.311	
627	48.337	55.206	62.712	19.667	15.098	13.304	
628	48.52	55.456	63.055	19.638	15.06	13.283	
629	48.702	55.708	63.4	19.635	15.075	13.294	
630	48.885	55.96	63.746	19.57	15.013	13.233	
631	49.068	56.212	64.095	19.565	15.066	13.236	
632	49.252	56.466	64.446	19.575	15.011	13.141	
633	49.436	56.719	64.798	19.564	14.965	13.12	
634	49.619	56.973	65.152	19.51	14.954	13.069	
635	49.803	57.228	65.507	19.493	14.942	13.106	
636	49.987	57.483	65.864	19.49	14.951	13.106	
637	50.172	57.738	66.223	19.498	14.872	13.056	
638	50.356	57.994	66.583	19.454	14.846	13.046	
639	50.54	58.249	66.945	19.459	14.818	13.027	
640	50.725	58.505	67.308	19.425	14.799	13.018	
641	50.909	58.761	67.672	19.452	14.778	12.939	
642	51.093	59.017	68.037	19.402	14.772	12.986	
643	51.277	59.273	68.403	19.387	14.721	12.945	
644	51.461	59.529	68.771	19.404	14.727	12.899	
645	51.645	59.785	69.139	19.385	14.71	12.869	
646	51.829	60.041	69.508	19.341	14.67	12.857	
647	52.013	60.296	69.878	19.34	14.697	12.832	
648	52.196	60.551	70.249	19.298	14.644	12.833	
649	52.379	60.805	70.62	19.29	14.633	12.793	
650	52.562	61.059	70.991	19.268	14.571	12.757	
651	52.744	61.312	71.363	19.249	14.593	12.771	
652	52.926	61.565	71.735	19.245	14.544	12.718	
653	53.107	61.817	72.107	19.224	14.556	12.69	
654	53.288	62.068	72.479	19.213	14.505	12.636	
655	53.469	62.318	72.85	19.188	14.528	12.643	
656	53.649	62.567	73.222	19.173	14.551	12.655	
657	53.828	62.815	73.593	19.182	14.495	12.58	
658	54.007	63.062	73.963	19.145	14.451	12.585	
659	54.185	63.307	74.332	19.135	14.393	12.576	
660	54.363	63.551	74.7	19.131	14.406	12.557	
661	54.539	63.794	75.067	19.149	14.366	12.521	
662	54.715	64.034	75.432	19.141	14.38	12.487	
663	54.89	64.274	75.796	19.085	14.354	12.478	
664	55.064	64.511	76.157	19.067	14.358	12.46	
665	55.237	64.746	76.516	19.05	14.329	12.422	
666	55.41	64.979	76.873	19.037	14.283	12.4	
667	55.581	65.21	77.227	19.049	14.264	12.403	
668	55.751	65.439	77.578	19.03	14.28	12.379	
669	55.92	65.666	77.925	19.015	14.24	12.357	
670	56.088	65.889	78.268	18.996	14.227	12.341	
671	56.254	66.111	78.606	18.983	14.189	12.272	
672	56.42	66.329	78.94	18.968	14.151	12.307	
673	56.584	66.544	79.268	18.924	14.153	12.286	
674	56.746	66.757	79.591	18.939	14.161	12.278	
675	56.908	66.966	79.906	18.916	14.153	12.296	
676	57.067	67.172	80.215	18.918	14.072	12.203	
677	57.226	67.374	80.515	18.905	14.111	12.199	
678	57.382	67.573	80.807	18.877	14.073	12.219	
679	57.537	67.769	81.088	18.874	14.028	12.143	
680	57.691	67.96	81.36	18.865	14.013	12.153	
681	57.843	68.148	81.619	18.846	13.999	12.088	
682	57.993	68.331	81.866	18.845	14.005	12.109	
683	58.141	68.51	82.1	18.808	13.954	12.072	
684	58.287	68.685	82.318	18.784	13.945	12.093	
685	58.432	68.855	82.52	18.793	13.961	12.052	
686	58.574	69.021	82.704	18.775	13.924	12.002	
687	58.715	69.182	82.87	18.777	13.89	11.991	
688	58.853	69.338	83.015	18.772	13.868	11.962	
689	58.99	69.489	83.14	18.761	13.903	11.957	
690	59.124	69.634	83.243	18.716	13.875	11.965	
691	59.256	69.775	83.322	18.724	13.843	11.91	
692	59.386	69.91	83.378	18.709	13.782	11.94	
693	59.514	70.04	83.411	18.696	13.781	11.891	
694	59.639	70.164	83.419	18.682	13.775	11.898	
695	59.762	70.283	83.403	18.653	13.738	11.859	
696	59.882	70.396	83.364	18.654	13.704	11.854	
697	60	70.503	83.301	18.647	13.742	11.818	
698	60.116	70.604	83.217	18.656	13.697	11.76	
699	60.229	70.699	83.112	18.615	13.678	11.745	
700	60.339	70.787	82.987	18.603	13.714	11.763	
701	60.447	70.87	82.844	18.616	13.601	11.754	
702	60.552	70.947	82.684	18.605	13.677	11.742	
703	60.655	71.017	82.508	18.55	13.664	11.695	
704	60.755	71.081	82.318	18.548	13.616	11.689	
705	60.852	71.138	82.115	18.593	13.586	11.663	
706	60.946	71.19	81.9	18.539	13.595	11.627	
707	61.037	71.234	81.674	18.519	13.587	11.625	
708	61.126	71.273	81.439	18.499	13.513	11.634	
709	61.212	71.305	81.196	18.52	13.555	11.58	
710	61.295	71.331	80.944	18.509	13.487	11.628	
711	61.375	71.35	80.687	18.491	13.491	11.511	
712	61.452	71.363	80.423	18.46	13.43	11.505	
713	61.526	71.37	80.154	18.443	13.501	11.532	
714	61.597	71.371	79.881	18.434	13.419	11.487	
715	61.665	71.365	79.603	18.397	13.433	11.469	
716	61.73	71.354	79.323	18.418	13.356	11.374	
717	61.792	71.336	79.039	18.408	13.398	11.468	
718	61.851	71.312	78.753	18.389	13.347	11.371	
719	61.907	71.283	78.465	18.416	13.365	11.461	
720	61.96	71.248	78.175	18.332	13.336	11.414	
721	62.009	71.207	77.884	18.377	13.311	11.389	
722	62.056	71.16	77.592	18.373	13.341	11.365	
723	62.1	71.108	77.299	18.316	13.339	11.362	
724	62.14	71.051	77.005	18.348	13.267	11.357	
725	62.178	70.988	76.711	18.293	13.366	11.278	
726	62.212	70.921	76.417	18.343	13.2	11.279	
727	62.244	70.848	76.123	18.3	13.25	11.255	
728	62.272	70.771	75.829	18.318	13.194	11.255	
729	62.297	70.689	75.536	18.272	13.178	11.254	
730	62.319	70.602	75.243	18.26	13.183	11.173	
731	62.339	70.511	74.951	18.22	13.167	11.208	
732	62.355	70.415	74.659	18.247	13.116	11.197	
733	62.368	70.315	74.369	18.236	13.152	11.165	
734	62.378	70.212	74.079	18.263	13.117	11.143	
735	62.385	70.104	73.79	18.212	13.131	11.119	
736	62.39	69.993	73.503	18.211	13.114	11.12	
737	62.391	69.878	73.216	18.221	13.084	11.153	
738	62.39	69.76	72.931	18.175	13.091	11.076	
739	62.385	69.638	72.648	18.168	13.067	11.094	
740	62.378	69.513	72.366	18.198	13.06	11.074	
741	62.368	69.385	72.085	18.146	13.012	11.072	
742	62.355	69.254	71.805	18.159	13.021	11.016	
743	62.339	69.12	71.528	18.16	13.027	10.987	
744	62.321	68.983	71.252	18.128	13	11.023	
745	62.3	68.844	70.977	18.098	13.023	11.013	
746	62.276	68.703	70.704	18.113	12.97	10.981	
747	62.25	68.559	70.433	18.112	13.001	10.944	
748	62.221	68.413	70.164	18.09	12.967	10.93	
749	62.19	68.265	69.896	18.087	12.928	10.902	
750	62.156	68.115	69.63	18.026	12.909	10.938	
751	62.12	67.963	69.366	18.064	12.892	10.873	
752	62.081	67.809	69.103	18.016	12.923	10.846	
753	62.04	67.654	68.843	18.042	12.881	10.845	
754	61.996	67.497	68.584	18.033	12.862	10.87	
755	61.95	67.339	68.327	17.998	12.896	10.794	
756	61.902	67.179	68.072	18.017	12.83	10.84	
757	61.852	67.018	67.819	18.016	12.778	10.837	
758	61.799	66.856	67.567	17.993	12.814	10.794	
759	61.745	66.693	67.318	17.991	12.817	10.766	
760	61.688	66.528	67.07	17.965	12.743	10.723	
761	61.629	66.363	66.824	17.94	12.757	10.727	
762	61.569	66.197	66.58	17.968	12.744	10.685	
763	61.506	66.03	66.338	17.942	12.757	10.67	
764	61.441	65.863	66.098	17.942	12.75	10.703	
765	61.375	65.695	65.86	17.928	12.723	10.649	
766	61.307	65.526	65.623	17.945	12.732	10.659	
767	61.237	65.357	65.389	17.932	12.689	10.658	
768	61.165	65.187	65.156	17.898	12.676	10.604	
769	61.092	65.017	64.925	17.901	12.684	10.63	
770	61.017	64.847	64.696	17.88	12.632	10.573	
771	60.94	64.676	64.469	17.839	12.621	10.567	
772	60.862	64.505	64.244	17.837	12.664	10.567	
773	60.782	64.334	64.02	17.851	12.613	10.567	
774	60.701	64.163	63.799	17.831	12.605	10.51	
775	60.618	63.992	63.579	17.81	12.584	10.517	
776	60.534	63.821	63.361	17.872	12.563	10.49	
777	60.449	63.649	63.145	17.813	12.541	10.499	
778	60.363	63.478	62.93	17.814	12.507	10.516	
779	60.275	63.307	62.717	17.771	12.515	10.473	
780	60.186	63.136	62.507	17.769	12.529	10.484	
781	60.096	62.966	62.297	17.816	12.552	10.405	
782	60.004	62.795	62.09	17.788	12.453	10.414	
783	59.912	62.625	61.884	17.766	12.44	10.413	
784	59.819	62.455	61.68	17.747	12.468	10.369	
785	59.724	62.285	61.478	17.727	12.424	10.347	
786	59.629	62.116	61.278	17.72	12.435	10.349	
787	59.532	61.947	61.079	17.725	12.412	10.345	
788	59.435	61.779	60.882	17.722	12.394	10.324	
789	59.337	61.611	60.686	17.703	12.376	10.317	
790	59.238	61.443	60.492	17.705	12.403	10.277	
791	59.138	61.276	60.3	17.675	12.368	10.278	
792	59.038	61.109	60.109	17.689	12.361	10.267	
793	58.937	60.943	59.921	17.679	12.381	10.266	
794	58.835	60.777	59.733	17.66	12.327	10.239	
795	58.732	60.612	59.547	17.659	12.309	10.224	
796	58.629	60.448	59.363	17.662	12.313	10.213	
797	58.525	60.284	59.181	17.654	12.325	10.176	
798	58.421	60.121	58.999	17.666	12.323	10.181	
799	58.316	59.958	58.82	17.647	12.261	10.206	
800	58.211	59.796	58.642	17.62	12.266	10.135	
801	58.105	59.634	58.465	17.605	12.279	10.152	
802	57.998	59.474	58.29	17.648	12.257	10.122	
803	57.892	59.313	58.117	17.585	12.228	10.092	
804	57.785	59.154	57.945	17.575	12.219	10.133	
805	57.677	58.995	57.774	17.566	12.198	10.093	
806	57.569	58.837	57.605	17.583	12.17	10.084	
807	57.461	58.68	57.437	17.566	12.126	10.115	
808	57.353	58.523	57.271	17.569	12.174	10.024	
809	57.244	58.368	57.106	17.516	12.099	10.047	
810	57.135	58.212	56.942	17.556	12.165	10.014	
811	57.026	58.058	56.78	17.537	12.131	9.9973	
812	56.916	57.904	56.619	17.532	12.176	10.005	
813	56.807	57.752	56.46	17.542	12.077	9.9926	
814	56.697	57.599	56.302	17.52	12.11	10.013	
815	56.587	57.448	56.145	17.499	12.091	9.9656	
816	56.477	57.297	55.989	17.51	12.082	9.9131	
817	56.367	57.148	55.835	17.487	12.062	9.9298	
818	56.256	56.999	55.682	17.492	12.059	9.9034	
819	56.146	56.85	55.531	17.483	12.042	9.9129	
820	56.036	56.703	55.38	17.46	12.018	9.8719	
821	55.925	56.556	55.231	17.453	12.005	9.8656	
822	55.815	56.41	55.083	17.45	12.012	9.8616	
823	55.704	56.265	54.937	17.451	12.006	9.8525	
824	55.594	56.121	54.791	17.443	12.007	9.8497	
825	55.484	55.977	54.647	17.437	11.988	9.8449	
826	55.373	55.834	54.504	17.433	11.98	9.8362	
827	55.263	55.692	54.362	17.43	11.974	9.8144	
828	55.153	55.551	54.221	17.419	11.964	9.8087	
829	55.043	55.411	54.082	17.407	11.95	9.7941	
830	54.933	55.271	53.944	17.407	11.946	9.8031	
831	54.823	55.132	53.806	17.4	11.919	9.7859	
832	54.713	54.994	53.67	17.384	11.91	9.7662	
833	54.603	54.857	53.535	17.379	11.905	9.7353	
834	54.494	54.721	53.401	17.367	11.897	9.7158	
835	54.385	54.585	53.268	17.36	11.889	9.7177	
836	54.275	54.45	53.136	17.358	11.888	9.6974	
837	54.166	54.316	53.006	17.35	11.861	9.7024	
838	54.058	54.183	52.876	17.356	11.846	9.6741	
839	53.949	54.05	52.747	17.339	11.835	9.6728	
840	53.841	53.919	52.62	17.323	11.851	9.6213	
841	53.732	53.788	52.493	17.338	11.799	9.6059	
842	53.624	53.657	52.367	17.35	11.812	9.6524	
843	53.517	53.528	52.243	17.333	11.79	9.6237	
844	53.409	53.399	52.119	17.328	11.8	9.6135	
845	53.302	53.272	51.996	17.337	11.83	9.5864	
846	53.195	53.144	51.875	17.25	11.762	9.5728	
847	53.088	53.018	51.754	17.316	11.671	9.6306	
848	52.982	52.892	51.634	17.299	11.801	9.6341	
849	52.876	52.768	51.515	17.296	11.713	9.5251	
850	52.77	52.643	51.397	17.278	11.74	9.5683	
851	52.664	52.52	51.28	17.254	11.712	9.5872	
852	52.559	52.398	51.164	17.249	11.723	9.4661	
853	52.454	52.276	51.049	17.279	11.658	9.4759	
854	52.349	52.155	50.935	17.228	11.704	9.4325	
855	52.245	52.034	50.821	17.23	11.626	9.478	
856	52.141	51.914	50.709	17.202	11.678	9.4881	
857	52.037	51.796	50.597	17.234	11.659	9.4508	
858	51.934	51.677	50.486	17.248	11.682	9.4151	
859	51.83	51.56	50.376	17.26	11.629	9.461	
860	51.728	51.443	50.267	17.206	11.667	9.4684	
861	51.625	51.327	50.158	17.177	11.615	9.3825	
862	51.523	51.212	50.051	17.215	11.595	9.3837	
863	51.421	51.097	49.944	17.205	11.644	9.3907	
864	51.32	50.983	49.838	17.208	11.589	9.387	
865	51.219	50.87	49.733	17.157	11.577	9.3165	
866	51.118	50.757	49.629	17.167	11.563	9.3468	
867	51.018	50.645	49.525	17.147	11.513	9.3459	
868	50.918	50.534	49.422	17.118	11.543	9.3501	
869	50.818	50.423	49.32	17.15	11.508	9.2901	
870	50.719	50.313	49.219	17.159	11.516	9.3057	
871	50.62	50.204	49.118	17.146	11.508	9.2767	
872	50.522	50.096	49.018	17.131	11.512	9.3136	
873	50.424	49.988	48.919	17.157	11.469	9.267	
874	50.326	49.88	48.821	17.129	11.488	9.2504	
875	50.229	49.774	48.723	17.111	11.474	9.2559	
876	50.132	49.668	48.626	17.115	11.465	9.2204	
877	50.035	49.563	48.53	17.112	11.46	9.2537	
878	49.939	49.458	48.434	17.083	11.444	9.2191	
879	49.843	49.354	48.339	17.079	11.432	9.1998	
880	49.748	49.25	48.245	17.071	11.421	9.1926	
881	49.652	49.148	48.151	17.069	11.417	9.1849	
882	49.558	49.046	48.058	17.067	11.412	9.1889	
883	49.463	48.944	47.966	17.063	11.408	9.1794	
884	49.37	48.843	47.874	17.061	11.404	9.1718	
885	49.276	48.743	47.783	17.061	11.396	9.1709	
886	49.183	48.643	47.693	17.056	11.388	9.1566	
887	49.09	48.544	47.603	17.046	11.371	9.1428	
888	48.998	48.445	47.514	17.044	11.364	9.1243	
889	48.906	48.347	47.426	17.031	11.351	9.1119	
890	48.814	48.25	47.338	17.018	11.337	9.0964	
891	48.723	48.153	47.251	17.012	11.328	9.0812	
892	48.632	48.057	47.164	17.01	11.316	9.0788	
893	48.542	47.961	47.078	17.003	11.31	9.0602	
894	48.452	47.866	46.992	16.991	11.308	9.0486	
895	48.362	47.772	46.907	16.999	11.303	9.0533	
896	48.273	47.678	46.823	16.989	11.29	9.0498	
897	48.184	47.584	46.739	16.989	11.285	9.0476	
898	48.095	47.492	46.656	16.987	11.282	9.0195	
899	48.007	47.399	46.573	16.979	11.268	9.0175	
900	47.919	47.308	46.491	16.966	11.258	8.9949	
901	47.832	47.216	46.41	16.947	11.247	8.9733	
902	47.745	47.126	46.329	16.948	11.229	8.9685	
903	47.659	47.036	46.248	16.945	11.226	8.9618	
904	47.572	46.946	46.168	16.94	11.217	8.9595	
905	47.487	46.857	46.089	16.932	11.215	8.9576	
906	47.401	46.768	46.01	16.934	11.21	8.9517	
907	47.316	46.68	45.931	16.929	11.206	8.9528	
908	47.231	46.593	45.853	16.931	11.194	8.9288	
909	47.147	46.506	45.776	16.916	11.183	8.9209	
910	47.063	46.419	45.699	16.902	11.167	8.91	
911	46.98	46.333	45.622	16.906	11.155	8.9055	
912	46.897	46.247	45.546	16.894	11.128	8.8691	
913	46.814	46.162	45.471	16.881	11.137	8.8493	
914	46.731	46.078	45.396	16.883	11.127	8.8511	
915	46.649	45.994	45.321	16.876	11.114	8.8449	
916	46.568	45.91	45.247	16.869	11.119	8.8435	
917	46.486	45.827	45.174	16.869	11.116	8.8377	
918	46.406	45.744	45.101	16.872	11.111	8.8326	
919	46.325	45.662	45.028	16.868	11.102	8.8198	
920	46.245	45.58	44.956	16.862	11.094	8.8106	
921	46.165	45.499	44.884	16.852	11.081	8.8013	
922	46.086	45.418	44.813	16.848	11.073	8.8045	
923	46.007	45.338	44.742	16.851	11.066	8.7956	
924	45.928	45.258	44.671	16.835	11.037	8.7695	
925	45.849	45.179	44.601	16.832	11.054	8.7564	
926	45.771	45.1	44.532	16.815	11.035	8.7417	
927	45.694	45.021	44.462	16.816	11.041	8.7315	
928	45.617	44.943	44.394	16.814	11.034	8.7362	
929	45.54	44.865	44.325	16.797	10.994	8.7477	
930	45.463	44.788	44.257	16.793	10.972	8.7269	
931	45.387	44.711	44.19	16.805	11.016	8.7154	
932	45.311	44.635	44.122	16.812	10.951	8.6826	
933	45.235	44.559	44.056	16.782	11.008	8.6791	
934	45.16	44.483	43.989	16.775	10.976	8.695	
935	45.085	44.408	43.923	16.773	10.978	8.6554	
936	45.011	44.333	43.858	16.753	10.941	8.6501	
937	44.937	44.259	43.793	16.753	10.935	8.6851	
938	44.863	44.185	43.728	16.783	10.944	8.6069	
939	44.79	44.111	43.663	16.761	10.933	8.6336	
940	44.716	44.038	43.599	16.766	10.894	8.6504	
941	44.644	43.965	43.535	16.76	10.92	8.6114	
942	44.571	43.893	43.472	16.739	10.886	8.5574	
943	44.499	43.821	43.409	16.715	10.91	8.5951	
944	44.427	43.75	43.346	16.717	10.929	8.5787	
945	44.356	43.678	43.284	16.744	10.893	8.5827	
946	44.285	43.607	43.222	16.743	10.888	8.5713	
947	44.214	43.537	43.16	16.722	10.888	8.5569	
948	44.144	43.467	43.099	16.718	10.861	8.5456	
949	44.073	43.397	43.038	16.708	10.84	8.5238	
950	44.004	43.328	42.978	16.702	10.832	8.5213	
951	43.934	43.259	42.917	16.691	10.851	8.5259	
952	43.865	43.19	42.857	16.683	10.844	8.5209	
953	43.796	43.122	42.798	16.694	10.825	8.4986	
954	43.727	43.054	42.739	16.695	10.819	8.5124	
955	43.659	42.986	42.68	16.682	10.807	8.4784	
956	43.591	42.919	42.621	16.663	10.812	8.4848	
957	43.524	42.852	42.563	16.664	10.803	8.5324	
958	43.456	42.786	42.505	16.644	10.785	8.4534	
959	43.389	42.72	42.447	16.666	10.771	8.4791	
960	43.323	42.654	42.39	16.678	10.753	8.4078	
961	43.256	42.588	42.333	16.673	10.778	8.3952	
962	43.19	42.523	42.276	16.661	10.689	8.3687	
963	43.125	42.458	42.219	16.62	10.712	8.4149	
964	43.059	42.394	42.163	16.649	10.748	8.3485	
965	42.994	42.33	42.107	16.617	10.733	8.3817	
966	42.929	42.266	42.052	16.628	10.753	8.359	
967	42.864	42.202	41.996	16.623	10.733	8.3919	
968	42.8	42.139	41.941	16.627	10.745	8.3832	
969	42.736	42.076	41.887	16.611	10.709	8.3707	
970	42.672	42.013	41.832	16.625	10.692	8.3925	
971	42.609	41.951	41.778	16.613	10.68	8.3706	
972	42.546	41.889	41.724	16.61	10.702	8.3492	
973	42.483	41.827	41.67	16.61	10.685	8.3224	
974	42.42	41.766	41.617	16.594	10.661	8.3374	
975	42.358	41.705	41.564	16.588	10.668	8.2816	
976	42.296	41.644	41.511	16.58	10.653	8.2972	
977	42.234	41.584	41.459	16.575	10.641	8.2843	
978	42.173	41.524	41.406	16.572	10.632	8.2858	
979	42.112	41.464	41.354	16.57	10.638	8.2719	
980	42.051	41.404	41.302	16.575	10.628	8.2724	
981	41.99	41.345	41.251	16.572	10.626	8.2804	
982	41.93	41.286	41.2	16.566	10.621	8.2707	
983	41.87	41.227	41.149	16.562	10.623	8.2828	
984	41.81	41.169	41.098	16.548	10.613	8.2676	
985	41.75	41.11	41.047	16.546	10.617	8.2362	
986	41.691	41.052	40.997	16.573	10.595	8.2584	
987	41.632	40.995	40.947	16.537	10.591	8.2149	
988	41.573	40.937	40.897	16.532	10.56	8.1936	
989	41.515	40.88	40.848	16.524	10.566	8.1933	
990	41.456	40.824	40.798	16.52	10.547	8.1876	
991	41.398	40.767	40.749	16.519	10.55	8.1676	
992	41.341	40.711	40.7	16.52	10.545	8.1802	
993	41.283	40.655	40.652	16.509	10.544	8.1739	
994	41.226	40.599	40.603	16.517	10.548	8.1768	
995	41.169	40.543	40.555	16.503	10.54	8.1619	
996	41.112	40.488	40.507	16.496	10.533	8.1554	
997	41.056	40.433	40.459	16.504	10.529	8.1444	
998	40.999	40.378	40.412	16.493	10.516	8.1417	
999	40.943	40.324	40.365	16.483	10.502	8.1776	
1000	40.888	40.27	40.318	16.5	10.478	8.1157	
1001	40.832	40.216	40.271	16.464	10.53	8.0949	
1002	40.777	40.162	40.224	16.485	10.51	8.0982	
1003	40.722	40.108	40.178	16.476	10.477	8.0989	
1004	40.667	40.055	40.131	16.475	10.443	8.0759	
1005	40.612	40.002	40.085	16.439	10.542	8.1117	
1006	40.558	39.949	40.04	16.467	10.428	8.1096	
1007	40.504	39.897	39.994	16.465	10.492	8.0327	
1008	40.45	39.845	39.948	16.449	10.484	8.0563	
1009	40.396	39.792	39.903	16.429	10.432	8.0496	
1010	40.343	39.741	39.858	16.466	10.451	8.0414	
1011	40.29	39.689	39.813	16.433	10.444	8.0428	
1012	40.237	39.638	39.769	16.438	10.431	8.0143	
1013	40.184	39.586	39.724	16.434	10.414	8.0082	
1014	40.132	39.535	39.68	16.435	10.394	8.0042	
1015	40.079	39.485	39.636	16.437	10.4	7.9932	
1016	40.027	39.434	39.592	16.413	10.402	8.087	
1017	39.976	39.384	39.549	16.395	10.365	7.9546	
1018	39.924	39.334	39.505	16.391	10.366	7.9748	
1019	39.873	39.284	39.462	16.377	10.349	7.938	
1020	39.821	39.234	39.419	16.428	10.409	7.9076	
1021	39.77	39.185	39.376	16.344	10.406	7.9482	
1022	39.72	39.136	39.333	16.399	10.335	7.9468	
1023	39.669	39.087	39.291	16.418	10.322	7.9437	
1024	39.619	39.038	39.248	16.374	10.301	7.9785	
1025	39.569	38.989	39.206	16.416	10.31	7.9159	
1026	39.519	38.941	39.164	16.38	10.359	7.8728	
1027	39.469	38.893	39.122	16.414	10.241	7.8987	
1028	39.419	38.845	39.08	16.371	10.339	7.8451	
1029	39.37	38.797	39.039	16.355	10.283	7.8299	
1030	39.321	38.75	38.998	16.359	10.328	7.903	
1031	39.272	38.702	38.956	16.422	10.333	7.9249	
1032	39.223	38.655	38.915	16.316	10.327	7.8632	
1033	39.175	38.608	38.875	16.382	10.287	7.887	
1034	39.127	38.561	38.834	16.356	10.309	7.8533	
1035	39.079	38.515	38.793	16.379	10.251	7.9231	
1036	39.031	38.468	38.753	16.253	10.285	7.8388	
1037	38.983	38.422	38.713	16.397	10.175	7.8035	
1038	38.936	38.376	38.673	16.319	10.24	7.9786	
1039	38.888	38.33	38.633	16.361	10.29	7.9209	
1040	38.841	38.285	38.593	16.298	10.088	7.8087	
1041	38.794	38.239	38.554	16.335	10.216	7.8567	
1042	38.747	38.194	38.514	16.445	10.238	7.6434	
1043	38.701	38.149	38.475	16.412	10.176	7.6925	
1044	38.654	38.104	38.436	16.267	10.268	7.7417	
1045	38.608	38.059	38.397	16.308	10.204	7.7873	
1046	38.562	38.014	38.358	16.204	10.35	7.5825	
1047	38.516	37.97	38.32	16.266	10.039	7.7932	
1048	38.471	37.926	38.281	16.229	10.157	7.8069	
1049	38.425	37.882	38.243	16.299	10.171	7.7236	
1050	38.38	37.838	38.204	16.276	10.083	7.8107	
1051	38.335	37.794	38.166	16.278	10.17	7.7396	
1052	38.29	37.751	38.128	16.273	10.161	7.7044	
1053	38.245	37.707	38.091	16.277	10.167	7.7231	
1054	38.201	37.664	38.053	16.277	10.148	7.7089	
1055	38.156	37.621	38.016	16.277	10.167	7.6972	
1056	38.112	37.578	37.978	16.273	10.135	7.687	
1057	38.068	37.536	37.941	16.269	10.153	7.6997	
1058	38.024	37.493	37.904	16.262	10.142	7.6709	
1059	37.981	37.451	37.867	16.247	10.134	7.6933	
1060	37.937	37.409	37.83	16.254	10.134	7.6648	
1061	37.894	37.367	37.794	16.263	10.116	7.6747	
1062	37.85	37.325	37.757	16.239	10.115	7.6648	
1063	37.807	37.283	37.721	16.235	10.098	7.6667	
1064	37.765	37.242	37.684	16.233	10.093	7.6472	
1065	37.722	37.2	37.648	16.225	10.087	7.629	
1066	37.679	37.159	37.612	16.232	10.086	7.618	
1067	37.637	37.118	37.576	16.223	10.089	7.6219	
1068	37.595	37.077	37.541	16.218	10.078	7.6284	
1069	37.553	37.036	37.505	16.223	10.054	7.6005	
1070	37.511	36.995	37.469	16.22	10.079	7.5985	
1071	37.469	36.955	37.434	16.218	10.063	7.599	
1072	37.428	36.915	37.399	16.202	10.065	7.5925	
1073	37.386	36.875	37.364	16.215	10.029	7.5661	
1074	37.345	36.834	37.329	16.199	10.044	7.5808	
1075	37.304	36.795	37.294	16.193	10.033	7.5517	
1076	37.263	36.755	37.259	16.201	10.022	7.5548	
1077	37.222	36.715	37.224	16.189	10.024	7.5511	
1078	37.181	36.676	37.19	16.185	10.008	7.5417	
1079	37.141	36.636	37.155	16.186	10.022	7.5314	
1080	37.101	36.597	37.121	16.186	10.011	7.5387	
1081	37.06	36.558	37.087	16.179	10.01	7.5348	
1082	37.02	36.519	37.053	16.172	10.007	7.5257	
1083	36.981	36.481	37.019	16.18	9.9947	7.5117	
1084	36.941	36.442	36.985	16.172	9.995	7.5129	
1085	36.901	36.404	36.951	16.166	9.9914	7.5014	
1086	36.862	36.365	36.918	16.171	9.9923	7.5038	
1087	36.822	36.327	36.884	16.156	9.9873	7.4945	
1088	36.783	36.289	36.851	16.166	9.9817	7.4997	
1089	36.744	36.251	36.818	16.159	9.9779	7.4821	
1090	36.705	36.213	36.784	16.158	9.9803	7.4881	
1091	36.667	36.176	36.751	16.153	9.9785	7.4853	
1092	36.628	36.138	36.718	16.144	9.9565	7.4715	
1093	36.59	36.101	36.686	16.148	9.9506	7.4729	
1094	36.551	36.063	36.653	16.141	9.9601	7.4722	
1095	36.513	36.026	36.62	16.15	9.9318	7.4483	
1096	36.475	35.989	36.588	16.144	9.9407	7.4519	
1097	36.437	35.952	36.555	16.13	9.9283	7.4383	
1098	36.4	35.916	36.523	16.124	9.9234	7.4168	
1099	36.362	35.879	36.491	16.123	9.9232	7.4195	
1100	36.324	35.842	36.459	16.113	9.9178	7.4139	
1101	36.287	35.806	36.427	16.124	9.9056	7.3964	
1102	36.25	35.77	36.395	16.116	9.8945	7.3888	
1103	36.213	35.734	36.363	16.109	9.8791	7.3797	
1104	36.176	35.698	36.331	16.105	9.888	7.3786	
1105	36.139	35.662	36.3	16.097	9.8862	7.3711	
1106	36.102	35.626	36.268	16.101	9.8753	7.3644	
1107	36.066	35.59	36.237	16.09	9.8672	7.3615	
1108	36.029	35.555	36.206	16.098	9.873	7.3533	
1109	35.993	35.519	36.174	16.089	9.8628	7.35	
1110	35.957	35.484	36.143	16.087	9.8562	7.3493	
1111	35.921	35.449	36.112	16.086	9.8575	7.3426	
1112	35.885	35.414	36.081	16.085	9.8439	7.3361	
1113	35.849	35.379	36.05	16.085	9.8491	7.3346	
1114	35.813	35.344	36.02	16.08	9.8466	7.3305	
1115	35.778	35.309	35.989	16.077	9.8484	7.3291	
1116	35.742	35.275	35.958	16.078	9.8409	7.3321	
1117	35.707	35.24	35.928	16.079	9.8416	7.3209	
1118	35.672	35.206	35.898	16.072	9.8334	7.3214	
1119	35.637	35.171	35.867	16.06	9.8347	7.3015	
1120	35.602	35.137	35.837	16.068	9.8313	7.2924	
1121	35.567	35.103	35.807	16.067	9.8176	7.2878	
1122	35.532	35.069	35.777	16.06	9.8063	7.2978	
1123	35.498	35.035	35.747	16.048	9.8069	7.2903	
1124	35.463	35.002	35.717	16.063	9.8076	7.2673	
1125	35.429	34.968	35.688	16.054	9.7979	7.2623	
1126	35.395	34.934	35.658	16.058	9.8085	7.2676	
1127	35.361	34.901	35.628	16.033	9.7894	7.2435	
1128	35.327	34.868	35.599	16.033	9.7801	7.246	
1129	35.293	34.834	35.569	16.039	9.78	7.2589	
1130	35.259	34.801	35.54	16.029	9.784	7.2303	
1131	35.225	34.768	35.511	16.028	9.7661	7.2327	
1132	35.192	34.735	35.482	16.029	9.7641	7.2224	
1133	35.158	34.703	35.453	16.022	9.7746	7.22	
1134	35.125	34.67	35.424	16.013	9.7404	7.2208	
1135	35.092	34.637	35.395	16.016	9.7516	7.1929	
1136	35.059	34.605	35.366	16.019	9.733	7.2045	
1137	35.026	34.572	35.337	16.012	9.7186	7.2018	
1138	34.993	34.54	35.309	16.011	9.7314	7.1817	
1139	34.96	34.508	35.28	16.007	9.7294	7.188	
1140	34.927	34.476	35.251	16	9.711	7.1734	
1141	34.895	34.444	35.223	16.013	9.7229	7.1701	
1142	34.862	34.412	35.195	16.009	9.7157	7.1425	
1143	34.83	34.38	35.166	15.991	9.7047	7.1754	
1144	34.798	34.348	35.138	15.991	9.6948	7.1627	
1145	34.766	34.317	35.11	15.994	9.7082	7.1617	
1146	34.734	34.285	35.082	15.991	9.6734	7.1488	
1147	34.702	34.254	35.054	15.987	9.6773	7.1375	
1148	34.67	34.222	35.026	15.993	9.6824	7.1398	
1149	34.638	34.191	34.998	15.982	9.6859	7.1336	
1150	34.607	34.16	34.971	15.971	9.6696	7.1285	
1151	34.575	34.129	34.943	15.973	9.6557	7.1144	
1152	34.544	34.098	34.915	15.974	9.6664	7.1066	
1153	34.512	34.067	34.888	15.967	9.6521	7.0941	
1154	34.481	34.036	34.86	15.961	9.6519	7.0958	
1155	34.45	34.006	34.833	15.966	9.6506	7.0979	
1156	34.419	33.975	34.806	15.955	9.6498	7.0837	
1157	34.388	33.944	34.779	15.955	9.6421	7.0727	
1158	34.357	33.914	34.751	15.956	9.6421	7.0731	
1159	34.326	33.884	34.724	15.96	9.6267	7.0708	
1160	34.296	33.853	34.697	15.957	9.628	7.0722	
1161	34.265	33.823	34.67	15.947	9.6061	7.0769	
1162	34.235	33.793	34.644	15.943	9.6372	7.0503	
1163	34.205	33.763	34.617	15.932	9.6109	7.0423	
1164	34.174	33.733	34.59	15.933	9.5892	7.0355	
1165	34.144	33.703	34.563	15.926	9.6021	7.0251	
1166	34.114	33.674	34.537	15.934	9.5923	7.0232	
1167	34.084	33.644	34.51	15.935	9.6092	7.0307	
1168	34.054	33.614	34.484	15.925	9.5875	7.0159	
1169	34.025	33.585	34.457	15.919	9.579	7.0094	
1170	33.995	33.555	34.431	15.923	9.5874	6.9969	
1171	33.965	33.526	34.405	15.918	9.5745	6.9927	
1172	33.936	33.497	34.379	15.915	9.5753	6.9904	
1173	33.906	33.468	34.352	15.913	9.572	6.9898	
1174	33.877	33.439	34.326	15.912	9.5717	6.9855	
1175	33.848	33.41	34.3	15.911	9.5671	6.9893	
1176	33.819	33.381	34.274	15.909	9.5553	6.9753	
1177	33.79	33.352	34.249	15.913	9.5548	6.9734	
1178	33.761	33.323	34.223	15.902	9.5491	6.9642	
1179	33.732	33.294	34.197	15.902	9.5544	6.9693	
1180	33.703	33.266	34.171	15.901	9.5467	6.9584	
1181	33.674	33.237	34.146	15.901	9.5467	6.9598	
1182	33.646	33.209	34.12	15.894	9.5385	6.9547	
1183	33.617	33.18	34.095	15.897	9.537	6.95	
1184	33.589	33.152	34.069	15.892	9.532	6.9421	
1185	33.56	33.124	34.044	15.883	9.531	6.946	
1186	33.532	33.096	34.019	15.885	9.5219	6.9289	
1187	33.504	33.068	33.993	15.884	9.5224	6.9354	
1188	33.476	33.04	33.968	15.877	9.523	6.9241	
1189	33.448	33.012	33.943	15.882	9.5084	6.9071	
1190	33.42	32.984	33.918	15.876	9.5137	6.9197	
1191	33.392	32.956	33.893	15.87	9.5099	6.9094	
1192	33.364	32.928	33.868	15.871	9.4961	6.8957	
1193	33.337	32.901	33.843	15.868	9.4961	6.8932	
1194	33.309	32.873	33.818	15.862	9.5027	6.9035	
1195	33.282	32.846	33.794	15.874	9.474	6.8908	
1196	33.254	32.818	33.769	15.86	9.4905	6.8699	
1197	33.227	32.791	33.744	15.862	9.4762	6.8911	
1198	33.199	32.764	33.72	15.852	9.4631	6.8864	
1199	33.172	32.737	33.695	15.851	9.477	6.8633	
1200	33.145	32.709	33.671	15.858	9.4625	6.8505	
1201	33.118	32.682	33.646	15.861	9.4796	6.8706	
1202	33.091	32.655	33.622	15.841	9.4636	6.8566	
1203	33.064	32.628	33.597	15.848	9.4582	6.8337	
1204	33.037	32.602	33.573	15.851	9.4464	6.8183	
1205	33.011	32.575	33.549	15.832	9.4472	6.8323	
1206	32.984	32.548	33.525	15.836	9.466	6.8321	
1207	32.957	32.522	33.501	15.846	9.4633	6.8204	
1208	32.931	32.495	33.477	15.832	9.4402	6.8124	
1209	32.905	32.468	33.453	15.836	9.4279	6.8174	
1210	32.878	32.442	33.429	15.829	9.4198	6.7981	
1211	32.852	32.416	33.405	15.824	9.4014	6.7811	
1212	32.826	32.389	33.381	15.822	9.4159	6.7865	
1213	32.8	32.363	33.357	15.831	9.4125	6.7945	
1214	32.774	32.337	33.334	15.818	9.422	6.771	
1215	32.748	32.311	33.31	15.827	9.4065	6.7776	
1216	32.722	32.285	33.286	15.816	9.3902	6.7962	
1217	32.696	32.259	33.263	15.82	9.3945	6.7799	
1218	32.67	32.233	33.239	15.792	9.3676	6.7812	
1219	32.644	32.207	33.216	15.814	9.3787	6.7488	
1220	32.619	32.181	33.192	15.812	9.3724	6.7566	
1221	32.593	32.155	33.169	15.792	9.3678	6.7577	
1222	32.568	32.13	33.146	15.806	9.4041	6.7482	
1223	32.542	32.104	33.122	15.808	9.3612	6.7497	
1224	32.517	32.079	33.099	15.802	9.3661	6.7322	
1225	32.492	32.053	33.076	15.793	9.3623	6.7376	
1226	32.467	32.028	33.053	15.803	9.3763	6.7294	
1227	32.442	32.002	33.03	15.81	9.3589	6.7325	
1228	32.416	31.977	33.007	15.774	9.3448	6.7237	
1229	32.391	31.952	32.984	15.767	9.3236	6.7278	
1230	32.367	31.927	32.961	15.774	9.3573	6.7086	
1231	32.342	31.902	32.938	15.796	9.3605	6.676	
1232	32.317	31.877	32.915	15.789	9.3331	6.7336	
1233	32.292	31.852	32.892	15.803	9.3612	6.6865	
1234	32.268	31.827	32.87	15.779	9.3636	6.7088	
1235	32.243	31.802	32.847	15.762	9.3504	6.6856	
1236	32.219	31.777	32.824	15.776	9.3508	6.7156	
1237	32.194	31.752	32.802	15.771	9.3581	6.6932	
1238	32.17	31.728	32.779	15.803	9.3178	6.7029	
1239	32.145	31.703	32.757	15.735	9.3726	6.7182	
1240	32.121	31.678	32.734	15.732	9.2717	6.6779	
1241	32.097	31.654	32.712	15.745	9.341	6.6356	
1242	32.073	31.629	32.69	15.735	9.3044	6.6996	
1243	32.049	31.605	32.667	15.764	9.3127	6.761	
1244	32.025	31.581	32.645	15.782	9.3076	6.6586	
1245	32.001	31.556	32.623	15.721	9.362	6.5928	
1246	31.977	31.532	32.601	15.748	9.298	6.6041	
1247	31.953	31.508	32.579	15.731	9.2333	6.6094	
1248	31.93	31.484	32.556	15.743	9.2731	6.5843	
1249	31.906	31.46	32.534	15.775	9.2931	6.6536	
1250	31.882	31.436	32.512	15.753	9.3398	6.5861	
1251	31.859	31.412	32.491	15.739	9.2561	6.6486	
1252	31.835	31.388	32.469	15.709	9.2021	6.5795	
1253	31.812	31.364	32.447	15.708	9.3079	6.5872	
1254	31.789	31.34	32.425	15.716	9.2289	6.5936	
1255	31.765	31.317	32.403	15.74	9.2415	6.623	
1256	31.742	31.293	32.381	15.719	9.2629	6.5966	
1257	31.719	31.269	32.36	15.717	9.2216	6.5567	
1258	31.696	31.246	32.338	15.725	9.2458	6.548	
1259	31.673	31.222	32.317	15.694	9.2312	6.5771	
1260	31.65	31.199	32.295	15.709	9.2387	6.553	
1261	31.627	31.175	32.273	15.706	9.2178	6.5473	
1262	31.604	31.152	32.252	15.689	9.2162	6.5425	
1263	31.581	31.129	32.231	15.706	9.2186	6.5313	
1264	31.558	31.105	32.209	15.682	9.2026	6.5444	
1265	31.536	31.082	32.188	15.708	9.2245	6.5324	
1266	31.513	31.059	32.166	15.696	9.2306	6.5176	
1267	31.49	31.036	32.145	15.709	9.2023	6.5414	
1268	31.468	31.013	32.124	15.714	9.2095	6.5453	
1269	31.446	30.99	32.103	15.701	9.2186	6.5538	
1270	31.423	30.967	32.082	15.696	9.198	6.5367	
1271	31.401	30.944	32.061	15.683	9.2039	6.5136	
1272	31.379	30.921	32.04	15.688	9.2189	6.5472	
1273	31.356	30.898	32.018	15.705	9.2243	6.5247	
1274	31.334	30.876	31.998	15.701	9.2005	6.5306	
1275	31.312	30.853	31.977	15.686	9.1823	6.4939	
1276	31.29	30.83	31.956	15.699	9.2087	6.5205	
1277	31.268	30.808	31.935	15.663	9.1993	6.5191	
1278	31.246	30.785	31.914	15.665	9.1892	6.5112	
1279	31.224	30.763	31.893	15.681	9.1589	6.4593	
1280	31.202	30.74	31.872	15.675	9.156	6.4798	
1281	31.18	30.718	31.852	15.682	9.1567	6.4748	
1282	31.159	30.695	31.831	15.676	9.169	6.4949	
1283	31.137	30.673	31.81	15.656	9.1537	6.4527	
1284	31.115	30.651	31.79	15.632	9.1916	6.4591	
1285	31.094	30.629	31.769	15.644	9.1608	6.4782	
1286	31.072	30.606	31.749	15.669	9.1557	6.4463	
1287	31.051	30.584	31.728	15.652	9.1412	6.4697	
1288	31.029	30.562	31.708	15.663	9.1606	6.4591	
1289	31.008	30.54	31.687	15.652	9.1422	6.4344	
1290	30.987	30.518	31.667	15.657	9.1551	6.4376	
1291	30.966	30.496	31.647	15.64	9.1345	6.4164	
1292	30.944	30.474	31.626	15.656	9.1345	6.4736	
1293	30.923	30.452	31.606	15.647	9.1239	6.4379	
1294	30.902	30.431	31.586	15.668	9.1578	6.4281	
1295	30.881	30.409	31.566	15.646	9.1369	6.3954	
1296	30.86	30.387	31.546	15.653	9.1292	6.3926	
1297	30.839	30.366	31.525	15.651	9.0942	6.4387	
1298	30.818	30.344	31.505	15.631	9.1357	6.4042	
1299	30.797	30.322	31.485	15.641	9.0837	6.373	
1300	30.777	30.301	31.465	15.624	9.1037	6.3995	
1301	30.756	30.279	31.445	15.641	9.126	6.3705	
1302	30.735	30.258	31.425	15.611	9.0799	6.4187	
1303	30.715	30.236	31.405	15.637	9.1245	6.3851	
1304	30.694	30.215	31.386	15.648	9.1135	6.3952	
1305	30.673	30.194	31.366	15.652	9.0861	6.3467	
1306	30.653	30.173	31.346	15.629	9.1235	6.3831	
1307	30.632	30.151	31.326	15.62	9.108	6.3954	
1308	30.612	30.13	31.306	15.613	9.0891	6.388	
1309	30.592	30.109	31.287	15.62	9.0991	6.3783	
1310	30.571	30.088	31.267	15.612	9.0767	6.3653	
1311	30.551	30.067	31.248	15.62	9.0461	6.3913	
1312	30.531	30.046	31.228	15.608	9.0606	6.3221	
1313	30.511	30.025	31.208	15.613	9.0866	6.3847	
1314	30.491	30.004	31.189	15.607	9.0596	6.3495	
1315	30.471	29.983	31.169	15.602	9.0327	6.3262	
1316	30.451	29.962	31.15	15.629	8.9941	6.3194	
1317	30.431	29.941	31.13	15.605	9.0557	6.3822	
1318	30.411	29.921	31.111	15.589	9.0545	6.3601	
1319	30.391	29.9	31.092	15.631	9.0479	6.354	
1320	30.371	29.879	31.072	15.574	9.0367	6.3584	
1321	30.351	29.859	31.053	15.612	9.0226	6.3347	
1322	30.332	29.838	31.034	15.601	8.9983	6.2378	
1323	30.312	29.817	31.015	15.554	9.0135	6.278	
1324	30.292	29.797	30.995	15.608	9.0519	6.2872	
1325	30.273	29.776	30.976	15.621	8.9865	6.3038	
1326	30.253	29.756	30.957	15.629	8.988	6.2721	
1327	30.234	29.736	30.938	15.6	9.0561	6.2622	
1328	30.214	29.715	30.919	15.561	8.9618	6.3632	
1329	30.195	29.695	30.9	15.563	8.9748	6.2771	
1330	30.175	29.675	30.881	15.621	9.0407	6.2531	
1331	30.156	29.654	30.862	15.566	9.0607	6.3246	
1332	30.137	29.634	30.843	15.561	8.9719	6.418	
1333	30.118	29.614	30.824	15.578	9.0236	6.2824	
1334	30.098	29.594	30.805	15.6	8.9906	6.2743	
1335	30.079	29.574	30.786	15.55	9.0051	6.153	
1336	30.06	29.554	30.767	15.537	9.0374	6.3185	
1337	30.041	29.534	30.749	15.618	8.9803	6.1591	
1338	30.022	29.514	30.73	15.535	9.048	6.2468	
1339	30.003	29.494	30.711	15.561	9.032	6.2708	
1340	29.984	29.474	30.693	15.593	9.0077	6.1586	
1341	29.965	29.454	30.674	15.666	8.8259	6.2786	
1342	29.947	29.434	30.655	15.575	8.9248	6.4947	
1343	29.928	29.415	30.637	15.64	9.0003	6.4568	
1344	29.909	29.395	30.618	15.52	9.0383	6.2736	
1345	29.89	29.375	30.599	15.567	9.1261	6.2256	
1346	29.872	29.355	30.581	15.405	8.8527	6.0078	
1347	29.853	29.336	30.562	15.559	9.1196	5.8337	
1348	29.834	29.316	30.544	15.504	9.1334	6.1728	
1349	29.816	29.297	30.526	15.419	9.278	6.2167	
1350	29.797	29.277	30.507	15.265	9.0644	6.2217	
1351	29.779	29.258	30.489	15.503	8.9301	5.9253	
1352	29.76	29.238	30.47	15.455	8.8241	6.3825	
1353	29.742	29.219	30.452	15.547	8.3823	6.2501	
1354	29.724	29.199	30.434	15.469	9.3073	6.3855	
1355	29.705	29.18	30.416	15.712	8.773	5.6078	
1356	29.687	29.161	30.397	15.648	9.1567	6.0752	
1357	29.669	29.142	30.379	15.444	9.0441	6.2724	
1358	29.651	29.122	30.361	16.248	9.371	6.3795	
1359	29.633	29.103	30.343	16.262	8.6908	6.918	
1426	28.501	27.891	29.187	15.655	9.2987	6.337	
1427	28.486	27.874	29.171	15.544	8.6458	6.0444	
1428	28.47	27.857	29.154	15.394	8.841	5.6434	
1429	28.454	27.84	29.138	15.638	8.6618	5.8162	
1430	28.439	27.823	29.122	15.645	8.8034	5.8313	
1431	28.423	27.806	29.105	15.324	8.9254	6.1083	
1432	28.408	27.789	29.089	15.558	8.5618	5.8907	
1433	28.392	27.772	29.073	15.35	8.5981	5.8503	
1434	28.377	27.756	29.057	15.504	8.9164	6.1849	
1435	28.361	27.739	29.04	15.523	8.856	5.7635	
1436	28.346	27.722	29.024	15.531	8.646	5.9371	
1437	28.33	27.705	29.008	15.437	8.9074	5.8618	
1438	28.315	27.688	28.992	15.329	8.6594	5.9473	
1439	28.299	27.672	28.976	15.448	8.7878	5.9026	
1440	28.284	27.655	28.959	15.332	8.7869	5.8234	
1441	28.269	27.638	28.943	15.418	8.6815	6.0523	
1442	28.253	27.622	28.927	15.471	8.6178	5.804	
1443	28.238	27.605	28.911	15.352	8.745	5.9607	
1444	28.223	27.588	28.895	15.461	8.7728	5.754	
1445	28.208	27.572	28.879	15.33	8.7337	5.8418	
1446	28.193	27.555	28.863	15.463	8.6349	5.8148	
1447	28.178	27.539	28.847	15.435	8.7027	5.7187	
1448	28.163	27.522	28.831	15.418	8.6759	5.8657	
1449	28.147	27.506	28.815	15.369	8.7286	5.8616	
1450	28.132	27.489	28.799	15.389	8.7223	5.7667	
1451	28.117	27.473	28.783	15.439	8.6835	5.8613	
1452	28.102	27.456	28.768	15.461	8.7416	5.9121	
1453	28.088	27.44	28.752	15.432	8.7434	5.9344	
1454	28.073	27.424	28.736	15.347	8.6775	5.7013	
1455	28.058	27.407	28.72	15.416	8.7501	5.778	
1456	28.043	27.391	28.704	15.442	8.7139	5.8162	
1457	28.028	27.375	28.688	15.384	8.5911	5.8161	
1458	28.013	27.359	28.673	15.382	8.7003	5.8269	
1459	27.998	27.342	28.657	15.364	8.5653	5.7475	
1460	27.984	27.326	28.641	15.406	8.6329	5.8577	
1461	27.969	27.31	28.626	15.425	8.6263	5.8131	
1462	27.954	27.294	28.61	15.392	8.6402	5.8205	
1463	27.94	27.278	28.594	15.378	8.6426	5.7707	
1464	27.925	27.262	28.579	15.356	8.6674	5.7556	
1465	27.91	27.246	28.563	15.367	8.7009	5.7782	
1466	27.896	27.23	28.547	15.362	8.5979	5.8152	
1467	27.881	27.214	28.532	15.382	8.6242	5.8072	
1468	27.867	27.198	28.516	15.351	8.6378	5.7845	
1469	27.852	27.182	28.501	15.375	8.6157	5.7777	
1470	27.838	27.166	28.485	15.368	8.6027	5.7829	
1471	27.823	27.15	28.47	15.371	8.6274	5.7814	
1472	27.809	27.134	28.454	15.372	8.6286	5.7604	
1473	27.795	27.118	28.439	15.361	8.64	5.7729	
1474	27.78	27.102	28.423	15.364	8.6233	5.7729	
1475	27.766	27.086	28.408	15.367	8.6216	5.7631	
1476	27.752	27.071	28.393	15.361	8.6167	5.7547	
1477	27.737	27.055	28.377	15.367	8.6407	5.7684	
1478	27.723	27.039	28.362	15.372	8.6251	5.7501	
1479	27.709	27.023	28.347	15.364	8.6199	5.7574	
1480	27.695	27.008	28.331	15.365	8.6238	5.7479	
1481	27.68	26.992	28.316	15.366	8.6113	5.7261	
1482	27.666	26.976	28.301	15.361	8.6283	5.7517	
1483	27.652	26.961	28.285	15.362	8.62	5.7472	
1484	27.638	26.945	28.27	15.378	8.6195	5.7384	
1485	27.624	26.93	28.255	15.355	8.6304	5.737	
1486	27.61	26.914	28.24	15.356	8.5946	5.6973	
1487	27.596	26.898	28.225	15.348	8.6228	5.7008	
1488	27.582	26.883	28.209	15.36	8.6145	5.7232	
1489	27.568	26.867	28.194	15.361	8.6151	5.7038	
1490	27.554	26.852	28.179	15.362	8.5895	5.747	
1491	27.54	26.837	28.164	15.345	8.6053	5.698	
1492	27.526	26.821	28.149	15.351	8.5961	5.7165	
1493	27.512	26.806	28.134	15.341	8.5614	5.7088	
1494	27.499	26.79	28.119	15.341	8.5719	5.697	
1495	27.485	26.775	28.104	15.332	8.5697	5.6877	
1496	27.471	26.76	28.089	15.36	8.6007	5.7053	
1497	27.457	26.744	28.074	15.331	8.5842	5.694	
1498	27.444	26.729	28.059	15.364	8.5808	5.6957	
1499	27.43	26.714	28.044	15.346	8.5729	5.7135	
1500	27.416	26.699	28.029	15.338	8.5688	5.6944	
1501	27.402	26.683	28.014	15.324	8.5615	5.6481	
1502	27.389	26.668	27.999	15.341	8.5663	5.6767	
1503	27.375	26.653	27.984	15.337	8.5858	5.6658	
1504	27.362	26.638	27.969	15.331	8.5525	5.6375	
1505	27.348	26.623	27.955	15.336	8.5556	5.6753	
1506	27.335	26.608	27.94	15.327	8.5511	5.6423	
1507	27.321	26.593	27.925	15.311	8.5398	5.6658	
1508	27.308	26.578	27.91	15.308	8.5416	5.6703	
1509	27.294	26.562	27.895	15.345	8.5427	5.6533	
1510	27.281	26.547	27.881	15.333	8.5601	5.6374	
1511	27.267	26.532	27.866	15.339	8.555	5.6471	
1512	27.254	26.517	27.851	15.33	8.5822	5.6517	
1513	27.24	26.503	27.837	15.364	8.5032	5.6648	
1514	27.227	26.488	27.822	15.322	8.5396	5.6835	
1515	27.214	26.473	27.807	15.295	8.5603	5.6483	
1516	27.201	26.458	27.793	15.318	8.5056	5.6522	
1517	27.187	26.443	27.778	15.315	8.5658	5.6102	
1518	27.174	26.428	27.763	15.295	8.5482	5.6359	
1519	27.161	26.413	27.749	15.297	8.5464	5.6432	
1520	27.148	26.399	27.734	15.291	8.534	5.6375	
1521	27.134	26.384	27.72	15.314	8.4871	5.5673	
1522	27.121	26.369	27.705	15.294	8.5187	5.5965	
1523	27.108	26.354	27.69	15.298	8.5355	5.6022	
1524	27.095	26.34	27.676	15.33	8.5488	5.6586	
1525	27.082	26.325	27.661	15.314	8.5414	5.6269	
1526	27.069	26.31	27.647	15.292	8.5151	5.6013	
1527	27.056	26.295	27.633	15.3	8.528	5.6024	
1528	27.043	26.281	27.618	15.288	8.5465	5.6141	
1529	27.03	26.266	27.604	15.293	8.4942	5.5902	
1530	27.017	26.252	27.589	15.303	8.5058	5.6026	
1531	27.004	26.237	27.575	15.28	8.4914	5.604	
1532	26.991	26.223	27.561	15.308	8.4916	5.603	
1533	26.978	26.208	27.546	15.284	8.4702	5.5967	
1534	26.965	26.193	27.532	15.305	8.4793	5.6376	
1535	26.952	26.179	27.518	15.298	8.4926	5.5712	
1536	26.94	26.165	27.503	15.276	8.4891	5.5791	
1537	26.927	26.15	27.489	15.283	8.4941	5.5846	
1538	26.914	26.136	27.475	15.277	8.5252	5.5789	
1539	26.901	26.121	27.46	15.294	8.4816	5.577	
1540	26.888	26.107	27.446	15.287	8.4628	5.578	
1541	26.876	26.093	27.432	15.275	8.4525	5.5494	
1542	26.863	26.078	27.418	15.281	8.4651	5.5754	
1543	26.85	26.064	27.404	15.279	8.4722	5.544	
1544	26.838	26.05	27.389	15.282	8.4897	5.5788	
1545	26.825	26.035	27.375	15.263	8.493	5.5536	
1546	26.812	26.021	27.361	15.278	8.4662	5.5539	
1547	26.8	26.007	27.347	15.274	8.4734	5.5453	
1548	26.787	25.992	27.333	15.277	8.4642	5.5399	
1549	26.775	25.978	27.319	15.277	8.4838	5.5347	
1550	26.762	25.964	27.305	15.282	8.4621	5.5433	
1551	26.75	25.95	27.291	15.26	8.4848	5.5405	
1552	26.737	25.936	27.277	15.272	8.4641	5.5476	
1553	26.725	25.922	27.263	15.253	8.4528	5.5522	
1554	26.712	25.908	27.249	15.262	8.4672	5.5335	
1555	26.7	25.893	27.235	15.281	8.442	5.52	
1556	26.688	25.879	27.221	15.259	8.4567	5.5561	
1557	26.675	25.865	27.207	15.253	8.4481	5.5181	
1558	26.663	25.851	27.193	15.256	8.4504	5.5207	
1559	26.65	25.837	27.179	15.276	8.4324	5.4932	
1560	26.638	25.823	27.165	15.271	8.4614	5.517	
1561	26.626	25.809	27.151	15.28	8.463	5.5073	
1562	26.614	25.795	27.137	15.286	8.4263	5.5184	
1563	26.601	25.781	27.123	15.246	8.4494	5.5213	
1564	26.589	25.767	27.109	15.253	8.4738	5.4959	
1565	26.577	25.754	27.096	15.26	8.475	5.4892	
1566	26.565	25.74	27.082	15.25	8.4211	5.471	
1567	26.553	25.726	27.068	15.272	8.4036	5.5013	
1568	26.54	25.712	27.054	15.254	8.4459	5.5132	
1569	26.528	25.698	27.04	15.273	8.4673	5.5183	
1570	26.516	25.684	27.027	15.258	8.4541	5.5109	
1571	26.504	25.671	27.013	15.251	8.43	5.5032	
1572	26.492	25.657	26.999	15.247	8.4216	5.516	
1573	26.48	25.643	26.985	15.253	8.4038	5.4898	
1574	26.468	25.629	26.972	15.271	8.4254	5.4739	
1575	26.456	25.616	26.958	15.231	8.4078	5.4942	
1576	26.444	25.602	26.944	15.249	8.3978	5.4296	
1577	26.432	25.588	26.931	15.217	8.3749	5.4756	
1578	26.42	25.575	26.917	15.237	8.4288	5.4607	
1579	26.408	25.561	26.904	15.228	8.4205	5.4795	
1580	26.396	25.547	26.89	15.239	8.3869	5.4487	
1581	26.384	25.534	26.876	15.234	8.4189	5.4105	
1582	26.372	25.52	26.863	15.257	8.4008	5.48	
1583	26.361	25.507	26.849	15.226	8.4345	5.4544	
1584	26.349	25.493	26.836	15.259	8.3606	5.4227	
1585	26.337	25.479	26.822	15.244	8.4289	5.4566	
1586	26.325	25.466	26.809	15.233	8.3734	5.502	
1587	26.313	25.452	26.795	15.238	8.4237	5.4611	
1588	26.302	25.439	26.782	15.245	8.3774	5.3926	
1589	26.29	25.425	26.768	15.215	8.3875	5.4566	
1590	26.278	25.412	26.755	15.228	8.3519	5.4219	
1591	26.267	25.399	26.741	15.219	8.3652	5.442	
1592	26.255	25.385	26.728	15.22	8.4063	5.4059	
1593	26.243	25.372	26.715	15.242	8.3902	5.4055	
1594	26.232	25.358	26.701	15.227	8.3533	5.4718	
1595	26.22	25.345	26.688	15.251	8.3693	5.388	
1596	26.208	25.332	26.674	15.218	8.396	5.4089	
1597	26.197	25.318	26.661	15.224	8.3787	5.4234	
1598	26.185	25.305	26.648	15.233	8.3674	5.3693	
1599	26.174	25.292	26.634	15.229	8.3583	5.4027	
1600	26.162	25.279	26.621	15.215	8.372	5.3582	
1601	26.151	25.265	26.608	15.245	8.3609	5.4297	
1602	26.139	25.252	26.595	15.238	8.3485	5.3855	
1603	26.128	25.239	26.581	15.243	8.3307	5.3756	
1604	26.116	25.226	26.568	15.231	8.3665	5.3766	
1605	26.105	25.212	26.555	15.219	8.355	5.4195	
1606	26.094	25.199	26.542	15.218	8.3515	5.381	
1607	26.082	25.186	26.528	15.236	8.3546	5.3807	
1608	26.071	25.173	26.515	15.198	8.3743	5.3834	
1609	26.059	25.16	26.502	15.209	8.3542	5.3865	
1610	26.048	25.147	26.489	15.217	8.3669	5.3679	
1611	26.037	25.134	26.476	15.223	8.3448	5.3933	
1612	26.025	25.121	26.463	15.243	8.3307	5.3638	
1613	26.014	25.108	26.449	15.178	8.3644	5.3728	
1614	26.003	25.095	26.436	15.202	8.361	5.4227	
1615	25.992	25.082	26.423	15.227	8.3397	5.3958	
1616	25.98	25.069	26.41	15.22	8.3127	5.3666	
1617	25.969	25.056	26.397	15.246	8.3553	5.3936	
1618	25.958	25.043	26.384	15.226	8.3236	5.3726	
1619	25.947	25.03	26.371	15.199	8.3466	5.3731	
1620	25.936	25.017	26.358	15.181	8.3603	5.3781	
1621	25.925	25.004	26.345	15.208	8.3253	5.3494	
1622	25.914	24.991	26.332	15.178	8.3112	5.3902	
1623	25.902	24.978	26.319	15.171	8.3181	5.3343	
1624	25.891	24.965	26.306	15.213	8.3478	5.3601	
1625	25.88	24.952	26.293	15.221	8.3268	5.3138	
1626	25.869	24.94	26.28	15.189	8.3195	5.3457	
1627	25.858	24.927	26.267	15.194	8.2845	5.3273	
1628	25.847	24.914	26.254	15.187	8.3499	5.3401	
1629	25.836	24.901	26.241	15.19	8.342	5.3735	
1630	25.825	24.888	26.229	15.179	8.3391	5.3371	
1631	25.814	24.876	26.216	15.173	8.3154	5.3855	
1632	25.803	24.863	26.203	15.186	8.35	5.3166	
1633	25.792	24.85	26.19	15.203	8.3497	5.3381	
1634	25.781	24.837	26.177	15.171	8.297	5.3258	
1635	25.771	24.825	26.164	15.194	8.3312	5.3287	
1636	25.76	24.812	26.151	15.188	8.3212	5.3036	
1637	25.749	24.799	26.139	15.199	8.3059	5.3668	
1638	25.738	24.787	26.126	15.222	8.2801	5.3259	
1639	25.727	24.774	26.113	15.182	8.3194	5.2974	
1640	25.716	24.762	26.1	15.173	8.2818	5.3281	
1641	25.706	24.749	26.088	15.175	8.354	5.2891	
1642	25.695	24.736	26.075	15.205	8.2703	5.335	
1643	25.684	24.724	26.062	15.19	8.3112	5.2849	
1644	25.673	24.711	26.05	15.187	8.2906	5.3078	
1645	25.663	24.699	26.037	15.188	8.2927	5.329	
1646	25.652	24.686	26.024	15.208	8.31	5.2496	
1647	25.641	24.674	26.012	15.15	8.3281	5.3322	
1648	25.631	24.661	25.999	15.196	8.214	5.2562	
1649	25.62	24.649	25.986	15.203	8.3041	5.32	
1650	25.609	24.636	25.974	15.183	8.3097	5.3172	
1651	25.599	24.624	25.961	15.183	8.2823	5.2789	
1652	25.588	24.612	25.948	15.167	8.2903	5.2806	
1653	25.577	24.599	25.936	15.222	8.273	5.3132	
1654	25.567	24.587	25.923	15.187	8.2721	5.3	
1655	25.556	24.574	25.911	15.181	8.3124	5.2674	
1656	25.546	24.562	25.898	15.178	8.2858	5.2886	
1657	25.535	24.55	25.886	15.182	8.2736	5.2715	
1658	25.525	24.537	25.873	15.168	8.2909	5.2684	
1659	25.514	24.525	25.861	15.198	8.2389	5.2994	
1660	25.504	24.513	25.848	15.134	8.2013	5.3163	
1661	25.493	24.5	25.836	15.18	8.22	5.277	
1662	25.483	24.488	25.823	15.141	8.2754	5.2561	
1663	25.473	24.476	25.811	15.16	8.3068	5.3083	
1664	25.462	24.464	25.798	15.139	8.2076	5.1903	
1665	25.452	24.451	25.786	15.134	8.2768	5.2901	
1666	25.441	24.439	25.774	15.203	8.2376	5.2267	
1667	25.431	24.427	25.761	15.116	8.178	5.2636	
1668	25.421	24.415	25.749	15.094	8.2587	5.2816	
1669	25.41	24.403	25.736	15.177	8.2221	5.1642	
1670	25.4	24.391	25.724	15.177	8.3188	5.28	
1671	25.39	24.378	25.712	15.144	8.2985	5.1962	
1672	25.379	24.366	25.699	15.205	8.2434	5.1552	
1673	25.369	24.354	25.687	15.194	8.2671	5.2595	
1674	25.359	24.342	25.675	15.196	8.273	5.2443	
1675	25.349	24.33	25.662	15.123	8.1082	5.2754	
1676	25.338	24.318	25.65	15.177	8.2951	5.2414	
1677	25.328	24.306	25.638	15.141	8.2686	5.3115	
1678	25.318	24.294	25.626	15.131	8.1656	5.2901	
1679	25.308	24.282	25.613	15.153	8.2106	5.2576	
1680	25.298	24.27	25.601	15.136	8.2649	5.3272	
1681	25.288	24.258	25.589	15.15	8.3289	5.2473	
1682	25.278	24.246	25.577	15.105	8.2398	5.2015	
1683	25.267	24.234	25.564	15.132	8.2922	5.1972	
1684	25.257	24.222	25.552	15.112	8.2552	5.3479	
1685	25.247	24.21	25.54	15.14	8.0623	5.0309	
1686	25.237	24.198	25.528	15.254	8.287	5.2897	
1687	25.227	24.186	25.516	15.066	8.3556	5.4453	
1688	25.217	24.174	25.504	15.075	8.27	5.2045	
1689	25.207	24.162	25.492	15.151	8.2085	5.0922	
1690	25.197	24.151	25.479	15.044	8.425	5.2279	
1691	25.187	24.139	25.467	15.226	8.1621	5.1941	
1692	25.177	24.127	25.455	15.228	8.4692	5.2754	
1693	25.167	24.115	25.443	14.99	8.3545	5.5722	
1694	25.157	24.103	25.431	14.9	8.082	5.2263	
1695	25.147	24.092	25.419	15.192	8.4939	5.4261	
1696	25.137	24.08	25.407	15.082	8.2301	5.4347	
1697	25.127	24.068	25.395	15.142	8.3357	5.437	
1698	25.118	24.056	25.383	14.719	8.2576	4.9981	
1699	25.108	24.044	25.371	14.916	8.6842	5.3629	
1700	25.098	24.033	25.359	14.932	8.1696	5.1826	
