	65	70	75	65	70	75	
300	37.039	36.7	37.133	37.511	37.209	37.514	
301	36.874	36.522	36.959	37.295	36.907	37.453	
302	36.719	36.355	36.796	37.087	36.772	37.279	
303	36.572	36.196	36.64	37.019	36.553	37.024	
304	36.433	36.046	36.493	36.99	36.489	37.052	
305	36.302	35.904	36.353	36.884	36.423	36.867	
306	36.178	35.769	36.219	36.614	36.185	36.77	
307	36.06	35.64	36.091	36.511	36.277	36.641	
308	35.948	35.517	35.968	36.334	36.128	36.541	
309	35.841	35.399	35.85	36.365	35.959	36.377	
310	35.739	35.286	35.736	36.171	35.873	36.379	
311	35.641	35.177	35.627	36.159	35.715	36.319	
312	35.548	35.072	35.52	36.209	35.719	36.207	
313	35.458	34.971	35.417	35.89	35.526	36.139	
314	35.371	34.873	35.316	35.955	35.547	35.953	
315	35.288	34.779	35.218	35.892	35.364	35.909	
316	35.208	34.687	35.123	35.798	35.418	35.815	
317	35.13	34.597	35.029	35.661	35.298	35.754	
318	35.055	34.51	34.938	35.561	35.153	35.59	
319	34.982	34.426	34.848	35.518	35.053	35.611	
320	34.912	34.343	34.761	35.535	35.035	35.459	
321	34.843	34.263	34.674	35.427	34.977	35.375	
322	34.777	34.184	34.589	35.393	34.901	35.332	
323	34.712	34.107	34.506	35.355	34.78	35.278	
324	34.65	34.032	34.424	35.23	34.786	35.152	
325	34.589	33.959	34.344	35.241	34.578	35.091	
326	34.53	33.887	34.265	35.155	34.568	35.032	
327	34.473	33.817	34.187	35.062	34.546	34.927	
328	34.418	33.749	34.111	35.028	34.498	34.847	
329	34.364	33.682	34.036	34.999	34.432	34.774	
330	34.313	33.618	33.962	35.011	34.459	34.767	
331	34.263	33.555	33.89	34.888	34.365	34.712	
332	34.215	33.493	33.819	34.842	34.23	34.555	
333	34.168	33.434	33.75	34.885	34.182	34.577	
334	34.124	33.376	33.683	34.798	34.161	34.525	
335	34.082	33.321	33.617	34.731	34.097	34.447	
336	34.041	33.267	33.552	34.609	34.041	34.358	
337	34.003	33.216	33.49	34.687	34.006	34.353	
338	33.968	33.166	33.429	34.632	33.962	34.303	
339	33.934	33.119	33.37	34.529	33.832	34.23	
340	33.903	33.075	33.313	34.579	33.724	34.179	
341	33.874	33.033	33.258	34.486	33.766	34.165	
342	33.848	32.993	33.206	34.466	33.725	34.1	
343	33.825	32.956	33.155	34.549	33.733	34.023	
344	33.804	32.921	33.107	34.521	33.702	33.95	
345	33.786	32.89	33.061	34.424	33.661	33.933	
346	33.772	32.861	33.017	34.455	33.622	33.892	
347	33.76	32.836	32.976	34.458	33.593	33.865	
348	33.753	32.814	32.938	34.377	33.616	33.812	
349	33.749	32.796	32.903	34.389	33.625	33.81	
350	33.749	32.782	32.872	34.388	33.625	33.767	
351	33.754	32.773	32.844	34.35	33.524	33.743	
352	33.763	32.768	32.82	34.396	33.574	33.8	
353	33.778	32.768	32.799	34.351	33.52	33.614	
354	33.799	32.774	32.783	34.458	33.583	33.722	
355	33.825	32.784	32.769	34.599	33.444	33.575	
356	33.856	32.798	32.758	34.579	33.535	33.58	
357	33.891	32.816	32.748	34.514	33.694	33.653	
358	33.929	32.834	32.735	34.45	33.599	33.561	
359	33.966	32.85	32.718	34.557	33.626	33.604	
360	33.999	32.859	32.691	34.568	33.602	33.533	
361	34.025	32.859	32.651	34.519	33.534	33.614	
362	34.04	32.844	32.594	34.468	33.471	33.318	
363	34.04	32.811	32.515	34.502	33.373	33.27	
364	34.021	32.756	32.412	34.485	33.406	33.141	
365	33.982	32.677	32.282	34.48	33.239	33.257	
366	33.922	32.573	32.126	34.43	33.18	32.916	
367	33.839	32.444	31.943	34.217	33.026	32.627	
368	33.735	32.292	31.735	34.2	33.006	32.484	
369	33.609	32.115	31.503	34.034	32.568	32.257	
370	33.464	31.918	31.251	33.841	32.395	31.955	
371	33.303	31.705	30.984	33.737	32.227	31.762	
372	33.131	31.479	30.705	33.555	32.089	31.437	
373	32.949	31.244	30.418	33.39	31.779	31.262	
374	32.761	31.002	30.127	33.076	31.523	30.992	
375	32.567	30.756	29.833	32.972	31.289	30.557	
376	32.37	30.508	29.539	32.744	31.026	30.281	
377	32.172	30.26	29.247	32.512	30.758	29.935	
378	31.973	30.012	28.959	32.361	30.452	29.755	
379	31.777	29.769	28.677	32.152	30.302	29.525	
380	31.582	29.528	28.4	31.847	30.094	29.22	
381	31.389	29.291	28.129	31.78	29.805	28.874	
382	31.199	29.059	27.864	31.618	29.702	28.718	
383	31.012	28.83	27.604	31.407	29.37	28.494	
384	30.828	28.606	27.352	31.178	29.194	28.195	
385	30.648	28.387	27.107	31.074	29.021	28.069	
386	30.473	28.175	26.87	30.864	28.789	27.848	
387	30.301	27.968	26.64	30.652	28.633	27.637	
388	30.133	27.766	26.417	30.583	28.41	27.476	
389	29.969	27.569	26.2	30.461	28.307	27.256	
390	29.81	27.377	25.99	30.26	28.108	27.05	
391	29.655	27.193	25.789	30.191	27.915	26.895	
392	29.506	27.015	25.595	29.981	27.735	26.665	
393	29.36	26.841	25.407	29.878	27.587	26.582	
394	29.219	26.673	25.226	29.682	27.397	26.4	
395	29.081	26.509	25.049	29.63	27.355	26.298	
396	28.949	26.352	24.881	29.422	27.142	26.077	
397	28.821	26.2	24.718	29.335	27.036	25.925	
398	28.696	26.052	24.56	29.275	26.882	25.776	
399	28.575	25.908	24.406	29.093	26.69	25.637	
400	28.457	25.768	24.256	29.072	26.6	25.423	
401	28.344	25.634	24.112	28.922	26.451	25.337	
402	28.234	25.502	23.972	28.768	26.379	25.181	
403	28.126	25.374	23.835	28.682	26.196	25.041	
404	28.021	25.248	23.7	28.573	26.143	24.894	
405	27.918	25.126	23.569	28.511	25.929	24.83	
406	27.818	25.007	23.441	28.418	25.831	24.647	
407	27.72	24.889	23.315	28.306	25.691	24.585	
408	27.624	24.773	23.191	28.204	25.67	24.441	
409	27.53	24.661	23.07	28.091	25.533	24.21	
410	27.437	24.55	22.95	28.031	25.423	24.179	
411	27.346	24.44	22.832	27.868	25.362	24.088	
412	27.257	24.332	22.716	27.819	25.199	23.977	
413	27.169	24.226	22.602	27.751	25.068	23.815	
414	27.082	24.122	22.489	27.647	25.046	23.779	
415	26.996	24.018	22.377	27.567	24.906	23.666	
416	26.912	23.916	22.267	27.436	24.81	23.564	
417	26.829	23.816	22.159	27.395	24.667	23.442	
418	26.747	23.716	22.051	27.242	24.576	23.314	
419	26.666	23.618	21.945	27.24	24.539	23.278	
420	26.586	23.521	21.84	27.177	24.391	23.051	
421	26.507	23.425	21.737	26.993	24.277	23.05	
422	26.429	23.33	21.634	27.016	24.164	22.99	
423	26.351	23.236	21.533	26.934	24.088	22.879	
424	26.275	23.144	21.433	26.867	24.049	22.714	
425	26.2	23.052	21.334	26.755	23.89	22.644	
426	26.125	22.961	21.236	26.651	23.86	22.58	
427	26.052	22.872	21.139	26.553	23.755	22.538	
428	25.979	22.783	21.043	26.479	23.663	22.372	
429	25.907	22.695	20.948	26.519	23.569	22.282	
430	25.836	22.608	20.855	26.369	23.426	22.284	
431	25.765	22.522	20.762	26.264	23.503	22.162	
432	25.695	22.437	20.671	26.276	23.311	21.984	
433	25.626	22.353	20.58	26.141	23.339	21.941	
434	25.558	22.27	20.491	26.086	23.175	21.795	
435	25.49	22.187	20.402	26.006	23.033	21.804	
436	25.424	22.106	20.314	25.973	22.899	21.543	
437	25.357	22.025	20.227	25.893	22.922	21.617	
438	25.292	21.945	20.141	25.872	22.893	21.469	
439	25.227	21.866	20.057	25.71	22.818	21.435	
440	25.163	21.787	19.972	25.695	22.639	21.343	
441	25.1	21.71	19.889	25.63	22.648	21.261	
442	25.037	21.633	19.807	25.588	22.648	21.104	
443	24.975	21.557	19.726	25.507	22.442	21.184	
444	24.913	21.482	19.645	25.556	22.424	20.985	
445	24.852	21.407	19.566	25.392	22.277	20.91	
446	24.792	21.333	19.486	25.234	22.293	20.863	
447	24.732	21.261	19.409	25.292	22.112	20.749	
448	24.673	21.188	19.331	25.195	22.141	20.723	
449	24.615	21.116	19.255	25.183	22.026	20.627	
450	24.557	21.046	19.179	25.118	21.916	20.654	
451	24.499	20.975	19.104	25.118	21.857	20.554	
452	24.443	20.906	19.03	25.026	21.784	20.444	
453	24.387	20.837	18.957	24.922	21.755	20.443	
454	24.331	20.769	18.884	24.835	21.684	20.273	
455	24.276	20.701	18.813	24.769	21.671	20.279	
456	24.221	20.634	18.742	24.72	21.58	20.095	
457	24.167	20.568	18.671	24.709	21.546	20.092	
458	24.114	20.502	18.602	24.66	21.441	20.062	
459	24.061	20.437	18.533	24.663	21.481	19.975	
460	24.009	20.373	18.465	24.545	21.331	19.906	
461	23.956	20.309	18.397	24.62	21.233	19.818	
462	23.905	20.246	18.33	24.431	21.183	19.772	
463	23.854	20.184	18.264	24.46	21.21	19.722	
464	23.804	20.122	18.198	24.327	21.031	19.609	
465	23.754	20.06	18.134	24.36	21.017	19.608	
466	23.705	19.999	18.069	24.267	20.954	19.454	
467	23.656	19.939	18.006	24.206	20.854	19.484	
468	23.607	19.879	17.942	24.17	20.799	19.396	
469	23.559	19.821	17.88	24.092	20.77	19.34	
470	23.512	19.762	17.818	24.061	20.699	19.193	
471	23.465	19.704	17.757	24.012	20.652	19.217	
472	23.418	19.646	17.697	23.934	20.679	19.142	
473	23.372	19.589	17.636	23.947	20.517	19.035	
474	23.326	19.533	17.577	23.908	20.509	19.076	
475	23.281	19.477	17.518	23.846	20.472	18.955	
476	23.236	19.422	17.46	23.824	20.439	18.928	
477	23.192	19.367	17.402	23.74	20.279	18.806	
478	23.148	19.312	17.345	23.684	20.28	18.775	
479	23.104	19.258	17.288	23.667	20.197	18.72	
480	23.061	19.205	17.231	23.599	20.142	18.638	
481	23.018	19.152	17.176	23.572	20.093	18.615	
482	22.976	19.099	17.12	23.495	20.1	18.561	
483	22.934	19.047	17.066	23.543	20.037	18.524	
484	22.892	18.996	17.011	23.447	19.952	18.437	
485	22.851	18.945	16.958	23.405	19.904	18.479	
486	22.81	18.894	16.904	23.388	19.787	18.36	
487	22.77	18.844	16.851	23.308	19.783	18.254	
488	22.729	18.794	16.799	23.318	19.714	18.213	
489	22.69	18.744	16.747	23.228	19.691	18.178	
490	22.65	18.695	16.695	23.239	19.606	18.185	
491	22.611	18.647	16.644	23.162	19.598	18.078	
492	22.572	18.598	16.593	23.125	19.513	18.036	
493	22.534	18.551	16.543	23.098	19.505	17.975	
494	22.496	18.503	16.493	23.049	19.475	17.976	
495	22.458	18.456	16.444	23.039	19.452	17.877	
496	22.421	18.41	16.395	22.991	19.38	17.876	
497	22.384	18.363	16.346	22.952	19.303	17.874	
498	22.347	18.317	16.298	22.922	19.281	17.787	
499	22.311	18.272	16.25	22.888	19.204	17.73	
500	22.275	18.227	16.203	22.873	19.164	17.653	
501	22.239	18.182	16.156	22.799	19.155	17.607	
502	22.204	18.138	16.109	22.748	19.072	17.553	
503	22.169	18.094	16.062	22.745	19.08	17.515	
504	22.134	18.05	16.016	22.67	18.989	17.461	
505	22.099	18.007	15.971	22.66	18.966	17.426	
506	22.065	17.963	15.925	22.59	18.9	17.357	
507	22.031	17.921	15.88	22.573	18.858	17.36	
508	21.997	17.878	15.835	22.544	18.831	17.264	
509	21.964	17.836	15.791	22.54	18.784	17.234	
510	21.931	17.794	15.747	22.464	18.744	17.185	
511	21.898	17.753	15.703	22.441	18.672	17.172	
512	21.865	17.712	15.66	22.411	18.653	17.095	
513	21.833	17.671	15.617	22.38	18.604	17.039	
514	21.801	17.63	15.574	22.329	18.581	17.008	
515	21.769	17.59	15.531	22.323	18.521	16.956	
516	21.737	17.55	15.489	22.272	18.488	16.925	
517	21.706	17.51	15.447	22.233	18.453	16.889	
518	21.675	17.471	15.405	22.213	18.429	16.8	
519	21.644	17.432	15.364	22.156	18.383	16.8	
520	21.613	17.393	15.323	22.155	18.329	16.783	
521	21.583	17.354	15.282	22.107	18.281	16.705	
522	21.553	17.316	15.241	22.082	18.236	16.682	
523	21.523	17.278	15.201	22.044	18.197	16.633	
524	21.493	17.24	15.161	22.008	18.175	16.576	
525	21.463	17.202	15.121	21.973	18.11	16.541	
526	21.434	17.165	15.082	21.948	18.101	16.479	
527	21.405	17.128	15.042	21.919	18.041	16.467	
528	21.376	17.091	15.003	21.871	18.015	16.444	
529	21.348	17.054	14.964	21.848	17.935	16.346	
530	21.319	17.018	14.926	21.807	17.963	16.332	
531	21.291	16.982	14.887	21.787	17.894	16.282	
532	21.263	16.946	14.849	21.792	17.872	16.249	
533	21.235	16.91	14.811	21.715	17.836	16.21	
534	21.207	16.875	14.774	21.688	17.765	16.173	
535	21.18	16.84	14.736	21.675	17.736	16.118	
536	21.153	16.805	14.699	21.642	17.728	16.071	
537	21.125	16.77	14.662	21.635	17.67	16.051	
538	21.099	16.735	14.625	21.595	17.649	16.008	
539	21.072	16.701	14.589	21.569	17.626	15.99	
540	21.045	16.667	14.553	21.55	17.587	15.938	
541	21.019	16.633	14.516	21.51	17.537	15.923	
542	20.993	16.599	14.481	21.482	17.509	15.858	
543	20.967	16.566	14.445	21.476	17.461	15.814	
544	20.941	16.532	14.409	21.431	17.422	15.773	
545	20.916	16.499	14.374	21.41	17.437	15.761	
546	20.89	16.466	14.339	21.352	17.352	15.71	
547	20.865	16.434	14.304	21.367	17.317	15.707	
548	20.84	16.401	14.269	21.329	17.285	15.648	
549	20.815	16.369	14.235	21.326	17.238	15.622	
550	20.79	16.337	14.201	21.261	17.228	15.591	
551	20.765	16.305	14.166	21.239	17.193	15.54	
552	20.741	16.273	14.132	21.241	17.157	15.508	
553	20.717	16.241	14.099	21.207	17.129	15.477	
554	20.692	16.21	14.065	21.168	17.077	15.44	
555	20.668	16.179	14.032	21.16	17.056	15.395	
556	20.644	16.148	13.999	21.131	17.016	15.362	
557	20.621	16.117	13.966	21.103	16.947	15.317	
558	20.597	16.086	13.933	21.084	16.962	15.3	
559	20.574	16.056	13.9	21.046	16.928	15.278	
560	20.551	16.026	13.868	21.019	16.886	15.228	
561	20.527	15.995	13.835	21.007	16.84	15.186	
562	20.505	15.965	13.803	21	16.812	15.184	
563	20.482	15.936	13.771	20.961	16.801	15.133	
564	20.459	15.906	13.739	20.944	16.75	15.126	
565	20.437	15.876	13.708	20.9	16.721	15.064	
566	20.414	15.847	13.676	20.879	16.684	15.074	
567	20.392	15.818	13.645	20.845	16.66	15.01	
568	20.37	15.789	13.614	20.818	16.626	14.969	
569	20.348	15.76	13.583	20.805	16.591	14.939	
570	20.326	15.731	13.552	20.791	16.566	14.891	
571	20.304	15.703	13.521	20.756	16.54	14.877	
572	20.283	15.674	13.491	20.734	16.528	14.866	
573	20.261	15.646	13.461	20.719	16.489	14.815	
574	20.24	15.618	13.43	20.685	16.473	14.755	
575	20.219	15.59	13.4	20.662	16.434	14.74	
576	20.198	15.562	13.37	20.631	16.404	14.719	
577	20.177	15.535	13.341	20.644	16.385	14.694	
578	20.156	15.507	13.311	20.618	16.331	14.681	
579	20.135	15.48	13.282	20.576	16.316	14.62	
580	20.115	15.453	13.252	20.577	16.277	14.621	
581	20.094	15.426	13.223	20.535	16.251	14.584	
582	20.074	15.399	13.194	20.524	16.22	14.522	
583	20.054	15.372	13.165	20.504	16.18	14.507	
584	20.033	15.345	13.137	20.492	16.17	14.517	
585	20.013	15.319	13.108	20.442	16.155	14.449	
586	19.994	15.293	13.08	20.431	16.123	14.417	
587	19.974	15.266	13.052	20.436	16.098	14.362	
588	19.954	15.24	13.023	20.408	16.07	14.357	
589	19.935	15.214	12.995	20.364	16.041	14.332	
590	19.915	15.188	12.967	20.345	16.005	14.287	
591	19.896	15.163	12.94	20.333	15.99	14.25	
592	19.877	15.137	12.912	20.31	15.918	14.221	
593	19.858	15.112	12.885	20.296	15.969	14.198	
594	19.839	15.087	12.857	20.283	15.892	14.209	
595	19.82	15.061	12.83	20.24	15.88	14.155	
596	19.801	15.036	12.803	20.22	15.879	14.124	
597	19.782	15.011	12.776	20.21	15.839	14.089	
598	19.764	14.987	12.749	20.202	15.8	14.07	
599	19.745	14.962	12.723	20.184	15.748	14.033	
600	19.727	14.937	12.696	20.146	15.774	14.024	
601	19.709	14.913	12.67	20.111	15.734	13.982	
602	19.69	14.889	12.643	20.089	15.676	13.946	
603	19.672	14.864	12.617	20.073	15.681	13.918	
604	19.654	14.84	12.591	20.062	15.645	13.915	
605	19.636	14.816	12.565	20.041	15.608	13.859	
606	19.619	14.793	12.539	20.03	15.616	13.815	
607	19.601	14.769	12.514	19.998	15.592	13.779	
608	19.583	14.745	12.488	20.014	15.535	13.804	
609	19.566	14.722	12.463	19.982	15.547	13.748	
610	19.549	14.698	12.437	19.959	15.505	13.733	
611	19.531	14.675	12.412	19.939	15.468	13.708	
612	19.514	14.652	12.387	19.937	15.48	13.705	
613	19.497	14.629	12.362	19.905	15.44	13.625	
614	19.48	14.606	12.337	19.873	15.416	13.633	
615	19.463	14.583	12.312	19.872	15.373	13.599	
616	19.446	14.56	12.288	19.848	15.366	13.567	
617	19.429	14.538	12.263	19.833	15.339	13.548	
618	19.413	14.515	12.239	19.81	15.324	13.544	
619	19.396	14.493	12.214	19.793	15.289	13.484	
620	19.38	14.471	12.19	19.769	15.26	13.464	
621	19.363	14.448	12.166	19.744	15.245	13.463	
622	19.347	14.426	12.142	19.758	15.223	13.435	
623	19.331	14.404	12.118	19.727	15.19	13.375	
624	19.315	14.382	12.094	19.705	15.17	13.372	
625	19.299	14.361	12.071	19.678	15.168	13.392	
626	19.283	14.339	12.047	19.681	15.12	13.311	
627	19.267	14.317	12.023	19.667	15.098	13.304	
628	19.251	14.296	12	19.638	15.06	13.283	
629	19.235	14.275	11.977	19.635	15.075	13.294	
630	19.219	14.253	11.954	19.57	15.013	13.233	
631	19.204	14.232	11.931	19.565	15.066	13.236	
632	19.188	14.211	11.908	19.575	15.011	13.141	
633	19.173	14.19	11.885	19.564	14.965	13.12	
634	19.158	14.169	11.862	19.51	14.954	13.069	
635	19.142	14.148	11.839	19.493	14.942	13.106	
636	19.127	14.128	11.817	19.49	14.951	13.106	
637	19.112	14.107	11.794	19.498	14.872	13.056	
638	19.097	14.087	11.772	19.454	14.846	13.046	
639	19.082	14.066	11.75	19.459	14.818	13.027	
640	19.067	14.046	11.727	19.425	14.799	13.018	
641	19.052	14.026	11.705	19.452	14.778	12.939	
642	19.038	14.005	11.683	19.402	14.772	12.986	
643	19.023	13.985	11.661	19.387	14.721	12.945	
644	19.008	13.965	11.64	19.404	14.727	12.899	
645	18.994	13.946	11.618	19.385	14.71	12.869	
646	18.979	13.926	11.596	19.341	14.67	12.857	
647	18.965	13.906	11.575	19.34	14.697	12.832	
648	18.951	13.886	11.553	19.298	14.644	12.833	
649	18.937	13.867	11.532	19.29	14.633	12.793	
650	18.922	13.847	11.511	19.268	14.571	12.757	
651	18.908	13.828	11.49	19.249	14.593	12.771	
652	18.894	13.809	11.468	19.245	14.544	12.718	
653	18.88	13.79	11.447	19.224	14.556	12.69	
654	18.866	13.77	11.427	19.213	14.505	12.636	
655	18.853	13.751	11.406	19.188	14.528	12.643	
656	18.839	13.732	11.385	19.173	14.551	12.655	
657	18.825	13.714	11.364	19.182	14.495	12.58	
658	18.812	13.695	11.344	19.145	14.451	12.585	
659	18.798	13.676	11.323	19.135	14.393	12.576	
660	18.784	13.658	11.303	19.131	14.406	12.557	
661	18.771	13.639	11.283	19.149	14.366	12.521	
662	18.758	13.621	11.262	19.141	14.38	12.487	
663	18.744	13.602	11.242	19.085	14.354	12.478	
664	18.731	13.584	11.222	19.067	14.358	12.46	
665	18.718	13.566	11.202	19.05	14.329	12.422	
666	18.705	13.547	11.182	19.037	14.283	12.4	
667	18.692	13.529	11.162	19.049	14.264	12.403	
668	18.679	13.511	11.143	19.03	14.28	12.379	
669	18.666	13.494	11.123	19.015	14.24	12.357	
670	18.653	13.476	11.104	18.996	14.227	12.341	
671	18.64	13.458	11.084	18.983	14.189	12.272	
672	18.628	13.44	11.065	18.968	14.151	12.307	
673	18.615	13.423	11.045	18.924	14.153	12.286	
674	18.602	13.405	11.026	18.939	14.161	12.278	
675	18.59	13.388	11.007	18.916	14.153	12.296	
676	18.577	13.37	10.988	18.918	14.072	12.203	
677	18.565	13.353	10.969	18.905	14.111	12.199	
678	18.552	13.336	10.95	18.877	14.073	12.219	
679	18.54	13.318	10.931	18.874	14.028	12.143	
680	18.528	13.301	10.912	18.865	14.013	12.153	
681	18.515	13.284	10.893	18.846	13.999	12.088	
682	18.503	13.267	10.875	18.845	14.005	12.109	
683	18.491	13.25	10.856	18.808	13.954	12.072	
684	18.479	13.234	10.837	18.784	13.945	12.093	
685	18.467	13.217	10.819	18.793	13.961	12.052	
686	18.455	13.2	10.801	18.775	13.924	12.002	
687	18.443	13.184	10.782	18.777	13.89	11.991	
688	18.431	13.167	10.764	18.772	13.868	11.962	
689	18.42	13.15	10.746	18.761	13.903	11.957	
690	18.408	13.134	10.728	18.716	13.875	11.965	
691	18.396	13.118	10.71	18.724	13.843	11.91	
692	18.385	13.101	10.692	18.709	13.782	11.94	
693	18.373	13.085	10.674	18.696	13.781	11.891	
694	18.362	13.069	10.656	18.682	13.775	11.898	
695	18.35	13.053	10.638	18.653	13.738	11.859	
696	18.339	13.037	10.621	18.654	13.704	11.854	
697	18.327	13.021	10.603	18.647	13.742	11.818	
698	18.316	13.005	10.586	18.656	13.697	11.76	
699	18.305	12.989	10.568	18.615	13.678	11.745	
700	18.293	12.973	10.551	18.603	13.714	11.763	
701	18.282	12.958	10.533	18.616	13.601	11.754	
702	18.271	12.942	10.516	18.605	13.677	11.742	
703	18.26	12.927	10.499	18.55	13.664	11.695	
704	18.249	12.911	10.482	18.548	13.616	11.689	
705	18.238	12.896	10.465	18.593	13.586	11.663	
706	18.227	12.88	10.448	18.539	13.595	11.627	
707	18.216	12.865	10.431	18.519	13.587	11.625	
708	18.206	12.85	10.414	18.499	13.513	11.634	
709	18.195	12.834	10.397	18.52	13.555	11.58	
710	18.184	12.819	10.38	18.509	13.487	11.628	
711	18.173	12.804	10.364	18.491	13.491	11.511	
712	18.163	12.789	10.347	18.46	13.43	11.505	
713	18.152	12.774	10.33	18.443	13.501	11.532	
714	18.142	12.759	10.314	18.434	13.419	11.487	
715	18.131	12.744	10.297	18.397	13.433	11.469	
716	18.121	12.73	10.281	18.418	13.356	11.374	
717	18.11	12.715	10.265	18.408	13.398	11.468	
718	18.1	12.7	10.248	18.389	13.347	11.371	
719	18.09	12.685	10.232	18.416	13.365	11.461	
720	18.079	12.671	10.216	18.332	13.336	11.414	
721	18.069	12.656	10.2	18.377	13.311	11.389	
722	18.059	12.642	10.184	18.373	13.341	11.365	
723	18.049	12.628	10.168	18.316	13.339	11.362	
724	18.039	12.613	10.152	18.348	13.267	11.357	
725	18.029	12.599	10.136	18.293	13.366	11.278	
726	18.019	12.585	10.12	18.343	13.2	11.279	
727	18.009	12.57	10.105	18.3	13.25	11.255	
728	17.999	12.556	10.089	18.318	13.194	11.255	
729	17.989	12.542	10.073	18.272	13.178	11.254	
730	17.979	12.528	10.058	18.26	13.183	11.173	
731	17.969	12.514	10.042	18.22	13.167	11.208	
732	17.959	12.5	10.027	18.247	13.116	11.197	
733	17.95	12.486	10.011	18.236	13.152	11.165	
734	17.94	12.473	9.9959	18.263	13.117	11.143	
735	17.93	12.459	9.9806	18.212	13.131	11.119	
736	17.921	12.445	9.9654	18.211	13.114	11.12	
737	17.911	12.431	9.9502	18.221	13.084	11.153	
738	17.902	12.418	9.935	18.175	13.091	11.076	
739	17.892	12.404	9.92	18.168	13.067	11.094	
740	17.883	12.391	9.905	18.198	13.06	11.074	
741	17.873	12.377	9.89	18.146	13.012	11.072	
742	17.864	12.364	9.8751	18.159	13.021	11.016	
743	17.855	12.351	9.8602	18.16	13.027	10.987	
744	17.845	12.337	9.8454	18.128	13	11.023	
745	17.836	12.324	9.8306	18.098	13.023	11.013	
746	17.827	12.311	9.8159	18.113	12.97	10.981	
747	17.818	12.298	9.8012	18.112	13.001	10.944	
748	17.809	12.285	9.7866	18.09	12.967	10.93	
749	17.8	12.272	9.7721	18.087	12.928	10.902	
750	17.791	12.259	9.7576	18.026	12.909	10.938	
751	17.782	12.245	9.7431	18.064	12.892	10.873	
752	17.773	12.233	9.7287	18.016	12.923	10.846	
753	17.764	12.22	9.7144	18.042	12.881	10.845	
754	17.755	12.207	9.7001	18.033	12.862	10.87	
755	17.746	12.194	9.6858	17.998	12.896	10.794	
756	17.737	12.181	9.6716	18.017	12.83	10.84	
757	17.728	12.169	9.6575	18.016	12.778	10.837	
758	17.719	12.156	9.6434	17.993	12.814	10.794	
759	17.711	12.144	9.6293	17.991	12.817	10.766	
760	17.702	12.131	9.6153	17.965	12.743	10.723	
761	17.693	12.118	9.6013	17.94	12.757	10.727	
762	17.685	12.106	9.5874	17.968	12.744	10.685	
763	17.676	12.094	9.5735	17.942	12.757	10.67	
764	17.668	12.081	9.5597	17.942	12.75	10.703	
765	17.659	12.069	9.5459	17.928	12.723	10.649	
766	17.651	12.057	9.5322	17.945	12.732	10.659	
767	17.642	12.044	9.5186	17.932	12.689	10.658	
768	17.634	12.032	9.5049	17.898	12.676	10.604	
769	17.625	12.02	9.4913	17.901	12.684	10.63	
770	17.617	12.008	9.4778	17.88	12.632	10.573	
771	17.609	11.996	9.4643	17.839	12.621	10.567	
772	17.6	11.984	9.4509	17.837	12.664	10.567	
773	17.592	11.972	9.4375	17.851	12.613	10.567	
774	17.584	11.96	9.4241	17.831	12.605	10.51	
775	17.576	11.948	9.4108	17.81	12.584	10.517	
776	17.568	11.936	9.3975	17.872	12.563	10.49	
777	17.56	11.925	9.3843	17.813	12.541	10.499	
778	17.551	11.913	9.3711	17.814	12.507	10.516	
779	17.543	11.901	9.358	17.771	12.515	10.473	
780	17.535	11.889	9.3449	17.769	12.529	10.484	
781	17.527	11.878	9.3318	17.816	12.552	10.405	
782	17.519	11.866	9.3188	17.788	12.453	10.414	
783	17.511	11.855	9.3059	17.766	12.44	10.413	
784	17.503	11.843	9.293	17.747	12.468	10.369	
785	17.496	11.832	9.2801	17.727	12.424	10.347	
786	17.488	11.82	9.2672	17.72	12.435	10.349	
787	17.48	11.809	9.2545	17.725	12.412	10.345	
788	17.472	11.797	9.2417	17.722	12.394	10.324	
789	17.464	11.786	9.229	17.703	12.376	10.317	
790	17.457	11.775	9.2163	17.705	12.403	10.277	
791	17.449	11.764	9.2037	17.675	12.368	10.278	
792	17.441	11.752	9.1911	17.689	12.361	10.267	
793	17.434	11.741	9.1786	17.679	12.381	10.266	
794	17.426	11.73	9.1661	17.66	12.327	10.239	
795	17.419	11.719	9.1536	17.659	12.309	10.224	
796	17.411	11.708	9.1412	17.662	12.313	10.213	
797	17.404	11.697	9.1289	17.654	12.325	10.176	
798	17.396	11.686	9.1165	17.666	12.323	10.181	
799	17.389	11.675	9.1042	17.647	12.261	10.206	
800	17.381	11.664	9.0919	17.62	12.266	10.135	
801	17.374	11.653	9.0797	17.605	12.279	10.152	
802	17.366	11.643	9.0676	17.648	12.257	10.122	
803	17.359	11.632	9.0554	17.585	12.228	10.092	
804	17.352	11.621	9.0433	17.575	12.219	10.133	
805	17.344	11.61	9.0313	17.566	12.198	10.093	
806	17.337	11.6	9.0192	17.583	12.17	10.084	
807	17.33	11.589	9.0073	17.566	12.126	10.115	
808	17.323	11.578	8.9953	17.569	12.174	10.024	
809	17.316	11.568	8.9834	17.516	12.099	10.047	
810	17.308	11.557	8.9715	17.556	12.165	10.014	
811	17.301	11.547	8.9597	17.537	12.131	9.9973	
812	17.294	11.536	8.9479	17.532	12.176	10.005	
813	17.287	11.526	8.9362	17.542	12.077	9.9926	
814	17.28	11.516	8.9244	17.52	12.11	10.013	
815	17.273	11.505	8.9128	17.499	12.091	9.9656	
816	17.266	11.495	8.9011	17.51	12.082	9.9131	
817	17.259	11.485	8.8895	17.487	12.062	9.9298	
818	17.252	11.474	8.8779	17.492	12.059	9.9034	
819	17.245	11.464	8.8664	17.483	12.042	9.9129	
820	17.238	11.454	8.8549	17.46	12.018	9.8719	
821	17.231	11.444	8.8434	17.453	12.005	9.8656	
822	17.225	11.434	8.832	17.45	12.012	9.8616	
823	17.218	11.424	8.8206	17.451	12.006	9.8525	
824	17.211	11.414	8.8093	17.443	12.007	9.8497	
825	17.204	11.404	8.798	17.437	11.988	9.8449	
826	17.197	11.394	8.7867	17.433	11.98	9.8362	
827	17.191	11.384	8.7754	17.43	11.974	9.8144	
828	17.184	11.374	8.7642	17.419	11.964	9.8087	
829	17.177	11.364	8.753	17.407	11.95	9.7941	
830	17.171	11.354	8.7419	17.407	11.946	9.8031	
831	17.164	11.344	8.7308	17.4	11.919	9.7859	
832	17.158	11.334	8.7197	17.384	11.91	9.7662	
833	17.151	11.325	8.7087	17.379	11.905	9.7353	
834	17.144	11.315	8.6977	17.367	11.897	9.7158	
835	17.138	11.305	8.6867	17.36	11.889	9.7177	
836	17.131	11.296	8.6758	17.358	11.888	9.6974	
837	17.125	11.286	8.6649	17.35	11.861	9.7024	
838	17.118	11.277	8.654	17.356	11.846	9.6741	
839	17.112	11.267	8.6431	17.339	11.835	9.6728	
840	17.106	11.257	8.6323	17.323	11.851	9.6213	
841	17.099	11.248	8.6216	17.338	11.799	9.6059	
842	17.093	11.239	8.6108	17.35	11.812	9.6524	
843	17.087	11.229	8.6001	17.333	11.79	9.6237	
844	17.08	11.22	8.5894	17.328	11.8	9.6135	
845	17.074	11.21	8.5788	17.337	11.83	9.5864	
846	17.068	11.201	8.5682	17.25	11.762	9.5728	
847	17.062	11.192	8.5576	17.316	11.671	9.6306	
848	17.055	11.182	8.5471	17.299	11.801	9.6341	
849	17.049	11.173	8.5366	17.296	11.713	9.5251	
850	17.043	11.164	8.5261	17.278	11.74	9.5683	
851	17.037	11.155	8.5156	17.254	11.712	9.5872	
852	17.031	11.146	8.5052	17.249	11.723	9.4661	
853	17.025	11.136	8.4949	17.279	11.658	9.4759	
854	17.018	11.127	8.4845	17.228	11.704	9.4325	
855	17.012	11.118	8.4742	17.23	11.626	9.478	
856	17.006	11.109	8.4639	17.202	11.678	9.4881	
857	17	11.1	8.4536	17.234	11.659	9.4508	
858	16.994	11.091	8.4434	17.248	11.682	9.4151	
859	16.988	11.082	8.4332	17.26	11.629	9.461	
860	16.982	11.073	8.423	17.206	11.667	9.4684	
861	16.976	11.064	8.4129	17.177	11.615	9.3825	
862	16.971	11.056	8.4028	17.215	11.595	9.3837	
863	16.965	11.047	8.3927	17.205	11.644	9.3907	
864	16.959	11.038	8.3826	17.208	11.589	9.387	
865	16.953	11.029	8.3726	17.157	11.577	9.3165	
866	16.947	11.02	8.3626	17.167	11.563	9.3468	
867	16.941	11.012	8.3527	17.147	11.513	9.3459	
868	16.935	11.003	8.3427	17.118	11.543	9.3501	
869	16.93	10.994	8.3328	17.15	11.508	9.2901	
870	16.924	10.986	8.323	17.159	11.516	9.3057	
871	16.918	10.977	8.3131	17.146	11.508	9.2767	
872	16.912	10.968	8.3033	17.131	11.512	9.3136	
873	16.907	10.96	8.2935	17.157	11.469	9.267	
874	16.901	10.951	8.2838	17.129	11.488	9.2504	
875	16.895	10.943	8.274	17.111	11.474	9.2559	
876	16.89	10.934	8.2643	17.115	11.465	9.2204	
877	16.884	10.926	8.2547	17.112	11.46	9.2537	
878	16.879	10.917	8.245	17.083	11.444	9.2191	
879	16.873	10.909	8.2354	17.079	11.432	9.1998	
880	16.867	10.901	8.2258	17.071	11.421	9.1926	
881	16.862	10.892	8.2163	17.069	11.417	9.1849	
882	16.856	10.884	8.2067	17.067	11.412	9.1889	
883	16.851	10.876	8.1972	17.063	11.408	9.1794	
884	16.845	10.867	8.1878	17.061	11.404	9.1718	
885	16.84	10.859	8.1783	17.061	11.396	9.1709	
886	16.834	10.851	8.1689	17.056	11.388	9.1566	
887	16.829	10.843	8.1595	17.046	11.371	9.1428	
888	16.824	10.835	8.1501	17.044	11.364	9.1243	
889	16.818	10.826	8.1408	17.031	11.351	9.1119	
890	16.813	10.818	8.1315	17.018	11.337	9.0964	
891	16.808	10.81	8.1222	17.012	11.328	9.0812	
892	16.802	10.802	8.1129	17.01	11.316	9.0788	
893	16.797	10.794	8.1037	17.003	11.31	9.0602	
894	16.792	10.786	8.0945	16.991	11.308	9.0486	
895	16.786	10.778	8.0853	16.999	11.303	9.0533	
896	16.781	10.77	8.0762	16.989	11.29	9.0498	
897	16.776	10.762	8.067	16.989	11.285	9.0476	
898	16.771	10.754	8.0579	16.987	11.282	9.0195	
899	16.765	10.746	8.0488	16.979	11.268	9.0175	
900	16.76	10.738	8.0398	16.966	11.258	8.9949	
901	16.755	10.731	8.0308	16.947	11.247	8.9733	
902	16.75	10.723	8.0218	16.948	11.229	8.9685	
903	16.745	10.715	8.0128	16.945	11.226	8.9618	
904	16.74	10.707	8.0038	16.94	11.217	8.9595	
905	16.735	10.699	7.9949	16.932	11.215	8.9576	
906	16.729	10.692	7.986	16.934	11.21	8.9517	
907	16.724	10.684	7.9772	16.929	11.206	8.9528	
908	16.719	10.676	7.9683	16.931	11.194	8.9288	
909	16.714	10.669	7.9595	16.916	11.183	8.9209	
910	16.709	10.661	7.9507	16.902	11.167	8.91	
911	16.704	10.653	7.9419	16.906	11.155	8.9055	
912	16.699	10.646	7.9332	16.894	11.128	8.8691	
913	16.694	10.638	7.9244	16.881	11.137	8.8493	
914	16.689	10.631	7.9157	16.883	11.127	8.8511	
915	16.684	10.623	7.9071	16.876	11.114	8.8449	
916	16.68	10.616	7.8984	16.869	11.119	8.8435	
917	16.675	10.608	7.8898	16.869	11.116	8.8377	
918	16.67	10.601	7.8812	16.872	11.111	8.8326	
919	16.665	10.593	7.8726	16.868	11.102	8.8198	
920	16.66	10.586	7.864	16.862	11.094	8.8106	
921	16.655	10.578	7.8555	16.852	11.081	8.8013	
922	16.65	10.571	7.847	16.848	11.073	8.8045	
923	16.646	10.564	7.8385	16.851	11.066	8.7956	
924	16.641	10.556	7.83	16.835	11.037	8.7695	
925	16.636	10.549	7.8216	16.832	11.054	8.7564	
926	16.631	10.542	7.8132	16.815	11.035	8.7417	
927	16.626	10.535	7.8048	16.816	11.041	8.7315	
928	16.622	10.527	7.7964	16.814	11.034	8.7362	
929	16.617	10.52	7.7881	16.797	10.994	8.7477	
930	16.612	10.513	7.7798	16.793	10.972	8.7269	
931	16.608	10.506	7.7715	16.805	11.016	8.7154	
932	16.603	10.498	7.7632	16.812	10.951	8.6826	
933	16.598	10.491	7.7549	16.782	11.008	8.6791	
934	16.594	10.484	7.7467	16.775	10.976	8.695	
935	16.589	10.477	7.7385	16.773	10.978	8.6554	
936	16.584	10.47	7.7303	16.753	10.941	8.6501	
937	16.58	10.463	7.7221	16.753	10.935	8.6851	
938	16.575	10.456	7.714	16.783	10.944	8.6069	
939	16.571	10.449	7.7058	16.761	10.933	8.6336	
940	16.566	10.442	7.6977	16.766	10.894	8.6504	
941	16.562	10.435	7.6897	16.76	10.92	8.6114	
942	16.557	10.428	7.6816	16.739	10.886	8.5574	
943	16.553	10.421	7.6736	16.715	10.91	8.5951	
944	16.548	10.414	7.6656	16.717	10.929	8.5787	
945	16.544	10.407	7.6576	16.744	10.893	8.5827	
946	16.539	10.401	7.6496	16.743	10.888	8.5713	
947	16.535	10.394	7.6417	16.722	10.888	8.5569	
948	16.53	10.387	7.6337	16.718	10.861	8.5456	
949	16.526	10.38	7.6258	16.708	10.84	8.5238	
950	16.522	10.373	7.6179	16.702	10.832	8.5213	
951	16.517	10.367	7.6101	16.691	10.851	8.5259	
952	16.513	10.36	7.6022	16.683	10.844	8.5209	
953	16.508	10.353	7.5944	16.694	10.825	8.4986	
954	16.504	10.346	7.5866	16.695	10.819	8.5124	
955	16.5	10.34	7.5788	16.682	10.807	8.4784	
956	16.495	10.333	7.5711	16.663	10.812	8.4848	
957	16.491	10.326	7.5633	16.664	10.803	8.5324	
958	16.487	10.32	7.5556	16.644	10.785	8.4534	
959	16.483	10.313	7.5479	16.666	10.771	8.4791	
960	16.478	10.306	7.5402	16.678	10.753	8.4078	
961	16.474	10.3	7.5326	16.673	10.778	8.3952	
962	16.47	10.293	7.5249	16.661	10.689	8.3687	
963	16.466	10.287	7.5173	16.62	10.712	8.4149	
964	16.461	10.28	7.5097	16.649	10.748	8.3485	
965	16.457	10.274	7.5021	16.617	10.733	8.3817	
966	16.453	10.267	7.4946	16.628	10.753	8.359	
967	16.449	10.261	7.487	16.623	10.733	8.3919	
968	16.445	10.254	7.4795	16.627	10.745	8.3832	
969	16.44	10.248	7.472	16.611	10.709	8.3707	
970	16.436	10.242	7.4645	16.625	10.692	8.3925	
971	16.432	10.235	7.4571	16.613	10.68	8.3706	
972	16.428	10.229	7.4496	16.61	10.702	8.3492	
973	16.424	10.222	7.4422	16.61	10.685	8.3224	
974	16.42	10.216	7.4348	16.594	10.661	8.3374	
975	16.416	10.21	7.4274	16.588	10.668	8.2816	
976	16.412	10.203	7.4201	16.58	10.653	8.2972	
977	16.408	10.197	7.4127	16.575	10.641	8.2843	
978	16.404	10.191	7.4054	16.572	10.632	8.2858	
979	16.4	10.185	7.3981	16.57	10.638	8.2719	
980	16.396	10.178	7.3908	16.575	10.628	8.2724	
981	16.392	10.172	7.3835	16.572	10.626	8.2804	
982	16.388	10.166	7.3763	16.566	10.621	8.2707	
983	16.384	10.16	7.3691	16.562	10.623	8.2828	
984	16.38	10.154	7.3619	16.548	10.613	8.2676	
985	16.376	10.148	7.3547	16.546	10.617	8.2362	
986	16.372	10.141	7.3475	16.573	10.595	8.2584	
987	16.368	10.135	7.3403	16.537	10.591	8.2149	
988	16.364	10.129	7.3332	16.532	10.56	8.1936	
989	16.36	10.123	7.3261	16.524	10.566	8.1933	
990	16.356	10.117	7.319	16.52	10.547	8.1876	
991	16.352	10.111	7.3119	16.519	10.55	8.1676	
992	16.349	10.105	7.3048	16.52	10.545	8.1802	
993	16.345	10.099	7.2978	16.509	10.544	8.1739	
994	16.341	10.093	7.2907	16.517	10.548	8.1768	
995	16.337	10.087	7.2837	16.503	10.54	8.1619	
996	16.333	10.081	7.2767	16.496	10.533	8.1554	
997	16.33	10.075	7.2698	16.504	10.529	8.1444	
998	16.326	10.069	7.2628	16.493	10.516	8.1417	
999	16.322	10.063	7.2559	16.483	10.502	8.1776	
1000	16.318	10.057	7.2489	16.5	10.478	8.1157	
1001	16.314	10.052	7.242	16.464	10.53	8.0949	
1002	16.311	10.046	7.2351	16.485	10.51	8.0982	
1003	16.307	10.04	7.2283	16.476	10.477	8.0989	
1004	16.303	10.034	7.2214	16.475	10.443	8.0759	
1005	16.3	10.028	7.2146	16.439	10.542	8.1117	
1006	16.296	10.023	7.2078	16.467	10.428	8.1096	
1007	16.292	10.017	7.201	16.465	10.492	8.0327	
1008	16.288	10.011	7.1942	16.449	10.484	8.0563	
1009	16.285	10.005	7.1874	16.429	10.432	8.0496	
1010	16.281	9.9995	7.1806	16.466	10.451	8.0414	
1011	16.278	9.9938	7.1739	16.433	10.444	8.0428	
1012	16.274	9.9881	7.1672	16.438	10.431	8.0143	
1013	16.27	9.9825	7.1605	16.434	10.414	8.0082	
1014	16.267	9.9768	7.1538	16.435	10.394	8.0042	
1015	16.263	9.9711	7.1471	16.437	10.4	7.9932	
1016	16.259	9.9655	7.1405	16.413	10.402	8.087	
1017	16.256	9.9598	7.1339	16.395	10.365	7.9546	
1018	16.252	9.9543	7.1272	16.391	10.366	7.9748	
1019	16.249	9.9487	7.1206	16.377	10.349	7.938	
1020	16.245	9.9431	7.114	16.428	10.409	7.9076	
1021	16.242	9.9376	7.1075	16.344	10.406	7.9482	
1022	16.238	9.932	7.1009	16.399	10.335	7.9468	
1023	16.235	9.9265	7.0944	16.418	10.322	7.9437	
1024	16.231	9.9209	7.0879	16.374	10.301	7.9785	
1025	16.228	9.9154	7.0814	16.416	10.31	7.9159	
1026	16.224	9.91	7.0749	16.38	10.359	7.8728	
1027	16.221	9.9045	7.0684	16.414	10.241	7.8987	
1028	16.217	9.8991	7.0619	16.371	10.339	7.8451	
1029	16.214	9.8937	7.0555	16.355	10.283	7.8299	
1030	16.21	9.8882	7.0491	16.359	10.328	7.903	
1031	16.207	9.8828	7.0427	16.422	10.333	7.9249	
1032	16.204	9.8774	7.0363	16.316	10.327	7.8632	
1033	16.2	9.872	7.0299	16.382	10.287	7.887	
1034	16.197	9.8666	7.0235	16.356	10.309	7.8533	
1035	16.193	9.8613	7.0172	16.379	10.251	7.9231	
1036	16.19	9.856	7.0108	16.253	10.285	7.8388	
1037	16.187	9.8507	7.0045	16.397	10.175	7.8035	
1038	16.183	9.8454	6.9982	16.319	10.24	7.9786	
1039	16.18	9.8401	6.9919	16.361	10.29	7.9209	
1040	16.177	9.8348	6.9857	16.298	10.088	7.8087	
1041	16.173	9.8295	6.9794	16.335	10.216	7.8567	
1042	16.17	9.8242	6.9732	16.445	10.238	7.6434	
1043	16.167	9.819	6.9669	16.412	10.176	7.6925	
1044	16.163	9.8138	6.9607	16.267	10.268	7.7417	
1045	16.16	9.8086	6.9545	16.308	10.204	7.7873	
1046	16.157	9.8034	6.9484	16.204	10.35	7.5825	
1047	16.154	9.7982	6.9422	16.266	10.039	7.7932	
1048	16.15	9.7931	6.936	16.229	10.157	7.8069	
1049	16.147	9.7879	6.9299	16.299	10.171	7.7236	
1050	16.144	9.7827	6.9238	16.276	10.083	7.8107	
1051	16.141	9.7776	6.9177	16.278	10.17	7.7396	
1052	16.137	9.7725	6.9116	16.273	10.161	7.7044	
1053	16.134	9.7674	6.9055	16.277	10.167	7.7231	
1054	16.131	9.7624	6.8994	16.277	10.148	7.7089	
1055	16.128	9.7573	6.8934	16.277	10.167	7.6972	
1056	16.125	9.7522	6.8873	16.273	10.135	7.687	
1057	16.121	9.7472	6.8813	16.269	10.153	7.6997	
1058	16.118	9.7421	6.8753	16.262	10.142	7.6709	
1059	16.115	9.7371	6.8693	16.247	10.134	7.6933	
1060	16.112	9.7321	6.8633	16.254	10.134	7.6648	
1061	16.109	9.7271	6.8574	16.263	10.116	7.6747	
1062	16.106	9.7221	6.8514	16.239	10.115	7.6648	
1063	16.103	9.7172	6.8455	16.235	10.098	7.6667	
1064	16.099	9.7122	6.8396	16.233	10.093	7.6472	
1065	16.096	9.7073	6.8337	16.225	10.087	7.629	
1066	16.093	9.7024	6.8278	16.232	10.086	7.618	
1067	16.09	9.6974	6.8219	16.223	10.089	7.6219	
1068	16.087	9.6925	6.816	16.218	10.078	7.6284	
1069	16.084	9.6876	6.8102	16.223	10.054	7.6005	
1070	16.081	9.6828	6.8043	16.22	10.079	7.5985	
1071	16.078	9.6779	6.7985	16.218	10.063	7.599	
1072	16.075	9.6731	6.7927	16.202	10.065	7.5925	
1073	16.072	9.6683	6.7869	16.215	10.029	7.5661	
1074	16.069	9.6634	6.7811	16.199	10.044	7.5808	
1075	16.066	9.6586	6.7753	16.193	10.033	7.5517	
1076	16.063	9.6538	6.7696	16.201	10.022	7.5548	
1077	16.06	9.649	6.7638	16.189	10.024	7.5511	
1078	16.057	9.6442	6.7581	16.185	10.008	7.5417	
1079	16.054	9.6395	6.7524	16.186	10.022	7.5314	
1080	16.051	9.6347	6.7467	16.186	10.011	7.5387	
1081	16.048	9.63	6.741	16.179	10.01	7.5348	
1082	16.045	9.6253	6.7353	16.172	10.007	7.5257	
1083	16.042	9.6206	6.7296	16.18	9.9947	7.5117	
1084	16.039	9.6159	6.724	16.172	9.995	7.5129	
1085	16.036	9.6112	6.7183	16.166	9.9914	7.5014	
1086	16.033	9.6065	6.7127	16.171	9.9923	7.5038	
1087	16.03	9.6018	6.7071	16.156	9.9873	7.4945	
1088	16.027	9.5972	6.7015	16.166	9.9817	7.4997	
1089	16.025	9.5926	6.6959	16.159	9.9779	7.4821	
1090	16.022	9.5879	6.6903	16.158	9.9803	7.4881	
1091	16.019	9.5833	6.6847	16.153	9.9785	7.4853	
1092	16.016	9.5787	6.6792	16.144	9.9565	7.4715	
1093	16.013	9.5742	6.6737	16.148	9.9506	7.4729	
1094	16.01	9.5696	6.6681	16.141	9.9601	7.4722	
1095	16.007	9.565	6.6626	16.15	9.9318	7.4483	
1096	16.005	9.5604	6.6571	16.144	9.9407	7.4519	
1097	16.002	9.5558	6.6516	16.13	9.9283	7.4383	
1098	15.999	9.5513	6.6461	16.124	9.9234	7.4168	
1099	15.996	9.5468	6.6407	16.123	9.9232	7.4195	
1100	15.993	9.5423	6.6352	16.113	9.9178	7.4139	
1101	15.991	9.5378	6.6298	16.124	9.9056	7.3964	
1102	15.988	9.5334	6.6244	16.116	9.8945	7.3888	
1103	15.985	9.5289	6.6189	16.109	9.8791	7.3797	
1104	15.982	9.5244	6.6135	16.105	9.888	7.3786	
1105	15.979	9.5199	6.6081	16.097	9.8862	7.3711	
1106	15.977	9.5155	6.6028	16.101	9.8753	7.3644	
1107	15.974	9.511	6.5974	16.09	9.8672	7.3615	
1108	15.971	9.5066	6.592	16.098	9.873	7.3533	
1109	15.968	9.5022	6.5867	16.089	9.8628	7.35	
1110	15.966	9.4979	6.5814	16.087	9.8562	7.3493	
1111	15.963	9.4935	6.576	16.086	9.8575	7.3426	
1112	15.96	9.4891	6.5707	16.085	9.8439	7.3361	
1113	15.958	9.4848	6.5654	16.085	9.8491	7.3346	
1114	15.955	9.4804	6.5601	16.08	9.8466	7.3305	
1115	15.952	9.476	6.5549	16.077	9.8484	7.3291	
1116	15.949	9.4717	6.5496	16.078	9.8409	7.3321	
1117	15.947	9.4674	6.5444	16.079	9.8416	7.3209	
1118	15.944	9.4631	6.5391	16.072	9.8334	7.3214	
1119	15.942	9.4588	6.5339	16.06	9.8347	7.3015	
1120	15.939	9.4545	6.5287	16.068	9.8313	7.2924	
1121	15.936	9.4503	6.5235	16.067	9.8176	7.2878	
1122	15.934	9.446	6.5183	16.06	9.8063	7.2978	
1123	15.931	9.4417	6.5131	16.048	9.8069	7.2903	
1124	15.928	9.4375	6.5079	16.063	9.8076	7.2673	
1125	15.926	9.4332	6.5028	16.054	9.7979	7.2623	
1126	15.923	9.429	6.4976	16.058	9.8085	7.2676	
1127	15.92	9.4248	6.4925	16.033	9.7894	7.2435	
1128	15.918	9.4206	6.4873	16.033	9.7801	7.246	
1129	15.915	9.4164	6.4822	16.039	9.78	7.2589	
1130	15.913	9.4122	6.4771	16.029	9.784	7.2303	
1131	15.91	9.4081	6.472	16.028	9.7661	7.2327	
1132	15.908	9.4039	6.4669	16.029	9.7641	7.2224	
1133	15.905	9.3998	6.4619	16.022	9.7746	7.22	
1134	15.903	9.3956	6.4568	16.013	9.7404	7.2208	
1135	15.9	9.3915	6.4518	16.016	9.7516	7.1929	
1136	15.897	9.3874	6.4467	16.019	9.733	7.2045	
1137	15.895	9.3832	6.4417	16.012	9.7186	7.2018	
1138	15.892	9.3791	6.4367	16.011	9.7314	7.1817	
1139	15.89	9.3751	6.4317	16.007	9.7294	7.188	
1140	15.887	9.371	6.4267	16	9.711	7.1734	
1141	15.885	9.3669	6.4217	16.013	9.7229	7.1701	
1142	15.882	9.3629	6.4167	16.009	9.7157	7.1425	
1143	15.88	9.3588	6.4117	15.991	9.7047	7.1754	
1144	15.877	9.3548	6.4068	15.991	9.6948	7.1627	
1145	15.875	9.3508	6.4019	15.994	9.7082	7.1617	
1146	15.872	9.3467	6.3969	15.991	9.6734	7.1488	
1147	15.87	9.3427	6.392	15.987	9.6773	7.1375	
1148	15.868	9.3387	6.3871	15.993	9.6824	7.1398	
1149	15.865	9.3347	6.3822	15.982	9.6859	7.1336	
1150	15.863	9.3308	6.3773	15.971	9.6696	7.1285	
1151	15.86	9.3268	6.3724	15.973	9.6557	7.1144	
1152	15.858	9.3228	6.3675	15.974	9.6664	7.1066	
1153	15.855	9.3189	6.3627	15.967	9.6521	7.0941	
1154	15.853	9.315	6.3578	15.961	9.6519	7.0958	
1155	15.851	9.311	6.353	15.966	9.6506	7.0979	
1156	15.848	9.3071	6.3482	15.955	9.6498	7.0837	
1157	15.846	9.3032	6.3433	15.955	9.6421	7.0727	
1158	15.843	9.2992	6.3385	15.956	9.6421	7.0731	
1159	15.841	9.2953	6.3337	15.96	9.6267	7.0708	
1160	15.839	9.2915	6.3289	15.957	9.628	7.0722	
1161	15.836	9.2876	6.3242	15.947	9.6061	7.0769	
1162	15.834	9.2838	6.3194	15.943	9.6372	7.0503	
1163	15.832	9.2799	6.3146	15.932	9.6109	7.0423	
1164	15.829	9.2761	6.3099	15.933	9.5892	7.0355	
1165	15.827	9.2722	6.3051	15.926	9.6021	7.0251	
1166	15.825	9.2684	6.3004	15.934	9.5923	7.0232	
1167	15.822	9.2646	6.2957	15.935	9.6092	7.0307	
1168	15.82	9.2607	6.291	15.925	9.5875	7.0159	
1169	15.818	9.2569	6.2863	15.919	9.579	7.0094	
1170	15.815	9.2531	6.2816	15.923	9.5874	6.9969	
1171	15.813	9.2494	6.2769	15.918	9.5745	6.9927	
1172	15.811	9.2456	6.2722	15.915	9.5753	6.9904	
1173	15.808	9.2418	6.2676	15.913	9.572	6.9898	
1174	15.806	9.2381	6.2629	15.912	9.5717	6.9855	
1175	15.804	9.2344	6.2583	15.911	9.5671	6.9893	
1176	15.801	9.2306	6.2536	15.909	9.5553	6.9753	
1177	15.799	9.2269	6.249	15.913	9.5548	6.9734	
1178	15.797	9.2231	6.2444	15.902	9.5491	6.9642	
1179	15.795	9.2194	6.2398	15.902	9.5544	6.9693	
1180	15.792	9.2157	6.2352	15.901	9.5467	6.9584	
1181	15.79	9.212	6.2306	15.901	9.5467	6.9598	
1182	15.788	9.2083	6.226	15.894	9.5385	6.9547	
1183	15.786	9.2047	6.2215	15.897	9.537	6.95	
1184	15.783	9.201	6.2169	15.892	9.532	6.9421	
1185	15.781	9.1974	6.2124	15.883	9.531	6.946	
1186	15.779	9.1937	6.2078	15.885	9.5219	6.9289	
1187	15.777	9.1901	6.2033	15.884	9.5224	6.9354	
1188	15.775	9.1864	6.1988	15.877	9.523	6.9241	
1189	15.772	9.1828	6.1942	15.882	9.5084	6.9071	
1190	15.77	9.1792	6.1897	15.876	9.5137	6.9197	
1191	15.768	9.1755	6.1853	15.87	9.5099	6.9094	
1192	15.766	9.1719	6.1808	15.871	9.4961	6.8957	
1193	15.764	9.1683	6.1763	15.868	9.4961	6.8932	
1194	15.761	9.1648	6.1718	15.862	9.5027	6.9035	
1195	15.759	9.1612	6.1674	15.874	9.474	6.8908	
1196	15.757	9.1577	6.1629	15.86	9.4905	6.8699	
1197	15.755	9.1541	6.1585	15.862	9.4762	6.8911	
1198	15.753	9.1506	6.154	15.852	9.4631	6.8864	
1199	15.751	9.147	6.1496	15.851	9.477	6.8633	
1200	15.749	9.1435	6.1452	15.858	9.4625	6.8505	
1201	15.746	9.1399	6.1408	15.861	9.4796	6.8706	
1202	15.744	9.1364	6.1364	15.841	9.4636	6.8566	
1203	15.742	9.1329	6.132	15.848	9.4582	6.8337	
1204	15.74	9.1294	6.1277	15.851	9.4464	6.8183	
1205	15.738	9.1259	6.1233	15.832	9.4472	6.8323	
1206	15.736	9.1224	6.1189	15.836	9.466	6.8321	
1207	15.734	9.119	6.1146	15.846	9.4633	6.8204	
1208	15.732	9.1155	6.1102	15.832	9.4402	6.8124	
1209	15.73	9.112	6.1059	15.836	9.4279	6.8174	
1210	15.727	9.1086	6.1016	15.829	9.4198	6.7981	
1211	15.725	9.1051	6.0972	15.824	9.4014	6.7811	
1212	15.723	9.1017	6.0929	15.822	9.4159	6.7865	
1213	15.721	9.0983	6.0886	15.831	9.4125	6.7945	
1214	15.719	9.0948	6.0843	15.818	9.422	6.771	
1215	15.717	9.0914	6.0801	15.827	9.4065	6.7776	
1216	15.715	9.088	6.0758	15.816	9.3902	6.7962	
1217	15.713	9.0846	6.0715	15.82	9.3945	6.7799	
1218	15.711	9.0812	6.0673	15.792	9.3676	6.7812	
1219	15.709	9.0779	6.063	15.814	9.3787	6.7488	
1220	15.707	9.0745	6.0588	15.812	9.3724	6.7566	
1221	15.705	9.0711	6.0545	15.792	9.3678	6.7577	
1222	15.703	9.0678	6.0503	15.806	9.4041	6.7482	
1223	15.701	9.0644	6.0461	15.808	9.3612	6.7497	
1224	15.699	9.0611	6.0419	15.802	9.3661	6.7322	
1225	15.697	9.0577	6.0377	15.793	9.3623	6.7376	
1226	15.695	9.0544	6.0335	15.803	9.3763	6.7294	
1227	15.693	9.051	6.0293	15.81	9.3589	6.7325	
1228	15.691	9.0477	6.0251	15.774	9.3448	6.7237	
1229	15.689	9.0444	6.021	15.767	9.3236	6.7278	
1230	15.687	9.0411	6.0168	15.774	9.3573	6.7086	
1231	15.685	9.0379	6.0127	15.796	9.3605	6.676	
1232	15.683	9.0346	6.0085	15.789	9.3331	6.7336	
1233	15.681	9.0313	6.0044	15.803	9.3612	6.6865	
1234	15.679	9.028	6.0002	15.779	9.3636	6.7088	
1235	15.677	9.0248	5.9961	15.762	9.3504	6.6856	
1236	15.675	9.0215	5.992	15.776	9.3508	6.7156	
1237	15.673	9.0183	5.9879	15.771	9.3581	6.6932	
1238	15.671	9.015	5.9838	15.803	9.3178	6.7029	
1239	15.669	9.0118	5.9797	15.735	9.3726	6.7182	
1240	15.667	9.0085	5.9757	15.732	9.2717	6.6779	
1241	15.665	9.0053	5.9716	15.745	9.341	6.6356	
1242	15.663	9.0021	5.9675	15.735	9.3044	6.6996	
1243	15.661	8.9989	5.9635	15.764	9.3127	6.761	
1244	15.66	8.9957	5.9594	15.782	9.3076	6.6586	
1245	15.658	8.9926	5.9554	15.721	9.362	6.5928	
1246	15.656	8.9894	5.9513	15.748	9.298	6.6041	
1247	15.654	8.9862	5.9473	15.731	9.2333	6.6094	
1248	15.652	8.983	5.9433	15.743	9.2731	6.5843	
1249	15.65	8.9799	5.9393	15.775	9.2931	6.6536	
1250	15.648	8.9767	5.9353	15.753	9.3398	6.5861	
1251	15.646	8.9735	5.9313	15.739	9.2561	6.6486	
1252	15.644	8.9704	5.9273	15.709	9.2021	6.5795	
1253	15.642	8.9672	5.9234	15.708	9.3079	6.5872	
1254	15.641	8.9641	5.9194	15.716	9.2289	6.5936	
1255	15.639	8.961	5.9154	15.74	9.2415	6.623	
1256	15.637	8.9579	5.9115	15.719	9.2629	6.5966	
1257	15.635	8.9548	5.9075	15.717	9.2216	6.5567	
1258	15.633	8.9517	5.9036	15.725	9.2458	6.548	
1259	15.631	8.9487	5.8996	15.694	9.2312	6.5771	
1260	15.63	8.9456	5.8957	15.709	9.2387	6.553	
1261	15.628	8.9425	5.8918	15.706	9.2178	6.5473	
1262	15.626	8.9394	5.8879	15.689	9.2162	6.5425	
1263	15.624	8.9363	5.884	15.706	9.2186	6.5313	
1264	15.622	8.9333	5.8801	15.682	9.2026	6.5444	
1265	15.62	8.9302	5.8762	15.708	9.2245	6.5324	
1266	15.619	8.9272	5.8723	15.696	9.2306	6.5176	
1267	15.617	8.9241	5.8685	15.709	9.2023	6.5414	
1268	15.615	8.9211	5.8646	15.714	9.2095	6.5453	
1269	15.613	8.9181	5.8607	15.701	9.2186	6.5538	
1270	15.611	8.9151	5.8569	15.696	9.198	6.5367	
1271	15.61	8.9121	5.853	15.683	9.2039	6.5136	
1272	15.608	8.9091	5.8492	15.688	9.2189	6.5472	
1273	15.606	8.9061	5.8454	15.705	9.2243	6.5247	
1274	15.604	8.9031	5.8415	15.701	9.2005	6.5306	
1275	15.602	8.9001	5.8377	15.686	9.1823	6.4939	
1276	15.601	8.8971	5.8339	15.699	9.2087	6.5205	
1277	15.599	8.8941	5.8301	15.663	9.1993	6.5191	
1278	15.597	8.8911	5.8263	15.665	9.1892	6.5112	
1279	15.595	8.8882	5.8226	15.681	9.1589	6.4593	
1280	15.594	8.8852	5.8188	15.675	9.156	6.4798	
1281	15.592	8.8823	5.815	15.682	9.1567	6.4748	
1282	15.59	8.8794	5.8112	15.676	9.169	6.4949	
1283	15.588	8.8764	5.8075	15.656	9.1537	6.4527	
1284	15.587	8.8735	5.8037	15.632	9.1916	6.4591	
1285	15.585	8.8706	5.8	15.644	9.1608	6.4782	
1286	15.583	8.8677	5.7962	15.669	9.1557	6.4463	
1287	15.581	8.8648	5.7925	15.652	9.1412	6.4697	
1288	15.58	8.8619	5.7888	15.663	9.1606	6.4591	
1289	15.578	8.859	5.7851	15.652	9.1422	6.4344	
1290	15.576	8.8561	5.7814	15.657	9.1551	6.4376	
1291	15.575	8.8532	5.7777	15.64	9.1345	6.4164	
1292	15.573	8.8503	5.774	15.656	9.1345	6.4736	
1293	15.571	8.8474	5.7703	15.647	9.1239	6.4379	
1294	15.569	8.8446	5.7666	15.668	9.1578	6.4281	
1295	15.568	8.8417	5.7629	15.646	9.1369	6.3954	
1296	15.566	8.8389	5.7593	15.653	9.1292	6.3926	
1297	15.564	8.836	5.7556	15.651	9.0942	6.4387	
1298	15.563	8.8332	5.7519	15.631	9.1357	6.4042	
1299	15.561	8.8304	5.7483	15.641	9.0837	6.373	
1300	15.559	8.8275	5.7446	15.624	9.1037	6.3995	
1301	15.558	8.8247	5.741	15.641	9.126	6.3705	
1302	15.556	8.8219	5.7374	15.611	9.0799	6.4187	
1303	15.554	8.8191	5.7338	15.637	9.1245	6.3851	
1304	15.553	8.8162	5.7302	15.648	9.1135	6.3952	
1305	15.551	8.8134	5.7266	15.652	9.0861	6.3467	
1306	15.549	8.8106	5.723	15.629	9.1235	6.3831	
1307	15.548	8.8079	5.7194	15.62	9.108	6.3954	
1308	15.546	8.8051	5.7158	15.613	9.0891	6.388	
1309	15.544	8.8023	5.7122	15.62	9.0991	6.3783	
1310	15.543	8.7996	5.7086	15.612	9.0767	6.3653	
1311	15.541	8.7968	5.705	15.62	9.0461	6.3913	
1312	15.54	8.7941	5.7015	15.608	9.0606	6.3221	
1313	15.538	8.7913	5.6979	15.613	9.0866	6.3847	
1314	15.536	8.7886	5.6944	15.607	9.0596	6.3495	
1315	15.535	8.7858	5.6908	15.602	9.0327	6.3262	
1316	15.533	8.7831	5.6873	15.629	8.9941	6.3194	
1317	15.531	8.7803	5.6838	15.605	9.0557	6.3822	
1318	15.53	8.7776	5.6803	15.589	9.0545	6.3601	
1319	15.528	8.7749	5.6767	15.631	9.0479	6.354	
1320	15.527	8.7722	5.6732	15.574	9.0367	6.3584	
1321	15.525	8.7695	5.6697	15.612	9.0226	6.3347	
1322	15.523	8.7668	5.6662	15.601	8.9983	6.2378	
1323	15.522	8.7641	5.6627	15.554	9.0135	6.278	
1324	15.52	8.7614	5.6592	15.608	9.0519	6.2872	
1325	15.519	8.7588	5.6558	15.621	8.9865	6.3038	
1326	15.517	8.7561	5.6523	15.629	8.988	6.2721	
1327	15.516	8.7534	5.6488	15.6	9.0561	6.2622	
1328	15.514	8.7507	5.6454	15.561	8.9618	6.3632	
1329	15.512	8.7481	5.6419	15.563	8.9748	6.2771	
1330	15.511	8.7454	5.6385	15.621	9.0407	6.2531	
1331	15.509	8.7428	5.635	15.566	9.0607	6.3246	
1332	15.508	8.7401	5.6316	15.561	8.9719	6.418	
1333	15.506	8.7375	5.6282	15.578	9.0236	6.2824	
1334	15.505	8.7348	5.6248	15.6	8.9906	6.2743	
1335	15.503	8.7322	5.6213	15.55	9.0051	6.153	
1336	15.502	8.7296	5.6179	15.537	9.0374	6.3185	
1337	15.5	8.727	5.6145	15.618	8.9803	6.1591	
1338	15.498	8.7244	5.6111	15.535	9.048	6.2468	
1339	15.497	8.7218	5.6077	15.561	9.032	6.2708	
1340	15.495	8.7192	5.6043	15.593	9.0077	6.1586	
1341	15.494	8.7166	5.601	15.666	8.8259	6.2786	
1342	15.492	8.714	5.5976	15.575	8.9248	6.4947	
1343	15.491	8.7114	5.5942	15.64	9.0003	6.4568	
1344	15.489	8.7089	5.5909	15.52	9.0383	6.2736	
1345	15.488	8.7063	5.5875	15.567	9.1261	6.2256	
1346	15.486	8.7037	5.5842	15.405	8.8527	6.0078	
1347	15.485	8.7011	5.5808	15.559	9.1196	5.8337	
1348	15.483	8.6985	5.5775	15.504	9.1334	6.1728	
1349	15.482	8.696	5.5742	15.419	9.278	6.2167	
1350	15.48	8.6935	5.5708	15.265	9.0644	6.2217	
1351	15.479	8.691	5.5675	15.503	8.9301	5.9253	
1352	15.477	8.6884	5.5642	15.455	8.8241	6.3825	
1353	15.476	8.6859	5.5609	15.547	8.3823	6.2501	
1354	15.474	8.6834	5.5576	15.469	9.3073	6.3855	
1355	15.473	8.6809	5.5543	15.712	8.773	5.6078	
1356	15.471	8.6783	5.551	15.648	9.1567	6.0752	
1357	15.47	8.6758	5.5477	15.444	9.0441	6.2724	
1358	15.468	8.6733	5.5444	16.248	9.371	6.3795	
1359	15.467	8.6708	5.5412	16.262	8.6908	6.918	
1426	15.376	8.5143	5.3344	15.655	9.2987	6.337	
1427	15.375	8.5122	5.3315	15.544	8.6458	6.0444	
1428	15.373	8.51	5.3286	15.394	8.841	5.6434	
1429	15.372	8.5078	5.3257	15.638	8.6618	5.8162	
1430	15.371	8.5057	5.3228	15.645	8.8034	5.8313	
1431	15.37	8.5035	5.3199	15.324	8.9254	6.1083	
1432	15.368	8.5014	5.317	15.558	8.5618	5.8907	
1433	15.367	8.4992	5.3142	15.35	8.5981	5.8503	
1434	15.366	8.4971	5.3113	15.504	8.9164	6.1849	
1435	15.365	8.4949	5.3084	15.523	8.856	5.7635	
1436	15.363	8.4928	5.3056	15.531	8.646	5.9371	
1437	15.362	8.4906	5.3027	15.437	8.9074	5.8618	
1438	15.361	8.4885	5.2998	15.329	8.6594	5.9473	
1439	15.36	8.4864	5.297	15.448	8.7878	5.9026	
1440	15.358	8.4842	5.2942	15.332	8.7869	5.8234	
1441	15.357	8.4821	5.2913	15.418	8.6815	6.0523	
1442	15.356	8.4799	5.2885	15.471	8.6178	5.804	
1443	15.355	8.4779	5.2856	15.352	8.745	5.9607	
1444	15.354	8.4758	5.2828	15.461	8.7728	5.754	
1445	15.352	8.4737	5.28	15.33	8.7337	5.8418	
1446	15.351	8.4716	5.2772	15.463	8.6349	5.8148	
1447	15.35	8.4695	5.2743	15.435	8.7027	5.7187	
1448	15.349	8.4674	5.2715	15.418	8.6759	5.8657	
1449	15.348	8.4653	5.2687	15.369	8.7286	5.8616	
1450	15.346	8.4632	5.2659	15.389	8.7223	5.7667	
1451	15.345	8.4611	5.2631	15.439	8.6835	5.8613	
1452	15.344	8.4591	5.2603	15.461	8.7416	5.9121	
1453	15.343	8.457	5.2576	15.432	8.7434	5.9344	
1454	15.342	8.4549	5.2548	15.347	8.6775	5.7013	
1455	15.34	8.4528	5.252	15.416	8.7501	5.778	
1456	15.339	8.4508	5.2492	15.442	8.7139	5.8162	
1457	15.338	8.4487	5.2465	15.384	8.5911	5.8161	
1458	15.337	8.4466	5.2437	15.382	8.7003	5.8269	
1459	15.336	8.4446	5.241	15.364	8.5653	5.7475	
1460	15.334	8.4425	5.2382	15.406	8.6329	5.8577	
1461	15.333	8.4405	5.2355	15.425	8.6263	5.8131	
1462	15.332	8.4385	5.2327	15.392	8.6402	5.8205	
1463	15.331	8.4365	5.23	15.378	8.6426	5.7707	
1464	15.33	8.4344	5.2272	15.356	8.6674	5.7556	
1465	15.329	8.4324	5.2245	15.367	8.7009	5.7782	
1466	15.327	8.4304	5.2218	15.362	8.5979	5.8152	
1467	15.326	8.4284	5.219	15.382	8.6242	5.8072	
1468	15.325	8.4264	5.2163	15.351	8.6378	5.7845	
1469	15.324	8.4244	5.2136	15.375	8.6157	5.7777	
1470	15.323	8.4223	5.2109	15.368	8.6027	5.7829	
1471	15.322	8.4203	5.2082	15.371	8.6274	5.7814	
1472	15.32	8.4183	5.2055	15.372	8.6286	5.7604	
1473	15.319	8.4163	5.2028	15.361	8.64	5.7729	
1474	15.318	8.4143	5.2001	15.364	8.6233	5.7729	
1475	15.317	8.4123	5.1974	15.367	8.6216	5.7631	
1476	15.316	8.4103	5.1948	15.361	8.6167	5.7547	
1477	15.315	8.4084	5.1921	15.367	8.6407	5.7684	
1478	15.314	8.4064	5.1894	15.372	8.6251	5.7501	
1479	15.313	8.4044	5.1867	15.364	8.6199	5.7574	
1480	15.311	8.4025	5.1841	15.365	8.6238	5.7479	
1481	15.31	8.4005	5.1814	15.366	8.6113	5.7261	
1482	15.309	8.3986	5.1788	15.361	8.6283	5.7517	
1483	15.308	8.3966	5.1761	15.362	8.62	5.7472	
1484	15.307	8.3947	5.1735	15.378	8.6195	5.7384	
1485	15.306	8.3927	5.1708	15.355	8.6304	5.737	
1486	15.305	8.3908	5.1682	15.356	8.5946	5.6973	
1487	15.304	8.3888	5.1655	15.348	8.6228	5.7008	
1488	15.302	8.3869	5.1629	15.36	8.6145	5.7232	
1489	15.301	8.3849	5.1603	15.361	8.6151	5.7038	
1490	15.3	8.383	5.1577	15.362	8.5895	5.747	
1491	15.299	8.381	5.1551	15.345	8.6053	5.698	
1492	15.298	8.3791	5.1524	15.351	8.5961	5.7165	
1493	15.297	8.3772	5.1498	15.341	8.5614	5.7088	
1494	15.296	8.3752	5.1472	15.341	8.5719	5.697	
1495	15.295	8.3733	5.1446	15.332	8.5697	5.6877	
1496	15.294	8.3714	5.142	15.36	8.6007	5.7053	
1497	15.292	8.3695	5.1394	15.331	8.5842	5.694	
1498	15.291	8.3677	5.1368	15.364	8.5808	5.6957	
1499	15.29	8.3658	5.1343	15.346	8.5729	5.7135	
1500	15.289	8.3639	5.1317	15.338	8.5688	5.6944	
1501	15.288	8.362	5.1291	15.324	8.5615	5.6481	
1502	15.287	8.3601	5.1265	15.341	8.5663	5.6767	
1503	15.286	8.3582	5.124	15.337	8.5858	5.6658	
1504	15.285	8.3563	5.1214	15.331	8.5525	5.6375	
1505	15.284	8.3544	5.1188	15.336	8.5556	5.6753	
1506	15.283	8.3526	5.1163	15.327	8.5511	5.6423	
1507	15.282	8.3507	5.1137	15.311	8.5398	5.6658	
1508	15.281	8.3488	5.1112	15.308	8.5416	5.6703	
1509	15.28	8.3469	5.1087	15.345	8.5427	5.6533	
1510	15.278	8.3451	5.1061	15.333	8.5601	5.6374	
1511	15.277	8.3432	5.1036	15.339	8.555	5.6471	
1512	15.276	8.3413	5.1011	15.33	8.5822	5.6517	
1513	15.275	8.3395	5.0985	15.364	8.5032	5.6648	
1514	15.274	8.3377	5.096	15.322	8.5396	5.6835	
1515	15.273	8.3358	5.0935	15.295	8.5603	5.6483	
1516	15.272	8.334	5.091	15.318	8.5056	5.6522	
1517	15.271	8.3322	5.0885	15.315	8.5658	5.6102	
1518	15.27	8.3303	5.086	15.295	8.5482	5.6359	
1519	15.269	8.3285	5.0834	15.297	8.5464	5.6432	
1520	15.268	8.3267	5.081	15.291	8.534	5.6375	
1521	15.267	8.3249	5.0785	15.314	8.4871	5.5673	
1522	15.266	8.323	5.076	15.294	8.5187	5.5965	
1523	15.265	8.3212	5.0735	15.298	8.5355	5.6022	
1524	15.264	8.3194	5.071	15.33	8.5488	5.6586	
1525	15.263	8.3176	5.0685	15.314	8.5414	5.6269	
1526	15.262	8.3158	5.066	15.292	8.5151	5.6013	
1527	15.261	8.314	5.0636	15.3	8.528	5.6024	
1528	15.26	8.3122	5.0611	15.288	8.5465	5.6141	
1529	15.259	8.3104	5.0587	15.293	8.4942	5.5902	
1530	15.258	8.3085	5.0562	15.303	8.5058	5.6026	
1531	15.257	8.3068	5.0538	15.28	8.4914	5.604	
1532	15.256	8.305	5.0513	15.308	8.4916	5.603	
1533	15.255	8.3032	5.0488	15.284	8.4702	5.5967	
1534	15.254	8.3014	5.0464	15.305	8.4793	5.6376	
1535	15.253	8.2997	5.044	15.298	8.4926	5.5712	
1536	15.252	8.2979	5.0415	15.276	8.4891	5.5791	
1537	15.251	8.2961	5.0391	15.283	8.4941	5.5846	
1538	15.25	8.2944	5.0367	15.277	8.5252	5.5789	
1539	15.249	8.2926	5.0342	15.294	8.4816	5.577	
1540	15.248	8.2908	5.0318	15.287	8.4628	5.578	
1541	15.247	8.2891	5.0294	15.275	8.4525	5.5494	
1542	15.246	8.2873	5.027	15.281	8.4651	5.5754	
1543	15.245	8.2856	5.0246	15.279	8.4722	5.544	
1544	15.244	8.2838	5.0222	15.282	8.4897	5.5788	
1545	15.243	8.2821	5.0198	15.263	8.493	5.5536	
1546	15.242	8.2803	5.0174	15.278	8.4662	5.5539	
1547	15.241	8.2786	5.015	15.274	8.4734	5.5453	
1548	15.24	8.2768	5.0126	15.277	8.4642	5.5399	
1549	15.239	8.2751	5.0102	15.277	8.4838	5.5347	
1550	15.238	8.2733	5.0078	15.282	8.4621	5.5433	
1551	15.237	8.2716	5.0055	15.26	8.4848	5.5405	
1552	15.236	8.2699	5.0031	15.272	8.4641	5.5476	
1553	15.235	8.2682	5.0007	15.253	8.4528	5.5522	
1554	15.234	8.2665	4.9983	15.262	8.4672	5.5335	
1555	15.233	8.2648	4.996	15.281	8.442	5.52	
1556	15.232	8.2631	4.9936	15.259	8.4567	5.5561	
1557	15.231	8.2614	4.9912	15.253	8.4481	5.5181	
1558	15.23	8.2597	4.9889	15.256	8.4504	5.5207	
1559	15.229	8.258	4.9865	15.276	8.4324	5.4932	
1560	15.228	8.2563	4.9842	15.271	8.4614	5.517	
1561	15.227	8.2546	4.9818	15.28	8.463	5.5073	
1562	15.226	8.2529	4.9795	15.286	8.4263	5.5184	
1563	15.225	8.2512	4.9772	15.246	8.4494	5.5213	
1564	15.224	8.2495	4.9748	15.253	8.4738	5.4959	
1565	15.223	8.2478	4.9725	15.26	8.475	5.4892	
1566	15.222	8.2461	4.9702	15.25	8.4211	5.471	
1567	15.221	8.2444	4.9679	15.272	8.4036	5.5013	
1568	15.22	8.2428	4.9656	15.254	8.4459	5.5132	
1569	15.219	8.2411	4.9633	15.273	8.4673	5.5183	
1570	15.218	8.2394	4.961	15.258	8.4541	5.5109	
1571	15.217	8.2378	4.9586	15.251	8.43	5.5032	
1572	15.216	8.2361	4.9563	15.247	8.4216	5.516	
1573	15.216	8.2345	4.954	15.253	8.4038	5.4898	
1574	15.215	8.2328	4.9517	15.271	8.4254	5.4739	
1575	15.214	8.2312	4.9494	15.231	8.4078	5.4942	
1576	15.213	8.2295	4.9471	15.249	8.3978	5.4296	
1577	15.212	8.2279	4.9449	15.217	8.3749	5.4756	
1578	15.211	8.2262	4.9426	15.237	8.4288	5.4607	
1579	15.21	8.2246	4.9403	15.228	8.4205	5.4795	
1580	15.209	8.2229	4.938	15.239	8.3869	5.4487	
1581	15.208	8.2213	4.9358	15.234	8.4189	5.4105	
1582	15.207	8.2197	4.9335	15.257	8.4008	5.48	
1583	15.206	8.218	4.9312	15.226	8.4345	5.4544	
1584	15.205	8.2164	4.929	15.259	8.3606	5.4227	
1585	15.204	8.2148	4.9267	15.244	8.4289	5.4566	
1586	15.203	8.2131	4.9245	15.233	8.3734	5.502	
1587	15.203	8.2115	4.9222	15.238	8.4237	5.4611	
1588	15.202	8.2099	4.92	15.245	8.3774	5.3926	
1589	15.201	8.2083	4.9177	15.215	8.3875	5.4566	
1590	15.2	8.2067	4.9155	15.228	8.3519	5.4219	
1591	15.199	8.2051	4.9133	15.219	8.3652	5.442	
1592	15.198	8.2035	4.911	15.22	8.4063	5.4059	
1593	15.197	8.2019	4.9088	15.242	8.3902	5.4055	
1594	15.196	8.2003	4.9066	15.227	8.3533	5.4718	
1595	15.195	8.1987	4.9043	15.251	8.3693	5.388	
1596	15.194	8.1971	4.9021	15.218	8.396	5.4089	
1597	15.194	8.1955	4.8999	15.224	8.3787	5.4234	
1598	15.193	8.1939	4.8977	15.233	8.3674	5.3693	
1599	15.192	8.1924	4.8955	15.229	8.3583	5.4027	
1600	15.191	8.1908	4.8933	15.215	8.372	5.3582	
1601	15.19	8.1892	4.8911	15.245	8.3609	5.4297	
1602	15.189	8.1876	4.8889	15.238	8.3485	5.3855	
1603	15.188	8.186	4.8867	15.243	8.3307	5.3756	
1604	15.187	8.1845	4.8845	15.231	8.3665	5.3766	
1605	15.186	8.1829	4.8823	15.219	8.355	5.4195	
1606	15.185	8.1813	4.8801	15.218	8.3515	5.381	
1607	15.185	8.1798	4.8779	15.236	8.3546	5.3807	
1608	15.184	8.1782	4.8757	15.198	8.3743	5.3834	
1609	15.183	8.1766	4.8736	15.209	8.3542	5.3865	
1610	15.182	8.1751	4.8714	15.217	8.3669	5.3679	
1611	15.181	8.1735	4.8692	15.223	8.3448	5.3933	
1612	15.18	8.172	4.8671	15.243	8.3307	5.3638	
1613	15.179	8.1704	4.8649	15.178	8.3644	5.3728	
1614	15.178	8.1689	4.8627	15.202	8.361	5.4227	
1615	15.178	8.1674	4.8606	15.227	8.3397	5.3958	
1616	15.177	8.1658	4.8584	15.22	8.3127	5.3666	
1617	15.176	8.1643	4.8563	15.246	8.3553	5.3936	
1618	15.175	8.1628	4.8541	15.226	8.3236	5.3726	
1619	15.174	8.1612	4.852	15.199	8.3466	5.3731	
1620	15.173	8.1597	4.8498	15.181	8.3603	5.3781	
1621	15.172	8.1582	4.8477	15.208	8.3253	5.3494	
1622	15.172	8.1567	4.8456	15.178	8.3112	5.3902	
1623	15.171	8.1552	4.8434	15.171	8.3181	5.3343	
1624	15.17	8.1536	4.8413	15.213	8.3478	5.3601	
1625	15.169	8.1521	4.8392	15.221	8.3268	5.3138	
1626	15.168	8.1506	4.8371	15.189	8.3195	5.3457	
1627	15.167	8.1491	4.8349	15.194	8.2845	5.3273	
1628	15.166	8.1476	4.8328	15.187	8.3499	5.3401	
1629	15.166	8.1461	4.8307	15.19	8.342	5.3735	
1630	15.165	8.1445	4.8286	15.179	8.3391	5.3371	
1631	15.164	8.143	4.8265	15.173	8.3154	5.3855	
1632	15.163	8.1415	4.8244	15.186	8.35	5.3166	
1633	15.162	8.1401	4.8223	15.203	8.3497	5.3381	
1634	15.161	8.1386	4.8202	15.171	8.297	5.3258	
1635	15.161	8.1371	4.8181	15.194	8.3312	5.3287	
1636	15.16	8.1356	4.816	15.188	8.3212	5.3036	
1637	15.159	8.1341	4.8139	15.199	8.3059	5.3668	
1638	15.158	8.1327	4.8118	15.222	8.2801	5.3259	
1639	15.157	8.1312	4.8098	15.182	8.3194	5.2974	
1640	15.156	8.1297	4.8077	15.173	8.2818	5.3281	
1641	15.156	8.1283	4.8056	15.175	8.354	5.2891	
1642	15.155	8.1268	4.8035	15.205	8.2703	5.335	
1643	15.154	8.1253	4.8015	15.19	8.3112	5.2849	
1644	15.153	8.1238	4.7994	15.187	8.2906	5.3078	
1645	15.152	8.1224	4.7973	15.188	8.2927	5.329	
1646	15.151	8.1209	4.7953	15.208	8.31	5.2496	
1647	15.151	8.1195	4.7932	15.15	8.3281	5.3322	
1648	15.15	8.118	4.7912	15.196	8.214	5.2562	
1649	15.149	8.1165	4.7891	15.203	8.3041	5.32	
1650	15.148	8.1151	4.7871	15.183	8.3097	5.3172	
1651	15.147	8.1136	4.785	15.183	8.2823	5.2789	
1652	15.147	8.1122	4.783	15.167	8.2903	5.2806	
1653	15.146	8.1107	4.781	15.222	8.273	5.3132	
1654	15.145	8.1093	4.7789	15.187	8.2721	5.3	
1655	15.144	8.1079	4.7769	15.181	8.3124	5.2674	
1656	15.143	8.1064	4.7749	15.178	8.2858	5.2886	
1657	15.143	8.105	4.7728	15.182	8.2736	5.2715	
1658	15.142	8.1036	4.7708	15.168	8.2909	5.2684	
1659	15.141	8.1022	4.7688	15.198	8.2389	5.2994	
1660	15.14	8.1007	4.7668	15.134	8.2013	5.3163	
1661	15.139	8.0993	4.7648	15.18	8.22	5.277	
1662	15.139	8.0979	4.7627	15.141	8.2754	5.2561	
1663	15.138	8.0965	4.7607	15.16	8.3068	5.3083	
1664	15.137	8.0951	4.7587	15.139	8.2076	5.1903	
1665	15.136	8.0937	4.7567	15.134	8.2768	5.2901	
1666	15.135	8.0922	4.7547	15.203	8.2376	5.2267	
1667	15.135	8.0908	4.7527	15.116	8.178	5.2636	
1668	15.134	8.0894	4.7507	15.094	8.2587	5.2816	
1669	15.133	8.088	4.7487	15.177	8.2221	5.1642	
1670	15.132	8.0866	4.7468	15.177	8.3188	5.28	
1671	15.131	8.0852	4.7448	15.144	8.2985	5.1962	
1672	15.131	8.0838	4.7428	15.205	8.2434	5.1552	
1673	15.13	8.0824	4.7408	15.194	8.2671	5.2595	
1674	15.129	8.081	4.7389	15.196	8.273	5.2443	
1675	15.128	8.0796	4.7369	15.123	8.1082	5.2754	
1676	15.128	8.0782	4.7349	15.177	8.2951	5.2414	
1677	15.127	8.0768	4.7329	15.141	8.2686	5.3115	
1678	15.126	8.0755	4.731	15.131	8.1656	5.2901	
1679	15.125	8.0741	4.729	15.153	8.2106	5.2576	
1680	15.124	8.0727	4.727	15.136	8.2649	5.3272	
1681	15.124	8.0713	4.7251	15.15	8.3289	5.2473	
1682	15.123	8.07	4.7231	15.105	8.2398	5.2015	
1683	15.122	8.0686	4.7212	15.132	8.2922	5.1972	
1684	15.121	8.0672	4.7192	15.112	8.2552	5.3479	
1685	15.121	8.0659	4.7173	15.14	8.0623	5.0309	
1686	15.12	8.0645	4.7153	15.254	8.287	5.2897	
1687	15.119	8.0632	4.7134	15.066	8.3556	5.4453	
1688	15.118	8.0618	4.7115	15.075	8.27	5.2045	
1689	15.118	8.0604	4.7095	15.151	8.2085	5.0922	
1690	15.117	8.0591	4.7076	15.044	8.425	5.2279	
1691	15.116	8.0577	4.7057	15.226	8.1621	5.1941	
1692	15.115	8.0564	4.7038	15.228	8.4692	5.2754	
1693	15.115	8.055	4.7018	14.99	8.3545	5.5722	
1694	15.114	8.0537	4.6999	14.9	8.082	5.2263	
1695	15.113	8.0523	4.698	15.192	8.4939	5.4261	
1696	15.112	8.051	4.6961	15.082	8.2301	5.4347	
1697	15.112	8.0496	4.6942	15.142	8.3357	5.437	
1698	15.111	8.0483	4.6923	14.719	8.2576	4.9981	
1699	15.11	8.0469	4.6904	14.916	8.6842	5.3629	
1700	15.109	8.0456	4.6885	14.932	8.1696	5.1826	
