	65	70	75	65	70	75	
300	39.889	39.799	40.218	37.511	37.209	37.514	
301	39.742	39.649	40.08	37.295	36.907	37.453	
302	39.603	39.507	39.948	37.087	36.772	37.279	
303	39.468	39.369	39.822	37.019	36.553	37.024	
304	39.339	39.238	39.7	36.99	36.489	37.052	
305	39.216	39.111	39.582	36.884	36.423	36.867	
306	39.097	38.989	39.469	36.614	36.185	36.77	
307	38.982	38.872	39.359	36.511	36.277	36.641	
308	38.872	38.758	39.253	36.334	36.128	36.541	
309	38.765	38.647	39.15	36.365	35.959	36.377	
310	38.661	38.54	39.049	36.171	35.873	36.379	
311	38.561	38.436	38.952	36.159	35.715	36.319	
312	38.463	38.335	38.856	36.209	35.719	36.207	
313	38.368	38.236	38.762	35.89	35.526	36.139	
314	38.276	38.139	38.67	35.955	35.547	35.953	
315	38.186	38.045	38.581	35.892	35.364	35.909	
316	38.098	37.952	38.492	35.798	35.418	35.815	
317	38.012	37.862	38.405	35.661	35.298	35.754	
318	37.928	37.773	38.32	35.561	35.153	35.59	
319	37.846	37.686	38.236	35.518	35.053	35.611	
320	37.766	37.6	38.153	35.535	35.035	35.459	
321	37.687	37.516	38.071	35.427	34.977	35.375	
322	37.61	37.433	37.99	35.393	34.901	35.332	
323	37.535	37.352	37.911	35.355	34.78	35.278	
324	37.461	37.272	37.832	35.23	34.786	35.152	
325	37.389	37.194	37.755	35.241	34.578	35.091	
326	37.318	37.117	37.679	35.155	34.568	35.032	
327	37.249	37.041	37.603	35.062	34.546	34.927	
328	37.182	36.967	37.529	35.028	34.498	34.847	
329	37.115	36.894	37.456	34.999	34.432	34.774	
330	37.051	36.822	37.384	35.011	34.459	34.767	
331	36.988	36.752	37.313	34.888	34.365	34.712	
332	36.927	36.683	37.243	34.842	34.23	34.555	
333	36.867	36.616	37.174	34.885	34.182	34.577	
334	36.809	36.55	37.107	34.798	34.161	34.525	
335	36.753	36.486	37.041	34.731	34.097	34.447	
336	36.698	36.424	36.976	34.609	34.041	34.358	
337	36.646	36.364	36.913	34.687	34.006	34.353	
338	36.595	36.305	36.851	34.632	33.962	34.303	
339	36.546	36.248	36.791	34.529	33.832	34.23	
340	36.5	36.193	36.732	34.579	33.724	34.179	
341	36.455	36.14	36.674	34.486	33.766	34.165	
342	36.413	36.089	36.619	34.466	33.725	34.1	
343	36.373	36.04	36.565	34.549	33.733	34.023	
344	36.335	35.993	36.513	34.521	33.702	33.95	
345	36.3	35.949	36.462	34.424	33.661	33.933	
346	36.268	35.907	36.414	34.455	33.622	33.892	
347	36.238	35.868	36.368	34.458	33.593	33.865	
348	36.211	35.831	36.324	34.377	33.616	33.812	
349	36.188	35.798	36.282	34.389	33.625	33.81	
350	36.167	35.768	36.243	34.388	33.625	33.767	
351	36.151	35.741	36.207	34.35	33.524	33.743	
352	36.139	35.718	36.174	34.396	33.574	33.8	
353	36.131	35.699	36.144	34.351	33.52	33.614	
354	36.127	35.684	36.117	34.458	33.583	33.722	
355	36.128	35.672	36.092	34.599	33.444	33.575	
356	36.132	35.664	36.069	34.579	33.535	33.58	
357	36.139	35.657	36.046	34.514	33.694	33.653	
358	36.148	35.651	36.023	34.45	33.599	33.561	
359	36.155	35.642	35.995	34.557	33.626	33.604	
360	36.159	35.628	35.96	34.568	33.602	33.533	
361	36.157	35.606	35.915	34.519	33.534	33.614	
362	36.144	35.571	35.857	34.468	33.471	33.318	
363	36.118	35.521	35.782	34.502	33.373	33.27	
364	36.077	35.454	35.689	34.485	33.406	33.141	
365	36.019	35.367	35.576	34.48	33.239	33.257	
366	35.942	35.26	35.442	34.43	33.18	32.916	
367	35.847	35.133	35.288	34.217	33.026	32.627	
368	35.734	34.987	35.114	34.2	33.006	32.484	
369	35.603	34.821	34.922	34.034	32.568	32.257	
370	35.456	34.638	34.713	33.841	32.395	31.955	
371	35.297	34.443	34.492	33.737	32.227	31.762	
372	35.128	34.238	34.262	33.555	32.089	31.437	
373	34.952	34.025	34.026	33.39	31.779	31.262	
374	34.769	33.806	33.785	33.076	31.523	30.992	
375	34.583	33.585	33.542	32.972	31.289	30.557	
376	34.395	33.361	33.298	32.744	31.026	30.281	
377	34.206	33.138	33.056	32.512	30.758	29.935	
378	34.017	32.915	32.815	32.361	30.452	29.755	
379	33.83	32.696	32.579	32.152	30.302	29.525	
380	33.644	32.479	32.347	31.847	30.094	29.22	
381	33.461	32.266	32.118	31.78	29.805	28.874	
382	33.28	32.055	31.894	31.618	29.702	28.718	
383	33.102	31.848	31.674	31.407	29.37	28.494	
384	32.927	31.645	31.459	31.178	29.194	28.195	
385	32.756	31.446	31.25	31.074	29.021	28.069	
386	32.588	31.253	31.047	30.864	28.789	27.848	
387	32.424	31.064	30.848	30.652	28.633	27.637	
388	32.264	30.88	30.655	30.583	28.41	27.476	
389	32.107	30.699	30.467	30.461	28.307	27.256	
390	31.954	30.523	30.284	30.26	28.108	27.05	
391	31.806	30.354	30.107	30.191	27.915	26.895	
392	31.662	30.189	29.936	29.981	27.735	26.665	
393	31.521	30.028	29.77	29.878	27.587	26.582	
394	31.384	29.872	29.609	29.682	27.397	26.4	
395	31.251	29.719	29.451	29.63	27.355	26.298	
396	31.123	29.572	29.3	29.422	27.142	26.077	
397	30.998	29.43	29.153	29.335	27.036	25.925	
398	30.876	29.291	29.01	29.275	26.882	25.776	
399	30.758	29.155	28.87	29.093	26.69	25.637	
400	30.642	29.022	28.733	29.072	26.6	25.423	
401	30.53	28.894	28.602	28.922	26.451	25.337	
402	30.421	28.769	28.472	28.768	26.379	25.181	
403	30.314	28.646	28.345	28.682	26.196	25.041	
404	30.209	28.525	28.22	28.573	26.143	24.894	
405	30.107	28.408	28.098	28.511	25.929	24.83	
406	30.007	28.292	27.979	28.418	25.831	24.647	
407	29.908	28.178	27.861	28.306	25.691	24.585	
408	29.811	28.066	27.744	28.204	25.67	24.441	
409	29.716	27.956	27.629	28.091	25.533	24.21	
410	29.623	27.847	27.516	28.031	25.423	24.179	
411	29.531	27.74	27.405	27.868	25.362	24.088	
412	29.439	27.634	27.294	27.819	25.199	23.977	
413	29.35	27.53	27.185	27.751	25.068	23.815	
414	29.262	27.426	27.077	27.647	25.046	23.779	
415	29.174	27.324	26.97	27.567	24.906	23.666	
416	29.088	27.223	26.864	27.436	24.81	23.564	
417	29.002	27.123	26.76	27.395	24.667	23.442	
418	28.918	27.025	26.656	27.242	24.576	23.314	
419	28.834	26.926	26.553	27.24	24.539	23.278	
420	28.752	26.83	26.452	27.177	24.391	23.051	
421	28.67	26.734	26.351	26.993	24.277	23.05	
422	28.589	26.639	26.251	27.016	24.164	22.99	
423	28.51	26.545	26.152	26.934	24.088	22.879	
424	28.431	26.452	26.055	26.867	24.049	22.714	
425	28.352	26.359	25.958	26.755	23.89	22.644	
426	28.274	26.268	25.861	26.651	23.86	22.58	
427	28.198	26.177	25.766	26.553	23.755	22.538	
428	28.122	26.088	25.672	26.479	23.663	22.372	
429	28.046	25.998	25.578	26.519	23.569	22.282	
430	27.972	25.911	25.486	26.369	23.426	22.284	
431	27.898	25.823	25.394	26.264	23.503	22.162	
432	27.825	25.736	25.302	26.276	23.311	21.984	
433	27.753	25.651	25.212	26.141	23.339	21.941	
434	27.681	25.566	25.123	26.086	23.175	21.795	
435	27.61	25.481	25.034	26.006	23.033	21.804	
436	27.539	25.398	24.946	25.973	22.899	21.543	
437	27.47	25.315	24.859	25.893	22.922	21.617	
438	27.4	25.233	24.773	25.872	22.893	21.469	
439	27.332	25.152	24.687	25.71	22.818	21.435	
440	27.264	25.071	24.602	25.695	22.639	21.343	
441	27.197	24.991	24.518	25.63	22.648	21.261	
442	27.13	24.912	24.435	25.588	22.648	21.104	
443	27.064	24.833	24.352	25.507	22.442	21.184	
444	26.999	24.755	24.27	25.556	22.424	20.985	
445	26.934	24.678	24.189	25.392	22.277	20.91	
446	26.87	24.601	24.108	25.234	22.293	20.863	
447	26.806	24.526	24.028	25.292	22.112	20.749	
448	26.743	24.45	23.949	25.195	22.141	20.723	
449	26.681	24.376	23.871	25.183	22.026	20.627	
450	26.619	24.302	23.793	25.118	21.916	20.654	
451	26.557	24.228	23.716	25.118	21.857	20.554	
452	26.497	24.156	23.639	25.026	21.784	20.444	
453	26.436	24.084	23.563	24.922	21.755	20.443	
454	26.376	24.012	23.488	24.835	21.684	20.273	
455	26.317	23.941	23.414	24.769	21.671	20.279	
456	26.258	23.871	23.34	24.72	21.58	20.095	
457	26.2	23.801	23.266	24.709	21.546	20.092	
458	26.143	23.732	23.194	24.66	21.441	20.062	
459	26.086	23.663	23.121	24.663	21.481	19.975	
460	26.029	23.596	23.05	24.545	21.331	19.906	
461	25.973	23.528	22.979	24.62	21.233	19.818	
462	25.917	23.461	22.909	24.431	21.183	19.772	
463	25.862	23.395	22.839	24.46	21.21	19.722	
464	25.807	23.329	22.77	24.327	21.031	19.609	
465	25.753	23.264	22.701	24.36	21.017	19.608	
466	25.7	23.199	22.633	24.267	20.954	19.454	
467	25.646	23.135	22.566	24.206	20.854	19.484	
468	25.593	23.071	22.499	24.17	20.799	19.396	
469	25.541	23.008	22.432	24.092	20.77	19.34	
470	25.489	22.946	22.366	24.061	20.699	19.193	
471	25.438	22.884	22.301	24.012	20.652	19.217	
472	25.387	22.822	22.236	23.934	20.679	19.142	
473	25.336	22.761	22.172	23.947	20.517	19.035	
474	25.286	22.7	22.108	23.908	20.509	19.076	
475	25.237	22.64	22.045	23.846	20.472	18.955	
476	25.188	22.58	21.982	23.824	20.439	18.928	
477	25.139	22.521	21.919	23.74	20.279	18.806	
478	25.09	22.463	21.858	23.684	20.28	18.775	
479	25.042	22.404	21.796	23.667	20.197	18.72	
480	24.995	22.346	21.735	23.599	20.142	18.638	
481	24.947	22.289	21.675	23.572	20.093	18.615	
482	24.901	22.232	21.615	23.495	20.1	18.561	
483	24.854	22.175	21.555	23.543	20.037	18.524	
484	24.808	22.119	21.496	23.447	19.952	18.437	
485	24.763	22.064	21.437	23.405	19.904	18.479	
486	24.717	22.008	21.379	23.388	19.787	18.36	
487	24.672	21.954	21.321	23.308	19.783	18.254	
488	24.628	21.899	21.264	23.318	19.714	18.213	
489	24.584	21.845	21.207	23.228	19.691	18.178	
490	24.54	21.792	21.15	23.239	19.606	18.185	
491	24.496	21.738	21.094	23.162	19.598	18.078	
492	24.453	21.685	21.038	23.125	19.513	18.036	
493	24.41	21.633	20.983	23.098	19.505	17.975	
494	24.368	21.581	20.927	23.049	19.475	17.976	
495	24.326	21.529	20.873	23.039	19.452	17.877	
496	24.284	21.478	20.818	22.991	19.38	17.876	
497	24.243	21.427	20.764	22.952	19.303	17.874	
498	24.201	21.376	20.711	22.922	19.281	17.787	
499	24.161	21.326	20.658	22.888	19.204	17.73	
500	24.12	21.276	20.605	22.873	19.164	17.653	
501	24.08	21.227	20.552	22.799	19.155	17.607	
502	24.04	21.177	20.5	22.748	19.072	17.553	
503	24.001	21.129	20.448	22.745	19.08	17.515	
504	23.961	21.08	20.396	22.67	18.989	17.461	
505	23.922	21.032	20.345	22.66	18.966	17.426	
506	23.883	20.984	20.294	22.59	18.9	17.357	
507	23.845	20.936	20.244	22.573	18.858	17.36	
508	23.807	20.889	20.193	22.544	18.831	17.264	
509	23.769	20.842	20.144	22.54	18.784	17.234	
510	23.732	20.795	20.094	22.464	18.744	17.185	
511	23.694	20.749	20.044	22.441	18.672	17.172	
512	23.657	20.703	19.995	22.411	18.653	17.095	
513	23.621	20.657	19.947	22.38	18.604	17.039	
514	23.584	20.612	19.898	22.329	18.581	17.008	
515	23.548	20.566	19.85	22.323	18.521	16.956	
516	23.512	20.521	19.802	22.272	18.488	16.925	
517	23.476	20.477	19.754	22.233	18.453	16.889	
518	23.441	20.433	19.707	22.213	18.429	16.8	
519	23.405	20.388	19.66	22.156	18.383	16.8	
520	23.37	20.345	19.613	22.155	18.329	16.783	
521	23.336	20.301	19.566	22.107	18.281	16.705	
522	23.301	20.258	19.52	22.082	18.236	16.682	
523	23.267	20.215	19.474	22.044	18.197	16.633	
524	23.233	20.172	19.428	22.008	18.175	16.576	
525	23.199	20.129	19.383	21.973	18.11	16.541	
526	23.165	20.087	19.338	21.948	18.101	16.479	
527	23.132	20.045	19.292	21.919	18.041	16.467	
528	23.099	20.003	19.248	21.871	18.015	16.444	
529	23.066	19.962	19.203	21.848	17.935	16.346	
530	23.033	19.92	19.159	21.807	17.963	16.332	
531	23.001	19.879	19.115	21.787	17.894	16.282	
532	22.968	19.838	19.071	21.792	17.872	16.249	
533	22.936	19.798	19.027	21.715	17.836	16.21	
534	22.905	19.757	18.984	21.688	17.765	16.173	
535	22.873	19.717	18.941	21.675	17.736	16.118	
536	22.841	19.677	18.898	21.642	17.728	16.071	
537	22.81	19.638	18.855	21.635	17.67	16.051	
538	22.779	19.598	18.812	21.595	17.649	16.008	
539	22.748	19.559	18.77	21.569	17.626	15.99	
540	22.717	19.52	18.728	21.55	17.587	15.938	
541	22.687	19.481	18.686	21.51	17.537	15.923	
542	22.657	19.442	18.644	21.482	17.509	15.858	
543	22.626	19.404	18.603	21.476	17.461	15.814	
544	22.596	19.366	18.562	21.431	17.422	15.773	
545	22.567	19.328	18.521	21.41	17.437	15.761	
546	22.537	19.29	18.48	21.352	17.352	15.71	
547	22.508	19.252	18.439	21.367	17.317	15.707	
548	22.478	19.215	18.398	21.329	17.285	15.648	
549	22.449	19.177	18.358	21.326	17.238	15.622	
550	22.42	19.14	18.318	21.261	17.228	15.591	
551	22.392	19.103	18.278	21.239	17.193	15.54	
552	22.363	19.067	18.239	21.241	17.157	15.508	
553	22.335	19.03	18.199	21.207	17.129	15.477	
554	22.307	18.994	18.16	21.168	17.077	15.44	
555	22.279	18.958	18.121	21.16	17.056	15.395	
556	22.251	18.922	18.082	21.131	17.016	15.362	
557	22.223	18.886	18.043	21.103	16.947	15.317	
558	22.195	18.851	18.004	21.084	16.962	15.3	
559	22.168	18.815	17.966	21.046	16.928	15.278	
560	22.141	18.78	17.928	21.019	16.886	15.228	
561	22.114	18.745	17.89	21.007	16.84	15.186	
562	22.087	18.71	17.852	21	16.812	15.184	
563	22.06	18.676	17.814	20.961	16.801	15.133	
564	22.033	18.641	17.777	20.944	16.75	15.126	
565	22.007	18.607	17.739	20.9	16.721	15.064	
566	21.98	18.573	17.702	20.879	16.684	15.074	
567	21.954	18.539	17.665	20.845	16.66	15.01	
568	21.928	18.505	17.628	20.818	16.626	14.969	
569	21.902	18.471	17.592	20.805	16.591	14.939	
570	21.877	18.438	17.555	20.791	16.566	14.891	
571	21.851	18.405	17.519	20.756	16.54	14.877	
572	21.826	18.371	17.483	20.734	16.528	14.866	
573	21.8	18.338	17.447	20.719	16.489	14.815	
574	21.775	18.305	17.411	20.685	16.473	14.755	
575	21.75	18.273	17.375	20.662	16.434	14.74	
576	21.725	18.24	17.34	20.631	16.404	14.719	
577	21.7	18.208	17.304	20.644	16.385	14.694	
578	21.676	18.176	17.269	20.618	16.331	14.681	
579	21.651	18.144	17.234	20.576	16.316	14.62	
580	21.627	18.112	17.199	20.577	16.277	14.621	
581	21.603	18.08	17.165	20.535	16.251	14.584	
582	21.578	18.048	17.13	20.524	16.22	14.522	
583	21.554	18.017	17.096	20.504	16.18	14.507	
584	21.531	17.985	17.061	20.492	16.17	14.517	
585	21.507	17.954	17.027	20.442	16.155	14.449	
586	21.483	17.923	16.993	20.431	16.123	14.417	
587	21.46	17.892	16.959	20.436	16.098	14.362	
588	21.436	17.862	16.926	20.408	16.07	14.357	
589	21.413	17.831	16.892	20.364	16.041	14.332	
590	21.39	17.801	16.859	20.345	16.005	14.287	
591	21.367	17.77	16.825	20.333	15.99	14.25	
592	21.344	17.74	16.792	20.31	15.918	14.221	
593	21.321	17.71	16.759	20.296	15.969	14.198	
594	21.299	17.68	16.727	20.283	15.892	14.209	
595	21.276	17.65	16.694	20.24	15.88	14.155	
596	21.254	17.621	16.661	20.22	15.879	14.124	
597	21.232	17.591	16.629	20.21	15.839	14.089	
598	21.209	17.562	16.597	20.202	15.8	14.07	
599	21.187	17.532	16.564	20.184	15.748	14.033	
600	21.165	17.503	16.532	20.146	15.774	14.024	
601	21.144	17.474	16.501	20.111	15.734	13.982	
602	21.122	17.445	16.469	20.089	15.676	13.946	
603	21.1	17.417	16.437	20.073	15.681	13.918	
604	21.079	17.388	16.406	20.062	15.645	13.915	
605	21.057	17.36	16.374	20.041	15.608	13.859	
606	21.036	17.331	16.343	20.03	15.616	13.815	
607	21.015	17.303	16.312	19.998	15.592	13.779	
608	20.994	17.275	16.281	20.014	15.535	13.804	
609	20.973	17.247	16.25	19.982	15.547	13.748	
610	20.952	17.219	16.219	19.959	15.505	13.733	
611	20.931	17.191	16.189	19.939	15.468	13.708	
612	20.911	17.164	16.158	19.937	15.48	13.705	
613	20.89	17.136	16.128	19.905	15.44	13.625	
614	20.87	17.109	16.098	19.873	15.416	13.633	
615	20.849	17.082	16.068	19.872	15.373	13.599	
616	20.829	17.055	16.038	19.848	15.366	13.567	
617	20.809	17.027	16.008	19.833	15.339	13.548	
618	20.789	17.001	15.978	19.81	15.324	13.544	
619	20.769	16.974	15.949	19.793	15.289	13.484	
620	20.749	16.947	15.919	19.769	15.26	13.464	
621	20.729	16.921	15.89	19.744	15.245	13.463	
622	20.71	16.894	15.86	19.758	15.223	13.435	
623	20.69	16.868	15.831	19.727	15.19	13.375	
624	20.671	16.841	15.802	19.705	15.17	13.372	
625	20.651	16.815	15.773	19.678	15.168	13.392	
626	20.632	16.789	15.744	19.681	15.12	13.311	
627	20.613	16.763	15.716	19.667	15.098	13.304	
628	20.594	16.738	15.687	19.638	15.06	13.283	
629	20.575	16.712	15.659	19.635	15.075	13.294	
630	20.556	16.686	15.63	19.57	15.013	13.233	
631	20.537	16.661	15.602	19.565	15.066	13.236	
632	20.518	16.636	15.574	19.575	15.011	13.141	
633	20.499	16.61	15.546	19.564	14.965	13.12	
634	20.481	16.585	15.518	19.51	14.954	13.069	
635	20.462	16.56	15.49	19.493	14.942	13.106	
636	20.444	16.535	15.463	19.49	14.951	13.106	
637	20.426	16.51	15.435	19.498	14.872	13.056	
638	20.407	16.486	15.408	19.454	14.846	13.046	
639	20.389	16.461	15.38	19.459	14.818	13.027	
640	20.371	16.436	15.353	19.425	14.799	13.018	
641	20.353	16.412	15.326	19.452	14.778	12.939	
642	20.335	16.388	15.299	19.402	14.772	12.986	
643	20.318	16.363	15.272	19.387	14.721	12.945	
644	20.3	16.339	15.245	19.404	14.727	12.899	
645	20.282	16.315	15.218	19.385	14.71	12.869	
646	20.265	16.291	15.191	19.341	14.67	12.857	
647	20.247	16.267	15.165	19.34	14.697	12.832	
648	20.23	16.244	15.138	19.298	14.644	12.833	
649	20.213	16.22	15.112	19.29	14.633	12.793	
650	20.195	16.196	15.086	19.268	14.571	12.757	
651	20.178	16.173	15.06	19.249	14.593	12.771	
652	20.161	16.149	15.034	19.245	14.544	12.718	
653	20.144	16.126	15.008	19.224	14.556	12.69	
654	20.127	16.103	14.982	19.213	14.505	12.636	
655	20.11	16.08	14.956	19.188	14.528	12.643	
656	20.094	16.057	14.93	19.173	14.551	12.655	
657	20.077	16.034	14.905	19.182	14.495	12.58	
658	20.06	16.011	14.879	19.145	14.451	12.585	
659	20.044	15.988	14.854	19.135	14.393	12.576	
660	20.027	15.966	14.828	19.131	14.406	12.557	
661	20.011	15.943	14.803	19.149	14.366	12.521	
662	19.995	15.921	14.778	19.141	14.38	12.487	
663	19.978	15.898	14.753	19.085	14.354	12.478	
664	19.962	15.876	14.728	19.067	14.358	12.46	
665	19.946	15.854	14.703	19.05	14.329	12.422	
666	19.93	15.832	14.679	19.037	14.283	12.4	
667	19.914	15.81	14.654	19.049	14.264	12.403	
668	19.898	15.788	14.629	19.03	14.28	12.379	
669	19.882	15.766	14.605	19.015	14.24	12.357	
670	19.867	15.744	14.581	18.996	14.227	12.341	
671	19.851	15.722	14.556	18.983	14.189	12.272	
672	19.835	15.701	14.532	18.968	14.151	12.307	
673	19.82	15.679	14.508	18.924	14.153	12.286	
674	19.804	15.658	14.484	18.939	14.161	12.278	
675	19.789	15.636	14.46	18.916	14.153	12.296	
676	19.774	15.615	14.436	18.918	14.072	12.203	
677	19.758	15.594	14.412	18.905	14.111	12.199	
678	19.743	15.573	14.389	18.877	14.073	12.219	
679	19.728	15.552	14.365	18.874	14.028	12.143	
680	19.713	15.531	14.341	18.865	14.013	12.153	
681	19.698	15.51	14.318	18.846	13.999	12.088	
682	19.683	15.489	14.295	18.845	14.005	12.109	
683	19.668	15.468	14.271	18.808	13.954	12.072	
684	19.653	15.448	14.248	18.784	13.945	12.093	
685	19.639	15.427	14.225	18.793	13.961	12.052	
686	19.624	15.407	14.202	18.775	13.924	12.002	
687	19.609	15.386	14.179	18.777	13.89	11.991	
688	19.595	15.366	14.156	18.772	13.868	11.962	
689	19.58	15.346	14.133	18.761	13.903	11.957	
690	19.566	15.325	14.111	18.716	13.875	11.965	
691	19.551	15.305	14.088	18.724	13.843	11.91	
692	19.537	15.285	14.066	18.709	13.782	11.94	
693	19.523	15.265	14.043	18.696	13.781	11.891	
694	19.509	15.245	14.021	18.682	13.775	11.898	
695	19.495	15.226	13.998	18.653	13.738	11.859	
696	19.48	15.206	13.976	18.654	13.704	11.854	
697	19.466	15.186	13.954	18.647	13.742	11.818	
698	19.453	15.167	13.932	18.656	13.697	11.76	
699	19.439	15.147	13.91	18.615	13.678	11.745	
700	19.425	15.128	13.888	18.603	13.714	11.763	
701	19.411	15.108	13.866	18.616	13.601	11.754	
702	19.397	15.089	13.844	18.605	13.677	11.742	
703	19.384	15.07	13.823	18.55	13.664	11.695	
704	19.37	15.051	13.801	18.548	13.616	11.689	
705	19.357	15.031	13.779	18.593	13.586	11.663	
706	19.343	15.012	13.758	18.539	13.595	11.627	
707	19.33	14.993	13.736	18.519	13.587	11.625	
708	19.316	14.975	13.715	18.499	13.513	11.634	
709	19.303	14.956	13.694	18.52	13.555	11.58	
710	19.29	14.937	13.673	18.509	13.487	11.628	
711	19.276	14.918	13.652	18.491	13.491	11.511	
712	19.263	14.9	13.63	18.46	13.43	11.505	
713	19.25	14.881	13.61	18.443	13.501	11.532	
714	19.237	14.863	13.589	18.434	13.419	11.487	
715	19.224	14.844	13.568	18.397	13.433	11.469	
716	19.211	14.826	13.547	18.418	13.356	11.374	
717	19.198	14.808	13.526	18.408	13.398	11.468	
718	19.185	14.789	13.506	18.389	13.347	11.371	
719	19.173	14.771	13.485	18.416	13.365	11.461	
720	19.16	14.753	13.465	18.332	13.336	11.414	
721	19.147	14.735	13.444	18.377	13.311	11.389	
722	19.135	14.717	13.424	18.373	13.341	11.365	
723	19.122	14.699	13.404	18.316	13.339	11.362	
724	19.11	14.681	13.383	18.348	13.267	11.357	
725	19.097	14.664	13.363	18.293	13.366	11.278	
726	19.085	14.646	13.343	18.343	13.2	11.279	
727	19.072	14.628	13.323	18.3	13.25	11.255	
728	19.06	14.611	13.303	18.318	13.194	11.255	
729	19.048	14.593	13.283	18.272	13.178	11.254	
730	19.035	14.576	13.263	18.26	13.183	11.173	
731	19.023	14.558	13.244	18.22	13.167	11.208	
732	19.011	14.541	13.224	18.247	13.116	11.197	
733	18.999	14.524	13.204	18.236	13.152	11.165	
734	18.987	14.506	13.185	18.263	13.117	11.143	
735	18.975	14.489	13.165	18.212	13.131	11.119	
736	18.963	14.472	13.146	18.211	13.114	11.12	
737	18.951	14.455	13.126	18.221	13.084	11.153	
738	18.939	14.438	13.107	18.175	13.091	11.076	
739	18.928	14.421	13.088	18.168	13.067	11.094	
740	18.916	14.404	13.069	18.198	13.06	11.074	
741	18.904	14.388	13.049	18.146	13.012	11.072	
742	18.892	14.371	13.03	18.159	13.021	11.016	
743	18.881	14.354	13.011	18.16	13.027	10.987	
744	18.869	14.337	12.992	18.128	13	11.023	
745	18.858	14.321	12.974	18.098	13.023	11.013	
746	18.846	14.304	12.955	18.113	12.97	10.981	
747	18.835	14.288	12.936	18.112	13.001	10.944	
748	18.823	14.271	12.917	18.09	12.967	10.93	
749	18.812	14.255	12.899	18.087	12.928	10.902	
750	18.801	14.239	12.88	18.026	12.909	10.938	
751	18.79	14.223	12.861	18.064	12.892	10.873	
752	18.778	14.206	12.843	18.016	12.923	10.846	
753	18.767	14.19	12.825	18.042	12.881	10.845	
754	18.756	14.174	12.806	18.033	12.862	10.87	
755	18.745	14.158	12.788	17.998	12.896	10.794	
756	18.734	14.142	12.77	18.017	12.83	10.84	
757	18.723	14.126	12.751	18.016	12.778	10.837	
758	18.712	14.11	12.733	17.993	12.814	10.794	
759	18.701	14.095	12.715	17.991	12.817	10.766	
760	18.69	14.079	12.697	17.965	12.743	10.723	
761	18.679	14.063	12.679	17.94	12.757	10.727	
762	18.669	14.048	12.661	17.968	12.744	10.685	
763	18.658	14.032	12.644	17.942	12.757	10.67	
764	18.647	14.016	12.626	17.942	12.75	10.703	
765	18.637	14.001	12.608	17.928	12.723	10.649	
766	18.626	13.985	12.59	17.945	12.732	10.659	
767	18.615	13.97	12.573	17.932	12.689	10.658	
768	18.605	13.955	12.555	17.898	12.676	10.604	
769	18.594	13.939	12.538	17.901	12.684	10.63	
770	18.584	13.924	12.52	17.88	12.632	10.573	
771	18.573	13.909	12.503	17.839	12.621	10.567	
772	18.563	13.894	12.485	17.837	12.664	10.567	
773	18.553	13.879	12.468	17.851	12.613	10.567	
774	18.542	13.864	12.451	17.831	12.605	10.51	
775	18.532	13.849	12.434	17.81	12.584	10.517	
776	18.522	13.834	12.417	17.872	12.563	10.49	
777	18.512	13.819	12.4	17.813	12.541	10.499	
778	18.502	13.804	12.382	17.814	12.507	10.516	
779	18.491	13.789	12.365	17.771	12.515	10.473	
780	18.481	13.775	12.349	17.769	12.529	10.484	
781	18.471	13.76	12.332	17.816	12.552	10.405	
782	18.461	13.745	12.315	17.788	12.453	10.414	
783	18.451	13.731	12.298	17.766	12.44	10.413	
784	18.441	13.716	12.281	17.747	12.468	10.369	
785	18.432	13.702	12.265	17.727	12.424	10.347	
786	18.422	13.687	12.248	17.72	12.435	10.349	
787	18.412	13.673	12.231	17.725	12.412	10.345	
788	18.402	13.658	12.215	17.722	12.394	10.324	
789	18.392	13.644	12.198	17.703	12.376	10.317	
790	18.383	13.63	12.182	17.705	12.403	10.277	
791	18.373	13.616	12.166	17.675	12.368	10.278	
792	18.363	13.601	12.149	17.689	12.361	10.267	
793	18.354	13.587	12.133	17.679	12.381	10.266	
794	18.344	13.573	12.117	17.66	12.327	10.239	
795	18.335	13.559	12.101	17.659	12.309	10.224	
796	18.325	13.545	12.085	17.662	12.313	10.213	
797	18.316	13.531	12.068	17.654	12.325	10.176	
798	18.306	13.517	12.052	17.666	12.323	10.181	
799	18.297	13.503	12.036	17.647	12.261	10.206	
800	18.288	13.489	12.02	17.62	12.266	10.135	
801	18.278	13.476	12.005	17.605	12.279	10.152	
802	18.269	13.462	11.989	17.648	12.257	10.122	
803	18.26	13.448	11.973	17.585	12.228	10.092	
804	18.251	13.435	11.957	17.575	12.219	10.133	
805	18.241	13.421	11.941	17.566	12.198	10.093	
806	18.232	13.407	11.926	17.583	12.17	10.084	
807	18.223	13.394	11.91	17.566	12.126	10.115	
808	18.214	13.381	11.895	17.569	12.174	10.024	
809	18.205	13.367	11.879	17.516	12.099	10.047	
810	18.196	13.354	11.864	17.556	12.165	10.014	
811	18.187	13.34	11.848	17.537	12.131	9.9973	
812	18.178	13.327	11.833	17.532	12.176	10.005	
813	18.169	13.314	11.817	17.542	12.077	9.9926	
814	18.16	13.301	11.802	17.52	12.11	10.013	
815	18.151	13.287	11.787	17.499	12.091	9.9656	
816	18.142	13.274	11.772	17.51	12.082	9.9131	
817	18.134	13.261	11.756	17.487	12.062	9.9298	
818	18.125	13.248	11.741	17.492	12.059	9.9034	
819	18.116	13.235	11.726	17.483	12.042	9.9129	
820	18.107	13.222	11.711	17.46	12.018	9.8719	
821	18.099	13.209	11.696	17.453	12.005	9.8656	
822	18.09	13.196	11.681	17.45	12.012	9.8616	
823	18.082	13.183	11.666	17.451	12.006	9.8525	
824	18.073	13.171	11.652	17.443	12.007	9.8497	
825	18.064	13.158	11.637	17.437	11.988	9.8449	
826	18.056	13.145	11.622	17.433	11.98	9.8362	
827	18.047	13.132	11.607	17.43	11.974	9.8144	
828	18.039	13.12	11.592	17.419	11.964	9.8087	
829	18.03	13.107	11.578	17.407	11.95	9.7941	
830	18.022	13.095	11.563	17.407	11.946	9.8031	
831	18.014	13.082	11.549	17.4	11.919	9.7859	
832	18.005	13.069	11.534	17.384	11.91	9.7662	
833	17.997	13.057	11.52	17.379	11.905	9.7353	
834	17.989	13.045	11.505	17.367	11.897	9.7158	
835	17.981	13.032	11.491	17.36	11.889	9.7177	
836	17.972	13.02	11.476	17.358	11.888	9.6974	
837	17.964	13.008	11.462	17.35	11.861	9.7024	
838	17.956	12.995	11.448	17.356	11.846	9.6741	
839	17.948	12.983	11.434	17.339	11.835	9.6728	
840	17.94	12.971	11.419	17.323	11.851	9.6213	
841	17.932	12.959	11.405	17.338	11.799	9.6059	
842	17.924	12.947	11.391	17.35	11.812	9.6524	
843	17.915	12.934	11.377	17.333	11.79	9.6237	
844	17.907	12.922	11.363	17.328	11.8	9.6135	
845	17.9	12.91	11.349	17.337	11.83	9.5864	
846	17.892	12.898	11.335	17.25	11.762	9.5728	
847	17.884	12.886	11.321	17.316	11.671	9.6306	
848	17.876	12.875	11.307	17.299	11.801	9.6341	
849	17.868	12.863	11.293	17.296	11.713	9.5251	
850	17.86	12.851	11.279	17.278	11.74	9.5683	
851	17.852	12.839	11.266	17.254	11.712	9.5872	
852	17.844	12.827	11.252	17.249	11.723	9.4661	
853	17.837	12.816	11.238	17.279	11.658	9.4759	
854	17.829	12.804	11.225	17.228	11.704	9.4325	
855	17.821	12.792	11.211	17.23	11.626	9.478	
856	17.814	12.78	11.197	17.202	11.678	9.4881	
857	17.806	12.769	11.184	17.234	11.659	9.4508	
858	17.798	12.757	11.17	17.248	11.682	9.4151	
859	17.791	12.746	11.157	17.26	11.629	9.461	
860	17.783	12.734	11.143	17.206	11.667	9.4684	
861	17.776	12.723	11.13	17.177	11.615	9.3825	
862	17.768	12.711	11.117	17.215	11.595	9.3837	
863	17.761	12.7	11.103	17.205	11.644	9.3907	
864	17.753	12.689	11.09	17.208	11.589	9.387	
865	17.746	12.677	11.077	17.157	11.577	9.3165	
866	17.738	12.666	11.064	17.167	11.563	9.3468	
867	17.731	12.655	11.05	17.147	11.513	9.3459	
868	17.723	12.644	11.037	17.118	11.543	9.3501	
869	17.716	12.632	11.024	17.15	11.508	9.2901	
870	17.709	12.621	11.011	17.159	11.516	9.3057	
871	17.702	12.61	10.998	17.146	11.508	9.2767	
872	17.694	12.599	10.985	17.131	11.512	9.3136	
873	17.687	12.588	10.972	17.157	11.469	9.267	
874	17.68	12.577	10.959	17.129	11.488	9.2504	
875	17.673	12.566	10.946	17.111	11.474	9.2559	
876	17.665	12.555	10.933	17.115	11.465	9.2204	
877	17.658	12.544	10.92	17.112	11.46	9.2537	
878	17.651	12.533	10.908	17.083	11.444	9.2191	
879	17.644	12.522	10.895	17.079	11.432	9.1998	
880	17.637	12.511	10.882	17.071	11.421	9.1926	
881	17.63	12.501	10.869	17.069	11.417	9.1849	
882	17.623	12.49	10.857	17.067	11.412	9.1889	
883	17.616	12.479	10.844	17.063	11.408	9.1794	
884	17.609	12.468	10.832	17.061	11.404	9.1718	
885	17.602	12.458	10.819	17.061	11.396	9.1709	
886	17.595	12.447	10.807	17.056	11.388	9.1566	
887	17.588	12.437	10.794	17.046	11.371	9.1428	
888	17.581	12.426	10.782	17.044	11.364	9.1243	
889	17.574	12.415	10.769	17.031	11.351	9.1119	
890	17.567	12.405	10.757	17.018	11.337	9.0964	
891	17.561	12.394	10.744	17.012	11.328	9.0812	
892	17.554	12.384	10.732	17.01	11.316	9.0788	
893	17.547	12.373	10.72	17.003	11.31	9.0602	
894	17.54	12.363	10.707	16.991	11.308	9.0486	
895	17.533	12.353	10.695	16.999	11.303	9.0533	
896	17.527	12.342	10.683	16.989	11.29	9.0498	
897	17.52	12.332	10.671	16.989	11.285	9.0476	
898	17.513	12.322	10.659	16.987	11.282	9.0195	
899	17.507	12.311	10.647	16.979	11.268	9.0175	
900	17.5	12.301	10.635	16.966	11.258	8.9949	
901	17.493	12.291	10.623	16.947	11.247	8.9733	
902	17.487	12.281	10.611	16.948	11.229	8.9685	
903	17.48	12.271	10.599	16.945	11.226	8.9618	
904	17.474	12.261	10.587	16.94	11.217	8.9595	
905	17.467	12.251	10.575	16.932	11.215	8.9576	
906	17.461	12.24	10.563	16.934	11.21	8.9517	
907	17.454	12.23	10.551	16.929	11.206	8.9528	
908	17.448	12.221	10.539	16.931	11.194	8.9288	
909	17.441	12.211	10.527	16.916	11.183	8.9209	
910	17.435	12.201	10.516	16.902	11.167	8.91	
911	17.428	12.191	10.504	16.906	11.155	8.9055	
912	17.422	12.181	10.492	16.894	11.128	8.8691	
913	17.416	12.171	10.48	16.881	11.137	8.8493	
914	17.409	12.161	10.469	16.883	11.127	8.8511	
915	17.403	12.151	10.457	16.876	11.114	8.8449	
916	17.397	12.142	10.446	16.869	11.119	8.8435	
917	17.391	12.132	10.434	16.869	11.116	8.8377	
918	17.384	12.122	10.422	16.872	11.111	8.8326	
919	17.378	12.112	10.411	16.868	11.102	8.8198	
920	17.372	12.103	10.4	16.862	11.094	8.8106	
921	17.366	12.093	10.388	16.852	11.081	8.8013	
922	17.359	12.083	10.377	16.848	11.073	8.8045	
923	17.353	12.074	10.365	16.851	11.066	8.7956	
924	17.347	12.064	10.354	16.835	11.037	8.7695	
925	17.341	12.055	10.343	16.832	11.054	8.7564	
926	17.335	12.045	10.331	16.815	11.035	8.7417	
927	17.329	12.036	10.32	16.816	11.041	8.7315	
928	17.323	12.026	10.309	16.814	11.034	8.7362	
929	17.317	12.017	10.298	16.797	10.994	8.7477	
930	17.311	12.007	10.286	16.793	10.972	8.7269	
931	17.305	11.998	10.275	16.805	11.016	8.7154	
932	17.299	11.989	10.264	16.812	10.951	8.6826	
933	17.293	11.979	10.253	16.782	11.008	8.6791	
934	17.287	11.97	10.242	16.775	10.976	8.695	
935	17.281	11.961	10.231	16.773	10.978	8.6554	
936	17.275	11.952	10.22	16.753	10.941	8.6501	
937	17.269	11.942	10.209	16.753	10.935	8.6851	
938	17.263	11.933	10.198	16.783	10.944	8.6069	
939	17.257	11.924	10.187	16.761	10.933	8.6336	
940	17.252	11.915	10.176	16.766	10.894	8.6504	
941	17.246	11.906	10.165	16.76	10.92	8.6114	
942	17.24	11.897	10.154	16.739	10.886	8.5574	
943	17.234	11.888	10.144	16.715	10.91	8.5951	
944	17.228	11.879	10.133	16.717	10.929	8.5787	
945	17.223	11.869	10.122	16.744	10.893	8.5827	
946	17.217	11.86	10.111	16.743	10.888	8.5713	
947	17.211	11.851	10.101	16.722	10.888	8.5569	
948	17.205	11.843	10.09	16.718	10.861	8.5456	
949	17.2	11.834	10.079	16.708	10.84	8.5238	
950	17.194	11.825	10.069	16.702	10.832	8.5213	
951	17.189	11.816	10.058	16.691	10.851	8.5259	
952	17.183	11.807	10.047	16.683	10.844	8.5209	
953	17.177	11.798	10.037	16.694	10.825	8.4986	
954	17.172	11.789	10.026	16.695	10.819	8.5124	
955	17.166	11.781	10.016	16.682	10.807	8.4784	
956	17.161	11.772	10.005	16.663	10.812	8.4848	
957	17.155	11.763	9.9948	16.664	10.803	8.5324	
958	17.15	11.754	9.9844	16.644	10.785	8.4534	
959	17.144	11.746	9.974	16.666	10.771	8.4791	
960	17.139	11.737	9.9636	16.678	10.753	8.4078	
961	17.133	11.728	9.9533	16.673	10.778	8.3952	
962	17.128	11.72	9.9429	16.661	10.689	8.3687	
963	17.122	11.711	9.9326	16.62	10.712	8.4149	
964	17.117	11.703	9.9224	16.649	10.748	8.3485	
965	17.111	11.694	9.9121	16.617	10.733	8.3817	
966	17.106	11.686	9.9019	16.628	10.753	8.359	
967	17.101	11.677	9.8917	16.623	10.733	8.3919	
968	17.095	11.669	9.8815	16.627	10.745	8.3832	
969	17.09	11.66	9.8713	16.611	10.709	8.3707	
970	17.085	11.652	9.8612	16.625	10.692	8.3925	
971	17.079	11.643	9.8511	16.613	10.68	8.3706	
972	17.074	11.635	9.841	16.61	10.702	8.3492	
973	17.069	11.626	9.831	16.61	10.685	8.3224	
974	17.063	11.618	9.8209	16.594	10.661	8.3374	
975	17.058	11.61	9.8109	16.588	10.668	8.2816	
976	17.053	11.601	9.8009	16.58	10.653	8.2972	
977	17.048	11.593	9.791	16.575	10.641	8.2843	
978	17.043	11.585	9.781	16.572	10.632	8.2858	
979	17.037	11.577	9.7711	16.57	10.638	8.2719	
980	17.032	11.569	9.7612	16.575	10.628	8.2724	
981	17.027	11.56	9.7514	16.572	10.626	8.2804	
982	17.022	11.552	9.7415	16.566	10.621	8.2707	
983	17.017	11.544	9.7317	16.562	10.623	8.2828	
984	17.012	11.536	9.7219	16.548	10.613	8.2676	
985	17.007	11.528	9.7121	16.546	10.617	8.2362	
986	17.002	11.52	9.7024	16.573	10.595	8.2584	
987	16.997	11.512	9.6926	16.537	10.591	8.2149	
988	16.991	11.504	9.6829	16.532	10.56	8.1936	
989	16.986	11.496	9.6733	16.524	10.566	8.1933	
990	16.981	11.488	9.6636	16.52	10.547	8.1876	
991	16.976	11.48	9.6539	16.519	10.55	8.1676	
992	16.971	11.472	9.6443	16.52	10.545	8.1802	
993	16.966	11.464	9.6347	16.509	10.544	8.1739	
994	16.962	11.456	9.6252	16.517	10.548	8.1768	
995	16.957	11.448	9.6156	16.503	10.54	8.1619	
996	16.952	11.44	9.6061	16.496	10.533	8.1554	
997	16.947	11.432	9.5966	16.504	10.529	8.1444	
998	16.942	11.424	9.5871	16.493	10.516	8.1417	
999	16.937	11.416	9.5777	16.483	10.502	8.1776	
1000	16.932	11.409	9.5682	16.5	10.478	8.1157	
1001	16.927	11.401	9.5588	16.464	10.53	8.0949	
1002	16.922	11.393	9.5494	16.485	10.51	8.0982	
1003	16.918	11.385	9.5401	16.476	10.477	8.0989	
1004	16.913	11.378	9.5307	16.475	10.443	8.0759	
1005	16.908	11.37	9.5214	16.439	10.542	8.1117	
1006	16.903	11.362	9.5121	16.467	10.428	8.1096	
1007	16.898	11.355	9.5028	16.465	10.492	8.0327	
1008	16.894	11.347	9.4935	16.449	10.484	8.0563	
1009	16.889	11.339	9.4843	16.429	10.432	8.0496	
1010	16.884	11.332	9.4751	16.466	10.451	8.0414	
1011	16.88	11.324	9.4659	16.433	10.444	8.0428	
1012	16.875	11.317	9.4567	16.438	10.431	8.0143	
1013	16.87	11.309	9.4475	16.434	10.414	8.0082	
1014	16.866	11.302	9.4384	16.435	10.394	8.0042	
1015	16.861	11.294	9.4293	16.437	10.4	7.9932	
1016	16.856	11.287	9.4202	16.413	10.402	8.087	
1017	16.852	11.279	9.4111	16.395	10.365	7.9546	
1018	16.847	11.272	9.4021	16.391	10.366	7.9748	
1019	16.842	11.264	9.3931	16.377	10.349	7.938	
1020	16.838	11.257	9.384	16.428	10.409	7.9076	
1021	16.833	11.25	9.3751	16.344	10.406	7.9482	
1022	16.829	11.242	9.3661	16.399	10.335	7.9468	
1023	16.824	11.235	9.3571	16.418	10.322	7.9437	
1024	16.82	11.227	9.3482	16.374	10.301	7.9785	
1025	16.815	11.22	9.3393	16.416	10.31	7.9159	
1026	16.811	11.213	9.3304	16.38	10.359	7.8728	
1027	16.806	11.206	9.3215	16.414	10.241	7.8987	
1028	16.802	11.198	9.3127	16.371	10.339	7.8451	
1029	16.797	11.191	9.3039	16.355	10.283	7.8299	
1030	16.793	11.184	9.2951	16.359	10.328	7.903	
1031	16.788	11.177	9.2863	16.422	10.333	7.9249	
1032	16.784	11.169	9.2775	16.316	10.327	7.8632	
1033	16.779	11.162	9.2688	16.382	10.287	7.887	
1034	16.775	11.155	9.26	16.356	10.309	7.8533	
1035	16.771	11.148	9.2513	16.379	10.251	7.9231	
1036	16.766	11.141	9.2426	16.253	10.285	7.8388	
1037	16.762	11.134	9.234	16.397	10.175	7.8035	
1038	16.758	11.127	9.2253	16.319	10.24	7.9786	
1039	16.753	11.12	9.2167	16.361	10.29	7.9209	
1040	16.749	11.113	9.2081	16.298	10.088	7.8087	
1041	16.744	11.106	9.1995	16.335	10.216	7.8567	
1042	16.74	11.099	9.1909	16.445	10.238	7.6434	
1043	16.736	11.092	9.1823	16.412	10.176	7.6925	
1044	16.732	11.085	9.1738	16.267	10.268	7.7417	
1045	16.727	11.078	9.1653	16.308	10.204	7.7873	
1046	16.723	11.071	9.1568	16.204	10.35	7.5825	
1047	16.719	11.064	9.1483	16.266	10.039	7.7932	
1048	16.715	11.057	9.1399	16.229	10.157	7.8069	
1049	16.71	11.05	9.1314	16.299	10.171	7.7236	
1050	16.706	11.043	9.123	16.276	10.083	7.8107	
1051	16.702	11.036	9.1146	16.278	10.17	7.7396	
1052	16.698	11.029	9.1062	16.273	10.161	7.7044	
1053	16.694	11.023	9.0978	16.277	10.167	7.7231	
1054	16.69	11.016	9.0895	16.277	10.148	7.7089	
1055	16.685	11.009	9.0812	16.277	10.167	7.6972	
1056	16.681	11.002	9.0729	16.273	10.135	7.687	
1057	16.677	10.996	9.0646	16.269	10.153	7.6997	
1058	16.673	10.989	9.0563	16.262	10.142	7.6709	
1059	16.669	10.982	9.048	16.247	10.134	7.6933	
1060	16.665	10.975	9.0398	16.254	10.134	7.6648	
1061	16.661	10.969	9.0316	16.263	10.116	7.6747	
1062	16.657	10.962	9.0234	16.239	10.115	7.6648	
1063	16.653	10.955	9.0152	16.235	10.098	7.6667	
1064	16.649	10.949	9.007	16.233	10.093	7.6472	
1065	16.645	10.942	8.9989	16.225	10.087	7.629	
1066	16.64	10.936	8.9907	16.232	10.086	7.618	
1067	16.636	10.929	8.9826	16.223	10.089	7.6219	
1068	16.632	10.922	8.9745	16.218	10.078	7.6284	
1069	16.628	10.916	8.9664	16.223	10.054	7.6005	
1070	16.624	10.909	8.9584	16.22	10.079	7.5985	
1071	16.621	10.903	8.9503	16.218	10.063	7.599	
1072	16.617	10.896	8.9423	16.202	10.065	7.5925	
1073	16.613	10.89	8.9343	16.215	10.029	7.5661	
1074	16.609	10.883	8.9263	16.199	10.044	7.5808	
1075	16.605	10.877	8.9183	16.193	10.033	7.5517	
1076	16.601	10.871	8.9104	16.201	10.022	7.5548	
1077	16.597	10.864	8.9024	16.189	10.024	7.5511	
1078	16.593	10.858	8.8945	16.185	10.008	7.5417	
1079	16.589	10.851	8.8866	16.186	10.022	7.5314	
1080	16.585	10.845	8.8787	16.186	10.011	7.5387	
1081	16.582	10.839	8.8708	16.179	10.01	7.5348	
1082	16.578	10.832	8.863	16.172	10.007	7.5257	
1083	16.574	10.826	8.8551	16.18	9.9947	7.5117	
1084	16.57	10.82	8.8473	16.172	9.995	7.5129	
1085	16.566	10.813	8.8395	16.166	9.9914	7.5014	
1086	16.562	10.807	8.8317	16.171	9.9923	7.5038	
1087	16.559	10.801	8.8239	16.156	9.9873	7.4945	
1088	16.555	10.794	8.8162	16.166	9.9817	7.4997	
1089	16.551	10.788	8.8084	16.159	9.9779	7.4821	
1090	16.547	10.782	8.8007	16.158	9.9803	7.4881	
1091	16.544	10.776	8.793	16.153	9.9785	7.4853	
1092	16.54	10.77	8.7853	16.144	9.9565	7.4715	
1093	16.536	10.763	8.7776	16.148	9.9506	7.4729	
1094	16.532	10.757	8.77	16.141	9.9601	7.4722	
1095	16.529	10.751	8.7623	16.15	9.9318	7.4483	
1096	16.525	10.745	8.7547	16.144	9.9407	7.4519	
1097	16.521	10.739	8.7471	16.13	9.9283	7.4383	
1098	16.518	10.733	8.7395	16.124	9.9234	7.4168	
1099	16.514	10.727	8.7319	16.123	9.9232	7.4195	
1100	16.51	10.721	8.7243	16.113	9.9178	7.4139	
1101	16.507	10.714	8.7168	16.124	9.9056	7.3964	
1102	16.503	10.708	8.7093	16.116	9.8945	7.3888	
1103	16.499	10.702	8.7017	16.109	9.8791	7.3797	
1104	16.496	10.696	8.6942	16.105	9.888	7.3786	
1105	16.492	10.69	8.6868	16.097	9.8862	7.3711	
1106	16.488	10.684	8.6793	16.101	9.8753	7.3644	
1107	16.485	10.678	8.6718	16.09	9.8672	7.3615	
1108	16.481	10.672	8.6644	16.098	9.873	7.3533	
1109	16.478	10.666	8.657	16.089	9.8628	7.35	
1110	16.474	10.661	8.6495	16.087	9.8562	7.3493	
1111	16.471	10.655	8.6422	16.086	9.8575	7.3426	
1112	16.467	10.649	8.6348	16.085	9.8439	7.3361	
1113	16.464	10.643	8.6274	16.085	9.8491	7.3346	
1114	16.46	10.637	8.6201	16.08	9.8466	7.3305	
1115	16.457	10.631	8.6127	16.077	9.8484	7.3291	
1116	16.453	10.625	8.6054	16.078	9.8409	7.3321	
1117	16.45	10.619	8.5981	16.079	9.8416	7.3209	
1118	16.446	10.614	8.5908	16.072	9.8334	7.3214	
1119	16.443	10.608	8.5835	16.06	9.8347	7.3015	
1120	16.439	10.602	8.5763	16.068	9.8313	7.2924	
1121	16.436	10.596	8.569	16.067	9.8176	7.2878	
1122	16.432	10.59	8.5618	16.06	9.8063	7.2978	
1123	16.429	10.585	8.5546	16.048	9.8069	7.2903	
1124	16.425	10.579	8.5474	16.063	9.8076	7.2673	
1125	16.422	10.573	8.5402	16.054	9.7979	7.2623	
1126	16.419	10.567	8.533	16.058	9.8085	7.2676	
1127	16.415	10.562	8.5259	16.033	9.7894	7.2435	
1128	16.412	10.556	8.5187	16.033	9.7801	7.246	
1129	16.408	10.55	8.5116	16.039	9.78	7.2589	
1130	16.405	10.545	8.5045	16.029	9.784	7.2303	
1131	16.402	10.539	8.4974	16.028	9.7661	7.2327	
1132	16.398	10.533	8.4903	16.029	9.7641	7.2224	
1133	16.395	10.528	8.4832	16.022	9.7746	7.22	
1134	16.392	10.522	8.4762	16.013	9.7404	7.2208	
1135	16.388	10.517	8.4691	16.016	9.7516	7.1929	
1136	16.385	10.511	8.4621	16.019	9.733	7.2045	
1137	16.382	10.505	8.4551	16.012	9.7186	7.2018	
1138	16.378	10.5	8.4481	16.011	9.7314	7.1817	
1139	16.375	10.494	8.4411	16.007	9.7294	7.188	
1140	16.372	10.489	8.4341	16	9.711	7.1734	
1141	16.368	10.483	8.4272	16.013	9.7229	7.1701	
1142	16.365	10.478	8.4202	16.009	9.7157	7.1425	
1143	16.362	10.472	8.4133	15.991	9.7047	7.1754	
1144	16.359	10.467	8.4064	15.991	9.6948	7.1627	
1145	16.355	10.461	8.3995	15.994	9.7082	7.1617	
1146	16.352	10.456	8.3926	15.991	9.6734	7.1488	
1147	16.349	10.45	8.3857	15.987	9.6773	7.1375	
1148	16.346	10.445	8.3788	15.993	9.6824	7.1398	
1149	16.343	10.44	8.372	15.982	9.6859	7.1336	
1150	16.339	10.434	8.3652	15.971	9.6696	7.1285	
1151	16.336	10.429	8.3583	15.973	9.6557	7.1144	
1152	16.333	10.423	8.3515	15.974	9.6664	7.1066	
1153	16.33	10.418	8.3447	15.967	9.6521	7.0941	
1154	16.327	10.413	8.3379	15.961	9.6519	7.0958	
1155	16.323	10.407	8.3312	15.966	9.6506	7.0979	
1156	16.32	10.402	8.3244	15.955	9.6498	7.0837	
1157	16.317	10.397	8.3177	15.955	9.6421	7.0727	
1158	16.314	10.391	8.311	15.956	9.6421	7.0731	
1159	16.311	10.386	8.3042	15.96	9.6267	7.0708	
1160	16.308	10.381	8.2975	15.957	9.628	7.0722	
1161	16.305	10.375	8.2908	15.947	9.6061	7.0769	
1162	16.302	10.37	8.2842	15.943	9.6372	7.0503	
1163	16.298	10.365	8.2775	15.932	9.6109	7.0423	
1164	16.295	10.36	8.2708	15.933	9.5892	7.0355	
1165	16.292	10.355	8.2642	15.926	9.6021	7.0251	
1166	16.289	10.349	8.2576	15.934	9.5923	7.0232	
1167	16.286	10.344	8.251	15.935	9.6092	7.0307	
1168	16.283	10.339	8.2444	15.925	9.5875	7.0159	
1169	16.28	10.334	8.2378	15.919	9.579	7.0094	
1170	16.277	10.329	8.2312	15.923	9.5874	6.9969	
1171	16.274	10.323	8.2246	15.918	9.5745	6.9927	
1172	16.271	10.318	8.2181	15.915	9.5753	6.9904	
1173	16.268	10.313	8.2116	15.913	9.572	6.9898	
1174	16.265	10.308	8.205	15.912	9.5717	6.9855	
1175	16.262	10.303	8.1985	15.911	9.5671	6.9893	
1176	16.259	10.298	8.192	15.909	9.5553	6.9753	
1177	16.256	10.293	8.1855	15.913	9.5548	6.9734	
1178	16.253	10.288	8.1791	15.902	9.5491	6.9642	
1179	16.25	10.283	8.1726	15.902	9.5544	6.9693	
1180	16.247	10.277	8.1661	15.901	9.5467	6.9584	
1181	16.244	10.272	8.1597	15.901	9.5467	6.9598	
1182	16.241	10.267	8.1533	15.894	9.5385	6.9547	
1183	16.238	10.262	8.1469	15.897	9.537	6.95	
1184	16.235	10.257	8.1405	15.892	9.532	6.9421	
1185	16.232	10.252	8.1341	15.883	9.531	6.946	
1186	16.229	10.247	8.1277	15.885	9.5219	6.9289	
1187	16.227	10.242	8.1213	15.884	9.5224	6.9354	
1188	16.224	10.237	8.115	15.877	9.523	6.9241	
1189	16.221	10.232	8.1086	15.882	9.5084	6.9071	
1190	16.218	10.228	8.1023	15.876	9.5137	6.9197	
1191	16.215	10.223	8.096	15.87	9.5099	6.9094	
1192	16.212	10.218	8.0897	15.871	9.4961	6.8957	
1193	16.209	10.213	8.0834	15.868	9.4961	6.8932	
1194	16.206	10.208	8.0771	15.862	9.5027	6.9035	
1195	16.204	10.203	8.0709	15.874	9.474	6.8908	
1196	16.201	10.198	8.0646	15.86	9.4905	6.8699	
1197	16.198	10.193	8.0584	15.862	9.4762	6.8911	
1198	16.195	10.188	8.0521	15.852	9.4631	6.8864	
1199	16.192	10.184	8.0459	15.851	9.477	6.8633	
1200	16.189	10.179	8.0397	15.858	9.4625	6.8505	
1201	16.187	10.174	8.0335	15.861	9.4796	6.8706	
1202	16.184	10.169	8.0273	15.841	9.4636	6.8566	
1203	16.181	10.164	8.0211	15.848	9.4582	6.8337	
1204	16.178	10.159	8.015	15.851	9.4464	6.8183	
1205	16.175	10.155	8.0088	15.832	9.4472	6.8323	
1206	16.173	10.15	8.0027	15.836	9.466	6.8321	
1207	16.17	10.145	7.9965	15.846	9.4633	6.8204	
1208	16.167	10.14	7.9904	15.832	9.4402	6.8124	
1209	16.164	10.136	7.9843	15.836	9.4279	6.8174	
1210	16.162	10.131	7.9782	15.829	9.4198	6.7981	
1211	16.159	10.126	7.9721	15.824	9.4014	6.7811	
1212	16.156	10.121	7.9661	15.822	9.4159	6.7865	
1213	16.153	10.117	7.96	15.831	9.4125	6.7945	
1214	16.151	10.112	7.954	15.818	9.422	6.771	
1215	16.148	10.107	7.9479	15.827	9.4065	6.7776	
1216	16.145	10.103	7.9419	15.816	9.3902	6.7962	
1217	16.142	10.098	7.9359	15.82	9.3945	6.7799	
1218	16.14	10.093	7.9299	15.792	9.3676	6.7812	
1219	16.137	10.089	7.9239	15.814	9.3787	6.7488	
1220	16.134	10.084	7.9179	15.812	9.3724	6.7566	
1221	16.132	10.079	7.9119	15.792	9.3678	6.7577	
1222	16.129	10.075	7.906	15.806	9.4041	6.7482	
1223	16.126	10.07	7.9	15.808	9.3612	6.7497	
1224	16.124	10.066	7.8941	15.802	9.3661	6.7322	
1225	16.121	10.061	7.8881	15.793	9.3623	6.7376	
1226	16.118	10.056	7.8822	15.803	9.3763	6.7294	
1227	16.116	10.052	7.8763	15.81	9.3589	6.7325	
1228	16.113	10.047	7.8704	15.774	9.3448	6.7237	
1229	16.111	10.043	7.8645	15.767	9.3236	6.7278	
1230	16.108	10.038	7.8587	15.774	9.3573	6.7086	
1231	16.105	10.034	7.8528	15.796	9.3605	6.676	
1232	16.103	10.029	7.8469	15.789	9.3331	6.7336	
1233	16.1	10.025	7.8411	15.803	9.3612	6.6865	
1234	16.098	10.02	7.8353	15.779	9.3636	6.7088	
1235	16.095	10.016	7.8294	15.762	9.3504	6.6856	
1236	16.092	10.011	7.8236	15.776	9.3508	6.7156	
1237	16.09	10.007	7.8178	15.771	9.3581	6.6932	
1238	16.087	10.002	7.812	15.803	9.3178	6.7029	
1239	16.085	9.9979	7.8063	15.735	9.3726	6.7182	
1240	16.082	9.9934	7.8005	15.732	9.2717	6.6779	
1241	16.08	9.989	7.7947	15.745	9.341	6.6356	
1242	16.077	9.9846	7.789	15.735	9.3044	6.6996	
1243	16.074	9.9802	7.7833	15.764	9.3127	6.761	
1244	16.072	9.9758	7.7775	15.782	9.3076	6.6586	
1245	16.069	9.9714	7.7718	15.721	9.362	6.5928	
1246	16.067	9.967	7.7661	15.748	9.298	6.6041	
1247	16.064	9.9626	7.7604	15.731	9.2333	6.6094	
1248	16.062	9.9583	7.7547	15.743	9.2731	6.5843	
1249	16.059	9.9539	7.749	15.775	9.2931	6.6536	
1250	16.057	9.9495	7.7434	15.753	9.3398	6.5861	
1251	16.054	9.9452	7.7377	15.739	9.2561	6.6486	
1252	16.052	9.9408	7.7321	15.709	9.2021	6.5795	
1253	16.049	9.9365	7.7264	15.708	9.3079	6.5872	
1254	16.047	9.9322	7.7208	15.716	9.2289	6.5936	
1255	16.044	9.9279	7.7152	15.74	9.2415	6.623	
1256	16.042	9.9237	7.7096	15.719	9.2629	6.5966	
1257	16.04	9.9194	7.704	15.717	9.2216	6.5567	
1258	16.037	9.9151	7.6984	15.725	9.2458	6.548	
1259	16.035	9.9108	7.6928	15.694	9.2312	6.5771	
1260	16.032	9.9066	7.6873	15.709	9.2387	6.553	
1261	16.03	9.9023	7.6817	15.706	9.2178	6.5473	
1262	16.027	9.8981	7.6762	15.689	9.2162	6.5425	
1263	16.025	9.8938	7.6706	15.706	9.2186	6.5313	
1264	16.023	9.8896	7.6651	15.682	9.2026	6.5444	
1265	16.02	9.8854	7.6596	15.708	9.2245	6.5324	
1266	16.018	9.8812	7.6541	15.696	9.2306	6.5176	
1267	16.015	9.877	7.6486	15.709	9.2023	6.5414	
1268	16.013	9.8728	7.6431	15.714	9.2095	6.5453	
1269	16.011	9.8686	7.6376	15.701	9.2186	6.5538	
1270	16.008	9.8645	7.6322	15.696	9.198	6.5367	
1271	16.006	9.8603	7.6267	15.683	9.2039	6.5136	
1272	16.003	9.8562	7.6213	15.688	9.2189	6.5472	
1273	16.001	9.852	7.6158	15.705	9.2243	6.5247	
1274	15.999	9.8479	7.6104	15.701	9.2005	6.5306	
1275	15.996	9.8437	7.605	15.686	9.1823	6.4939	
1276	15.994	9.8396	7.5996	15.699	9.2087	6.5205	
1277	15.992	9.8355	7.5942	15.663	9.1993	6.5191	
1278	15.989	9.8314	7.5888	15.665	9.1892	6.5112	
1279	15.987	9.8273	7.5834	15.681	9.1589	6.4593	
1280	15.985	9.8232	7.578	15.675	9.156	6.4798	
1281	15.982	9.8191	7.5727	15.682	9.1567	6.4748	
1282	15.98	9.8151	7.5673	15.676	9.169	6.4949	
1283	15.978	9.811	7.562	15.656	9.1537	6.4527	
1284	15.975	9.807	7.5566	15.632	9.1916	6.4591	
1285	15.973	9.8029	7.5513	15.644	9.1608	6.4782	
1286	15.971	9.7989	7.546	15.669	9.1557	6.4463	
1287	15.969	9.7949	7.5407	15.652	9.1412	6.4697	
1288	15.966	9.7908	7.5354	15.663	9.1606	6.4591	
1289	15.964	9.7868	7.5301	15.652	9.1422	6.4344	
1290	15.962	9.7828	7.5248	15.657	9.1551	6.4376	
1291	15.959	9.7788	7.5196	15.64	9.1345	6.4164	
1292	15.957	9.7748	7.5143	15.656	9.1345	6.4736	
1293	15.955	9.7708	7.5091	15.647	9.1239	6.4379	
1294	15.953	9.7669	7.5038	15.668	9.1578	6.4281	
1295	15.95	9.7629	7.4986	15.646	9.1369	6.3954	
1296	15.948	9.759	7.4934	15.653	9.1292	6.3926	
1297	15.946	9.755	7.4881	15.651	9.0942	6.4387	
1298	15.944	9.7511	7.4829	15.631	9.1357	6.4042	
1299	15.942	9.7472	7.4777	15.641	9.0837	6.373	
1300	15.939	9.7432	7.4726	15.624	9.1037	6.3995	
1301	15.937	9.7393	7.4674	15.641	9.126	6.3705	
1302	15.935	9.7354	7.4622	15.611	9.0799	6.4187	
1303	15.933	9.7315	7.4571	15.637	9.1245	6.3851	
1304	15.93	9.7276	7.4519	15.648	9.1135	6.3952	
1305	15.928	9.7237	7.4468	15.652	9.0861	6.3467	
1306	15.926	9.7198	7.4416	15.629	9.1235	6.3831	
1307	15.924	9.7159	7.4365	15.62	9.108	6.3954	
1308	15.922	9.7121	7.4314	15.613	9.0891	6.388	
1309	15.92	9.7083	7.4263	15.62	9.0991	6.3783	
1310	15.917	9.7044	7.4212	15.612	9.0767	6.3653	
1311	15.915	9.7006	7.4161	15.62	9.0461	6.3913	
1312	15.913	9.6968	7.411	15.608	9.0606	6.3221	
1313	15.911	9.6929	7.4059	15.613	9.0866	6.3847	
1314	15.909	9.6891	7.4009	15.607	9.0596	6.3495	
1315	15.907	9.6853	7.3958	15.602	9.0327	6.3262	
1316	15.904	9.6815	7.3908	15.629	8.9941	6.3194	
1317	15.902	9.6777	7.3857	15.605	9.0557	6.3822	
1318	15.9	9.6739	7.3807	15.589	9.0545	6.3601	
1319	15.898	9.6701	7.3757	15.631	9.0479	6.354	
1320	15.896	9.6663	7.3707	15.574	9.0367	6.3584	
1321	15.894	9.6626	7.3657	15.612	9.0226	6.3347	
1322	15.892	9.6588	7.3607	15.601	8.9983	6.2378	
1323	15.89	9.6551	7.3557	15.554	9.0135	6.278	
1324	15.887	9.6514	7.3507	15.608	9.0519	6.2872	
1325	15.885	9.6476	7.3457	15.621	8.9865	6.3038	
1326	15.883	9.6439	7.3408	15.629	8.988	6.2721	
1327	15.881	9.6402	7.3358	15.6	9.0561	6.2622	
1328	15.879	9.6365	7.3309	15.561	8.9618	6.3632	
1329	15.877	9.6328	7.3259	15.563	8.9748	6.2771	
1330	15.875	9.6291	7.321	15.621	9.0407	6.2531	
1331	15.873	9.6254	7.3161	15.566	9.0607	6.3246	
1332	15.871	9.6217	7.3112	15.561	8.9719	6.418	
1333	15.869	9.618	7.3063	15.578	9.0236	6.2824	
1334	15.867	9.6143	7.3014	15.6	8.9906	6.2743	
1335	15.865	9.6107	7.2965	15.55	9.0051	6.153	
1336	15.863	9.6071	7.2916	15.537	9.0374	6.3185	
1337	15.861	9.6034	7.2867	15.618	8.9803	6.1591	
1338	15.859	9.5998	7.2819	15.535	9.048	6.2468	
1339	15.856	9.5962	7.277	15.561	9.032	6.2708	
1340	15.854	9.5925	7.2722	15.593	9.0077	6.1586	
1341	15.852	9.5889	7.2673	15.666	8.8259	6.2786	
1342	15.85	9.5853	7.2625	15.575	8.9248	6.4947	
1343	15.848	9.5817	7.2577	15.64	9.0003	6.4568	
1344	15.846	9.5781	7.2529	15.52	9.0383	6.2736	
1345	15.844	9.5745	7.2481	15.567	9.1261	6.2256	
1346	15.842	9.5709	7.2433	15.405	8.8527	6.0078	
1347	15.84	9.5673	7.2385	15.559	9.1196	5.8337	
1348	15.838	9.5638	7.2337	15.504	9.1334	6.1728	
1349	15.836	9.5602	7.2289	15.419	9.278	6.2167	
1350	15.834	9.5567	7.2242	15.265	9.0644	6.2217	
1351	15.832	9.5531	7.2194	15.503	8.9301	5.9253	
1352	15.83	9.5496	7.2147	15.455	8.8241	6.3825	
1353	15.828	9.5461	7.2099	15.547	8.3823	6.2501	
1354	15.826	9.5426	7.2052	15.469	9.3073	6.3855	
1355	15.825	9.539	7.2005	15.712	8.773	5.6078	
1356	15.823	9.5355	7.1957	15.648	9.1567	6.0752	
1357	15.821	9.532	7.191	15.444	9.0441	6.2724	
1358	15.819	9.5285	7.1863	16.248	9.371	6.3795	
1359	15.817	9.525	7.1816	16.262	8.6908	6.918	
1426	15.695	9.3056	6.8839	15.655	9.2987	6.337	
1427	15.694	9.3026	6.8797	15.544	8.6458	6.0444	
1428	15.692	9.2995	6.8755	15.394	8.841	5.6434	
1429	15.69	9.2965	6.8713	15.638	8.6618	5.8162	
1430	15.689	9.2934	6.8671	15.645	8.8034	5.8313	
1431	15.687	9.2904	6.8629	15.324	8.9254	6.1083	
1432	15.685	9.2874	6.8588	15.558	8.5618	5.8907	
1433	15.684	9.2843	6.8546	15.35	8.5981	5.8503	
1434	15.682	9.2813	6.8504	15.504	8.9164	6.1849	
1435	15.68	9.2783	6.8463	15.523	8.856	5.7635	
1436	15.679	9.2753	6.8421	15.531	8.646	5.9371	
1437	15.677	9.2722	6.838	15.437	8.9074	5.8618	
1438	15.675	9.2692	6.8339	15.329	8.6594	5.9473	
1439	15.674	9.2662	6.8297	15.448	8.7878	5.9026	
1440	15.672	9.2632	6.8256	15.332	8.7869	5.8234	
1441	15.67	9.2602	6.8215	15.418	8.6815	6.0523	
1442	15.669	9.2572	6.8174	15.471	8.6178	5.804	
1443	15.667	9.2542	6.8133	15.352	8.745	5.9607	
1444	15.665	9.2513	6.8092	15.461	8.7728	5.754	
1445	15.664	9.2483	6.8051	15.33	8.7337	5.8418	
1446	15.662	9.2454	6.801	15.463	8.6349	5.8148	
1447	15.661	9.2424	6.7969	15.435	8.7027	5.7187	
1448	15.659	9.2395	6.7929	15.418	8.6759	5.8657	
1449	15.657	9.2365	6.7888	15.369	8.7286	5.8616	
1450	15.656	9.2336	6.7847	15.389	8.7223	5.7667	
1451	15.654	9.2307	6.7807	15.439	8.6835	5.8613	
1452	15.653	9.2277	6.7766	15.461	8.7416	5.9121	
1453	15.651	9.2248	6.7726	15.432	8.7434	5.9344	
1454	15.649	9.2219	6.7686	15.347	8.6775	5.7013	
1455	15.648	9.2189	6.7645	15.416	8.7501	5.778	
1456	15.646	9.216	6.7605	15.442	8.7139	5.8162	
1457	15.645	9.2131	6.7565	15.384	8.5911	5.8161	
1458	15.643	9.2102	6.7525	15.382	8.7003	5.8269	
1459	15.641	9.2073	6.7485	15.364	8.5653	5.7475	
1460	15.64	9.2044	6.7445	15.406	8.6329	5.8577	
1461	15.638	9.2016	6.7405	15.425	8.6263	5.8131	
1462	15.637	9.1987	6.7365	15.392	8.6402	5.8205	
1463	15.635	9.1958	6.7326	15.378	8.6426	5.7707	
1464	15.634	9.193	6.7286	15.356	8.6674	5.7556	
1465	15.632	9.1901	6.7246	15.367	8.7009	5.7782	
1466	15.631	9.1873	6.7207	15.362	8.5979	5.8152	
1467	15.629	9.1844	6.7167	15.382	8.6242	5.8072	
1468	15.627	9.1816	6.7128	15.351	8.6378	5.7845	
1469	15.626	9.1787	6.7088	15.375	8.6157	5.7777	
1470	15.624	9.1759	6.7049	15.368	8.6027	5.7829	
1471	15.623	9.173	6.701	15.371	8.6274	5.7814	
1472	15.621	9.1702	6.697	15.372	8.6286	5.7604	
1473	15.62	9.1674	6.6931	15.361	8.64	5.7729	
1474	15.618	9.1646	6.6892	15.364	8.6233	5.7729	
1475	15.617	9.1617	6.6853	15.367	8.6216	5.7631	
1476	15.615	9.1589	6.6814	15.361	8.6167	5.7547	
1477	15.614	9.1561	6.6775	15.367	8.6407	5.7684	
1478	15.612	9.1533	6.6736	15.372	8.6251	5.7501	
1479	15.611	9.1506	6.6698	15.364	8.6199	5.7574	
1480	15.609	9.1478	6.6659	15.365	8.6238	5.7479	
1481	15.608	9.145	6.662	15.366	8.6113	5.7261	
1482	15.606	9.1422	6.6581	15.361	8.6283	5.7517	
1483	15.605	9.1395	6.6543	15.362	8.62	5.7472	
1484	15.603	9.1367	6.6504	15.378	8.6195	5.7384	
1485	15.602	9.1339	6.6466	15.355	8.6304	5.737	
1486	15.6	9.1312	6.6428	15.356	8.5946	5.6973	
1487	15.599	9.1284	6.6389	15.348	8.6228	5.7008	
1488	15.597	9.1257	6.6351	15.36	8.6145	5.7232	
1489	15.596	9.1229	6.6313	15.361	8.6151	5.7038	
1490	15.594	9.1202	6.6275	15.362	8.5895	5.747	
1491	15.593	9.1175	6.6237	15.345	8.6053	5.698	
1492	15.591	9.1147	6.6199	15.351	8.5961	5.7165	
1493	15.59	9.112	6.6161	15.341	8.5614	5.7088	
1494	15.588	9.1093	6.6123	15.341	8.5719	5.697	
1495	15.587	9.1066	6.6085	15.332	8.5697	5.6877	
1496	15.585	9.1039	6.6047	15.36	8.6007	5.7053	
1497	15.584	9.1012	6.6009	15.331	8.5842	5.694	
1498	15.582	9.0985	6.5971	15.364	8.5808	5.6957	
1499	15.581	9.0958	6.5934	15.346	8.5729	5.7135	
1500	15.58	9.0931	6.5896	15.338	8.5688	5.6944	
1501	15.578	9.0904	6.5859	15.324	8.5615	5.6481	
1502	15.577	9.0878	6.5821	15.341	8.5663	5.6767	
1503	15.575	9.0851	6.5784	15.337	8.5858	5.6658	
1504	15.574	9.0824	6.5746	15.331	8.5525	5.6375	
1505	15.572	9.0797	6.5709	15.336	8.5556	5.6753	
1506	15.571	9.0771	6.5672	15.327	8.5511	5.6423	
1507	15.569	9.0744	6.5635	15.311	8.5398	5.6658	
1508	15.568	9.0718	6.5597	15.308	8.5416	5.6703	
1509	15.567	9.0691	6.556	15.345	8.5427	5.6533	
1510	15.565	9.0665	6.5523	15.333	8.5601	5.6374	
1511	15.564	9.0638	6.5486	15.339	8.555	5.6471	
1512	15.562	9.0612	6.545	15.33	8.5822	5.6517	
1513	15.561	9.0586	6.5413	15.364	8.5032	5.6648	
1514	15.559	9.0559	6.5376	15.322	8.5396	5.6835	
1515	15.558	9.0533	6.5339	15.295	8.5603	5.6483	
1516	15.557	9.0507	6.5302	15.318	8.5056	5.6522	
1517	15.555	9.0481	6.5266	15.315	8.5658	5.6102	
1518	15.554	9.0455	6.5229	15.295	8.5482	5.6359	
1519	15.552	9.0429	6.5193	15.297	8.5464	5.6432	
1520	15.551	9.0403	6.5156	15.291	8.534	5.6375	
1521	15.55	9.0378	6.512	15.314	8.4871	5.5673	
1522	15.548	9.0352	6.5083	15.294	8.5187	5.5965	
1523	15.547	9.0326	6.5047	15.298	8.5355	5.6022	
1524	15.545	9.03	6.5011	15.33	8.5488	5.6586	
1525	15.544	9.0274	6.4974	15.314	8.5414	5.6269	
1526	15.543	9.0249	6.4938	15.292	8.5151	5.6013	
1527	15.541	9.0223	6.4902	15.3	8.528	5.6024	
1528	15.54	9.0197	6.4866	15.288	8.5465	5.6141	
1529	15.539	9.0172	6.483	15.293	8.4942	5.5902	
1530	15.537	9.0146	6.4794	15.303	8.5058	5.6026	
1531	15.536	9.0121	6.4758	15.28	8.4914	5.604	
1532	15.534	9.0095	6.4723	15.308	8.4916	5.603	
1533	15.533	9.007	6.4687	15.284	8.4702	5.5967	
1534	15.532	9.0045	6.4651	15.305	8.4793	5.6376	
1535	15.53	9.002	6.4615	15.298	8.4926	5.5712	
1536	15.529	8.9994	6.458	15.276	8.4891	5.5791	
1537	15.528	8.9969	6.4544	15.283	8.4941	5.5846	
1538	15.526	8.9944	6.4509	15.277	8.5252	5.5789	
1539	15.525	8.9919	6.4473	15.294	8.4816	5.577	
1540	15.524	8.9894	6.4438	15.287	8.4628	5.578	
1541	15.522	8.9869	6.4402	15.275	8.4525	5.5494	
1542	15.521	8.9844	6.4367	15.281	8.4651	5.5754	
1543	15.52	8.9819	6.4332	15.279	8.4722	5.544	
1544	15.518	8.9794	6.4296	15.282	8.4897	5.5788	
1545	15.517	8.9769	6.4261	15.263	8.493	5.5536	
1546	15.516	8.9744	6.4226	15.278	8.4662	5.5539	
1547	15.514	8.972	6.4191	15.274	8.4734	5.5453	
1548	15.513	8.9695	6.4156	15.277	8.4642	5.5399	
1549	15.512	8.967	6.4121	15.277	8.4838	5.5347	
1550	15.51	8.9645	6.4086	15.282	8.4621	5.5433	
1551	15.509	8.9621	6.4052	15.26	8.4848	5.5405	
1552	15.508	8.9596	6.4017	15.272	8.4641	5.5476	
1553	15.506	8.9572	6.3982	15.253	8.4528	5.5522	
1554	15.505	8.9548	6.3947	15.262	8.4672	5.5335	
1555	15.504	8.9523	6.3913	15.281	8.442	5.52	
1556	15.503	8.9499	6.3878	15.259	8.4567	5.5561	
1557	15.501	8.9475	6.3843	15.253	8.4481	5.5181	
1558	15.5	8.945	6.3809	15.256	8.4504	5.5207	
1559	15.499	8.9426	6.3774	15.276	8.4324	5.4932	
1560	15.497	8.9402	6.374	15.271	8.4614	5.517	
1561	15.496	8.9378	6.3706	15.28	8.463	5.5073	
1562	15.495	8.9354	6.3671	15.286	8.4263	5.5184	
1563	15.493	8.933	6.3637	15.246	8.4494	5.5213	
1564	15.492	8.9305	6.3603	15.253	8.4738	5.4959	
1565	15.491	8.9281	6.3569	15.26	8.475	5.4892	
1566	15.49	8.9257	6.3535	15.25	8.4211	5.471	
1567	15.488	8.9233	6.3501	15.272	8.4036	5.5013	
1568	15.487	8.9209	6.3467	15.254	8.4459	5.5132	
1569	15.486	8.9185	6.3433	15.273	8.4673	5.5183	
1570	15.484	8.9162	6.3399	15.258	8.4541	5.5109	
1571	15.483	8.9138	6.3365	15.251	8.43	5.5032	
1572	15.482	8.9114	6.3331	15.247	8.4216	5.516	
1573	15.481	8.9091	6.3297	15.253	8.4038	5.4898	
1574	15.479	8.9067	6.3264	15.271	8.4254	5.4739	
1575	15.478	8.9044	6.323	15.231	8.4078	5.4942	
1576	15.477	8.902	6.3196	15.249	8.3978	5.4296	
1577	15.476	8.8997	6.3163	15.217	8.3749	5.4756	
1578	15.474	8.8973	6.3129	15.237	8.4288	5.4607	
1579	15.473	8.895	6.3096	15.228	8.4205	5.4795	
1580	15.472	8.8926	6.3062	15.239	8.3869	5.4487	
1581	15.471	8.8903	6.3029	15.234	8.4189	5.4105	
1582	15.469	8.888	6.2996	15.257	8.4008	5.48	
1583	15.468	8.8856	6.2962	15.226	8.4345	5.4544	
1584	15.467	8.8833	6.2929	15.259	8.3606	5.4227	
1585	15.466	8.881	6.2896	15.244	8.4289	5.4566	
1586	15.465	8.8787	6.2863	15.233	8.3734	5.502	
1587	15.463	8.8763	6.283	15.238	8.4237	5.4611	
1588	15.462	8.874	6.2797	15.245	8.3774	5.3926	
1589	15.461	8.8717	6.2764	15.215	8.3875	5.4566	
1590	15.46	8.8694	6.2731	15.228	8.3519	5.4219	
1591	15.458	8.8671	6.2698	15.219	8.3652	5.442	
1592	15.457	8.8648	6.2665	15.22	8.4063	5.4059	
1593	15.456	8.8626	6.2632	15.242	8.3902	5.4055	
1594	15.455	8.8603	6.2599	15.227	8.3533	5.4718	
1595	15.454	8.858	6.2567	15.251	8.3693	5.388	
1596	15.452	8.8557	6.2534	15.218	8.396	5.4089	
1597	15.451	8.8535	6.2501	15.224	8.3787	5.4234	
1598	15.45	8.8512	6.2469	15.233	8.3674	5.3693	
1599	15.449	8.8489	6.2436	15.229	8.3583	5.4027	
1600	15.448	8.8467	6.2404	15.215	8.372	5.3582	
1601	15.446	8.8444	6.2371	15.245	8.3609	5.4297	
1602	15.445	8.8422	6.2339	15.238	8.3485	5.3855	
1603	15.444	8.8399	6.2307	15.243	8.3307	5.3756	
1604	15.443	8.8377	6.2274	15.231	8.3665	5.3766	
1605	15.442	8.8354	6.2242	15.219	8.355	5.4195	
1606	15.44	8.8332	6.221	15.218	8.3515	5.381	
1607	15.439	8.8309	6.2178	15.236	8.3546	5.3807	
1608	15.438	8.8287	6.2146	15.198	8.3743	5.3834	
1609	15.437	8.8265	6.2114	15.209	8.3542	5.3865	
1610	15.436	8.8242	6.2082	15.217	8.3669	5.3679	
1611	15.434	8.822	6.205	15.223	8.3448	5.3933	
1612	15.433	8.8198	6.2018	15.243	8.3307	5.3638	
1613	15.432	8.8176	6.1986	15.178	8.3644	5.3728	
1614	15.431	8.8154	6.1954	15.202	8.361	5.4227	
1615	15.43	8.8132	6.1922	15.227	8.3397	5.3958	
1616	15.429	8.811	6.189	15.22	8.3127	5.3666	
1617	15.427	8.8088	6.1858	15.246	8.3553	5.3936	
1618	15.426	8.8066	6.1827	15.226	8.3236	5.3726	
1619	15.425	8.8044	6.1795	15.199	8.3466	5.3731	
1620	15.424	8.8022	6.1764	15.181	8.3603	5.3781	
1621	15.423	8.8001	6.1732	15.208	8.3253	5.3494	
1622	15.422	8.7979	6.1701	15.178	8.3112	5.3902	
1623	15.421	8.7957	6.1669	15.171	8.3181	5.3343	
1624	15.419	8.7935	6.1638	15.213	8.3478	5.3601	
1625	15.418	8.7913	6.1606	15.221	8.3268	5.3138	
1626	15.417	8.7892	6.1575	15.189	8.3195	5.3457	
1627	15.416	8.787	6.1544	15.194	8.2845	5.3273	
1628	15.415	8.7848	6.1513	15.187	8.3499	5.3401	
1629	15.414	8.7827	6.1481	15.19	8.342	5.3735	
1630	15.413	8.7805	6.145	15.179	8.3391	5.3371	
1631	15.411	8.7784	6.1419	15.173	8.3154	5.3855	
1632	15.41	8.7762	6.1388	15.186	8.35	5.3166	
1633	15.409	8.7741	6.1357	15.203	8.3497	5.3381	
1634	15.408	8.772	6.1326	15.171	8.297	5.3258	
1635	15.407	8.7698	6.1295	15.194	8.3312	5.3287	
1636	15.406	8.7677	6.1264	15.188	8.3212	5.3036	
1637	15.405	8.7656	6.1233	15.199	8.3059	5.3668	
1638	15.404	8.7635	6.1203	15.222	8.2801	5.3259	
1639	15.402	8.7614	6.1172	15.182	8.3194	5.2974	
1640	15.401	8.7592	6.1141	15.173	8.2818	5.3281	
1641	15.4	8.7571	6.111	15.175	8.354	5.2891	
1642	15.399	8.755	6.108	15.205	8.2703	5.335	
1643	15.398	8.7529	6.1049	15.19	8.3112	5.2849	
1644	15.397	8.7508	6.1019	15.187	8.2906	5.3078	
1645	15.396	8.7487	6.0988	15.188	8.2927	5.329	
1646	15.395	8.7466	6.0958	15.208	8.31	5.2496	
1647	15.394	8.7445	6.0927	15.15	8.3281	5.3322	
1648	15.392	8.7424	6.0897	15.196	8.214	5.2562	
1649	15.391	8.7403	6.0867	15.203	8.3041	5.32	
1650	15.39	8.7382	6.0836	15.183	8.3097	5.3172	
1651	15.389	8.7362	6.0806	15.183	8.2823	5.2789	
1652	15.388	8.7341	6.0776	15.167	8.2903	5.2806	
1653	15.387	8.732	6.0746	15.222	8.273	5.3132	
1654	15.386	8.7299	6.0716	15.187	8.2721	5.3	
1655	15.385	8.7279	6.0685	15.181	8.3124	5.2674	
1656	15.384	8.7258	6.0655	15.178	8.2858	5.2886	
1657	15.383	8.7238	6.0625	15.182	8.2736	5.2715	
1658	15.382	8.7217	6.0595	15.168	8.2909	5.2684	
1659	15.38	8.7197	6.0565	15.198	8.2389	5.2994	
1660	15.379	8.7176	6.0536	15.134	8.2013	5.3163	
1661	15.378	8.7156	6.0506	15.18	8.22	5.277	
1662	15.377	8.7135	6.0476	15.141	8.2754	5.2561	
1663	15.376	8.7115	6.0446	15.16	8.3068	5.3083	
1664	15.375	8.7095	6.0416	15.139	8.2076	5.1903	
1665	15.374	8.7074	6.0387	15.134	8.2768	5.2901	
1666	15.373	8.7054	6.0357	15.203	8.2376	5.2267	
1667	15.372	8.7034	6.0328	15.116	8.178	5.2636	
1668	15.371	8.7014	6.0298	15.094	8.2587	5.2816	
1669	15.37	8.6993	6.0268	15.177	8.2221	5.1642	
1670	15.369	8.6973	6.0239	15.177	8.3188	5.28	
1671	15.368	8.6953	6.021	15.144	8.2985	5.1962	
1672	15.367	8.6933	6.018	15.205	8.2434	5.1552	
1673	15.366	8.6913	6.0151	15.194	8.2671	5.2595	
1674	15.365	8.6893	6.0122	15.196	8.273	5.2443	
1675	15.363	8.6873	6.0092	15.123	8.1082	5.2754	
1676	15.362	8.6853	6.0063	15.177	8.2951	5.2414	
1677	15.361	8.6833	6.0034	15.141	8.2686	5.3115	
1678	15.36	8.6813	6.0005	15.131	8.1656	5.2901	
1679	15.359	8.6793	5.9976	15.153	8.2106	5.2576	
1680	15.358	8.6773	5.9946	15.136	8.2649	5.3272	
1681	15.357	8.6754	5.9917	15.15	8.3289	5.2473	
1682	15.356	8.6734	5.9888	15.105	8.2398	5.2015	
1683	15.355	8.6714	5.9859	15.132	8.2922	5.1972	
1684	15.354	8.6695	5.983	15.112	8.2552	5.3479	
1685	15.353	8.6675	5.9802	15.14	8.0623	5.0309	
1686	15.352	8.6655	5.9773	15.254	8.287	5.2897	
1687	15.351	8.6636	5.9744	15.066	8.3556	5.4453	
1688	15.35	8.6616	5.9715	15.075	8.27	5.2045	
1689	15.349	8.6596	5.9686	15.151	8.2085	5.0922	
1690	15.348	8.6577	5.9658	15.044	8.425	5.2279	
1691	15.347	8.6557	5.9629	15.226	8.1621	5.1941	
1692	15.346	8.6538	5.9601	15.228	8.4692	5.2754	
1693	15.345	8.6518	5.9572	14.99	8.3545	5.5722	
1694	15.344	8.6499	5.9543	14.9	8.082	5.2263	
1695	15.343	8.648	5.9515	15.192	8.4939	5.4261	
1696	15.342	8.646	5.9487	15.082	8.2301	5.4347	
1697	15.341	8.6441	5.9458	15.142	8.3357	5.437	
1698	15.34	8.6421	5.943	14.719	8.2576	4.9981	
1699	15.339	8.6402	5.9401	14.916	8.6842	5.3629	
1700	15.338	8.6383	5.9373	14.932	8.1696	5.1826	
