	65	70	75	65	70	75	
300	39.177	38.997	39.395	37.511	37.209	37.514	
301	39.027	38.839	39.245	37.295	36.907	37.453	
302	38.884	38.689	39.102	37.087	36.772	37.279	
303	38.746	38.545	38.964	37.019	36.553	37.024	
304	38.615	38.407	38.832	36.99	36.489	37.052	
305	38.49	38.275	38.705	36.884	36.423	36.867	
306	38.37	38.147	38.583	36.614	36.185	36.77	
307	38.254	38.025	38.465	36.511	36.277	36.641	
308	38.143	37.907	38.351	36.334	36.128	36.541	
309	38.036	37.792	38.24	36.365	35.959	36.377	
310	37.932	37.681	38.132	36.171	35.873	36.379	
311	37.833	37.574	38.027	36.159	35.715	36.319	
312	37.736	37.47	37.925	36.209	35.719	36.207	
313	37.642	37.368	37.824	35.89	35.526	36.139	
314	37.551	37.269	37.727	35.955	35.547	35.953	
315	37.462	37.172	37.631	35.892	35.364	35.909	
316	37.376	37.078	37.537	35.798	35.418	35.815	
317	37.292	36.986	37.444	35.661	35.298	35.754	
318	37.21	36.895	37.353	35.561	35.153	35.59	
319	37.13	36.807	37.264	35.518	35.053	35.611	
320	37.052	36.72	37.176	35.535	35.035	35.459	
321	36.976	36.634	37.089	35.427	34.977	35.375	
322	36.901	36.551	37.003	35.393	34.901	35.332	
323	36.828	36.469	36.919	35.355	34.78	35.278	
324	36.757	36.388	36.836	35.23	34.786	35.152	
325	36.687	36.309	36.754	35.241	34.578	35.091	
326	36.619	36.231	36.673	35.155	34.568	35.032	
327	36.553	36.155	36.593	35.062	34.546	34.927	
328	36.488	36.08	36.514	35.028	34.498	34.847	
329	36.424	36.006	36.437	34.999	34.432	34.774	
330	36.363	35.935	36.361	35.011	34.459	34.767	
331	36.303	35.864	36.285	34.888	34.365	34.712	
332	36.244	35.795	36.212	34.842	34.23	34.555	
333	36.188	35.728	36.139	34.885	34.182	34.577	
334	36.133	35.663	36.068	34.798	34.161	34.525	
335	36.079	35.599	35.998	34.731	34.097	34.447	
336	36.028	35.537	35.93	34.609	34.041	34.358	
337	35.979	35.477	35.863	34.687	34.006	34.353	
338	35.931	35.418	35.798	34.632	33.962	34.303	
339	35.886	35.362	35.734	34.529	33.832	34.23	
340	35.843	35.308	35.672	34.579	33.724	34.179	
341	35.802	35.255	35.612	34.486	33.766	34.165	
342	35.763	35.205	35.553	34.466	33.725	34.1	
343	35.727	35.158	35.497	34.549	33.733	34.023	
344	35.693	35.112	35.442	34.521	33.702	33.95	
345	35.661	35.069	35.389	34.424	33.661	33.933	
346	35.633	35.029	35.339	34.455	33.622	33.892	
347	35.607	34.992	35.291	34.458	33.593	33.865	
348	35.585	34.957	35.245	34.377	33.616	33.812	
349	35.565	34.926	35.202	34.389	33.625	33.81	
350	35.55	34.898	35.162	34.388	33.625	33.767	
351	35.538	34.875	35.125	34.35	33.524	33.743	
352	35.531	34.855	35.091	34.396	33.574	33.8	
353	35.528	34.839	35.061	34.351	33.52	33.614	
354	35.53	34.828	35.034	34.458	33.583	33.722	
355	35.537	34.821	35.009	34.599	33.444	33.575	
356	35.547	34.818	34.987	34.579	33.535	33.58	
357	35.561	34.816	34.965	34.514	33.694	33.653	
358	35.577	34.815	34.942	34.45	33.599	33.561	
359	35.592	34.812	34.915	34.557	33.626	33.604	
360	35.604	34.804	34.881	34.568	33.602	33.533	
361	35.609	34.787	34.835	34.519	33.534	33.614	
362	35.604	34.757	34.775	34.468	33.471	33.318	
363	35.585	34.711	34.696	34.502	33.373	33.27	
364	35.55	34.647	34.598	34.485	33.406	33.141	
365	35.498	34.562	34.477	34.48	33.239	33.257	
366	35.426	34.455	34.333	34.43	33.18	32.916	
367	35.335	34.326	34.167	34.217	33.026	32.627	
368	35.225	34.177	33.979	34.2	33.006	32.484	
369	35.096	34.007	33.771	34.034	32.568	32.257	
370	34.95	33.819	33.545	33.841	32.395	31.955	
371	34.791	33.617	33.306	33.737	32.227	31.762	
372	34.622	33.405	33.056	33.555	32.089	31.437	
373	34.445	33.184	32.799	33.39	31.779	31.262	
374	34.261	32.957	32.538	33.076	31.523	30.992	
375	34.074	32.726	32.274	32.972	31.289	30.557	
376	33.883	32.494	32.01	32.744	31.026	30.281	
377	33.692	32.261	31.746	32.512	30.758	29.935	
378	33.501	32.029	31.486	32.361	30.452	29.755	
379	33.311	31.801	31.23	32.152	30.302	29.525	
380	33.124	31.575	30.978	31.847	30.094	29.22	
381	32.938	31.352	30.731	31.78	29.805	28.874	
382	32.755	31.133	30.488	31.618	29.702	28.718	
383	32.574	30.917	30.25	31.407	29.37	28.494	
384	32.396	30.705	30.018	31.178	29.194	28.195	
385	32.223	30.499	29.792	31.074	29.021	28.069	
386	32.053	30.298	29.573	30.864	28.789	27.848	
387	31.887	30.101	29.359	30.652	28.633	27.637	
388	31.724	29.909	29.151	30.583	28.41	27.476	
389	31.565	29.721	28.948	30.461	28.307	27.256	
390	31.41	29.538	28.751	30.26	28.108	27.05	
391	31.26	29.362	28.562	30.191	27.915	26.895	
392	31.114	29.191	28.378	29.981	27.735	26.665	
393	30.972	29.024	28.2	29.878	27.587	26.582	
394	30.833	28.862	28.027	29.682	27.397	26.4	
395	30.698	28.703	27.858	29.63	27.355	26.298	
396	30.568	28.551	27.696	29.422	27.142	26.077	
397	30.442	28.403	27.539	29.335	27.036	25.925	
398	30.319	28.259	27.386	29.275	26.882	25.776	
399	30.199	28.119	27.237	29.093	26.69	25.637	
400	30.083	27.982	27.091	29.072	26.6	25.423	
401	29.97	27.849	26.951	28.922	26.451	25.337	
402	29.86	27.72	26.813	28.768	26.379	25.181	
403	29.752	27.593	26.678	28.682	26.196	25.041	
404	29.646	27.468	26.545	28.573	26.143	24.894	
405	29.543	27.347	26.416	28.511	25.929	24.83	
406	29.443	27.228	26.289	28.418	25.831	24.647	
407	29.344	27.111	26.163	28.306	25.691	24.585	
408	29.246	26.995	26.039	28.204	25.67	24.441	
409	29.151	26.882	25.918	28.091	25.533	24.21	
410	29.057	26.771	25.799	28.031	25.423	24.179	
411	28.964	26.66	25.68	27.868	25.362	24.088	
412	28.873	26.551	25.563	27.819	25.199	23.977	
413	28.783	26.444	25.448	27.751	25.068	23.815	
414	28.694	26.339	25.334	27.647	25.046	23.779	
415	28.607	26.234	25.221	27.567	24.906	23.666	
416	28.52	26.13	25.11	27.436	24.81	23.564	
417	28.435	26.028	25	27.395	24.667	23.442	
418	28.35	25.927	24.891	27.242	24.576	23.314	
419	28.266	25.826	24.782	27.24	24.539	23.278	
420	28.184	25.728	24.676	27.177	24.391	23.051	
421	28.103	25.63	24.57	26.993	24.277	23.05	
422	28.022	25.533	24.465	27.016	24.164	22.99	
423	27.942	25.436	24.361	26.934	24.088	22.879	
424	27.863	25.342	24.259	26.867	24.049	22.714	
425	27.784	25.247	24.157	26.755	23.89	22.644	
426	27.707	25.154	24.056	26.651	23.86	22.58	
427	27.631	25.062	23.957	26.553	23.755	22.538	
428	27.555	24.97	23.858	26.479	23.663	22.372	
429	27.479	24.879	23.76	26.519	23.569	22.282	
430	27.405	24.79	23.663	26.369	23.426	22.284	
431	27.331	24.701	23.567	26.264	23.503	22.162	
432	27.258	24.613	23.472	26.276	23.311	21.984	
433	27.186	24.526	23.378	26.141	23.339	21.941	
434	27.115	24.439	23.285	26.086	23.175	21.795	
435	27.044	24.354	23.192	26.006	23.033	21.804	
436	26.974	24.269	23.101	25.973	22.899	21.543	
437	26.904	24.185	23.01	25.893	22.922	21.617	
438	26.836	24.102	22.921	25.872	22.893	21.469	
439	26.768	24.019	22.832	25.71	22.818	21.435	
440	26.7	23.937	22.744	25.695	22.639	21.343	
441	26.633	23.856	22.656	25.63	22.648	21.261	
442	26.567	23.776	22.57	25.588	22.648	21.104	
443	26.501	23.696	22.484	25.507	22.442	21.184	
444	26.436	23.618	22.4	25.556	22.424	20.985	
445	26.372	23.54	22.316	25.392	22.277	20.91	
446	26.308	23.462	22.232	25.234	22.293	20.863	
447	26.245	23.386	22.15	25.292	22.112	20.749	
448	26.182	23.309	22.068	25.195	22.141	20.723	
449	26.12	23.234	21.987	25.183	22.026	20.627	
450	26.059	23.159	21.907	25.118	21.916	20.654	
451	25.998	23.085	21.827	25.118	21.857	20.554	
452	25.938	23.012	21.748	25.026	21.784	20.444	
453	25.878	22.939	21.67	24.922	21.755	20.443	
454	25.818	22.867	21.593	24.835	21.684	20.273	
455	25.76	22.796	21.516	24.769	21.671	20.279	
456	25.702	22.725	21.44	24.72	21.58	20.095	
457	25.644	22.655	21.365	24.709	21.546	20.092	
458	25.587	22.585	21.291	24.66	21.441	20.062	
459	25.53	22.516	21.217	24.663	21.481	19.975	
460	25.474	22.448	21.143	24.545	21.331	19.906	
461	25.419	22.38	21.071	24.62	21.233	19.818	
462	25.364	22.313	20.999	24.431	21.183	19.772	
463	25.309	22.246	20.927	24.46	21.21	19.722	
464	25.255	22.18	20.857	24.327	21.031	19.609	
465	25.202	22.115	20.787	24.36	21.017	19.608	
466	25.148	22.05	20.717	24.267	20.954	19.454	
467	25.096	21.986	20.649	24.206	20.854	19.484	
468	25.044	21.922	20.58	24.17	20.799	19.396	
469	24.992	21.858	20.513	24.092	20.77	19.34	
470	24.941	21.796	20.446	24.061	20.699	19.193	
471	24.89	21.734	20.379	24.012	20.652	19.217	
472	24.84	21.672	20.313	23.934	20.679	19.142	
473	24.79	21.611	20.248	23.947	20.517	19.035	
474	24.741	21.55	20.183	23.908	20.509	19.076	
475	24.691	21.49	20.119	23.846	20.472	18.955	
476	24.643	21.43	20.055	23.824	20.439	18.928	
477	24.595	21.371	19.992	23.74	20.279	18.806	
478	24.547	21.313	19.929	23.684	20.28	18.775	
479	24.5	21.254	19.867	23.667	20.197	18.72	
480	24.453	21.197	19.805	23.599	20.142	18.638	
481	24.406	21.139	19.744	23.572	20.093	18.615	
482	24.36	21.083	19.684	23.495	20.1	18.561	
483	24.315	21.026	19.623	23.543	20.037	18.524	
484	24.269	20.971	19.564	23.447	19.952	18.437	
485	24.224	20.915	19.505	23.405	19.904	18.479	
486	24.18	20.86	19.446	23.388	19.787	18.36	
487	24.136	20.806	19.387	23.308	19.783	18.254	
488	24.092	20.751	19.33	23.318	19.714	18.213	
489	24.048	20.698	19.272	23.228	19.691	18.178	
490	24.005	20.644	19.215	23.239	19.606	18.185	
491	23.963	20.592	19.159	23.162	19.598	18.078	
492	23.92	20.539	19.103	23.125	19.513	18.036	
493	23.878	20.487	19.047	23.098	19.505	17.975	
494	23.836	20.435	18.992	23.049	19.475	17.976	
495	23.795	20.384	18.937	23.039	19.452	17.877	
496	23.754	20.333	18.882	22.991	19.38	17.876	
497	23.714	20.283	18.829	22.952	19.303	17.874	
498	23.673	20.233	18.775	22.922	19.281	17.787	
499	23.633	20.183	18.722	22.888	19.204	17.73	
500	23.593	20.133	18.669	22.873	19.164	17.653	
501	23.554	20.085	18.616	22.799	19.155	17.607	
502	23.515	20.036	18.564	22.748	19.072	17.553	
503	23.476	19.988	18.512	22.745	19.08	17.515	
504	23.438	19.939	18.461	22.67	18.989	17.461	
505	23.4	19.892	18.41	22.66	18.966	17.426	
506	23.362	19.844	18.359	22.59	18.9	17.357	
507	23.324	19.798	18.309	22.573	18.858	17.36	
508	23.287	19.751	18.259	22.544	18.831	17.264	
509	23.25	19.705	18.209	22.54	18.784	17.234	
510	23.213	19.658	18.16	22.464	18.744	17.185	
511	23.177	19.613	18.111	22.441	18.672	17.172	
512	23.14	19.567	18.062	22.411	18.653	17.095	
513	23.105	19.522	18.013	22.38	18.604	17.039	
514	23.069	19.478	17.965	22.329	18.581	17.008	
515	23.034	19.433	17.918	22.323	18.521	16.956	
516	22.998	19.389	17.87	22.272	18.488	16.925	
517	22.963	19.345	17.823	22.233	18.453	16.889	
518	22.929	19.301	17.776	22.213	18.429	16.8	
519	22.894	19.258	17.729	22.156	18.383	16.8	
520	22.86	19.215	17.683	22.155	18.329	16.783	
521	22.826	19.172	17.637	22.107	18.281	16.705	
522	22.793	19.13	17.591	22.082	18.236	16.682	
523	22.759	19.087	17.546	22.044	18.197	16.633	
524	22.726	19.046	17.501	22.008	18.175	16.576	
525	22.693	19.004	17.456	21.973	18.11	16.541	
526	22.661	18.962	17.411	21.948	18.101	16.479	
527	22.628	18.921	17.367	21.919	18.041	16.467	
528	22.596	18.88	17.322	21.871	18.015	16.444	
529	22.564	18.84	17.279	21.848	17.935	16.346	
530	22.532	18.799	17.235	21.807	17.963	16.332	
531	22.5	18.759	17.192	21.787	17.894	16.282	
532	22.469	18.719	17.148	21.792	17.872	16.249	
533	22.438	18.679	17.106	21.715	17.836	16.21	
534	22.406	18.64	17.063	21.688	17.765	16.173	
535	22.376	18.601	17.021	21.675	17.736	16.118	
536	22.345	18.562	16.978	21.642	17.728	16.071	
537	22.315	18.523	16.936	21.635	17.67	16.051	
538	22.284	18.484	16.895	21.595	17.649	16.008	
539	22.254	18.446	16.853	21.569	17.626	15.99	
540	22.225	18.408	16.812	21.55	17.587	15.938	
541	22.195	18.37	16.771	21.51	17.537	15.923	
542	22.165	18.332	16.73	21.482	17.509	15.858	
543	22.136	18.295	16.69	21.476	17.461	15.814	
544	22.107	18.257	16.649	21.431	17.422	15.773	
545	22.078	18.22	16.609	21.41	17.437	15.761	
546	22.049	18.183	16.569	21.352	17.352	15.71	
547	22.021	18.147	16.53	21.367	17.317	15.707	
548	21.993	18.11	16.49	21.329	17.285	15.648	
549	21.964	18.074	16.451	21.326	17.238	15.622	
550	21.936	18.038	16.412	21.261	17.228	15.591	
551	21.908	18.002	16.373	21.239	17.193	15.54	
552	21.881	17.967	16.334	21.241	17.157	15.508	
553	21.853	17.931	16.296	21.207	17.129	15.477	
554	21.826	17.896	16.257	21.168	17.077	15.44	
555	21.799	17.861	16.219	21.16	17.056	15.395	
556	21.772	17.826	16.182	21.131	17.016	15.362	
557	21.745	17.791	16.144	21.103	16.947	15.317	
558	21.718	17.757	16.106	21.084	16.962	15.3	
559	21.692	17.723	16.069	21.046	16.928	15.278	
560	21.665	17.689	16.032	21.019	16.886	15.228	
561	21.639	17.654	15.995	21.007	16.84	15.186	
562	21.613	17.621	15.958	21	16.812	15.184	
563	21.587	17.587	15.922	20.961	16.801	15.133	
564	21.561	17.554	15.886	20.944	16.75	15.126	
565	21.536	17.521	15.849	20.9	16.721	15.064	
566	21.51	17.487	15.813	20.879	16.684	15.074	
567	21.485	17.455	15.778	20.845	16.66	15.01	
568	21.46	17.422	15.742	20.818	16.626	14.969	
569	21.435	17.389	15.707	20.805	16.591	14.939	
570	21.41	17.357	15.671	20.791	16.566	14.891	
571	21.385	17.325	15.636	20.756	16.54	14.877	
572	21.361	17.293	15.601	20.734	16.528	14.866	
573	21.336	17.261	15.567	20.719	16.489	14.815	
574	21.312	17.229	15.532	20.685	16.473	14.755	
575	21.288	17.198	15.498	20.662	16.434	14.74	
576	21.264	17.166	15.463	20.631	16.404	14.719	
577	21.24	17.135	15.429	20.644	16.385	14.694	
578	21.216	17.104	15.395	20.618	16.331	14.681	
579	21.192	17.073	15.361	20.576	16.316	14.62	
580	21.169	17.042	15.328	20.577	16.277	14.621	
581	21.146	17.012	15.294	20.535	16.251	14.584	
582	21.122	16.981	15.261	20.524	16.22	14.522	
583	21.099	16.951	15.228	20.504	16.18	14.507	
584	21.076	16.921	15.195	20.492	16.17	14.517	
585	21.053	16.891	15.162	20.442	16.155	14.449	
586	21.031	16.861	15.13	20.431	16.123	14.417	
587	21.008	16.831	15.097	20.436	16.098	14.362	
588	20.985	16.801	15.065	20.408	16.07	14.357	
589	20.963	16.772	15.033	20.364	16.041	14.332	
590	20.941	16.743	15.001	20.345	16.005	14.287	
591	20.919	16.714	14.969	20.333	15.99	14.25	
592	20.897	16.685	14.937	20.31	15.918	14.221	
593	20.875	16.656	14.905	20.296	15.969	14.198	
594	20.853	16.627	14.874	20.283	15.892	14.209	
595	20.831	16.598	14.843	20.24	15.88	14.155	
596	20.81	16.57	14.811	20.22	15.879	14.124	
597	20.788	16.542	14.781	20.21	15.839	14.089	
598	20.767	16.513	14.75	20.202	15.8	14.07	
599	20.746	16.485	14.719	20.184	15.748	14.033	
600	20.725	16.457	14.688	20.146	15.774	14.024	
601	20.704	16.43	14.658	20.111	15.734	13.982	
602	20.683	16.402	14.628	20.089	15.676	13.946	
603	20.662	16.374	14.597	20.073	15.681	13.918	
604	20.642	16.347	14.567	20.062	15.645	13.915	
605	20.621	16.32	14.537	20.041	15.608	13.859	
606	20.601	16.293	14.508	20.03	15.616	13.815	
607	20.58	16.266	14.478	19.998	15.592	13.779	
608	20.56	16.239	14.448	20.014	15.535	13.804	
609	20.54	16.212	14.419	19.982	15.547	13.748	
610	20.52	16.185	14.39	19.959	15.505	13.733	
611	20.5	16.159	14.361	19.939	15.468	13.708	
612	20.48	16.132	14.332	19.937	15.48	13.705	
613	20.46	16.106	14.303	19.905	15.44	13.625	
614	20.441	16.08	14.274	19.873	15.416	13.633	
615	20.421	16.054	14.246	19.872	15.373	13.599	
616	20.402	16.028	14.217	19.848	15.366	13.567	
617	20.382	16.002	14.189	19.833	15.339	13.548	
618	20.363	15.977	14.161	19.81	15.324	13.544	
619	20.344	15.951	14.132	19.793	15.289	13.484	
620	20.325	15.925	14.104	19.769	15.26	13.464	
621	20.306	15.9	14.077	19.744	15.245	13.463	
622	20.287	15.875	14.049	19.758	15.223	13.435	
623	20.269	15.85	14.021	19.727	15.19	13.375	
624	20.25	15.825	13.994	19.705	15.17	13.372	
625	20.231	15.8	13.966	19.678	15.168	13.392	
626	20.213	15.775	13.939	19.681	15.12	13.311	
627	20.195	15.75	13.912	19.667	15.098	13.304	
628	20.176	15.726	13.885	19.638	15.06	13.283	
629	20.158	15.701	13.858	19.635	15.075	13.294	
630	20.14	15.677	13.831	19.57	15.013	13.233	
631	20.122	15.653	13.804	19.565	15.066	13.236	
632	20.104	15.629	13.778	19.575	15.011	13.141	
633	20.086	15.605	13.751	19.564	14.965	13.12	
634	20.068	15.581	13.725	19.51	14.954	13.069	
635	20.051	15.557	13.699	19.493	14.942	13.106	
636	20.033	15.533	13.673	19.49	14.951	13.106	
637	20.016	15.51	13.647	19.498	14.872	13.056	
638	19.998	15.486	13.621	19.454	14.846	13.046	
639	19.981	15.463	13.595	19.459	14.818	13.027	
640	19.964	15.439	13.569	19.425	14.799	13.018	
641	19.947	15.416	13.544	19.452	14.778	12.939	
642	19.929	15.393	13.518	19.402	14.772	12.986	
643	19.912	15.37	13.493	19.387	14.721	12.945	
644	19.896	15.347	13.467	19.404	14.727	12.899	
645	19.879	15.324	13.442	19.385	14.71	12.869	
646	19.862	15.302	13.417	19.341	14.67	12.857	
647	19.845	15.279	13.392	19.34	14.697	12.832	
648	19.829	15.257	13.367	19.298	14.644	12.833	
649	19.812	15.234	13.343	19.29	14.633	12.793	
650	19.796	15.212	13.318	19.268	14.571	12.757	
651	19.779	15.19	13.293	19.249	14.593	12.771	
652	19.763	15.167	13.269	19.245	14.544	12.718	
653	19.747	15.145	13.245	19.224	14.556	12.69	
654	19.731	15.124	13.22	19.213	14.505	12.636	
655	19.715	15.102	13.196	19.188	14.528	12.643	
656	19.699	15.08	13.172	19.173	14.551	12.655	
657	19.683	15.058	13.148	19.182	14.495	12.58	
658	19.667	15.037	13.124	19.145	14.451	12.585	
659	19.651	15.015	13.1	19.135	14.393	12.576	
660	19.635	14.994	13.077	19.131	14.406	12.557	
661	19.62	14.972	13.053	19.149	14.366	12.521	
662	19.604	14.951	13.03	19.141	14.38	12.487	
663	19.589	14.93	13.006	19.085	14.354	12.478	
664	19.573	14.909	12.983	19.067	14.358	12.46	
665	19.558	14.888	12.96	19.05	14.329	12.422	
666	19.543	14.867	12.937	19.037	14.283	12.4	
667	19.528	14.846	12.914	19.049	14.264	12.403	
668	19.512	14.826	12.891	19.03	14.28	12.379	
669	19.497	14.805	12.868	19.015	14.24	12.357	
670	19.482	14.784	12.845	18.996	14.227	12.341	
671	19.467	14.764	12.822	18.983	14.189	12.272	
672	19.453	14.744	12.8	18.968	14.151	12.307	
673	19.438	14.723	12.777	18.924	14.153	12.286	
674	19.423	14.703	12.755	18.939	14.161	12.278	
675	19.408	14.683	12.732	18.916	14.153	12.296	
676	19.394	14.663	12.71	18.918	14.072	12.203	
677	19.379	14.643	12.688	18.905	14.111	12.199	
678	19.365	14.623	12.666	18.877	14.073	12.219	
679	19.35	14.603	12.644	18.874	14.028	12.143	
680	19.336	14.583	12.622	18.865	14.013	12.153	
681	19.322	14.564	12.6	18.846	13.999	12.088	
682	19.308	14.544	12.579	18.845	14.005	12.109	
683	19.294	14.525	12.557	18.808	13.954	12.072	
684	19.279	14.505	12.535	18.784	13.945	12.093	
685	19.265	14.486	12.514	18.793	13.961	12.052	
686	19.252	14.467	12.493	18.775	13.924	12.002	
687	19.238	14.448	12.471	18.777	13.89	11.991	
688	19.224	14.428	12.45	18.772	13.868	11.962	
689	19.21	14.409	12.429	18.761	13.903	11.957	
690	19.196	14.39	12.408	18.716	13.875	11.965	
691	19.183	14.372	12.387	18.724	13.843	11.91	
692	19.169	14.353	12.366	18.709	13.782	11.94	
693	19.156	14.334	12.345	18.696	13.781	11.891	
694	19.142	14.315	12.324	18.682	13.775	11.898	
695	19.129	14.297	12.304	18.653	13.738	11.859	
696	19.115	14.278	12.283	18.654	13.704	11.854	
697	19.102	14.26	12.262	18.647	13.742	11.818	
698	19.089	14.241	12.242	18.656	13.697	11.76	
699	19.076	14.223	12.222	18.615	13.678	11.745	
700	19.062	14.205	12.201	18.603	13.714	11.763	
701	19.049	14.187	12.181	18.616	13.601	11.754	
702	19.036	14.169	12.161	18.605	13.677	11.742	
703	19.023	14.15	12.141	18.55	13.664	11.695	
704	19.011	14.132	12.121	18.548	13.616	11.689	
705	18.998	14.115	12.101	18.593	13.586	11.663	
706	18.985	14.097	12.081	18.539	13.595	11.627	
707	18.972	14.079	12.061	18.519	13.587	11.625	
708	18.959	14.061	12.041	18.499	13.513	11.634	
709	18.947	14.044	12.022	18.52	13.555	11.58	
710	18.934	14.026	12.002	18.509	13.487	11.628	
711	18.922	14.009	11.983	18.491	13.491	11.511	
712	18.909	13.991	11.963	18.46	13.43	11.505	
713	18.897	13.974	11.944	18.443	13.501	11.532	
714	18.885	13.957	11.925	18.434	13.419	11.487	
715	18.872	13.939	11.906	18.397	13.433	11.469	
716	18.86	13.922	11.886	18.418	13.356	11.374	
717	18.848	13.905	11.867	18.408	13.398	11.468	
718	18.836	13.888	11.848	18.389	13.347	11.371	
719	18.824	13.871	11.829	18.416	13.365	11.461	
720	18.811	13.854	11.81	18.332	13.336	11.414	
721	18.799	13.837	11.792	18.377	13.311	11.389	
722	18.788	13.821	11.773	18.373	13.341	11.365	
723	18.776	13.804	11.754	18.316	13.339	11.362	
724	18.764	13.787	11.736	18.348	13.267	11.357	
725	18.752	13.771	11.717	18.293	13.366	11.278	
726	18.74	13.754	11.699	18.343	13.2	11.279	
727	18.728	13.738	11.68	18.3	13.25	11.255	
728	18.717	13.721	11.662	18.318	13.194	11.255	
729	18.705	13.705	11.644	18.272	13.178	11.254	
730	18.694	13.689	11.625	18.26	13.183	11.173	
731	18.682	13.673	11.607	18.22	13.167	11.208	
732	18.671	13.656	11.589	18.247	13.116	11.197	
733	18.659	13.64	11.571	18.236	13.152	11.165	
734	18.648	13.624	11.553	18.263	13.117	11.143	
735	18.637	13.608	11.535	18.212	13.131	11.119	
736	18.625	13.592	11.517	18.211	13.114	11.12	
737	18.614	13.576	11.5	18.221	13.084	11.153	
738	18.603	13.561	11.482	18.175	13.091	11.076	
739	18.592	13.545	11.464	18.168	13.067	11.094	
740	18.581	13.529	11.447	18.198	13.06	11.074	
741	18.57	13.513	11.429	18.146	13.012	11.072	
742	18.558	13.498	11.412	18.159	13.021	11.016	
743	18.548	13.482	11.394	18.16	13.027	10.987	
744	18.537	13.467	11.377	18.128	13	11.023	
745	18.526	13.452	11.36	18.098	13.023	11.013	
746	18.515	13.436	11.343	18.113	12.97	10.981	
747	18.504	13.421	11.325	18.112	13.001	10.944	
748	18.493	13.406	11.308	18.09	12.967	10.93	
749	18.483	13.39	11.291	18.087	12.928	10.902	
750	18.472	13.375	11.274	18.026	12.909	10.938	
751	18.461	13.36	11.257	18.064	12.892	10.873	
752	18.451	13.345	11.24	18.016	12.923	10.846	
753	18.44	13.33	11.224	18.042	12.881	10.845	
754	18.43	13.315	11.207	18.033	12.862	10.87	
755	18.419	13.3	11.19	17.998	12.896	10.794	
756	18.409	13.285	11.173	18.017	12.83	10.84	
757	18.399	13.271	11.157	18.016	12.778	10.837	
758	18.388	13.256	11.14	17.993	12.814	10.794	
759	18.378	13.241	11.124	17.991	12.817	10.766	
760	18.368	13.227	11.107	17.965	12.743	10.723	
761	18.357	13.212	11.091	17.94	12.757	10.727	
762	18.347	13.198	11.075	17.968	12.744	10.685	
763	18.337	13.183	11.059	17.942	12.757	10.67	
764	18.327	13.169	11.042	17.942	12.75	10.703	
765	18.317	13.154	11.026	17.928	12.723	10.649	
766	18.307	13.14	11.01	17.945	12.732	10.659	
767	18.297	13.126	10.994	17.932	12.689	10.658	
768	18.287	13.112	10.978	17.898	12.676	10.604	
769	18.277	13.098	10.962	17.901	12.684	10.63	
770	18.267	13.083	10.946	17.88	12.632	10.573	
771	18.258	13.069	10.93	17.839	12.621	10.567	
772	18.248	13.055	10.915	17.837	12.664	10.567	
773	18.238	13.041	10.899	17.851	12.613	10.567	
774	18.228	13.027	10.883	17.831	12.605	10.51	
775	18.219	13.014	10.868	17.81	12.584	10.517	
776	18.209	13	10.852	17.872	12.563	10.49	
777	18.199	12.986	10.837	17.813	12.541	10.499	
778	18.19	12.972	10.821	17.814	12.507	10.516	
779	18.18	12.959	10.806	17.771	12.515	10.473	
780	18.171	12.945	10.79	17.769	12.529	10.484	
781	18.161	12.931	10.775	17.816	12.552	10.405	
782	18.152	12.918	10.76	17.788	12.453	10.414	
783	18.143	12.904	10.744	17.766	12.44	10.413	
784	18.133	12.891	10.729	17.747	12.468	10.369	
785	18.124	12.877	10.714	17.727	12.424	10.347	
786	18.115	12.864	10.699	17.72	12.435	10.349	
787	18.106	12.851	10.684	17.725	12.412	10.345	
788	18.096	12.838	10.669	17.722	12.394	10.324	
789	18.087	12.824	10.654	17.703	12.376	10.317	
790	18.078	12.811	10.639	17.705	12.403	10.277	
791	18.069	12.798	10.624	17.675	12.368	10.278	
792	18.06	12.785	10.61	17.689	12.361	10.267	
793	18.051	12.772	10.595	17.679	12.381	10.266	
794	18.042	12.759	10.58	17.66	12.327	10.239	
795	18.033	12.746	10.566	17.659	12.309	10.224	
796	18.024	12.733	10.551	17.662	12.313	10.213	
797	18.015	12.72	10.537	17.654	12.325	10.176	
798	18.006	12.707	10.522	17.666	12.323	10.181	
799	17.997	12.695	10.508	17.647	12.261	10.206	
800	17.989	12.682	10.493	17.62	12.266	10.135	
801	17.98	12.669	10.479	17.605	12.279	10.152	
802	17.971	12.657	10.464	17.648	12.257	10.122	
803	17.962	12.644	10.45	17.585	12.228	10.092	
804	17.954	12.631	10.436	17.575	12.219	10.133	
805	17.945	12.619	10.422	17.566	12.198	10.093	
806	17.937	12.606	10.408	17.583	12.17	10.084	
807	17.928	12.594	10.394	17.566	12.126	10.115	
808	17.919	12.581	10.379	17.569	12.174	10.024	
809	17.911	12.569	10.365	17.516	12.099	10.047	
810	17.902	12.557	10.352	17.556	12.165	10.014	
811	17.894	12.544	10.338	17.537	12.131	9.9973	
812	17.886	12.532	10.324	17.532	12.176	10.005	
813	17.877	12.52	10.31	17.542	12.077	9.9926	
814	17.869	12.508	10.296	17.52	12.11	10.013	
815	17.861	12.496	10.282	17.499	12.091	9.9656	
816	17.852	12.484	10.269	17.51	12.082	9.9131	
817	17.844	12.472	10.255	17.487	12.062	9.9298	
818	17.836	12.46	10.241	17.492	12.059	9.9034	
819	17.828	12.448	10.228	17.483	12.042	9.9129	
820	17.819	12.436	10.214	17.46	12.018	9.8719	
821	17.811	12.424	10.201	17.453	12.005	9.8656	
822	17.803	12.412	10.187	17.45	12.012	9.8616	
823	17.795	12.4	10.174	17.451	12.006	9.8525	
824	17.787	12.388	10.161	17.443	12.007	9.8497	
825	17.779	12.377	10.147	17.437	11.988	9.8449	
826	17.771	12.365	10.134	17.433	11.98	9.8362	
827	17.763	12.353	10.121	17.43	11.974	9.8144	
828	17.755	12.342	10.107	17.419	11.964	9.8087	
829	17.747	12.33	10.094	17.407	11.95	9.7941	
830	17.739	12.319	10.081	17.407	11.946	9.8031	
831	17.732	12.307	10.068	17.4	11.919	9.7859	
832	17.724	12.296	10.055	17.384	11.91	9.7662	
833	17.716	12.284	10.042	17.379	11.905	9.7353	
834	17.708	12.273	10.029	17.367	11.897	9.7158	
835	17.7	12.261	10.016	17.36	11.889	9.7177	
836	17.693	12.25	10.003	17.358	11.888	9.6974	
837	17.685	12.239	9.9904	17.35	11.861	9.7024	
838	17.677	12.228	9.9776	17.356	11.846	9.6741	
839	17.67	12.216	9.9648	17.339	11.835	9.6728	
840	17.662	12.205	9.9521	17.323	11.851	9.6213	
841	17.655	12.194	9.9394	17.338	11.799	9.6059	
842	17.647	12.183	9.9267	17.35	11.812	9.6524	
843	17.639	12.172	9.9141	17.333	11.79	9.6237	
844	17.632	12.161	9.9015	17.328	11.8	9.6135	
845	17.625	12.15	9.889	17.337	11.83	9.5864	
846	17.617	12.139	9.8764	17.25	11.762	9.5728	
847	17.61	12.128	9.864	17.316	11.671	9.6306	
848	17.602	12.117	9.8515	17.299	11.801	9.6341	
849	17.595	12.106	9.8391	17.296	11.713	9.5251	
850	17.588	12.095	9.8268	17.278	11.74	9.5683	
851	17.58	12.084	9.8145	17.254	11.712	9.5872	
852	17.573	12.074	9.8022	17.249	11.723	9.4661	
853	17.566	12.063	9.7899	17.279	11.658	9.4759	
854	17.558	12.052	9.7777	17.228	11.704	9.4325	
855	17.551	12.042	9.7655	17.23	11.626	9.478	
856	17.544	12.031	9.7534	17.202	11.678	9.4881	
857	17.537	12.02	9.7413	17.234	11.659	9.4508	
858	17.53	12.01	9.7292	17.248	11.682	9.4151	
859	17.523	11.999	9.7171	17.26	11.629	9.461	
860	17.516	11.989	9.7051	17.206	11.667	9.4684	
861	17.508	11.978	9.6932	17.177	11.615	9.3825	
862	17.501	11.968	9.6812	17.215	11.595	9.3837	
863	17.494	11.958	9.6693	17.205	11.644	9.3907	
864	17.488	11.947	9.6575	17.208	11.589	9.387	
865	17.481	11.937	9.6456	17.157	11.577	9.3165	
866	17.474	11.926	9.6338	17.167	11.563	9.3468	
867	17.467	11.916	9.6221	17.147	11.513	9.3459	
868	17.46	11.906	9.6104	17.118	11.543	9.3501	
869	17.453	11.896	9.5987	17.15	11.508	9.2901	
870	17.446	11.886	9.587	17.159	11.516	9.3057	
871	17.439	11.875	9.5754	17.146	11.508	9.2767	
872	17.432	11.865	9.5638	17.131	11.512	9.3136	
873	17.426	11.855	9.5522	17.157	11.469	9.267	
874	17.419	11.845	9.5407	17.129	11.488	9.2504	
875	17.412	11.835	9.5292	17.111	11.474	9.2559	
876	17.405	11.825	9.5178	17.115	11.465	9.2204	
877	17.399	11.815	9.5063	17.112	11.46	9.2537	
878	17.392	11.805	9.4949	17.083	11.444	9.2191	
879	17.385	11.795	9.4836	17.079	11.432	9.1998	
880	17.379	11.785	9.4722	17.071	11.421	9.1926	
881	17.372	11.776	9.4609	17.069	11.417	9.1849	
882	17.366	11.766	9.4497	17.067	11.412	9.1889	
883	17.359	11.756	9.4384	17.063	11.408	9.1794	
884	17.353	11.746	9.4272	17.061	11.404	9.1718	
885	17.346	11.736	9.4161	17.061	11.396	9.1709	
886	17.34	11.727	9.4049	17.056	11.388	9.1566	
887	17.333	11.717	9.3938	17.046	11.371	9.1428	
888	17.327	11.708	9.3827	17.044	11.364	9.1243	
889	17.32	11.698	9.3717	17.031	11.351	9.1119	
890	17.314	11.688	9.3607	17.018	11.337	9.0964	
891	17.308	11.679	9.3497	17.012	11.328	9.0812	
892	17.301	11.669	9.3387	17.01	11.316	9.0788	
893	17.295	11.66	9.3278	17.003	11.31	9.0602	
894	17.289	11.65	9.3169	16.991	11.308	9.0486	
895	17.282	11.641	9.3061	16.999	11.303	9.0533	
896	17.276	11.631	9.2952	16.989	11.29	9.0498	
897	17.27	11.622	9.2844	16.989	11.285	9.0476	
898	17.263	11.613	9.2737	16.987	11.282	9.0195	
899	17.257	11.603	9.2629	16.979	11.268	9.0175	
900	17.251	11.594	9.2522	16.966	11.258	8.9949	
901	17.245	11.585	9.2415	16.947	11.247	8.9733	
902	17.239	11.576	9.2309	16.948	11.229	8.9685	
903	17.233	11.566	9.2203	16.945	11.226	8.9618	
904	17.227	11.557	9.2097	16.94	11.217	8.9595	
905	17.22	11.548	9.1991	16.932	11.215	8.9576	
906	17.214	11.539	9.1886	16.934	11.21	8.9517	
907	17.208	11.53	9.1781	16.929	11.206	8.9528	
908	17.202	11.521	9.1676	16.931	11.194	8.9288	
909	17.196	11.512	9.1571	16.916	11.183	8.9209	
910	17.19	11.503	9.1467	16.902	11.167	8.91	
911	17.184	11.494	9.1363	16.906	11.155	8.9055	
912	17.178	11.485	9.126	16.894	11.128	8.8691	
913	17.172	11.476	9.1156	16.881	11.137	8.8493	
914	17.167	11.467	9.1053	16.883	11.127	8.8511	
915	17.161	11.458	9.0951	16.876	11.114	8.8449	
916	17.155	11.449	9.0848	16.869	11.119	8.8435	
917	17.149	11.44	9.0746	16.869	11.116	8.8377	
918	17.143	11.431	9.0644	16.872	11.111	8.8326	
919	17.137	11.422	9.0542	16.868	11.102	8.8198	
920	17.131	11.414	9.0441	16.862	11.094	8.8106	
921	17.126	11.405	9.034	16.852	11.081	8.8013	
922	17.12	11.396	9.0239	16.848	11.073	8.8045	
923	17.114	11.388	9.0138	16.851	11.066	8.7956	
924	17.108	11.379	9.0038	16.835	11.037	8.7695	
925	17.103	11.37	8.9938	16.832	11.054	8.7564	
926	17.097	11.362	8.9838	16.815	11.035	8.7417	
927	17.091	11.353	8.9739	16.816	11.041	8.7315	
928	17.086	11.345	8.964	16.814	11.034	8.7362	
929	17.08	11.336	8.9541	16.797	10.994	8.7477	
930	17.075	11.327	8.9442	16.793	10.972	8.7269	
931	17.069	11.319	8.9344	16.805	11.016	8.7154	
932	17.063	11.31	8.9245	16.812	10.951	8.6826	
933	17.058	11.302	8.9147	16.782	11.008	8.6791	
934	17.052	11.294	8.905	16.775	10.976	8.695	
935	17.047	11.285	8.8952	16.773	10.978	8.6554	
936	17.041	11.277	8.8855	16.753	10.941	8.6501	
937	17.036	11.269	8.8758	16.753	10.935	8.6851	
938	17.03	11.26	8.8662	16.783	10.944	8.6069	
939	17.025	11.252	8.8565	16.761	10.933	8.6336	
940	17.019	11.244	8.8469	16.766	10.894	8.6504	
941	17.014	11.235	8.8374	16.76	10.92	8.6114	
942	17.009	11.227	8.8278	16.739	10.886	8.5574	
943	17.003	11.219	8.8183	16.715	10.91	8.5951	
944	16.998	11.211	8.8088	16.717	10.929	8.5787	
945	16.993	11.203	8.7993	16.744	10.893	8.5827	
946	16.987	11.194	8.7898	16.743	10.888	8.5713	
947	16.982	11.186	8.7804	16.722	10.888	8.5569	
948	16.977	11.178	8.771	16.718	10.861	8.5456	
949	16.971	11.17	8.7616	16.708	10.84	8.5238	
950	16.966	11.162	8.7522	16.702	10.832	8.5213	
951	16.961	11.154	8.7429	16.691	10.851	8.5259	
952	16.956	11.146	8.7336	16.683	10.844	8.5209	
953	16.95	11.138	8.7243	16.694	10.825	8.4986	
954	16.945	11.13	8.715	16.695	10.819	8.5124	
955	16.94	11.122	8.7058	16.682	10.807	8.4784	
956	16.935	11.114	8.6966	16.663	10.812	8.4848	
957	16.93	11.106	8.6874	16.664	10.803	8.5324	
958	16.924	11.099	8.6782	16.644	10.785	8.4534	
959	16.919	11.091	8.6691	16.666	10.771	8.4791	
960	16.914	11.083	8.66	16.678	10.753	8.4078	
961	16.909	11.075	8.6509	16.673	10.778	8.3952	
962	16.904	11.067	8.6418	16.661	10.689	8.3687	
963	16.899	11.06	8.6327	16.62	10.712	8.4149	
964	16.894	11.052	8.6237	16.649	10.748	8.3485	
965	16.889	11.044	8.6147	16.617	10.733	8.3817	
966	16.884	11.036	8.6057	16.628	10.753	8.359	
967	16.879	11.029	8.5968	16.623	10.733	8.3919	
968	16.874	11.021	8.5878	16.627	10.745	8.3832	
969	16.869	11.013	8.5789	16.611	10.709	8.3707	
970	16.864	11.006	8.57	16.625	10.692	8.3925	
971	16.859	10.998	8.5612	16.613	10.68	8.3706	
972	16.854	10.991	8.5523	16.61	10.702	8.3492	
973	16.849	10.983	8.5435	16.61	10.685	8.3224	
974	16.844	10.976	8.5347	16.594	10.661	8.3374	
975	16.84	10.968	8.5259	16.588	10.668	8.2816	
976	16.835	10.961	8.5172	16.58	10.653	8.2972	
977	16.83	10.953	8.5085	16.575	10.641	8.2843	
978	16.825	10.946	8.4997	16.572	10.632	8.2858	
979	16.82	10.938	8.4911	16.57	10.638	8.2719	
980	16.815	10.931	8.4824	16.575	10.628	8.2724	
981	16.811	10.924	8.4738	16.572	10.626	8.2804	
982	16.806	10.916	8.4651	16.566	10.621	8.2707	
983	16.801	10.909	8.4565	16.562	10.623	8.2828	
984	16.796	10.902	8.4479	16.548	10.613	8.2676	
985	16.792	10.894	8.4394	16.546	10.617	8.2362	
986	16.787	10.887	8.4309	16.573	10.595	8.2584	
987	16.782	10.88	8.4223	16.537	10.591	8.2149	
988	16.778	10.873	8.4139	16.532	10.56	8.1936	
989	16.773	10.865	8.4054	16.524	10.566	8.1933	
990	16.768	10.858	8.3969	16.52	10.547	8.1876	
991	16.764	10.851	8.3885	16.519	10.55	8.1676	
992	16.759	10.844	8.3801	16.52	10.545	8.1802	
993	16.754	10.837	8.3717	16.509	10.544	8.1739	
994	16.75	10.829	8.3633	16.517	10.548	8.1768	
995	16.745	10.822	8.355	16.503	10.54	8.1619	
996	16.741	10.815	8.3467	16.496	10.533	8.1554	
997	16.736	10.808	8.3384	16.504	10.529	8.1444	
998	16.732	10.801	8.3301	16.493	10.516	8.1417	
999	16.727	10.794	8.3218	16.483	10.502	8.1776	
1000	16.722	10.787	8.3136	16.5	10.478	8.1157	
1001	16.718	10.78	8.3054	16.464	10.53	8.0949	
1002	16.714	10.773	8.2972	16.485	10.51	8.0982	
1003	16.709	10.766	8.289	16.476	10.477	8.0989	
1004	16.705	10.759	8.2808	16.475	10.443	8.0759	
1005	16.7	10.752	8.2727	16.439	10.542	8.1117	
1006	16.696	10.746	8.2646	16.467	10.428	8.1096	
1007	16.691	10.739	8.2565	16.465	10.492	8.0327	
1008	16.687	10.732	8.2484	16.449	10.484	8.0563	
1009	16.682	10.725	8.2403	16.429	10.432	8.0496	
1010	16.678	10.718	8.2323	16.466	10.451	8.0414	
1011	16.674	10.711	8.2242	16.433	10.444	8.0428	
1012	16.669	10.705	8.2162	16.438	10.431	8.0143	
1013	16.665	10.698	8.2083	16.434	10.414	8.0082	
1014	16.661	10.691	8.2003	16.435	10.394	8.0042	
1015	16.656	10.684	8.1923	16.437	10.4	7.9932	
1016	16.652	10.678	8.1844	16.413	10.402	8.087	
1017	16.648	10.671	8.1765	16.395	10.365	7.9546	
1018	16.644	10.664	8.1686	16.391	10.366	7.9748	
1019	16.639	10.658	8.1608	16.377	10.349	7.938	
1020	16.635	10.651	8.1529	16.428	10.409	7.9076	
1021	16.631	10.644	8.1451	16.344	10.406	7.9482	
1022	16.627	10.638	8.1373	16.399	10.335	7.9468	
1023	16.622	10.631	8.1295	16.418	10.322	7.9437	
1024	16.618	10.624	8.1217	16.374	10.301	7.9785	
1025	16.614	10.618	8.1139	16.416	10.31	7.9159	
1026	16.61	10.611	8.1062	16.38	10.359	7.8728	
1027	16.606	10.605	8.0985	16.414	10.241	7.8987	
1028	16.601	10.598	8.0908	16.371	10.339	7.8451	
1029	16.597	10.592	8.0831	16.355	10.283	7.8299	
1030	16.593	10.585	8.0755	16.359	10.328	7.903	
1031	16.589	10.579	8.0678	16.422	10.333	7.9249	
1032	16.585	10.573	8.0602	16.316	10.327	7.8632	
1033	16.581	10.566	8.0526	16.382	10.287	7.887	
1034	16.577	10.56	8.045	16.356	10.309	7.8533	
1035	16.573	10.553	8.0374	16.379	10.251	7.9231	
1036	16.569	10.547	8.0299	16.253	10.285	7.8388	
1037	16.565	10.541	8.0223	16.397	10.175	7.8035	
1038	16.561	10.534	8.0148	16.319	10.24	7.9786	
1039	16.557	10.528	8.0073	16.361	10.29	7.9209	
1040	16.553	10.522	7.9998	16.298	10.088	7.8087	
1041	16.549	10.515	7.9924	16.335	10.216	7.8567	
1042	16.544	10.509	7.9849	16.445	10.238	7.6434	
1043	16.541	10.503	7.9775	16.412	10.176	7.6925	
1044	16.537	10.497	7.9701	16.267	10.268	7.7417	
1045	16.533	10.49	7.9627	16.308	10.204	7.7873	
1046	16.529	10.484	7.9553	16.204	10.35	7.5825	
1047	16.525	10.478	7.9479	16.266	10.039	7.7932	
1048	16.521	10.472	7.9406	16.229	10.157	7.8069	
1049	16.517	10.466	7.9333	16.299	10.171	7.7236	
1050	16.513	10.46	7.926	16.276	10.083	7.8107	
1051	16.509	10.453	7.9187	16.278	10.17	7.7396	
1052	16.505	10.447	7.9114	16.273	10.161	7.7044	
1053	16.501	10.441	7.9041	16.277	10.167	7.7231	
1054	16.498	10.435	7.8969	16.277	10.148	7.7089	
1055	16.494	10.429	7.8897	16.277	10.167	7.6972	
1056	16.49	10.423	7.8825	16.273	10.135	7.687	
1057	16.486	10.417	7.8753	16.269	10.153	7.6997	
1058	16.482	10.411	7.8681	16.262	10.142	7.6709	
1059	16.478	10.405	7.8609	16.247	10.134	7.6933	
1060	16.475	10.399	7.8538	16.254	10.134	7.6648	
1061	16.471	10.393	7.8467	16.263	10.116	7.6747	
1062	16.467	10.387	7.8396	16.239	10.115	7.6648	
1063	16.463	10.381	7.8325	16.235	10.098	7.6667	
1064	16.46	10.375	7.8254	16.233	10.093	7.6472	
1065	16.456	10.369	7.8183	16.225	10.087	7.629	
1066	16.452	10.363	7.8113	16.232	10.086	7.618	
1067	16.449	10.358	7.8043	16.223	10.089	7.6219	
1068	16.445	10.352	7.7973	16.218	10.078	7.6284	
1069	16.441	10.346	7.7903	16.223	10.054	7.6005	
1070	16.437	10.34	7.7833	16.22	10.079	7.5985	
1071	16.434	10.334	7.7763	16.218	10.063	7.599	
1072	16.43	10.328	7.7694	16.202	10.065	7.5925	
1073	16.427	10.323	7.7624	16.215	10.029	7.5661	
1074	16.423	10.317	7.7555	16.199	10.044	7.5808	
1075	16.419	10.311	7.7486	16.193	10.033	7.5517	
1076	16.416	10.305	7.7417	16.201	10.022	7.5548	
1077	16.412	10.3	7.7349	16.189	10.024	7.5511	
1078	16.408	10.294	7.728	16.185	10.008	7.5417	
1079	16.405	10.288	7.7212	16.186	10.022	7.5314	
1080	16.401	10.283	7.7144	16.186	10.011	7.5387	
1081	16.398	10.277	7.7075	16.179	10.01	7.5348	
1082	16.394	10.271	7.7008	16.172	10.007	7.5257	
1083	16.391	10.266	7.694	16.18	9.9947	7.5117	
1084	16.387	10.26	7.6872	16.172	9.995	7.5129	
1085	16.384	10.254	7.6805	16.166	9.9914	7.5014	
1086	16.38	10.249	7.6737	16.171	9.9923	7.5038	
1087	16.376	10.243	7.667	16.156	9.9873	7.4945	
1088	16.373	10.238	7.6603	16.166	9.9817	7.4997	
1089	16.37	10.232	7.6536	16.159	9.9779	7.4821	
1090	16.366	10.226	7.647	16.158	9.9803	7.4881	
1091	16.363	10.221	7.6403	16.153	9.9785	7.4853	
1092	16.359	10.215	7.6337	16.144	9.9565	7.4715	
1093	16.356	10.21	7.627	16.148	9.9506	7.4729	
1094	16.352	10.204	7.6204	16.141	9.9601	7.4722	
1095	16.349	10.199	7.6138	16.15	9.9318	7.4483	
1096	16.345	10.193	7.6072	16.144	9.9407	7.4519	
1097	16.342	10.188	7.6007	16.13	9.9283	7.4383	
1098	16.339	10.183	7.5941	16.124	9.9234	7.4168	
1099	16.335	10.177	7.5876	16.123	9.9232	7.4195	
1100	16.332	10.172	7.5811	16.113	9.9178	7.4139	
1101	16.328	10.166	7.5745	16.124	9.9056	7.3964	
1102	16.325	10.161	7.568	16.116	9.8945	7.3888	
1103	16.322	10.156	7.5616	16.109	9.8791	7.3797	
1104	16.318	10.15	7.5551	16.105	9.888	7.3786	
1105	16.315	10.145	7.5486	16.097	9.8862	7.3711	
1106	16.312	10.14	7.5422	16.101	9.8753	7.3644	
1107	16.308	10.134	7.5358	16.09	9.8672	7.3615	
1108	16.305	10.129	7.5294	16.098	9.873	7.3533	
1109	16.302	10.124	7.523	16.089	9.8628	7.35	
1110	16.299	10.118	7.5166	16.087	9.8562	7.3493	
1111	16.295	10.113	7.5102	16.086	9.8575	7.3426	
1112	16.292	10.108	7.5038	16.085	9.8439	7.3361	
1113	16.289	10.103	7.4975	16.085	9.8491	7.3346	
1114	16.286	10.097	7.4912	16.08	9.8466	7.3305	
1115	16.282	10.092	7.4849	16.077	9.8484	7.3291	
1116	16.279	10.087	7.4786	16.078	9.8409	7.3321	
1117	16.276	10.082	7.4723	16.079	9.8416	7.3209	
1118	16.273	10.077	7.466	16.072	9.8334	7.3214	
1119	16.269	10.072	7.4597	16.06	9.8347	7.3015	
1120	16.266	10.066	7.4535	16.068	9.8313	7.2924	
1121	16.263	10.061	7.4472	16.067	9.8176	7.2878	
1122	16.26	10.056	7.441	16.06	9.8063	7.2978	
1123	16.257	10.051	7.4348	16.048	9.8069	7.2903	
1124	16.253	10.046	7.4286	16.063	9.8076	7.2673	
1125	16.25	10.041	7.4224	16.054	9.7979	7.2623	
1126	16.247	10.036	7.4163	16.058	9.8085	7.2676	
1127	16.244	10.031	7.4101	16.033	9.7894	7.2435	
1128	16.241	10.026	7.404	16.033	9.7801	7.246	
1129	16.238	10.021	7.3978	16.039	9.78	7.2589	
1130	16.235	10.016	7.3917	16.029	9.784	7.2303	
1131	16.232	10.011	7.3856	16.028	9.7661	7.2327	
1132	16.228	10.006	7.3795	16.029	9.7641	7.2224	
1133	16.225	10.001	7.3734	16.022	9.7746	7.22	
1134	16.222	9.9956	7.3674	16.013	9.7404	7.2208	
1135	16.219	9.9906	7.3613	16.016	9.7516	7.1929	
1136	16.216	9.9857	7.3553	16.019	9.733	7.2045	
1137	16.213	9.9807	7.3493	16.012	9.7186	7.2018	
1138	16.21	9.9758	7.3432	16.011	9.7314	7.1817	
1139	16.207	9.9709	7.3372	16.007	9.7294	7.188	
1140	16.204	9.966	7.3313	16	9.711	7.1734	
1141	16.201	9.9611	7.3253	16.013	9.7229	7.1701	
1142	16.198	9.9562	7.3193	16.009	9.7157	7.1425	
1143	16.195	9.9514	7.3134	15.991	9.7047	7.1754	
1144	16.192	9.9465	7.3074	15.991	9.6948	7.1627	
1145	16.189	9.9416	7.3015	15.994	9.7082	7.1617	
1146	16.186	9.9368	7.2956	15.991	9.6734	7.1488	
1147	16.183	9.9319	7.2897	15.987	9.6773	7.1375	
1148	16.18	9.9271	7.2838	15.993	9.6824	7.1398	
1149	16.177	9.9223	7.2779	15.982	9.6859	7.1336	
1150	16.174	9.9176	7.272	15.971	9.6696	7.1285	
1151	16.171	9.9128	7.2662	15.973	9.6557	7.1144	
1152	16.168	9.908	7.2603	15.974	9.6664	7.1066	
1153	16.165	9.9033	7.2545	15.967	9.6521	7.0941	
1154	16.162	9.8985	7.2487	15.961	9.6519	7.0958	
1155	16.16	9.8938	7.2429	15.966	9.6506	7.0979	
1156	16.157	9.8891	7.2371	15.955	9.6498	7.0837	
1157	16.154	9.8843	7.2313	15.955	9.6421	7.0727	
1158	16.151	9.8796	7.2255	15.956	9.6421	7.0731	
1159	16.148	9.8749	7.2198	15.96	9.6267	7.0708	
1160	16.145	9.8702	7.214	15.957	9.628	7.0722	
1161	16.142	9.8656	7.2083	15.947	9.6061	7.0769	
1162	16.139	9.861	7.2026	15.943	9.6372	7.0503	
1163	16.136	9.8563	7.1969	15.932	9.6109	7.0423	
1164	16.134	9.8517	7.1912	15.933	9.5892	7.0355	
1165	16.131	9.8471	7.1855	15.926	9.6021	7.0251	
1166	16.128	9.8424	7.1798	15.934	9.5923	7.0232	
1167	16.125	9.8378	7.1741	15.935	9.6092	7.0307	
1168	16.122	9.8332	7.1685	15.925	9.5875	7.0159	
1169	16.119	9.8286	7.1628	15.919	9.579	7.0094	
1170	16.117	9.824	7.1572	15.923	9.5874	6.9969	
1171	16.114	9.8195	7.1516	15.918	9.5745	6.9927	
1172	16.111	9.815	7.146	15.915	9.5753	6.9904	
1173	16.108	9.8104	7.1404	15.913	9.572	6.9898	
1174	16.106	9.8059	7.1348	15.912	9.5717	6.9855	
1175	16.103	9.8014	7.1292	15.911	9.5671	6.9893	
1176	16.1	9.7969	7.1237	15.909	9.5553	6.9753	
1177	16.097	9.7924	7.1181	15.913	9.5548	6.9734	
1178	16.095	9.7879	7.1126	15.902	9.5491	6.9642	
1179	16.092	9.7834	7.107	15.902	9.5544	6.9693	
1180	16.089	9.7789	7.1015	15.901	9.5467	6.9584	
1181	16.086	9.7744	7.096	15.901	9.5467	6.9598	
1182	16.084	9.77	7.0905	15.894	9.5385	6.9547	
1183	16.081	9.7656	7.085	15.897	9.537	6.95	
1184	16.078	9.7612	7.0796	15.892	9.532	6.9421	
1185	16.076	9.7568	7.0741	15.883	9.531	6.946	
1186	16.073	9.7524	7.0686	15.885	9.5219	6.9289	
1187	16.07	9.748	7.0632	15.884	9.5224	6.9354	
1188	16.068	9.7436	7.0578	15.877	9.523	6.9241	
1189	16.065	9.7392	7.0523	15.882	9.5084	6.9071	
1190	16.062	9.7348	7.0469	15.876	9.5137	6.9197	
1191	16.06	9.7305	7.0415	15.87	9.5099	6.9094	
1192	16.057	9.7261	7.0362	15.871	9.4961	6.8957	
1193	16.054	9.7218	7.0308	15.868	9.4961	6.8932	
1194	16.052	9.7175	7.0254	15.862	9.5027	6.9035	
1195	16.049	9.7132	7.0201	15.874	9.474	6.8908	
1196	16.046	9.7089	7.0147	15.86	9.4905	6.8699	
1197	16.044	9.7046	7.0094	15.862	9.4762	6.8911	
1198	16.041	9.7003	7.004	15.852	9.4631	6.8864	
1199	16.039	9.696	6.9987	15.851	9.477	6.8633	
1200	16.036	9.6917	6.9934	15.858	9.4625	6.8505	
1201	16.033	9.6875	6.9881	15.861	9.4796	6.8706	
1202	16.031	9.6832	6.9829	15.841	9.4636	6.8566	
1203	16.028	9.679	6.9776	15.848	9.4582	6.8337	
1204	16.026	9.6747	6.9723	15.851	9.4464	6.8183	
1205	16.023	9.6705	6.9671	15.832	9.4472	6.8323	
1206	16.021	9.6663	6.9618	15.836	9.466	6.8321	
1207	16.018	9.6621	6.9566	15.846	9.4633	6.8204	
1208	16.015	9.658	6.9514	15.832	9.4402	6.8124	
1209	16.013	9.6538	6.9462	15.836	9.4279	6.8174	
1210	16.01	9.6496	6.941	15.829	9.4198	6.7981	
1211	16.008	9.6454	6.9358	15.824	9.4014	6.7811	
1212	16.005	9.6413	6.9306	15.822	9.4159	6.7865	
1213	16.003	9.6371	6.9254	15.831	9.4125	6.7945	
1214	16	9.633	6.9203	15.818	9.422	6.771	
1215	15.998	9.6288	6.9151	15.827	9.4065	6.7776	
1216	15.995	9.6247	6.91	15.816	9.3902	6.7962	
1217	15.993	9.6206	6.9048	15.82	9.3945	6.7799	
1218	15.99	9.6165	6.8997	15.792	9.3676	6.7812	
1219	15.988	9.6125	6.8946	15.814	9.3787	6.7488	
1220	15.985	9.6084	6.8895	15.812	9.3724	6.7566	
1221	15.983	9.6043	6.8844	15.792	9.3678	6.7577	
1222	15.981	9.6002	6.8793	15.806	9.4041	6.7482	
1223	15.978	9.5962	6.8743	15.808	9.3612	6.7497	
1224	15.976	9.5921	6.8692	15.802	9.3661	6.7322	
1225	15.973	9.5881	6.8642	15.793	9.3623	6.7376	
1226	15.971	9.5841	6.8591	15.803	9.3763	6.7294	
1227	15.968	9.58	6.8541	15.81	9.3589	6.7325	
1228	15.966	9.576	6.8491	15.774	9.3448	6.7237	
1229	15.964	9.572	6.8441	15.767	9.3236	6.7278	
1230	15.961	9.568	6.839	15.774	9.3573	6.7086	
1231	15.959	9.5641	6.8341	15.796	9.3605	6.676	
1232	15.956	9.5601	6.8291	15.789	9.3331	6.7336	
1233	15.954	9.5561	6.8241	15.803	9.3612	6.6865	
1234	15.952	9.5522	6.8191	15.779	9.3636	6.7088	
1235	15.949	9.5482	6.8142	15.762	9.3504	6.6856	
1236	15.947	9.5443	6.8092	15.776	9.3508	6.7156	
1237	15.944	9.5404	6.8043	15.771	9.3581	6.6932	
1238	15.942	9.5364	6.7994	15.803	9.3178	6.7029	
1239	15.94	9.5325	6.7944	15.735	9.3726	6.7182	
1240	15.937	9.5286	6.7895	15.732	9.2717	6.6779	
1241	15.935	9.5247	6.7846	15.745	9.341	6.6356	
1242	15.933	9.5208	6.7797	15.735	9.3044	6.6996	
1243	15.93	9.5169	6.7749	15.764	9.3127	6.761	
1244	15.928	9.5131	6.77	15.782	9.3076	6.6586	
1245	15.926	9.5092	6.7651	15.721	9.362	6.5928	
1246	15.923	9.5054	6.7603	15.748	9.298	6.6041	
1247	15.921	9.5015	6.7554	15.731	9.2333	6.6094	
1248	15.919	9.4977	6.7506	15.743	9.2731	6.5843	
1249	15.917	9.4939	6.7458	15.775	9.2931	6.6536	
1250	15.914	9.49	6.741	15.753	9.3398	6.5861	
1251	15.912	9.4862	6.7362	15.739	9.2561	6.6486	
1252	15.91	9.4824	6.7314	15.709	9.2021	6.5795	
1253	15.907	9.4786	6.7266	15.708	9.3079	6.5872	
1254	15.905	9.4748	6.7218	15.716	9.2289	6.5936	
1255	15.903	9.471	6.717	15.74	9.2415	6.623	
1256	15.901	9.4673	6.7122	15.719	9.2629	6.5966	
1257	15.898	9.4635	6.7075	15.717	9.2216	6.5567	
1258	15.896	9.4598	6.7027	15.725	9.2458	6.548	
1259	15.894	9.456	6.698	15.694	9.2312	6.5771	
1260	15.892	9.4523	6.6933	15.709	9.2387	6.553	
1261	15.889	9.4486	6.6886	15.706	9.2178	6.5473	
1262	15.887	9.4448	6.6839	15.689	9.2162	6.5425	
1263	15.885	9.4411	6.6792	15.706	9.2186	6.5313	
1264	15.883	9.4374	6.6745	15.682	9.2026	6.5444	
1265	15.88	9.4337	6.6698	15.708	9.2245	6.5324	
1266	15.878	9.43	6.6651	15.696	9.2306	6.5176	
1267	15.876	9.4263	6.6604	15.709	9.2023	6.5414	
1268	15.874	9.4226	6.6558	15.714	9.2095	6.5453	
1269	15.872	9.419	6.6511	15.701	9.2186	6.5538	
1270	15.87	9.4153	6.6465	15.696	9.198	6.5367	
1271	15.867	9.4117	6.6419	15.683	9.2039	6.5136	
1272	15.865	9.408	6.6372	15.688	9.2189	6.5472	
1273	15.863	9.4044	6.6326	15.705	9.2243	6.5247	
1274	15.861	9.4008	6.628	15.701	9.2005	6.5306	
1275	15.859	9.3971	6.6234	15.686	9.1823	6.4939	
1276	15.856	9.3935	6.6188	15.699	9.2087	6.5205	
1277	15.854	9.3899	6.6143	15.663	9.1993	6.5191	
1278	15.852	9.3863	6.6097	15.665	9.1892	6.5112	
1279	15.85	9.3827	6.6051	15.681	9.1589	6.4593	
1280	15.848	9.3791	6.6006	15.675	9.156	6.4798	
1281	15.846	9.3756	6.596	15.682	9.1567	6.4748	
1282	15.844	9.372	6.5915	15.676	9.169	6.4949	
1283	15.842	9.3685	6.587	15.656	9.1537	6.4527	
1284	15.839	9.3649	6.5824	15.632	9.1916	6.4591	
1285	15.837	9.3614	6.5779	15.644	9.1608	6.4782	
1286	15.835	9.3578	6.5734	15.669	9.1557	6.4463	
1287	15.833	9.3543	6.5689	15.652	9.1412	6.4697	
1288	15.831	9.3508	6.5644	15.663	9.1606	6.4591	
1289	15.829	9.3472	6.56	15.652	9.1422	6.4344	
1290	15.827	9.3437	6.5555	15.657	9.1551	6.4376	
1291	15.825	9.3402	6.551	15.64	9.1345	6.4164	
1292	15.823	9.3367	6.5466	15.656	9.1345	6.4736	
1293	15.821	9.3332	6.5421	15.647	9.1239	6.4379	
1294	15.819	9.3298	6.5377	15.668	9.1578	6.4281	
1295	15.816	9.3263	6.5332	15.646	9.1369	6.3954	
1296	15.814	9.3228	6.5288	15.653	9.1292	6.3926	
1297	15.812	9.3194	6.5244	15.651	9.0942	6.4387	
1298	15.81	9.3159	6.52	15.631	9.1357	6.4042	
1299	15.808	9.3125	6.5156	15.641	9.0837	6.373	
1300	15.806	9.3091	6.5112	15.624	9.1037	6.3995	
1301	15.804	9.3056	6.5068	15.641	9.126	6.3705	
1302	15.802	9.3022	6.5024	15.611	9.0799	6.4187	
1303	15.8	9.2988	6.4981	15.637	9.1245	6.3851	
1304	15.798	9.2954	6.4937	15.648	9.1135	6.3952	
1305	15.796	9.2919	6.4894	15.652	9.0861	6.3467	
1306	15.794	9.2886	6.485	15.629	9.1235	6.3831	
1307	15.792	9.2852	6.4807	15.62	9.108	6.3954	
1308	15.79	9.2818	6.4764	15.613	9.0891	6.388	
1309	15.788	9.2785	6.472	15.62	9.0991	6.3783	
1310	15.786	9.2751	6.4677	15.612	9.0767	6.3653	
1311	15.784	9.2717	6.4634	15.62	9.0461	6.3913	
1312	15.782	9.2684	6.4591	15.608	9.0606	6.3221	
1313	15.78	9.2651	6.4548	15.613	9.0866	6.3847	
1314	15.778	9.2617	6.4505	15.607	9.0596	6.3495	
1315	15.776	9.2584	6.4463	15.602	9.0327	6.3262	
1316	15.774	9.255	6.442	15.629	8.9941	6.3194	
1317	15.772	9.2517	6.4377	15.605	9.0557	6.3822	
1318	15.77	9.2484	6.4335	15.589	9.0545	6.3601	
1319	15.768	9.2451	6.4293	15.631	9.0479	6.354	
1320	15.766	9.2418	6.425	15.574	9.0367	6.3584	
1321	15.765	9.2385	6.4208	15.612	9.0226	6.3347	
1322	15.763	9.2352	6.4166	15.601	8.9983	6.2378	
1323	15.761	9.232	6.4123	15.554	9.0135	6.278	
1324	15.759	9.2287	6.4081	15.608	9.0519	6.2872	
1325	15.757	9.2255	6.4039	15.621	8.9865	6.3038	
1326	15.755	9.2222	6.3997	15.629	8.988	6.2721	
1327	15.753	9.219	6.3956	15.6	9.0561	6.2622	
1328	15.751	9.2157	6.3914	15.561	8.9618	6.3632	
1329	15.749	9.2125	6.3872	15.563	8.9748	6.2771	
1330	15.747	9.2092	6.3831	15.621	9.0407	6.2531	
1331	15.745	9.206	6.3789	15.566	9.0607	6.3246	
1332	15.743	9.2028	6.3748	15.561	8.9719	6.418	
1333	15.742	9.1995	6.3706	15.578	9.0236	6.2824	
1334	15.74	9.1963	6.3665	15.6	8.9906	6.2743	
1335	15.738	9.1932	6.3624	15.55	9.0051	6.153	
1336	15.736	9.19	6.3582	15.537	9.0374	6.3185	
1337	15.734	9.1868	6.3541	15.618	8.9803	6.1591	
1338	15.732	9.1836	6.35	15.535	9.048	6.2468	
1339	15.73	9.1805	6.3459	15.561	9.032	6.2708	
1340	15.728	9.1773	6.3418	15.593	9.0077	6.1586	
1341	15.727	9.1742	6.3377	15.666	8.8259	6.2786	
1342	15.725	9.171	6.3337	15.575	8.9248	6.4947	
1343	15.723	9.1679	6.3296	15.64	9.0003	6.4568	
1344	15.721	9.1647	6.3255	15.52	9.0383	6.2736	
1345	15.719	9.1616	6.3215	15.567	9.1261	6.2256	
1346	15.717	9.1584	6.3175	15.405	8.8527	6.0078	
1347	15.716	9.1553	6.3134	15.559	9.1196	5.8337	
1348	15.714	9.1522	6.3094	15.504	9.1334	6.1728	
1349	15.712	9.1491	6.3054	15.419	9.278	6.2167	
1350	15.71	9.146	6.3013	15.265	9.0644	6.2217	
1351	15.708	9.1429	6.2973	15.503	8.9301	5.9253	
1352	15.706	9.1398	6.2933	15.455	8.8241	6.3825	
1353	15.705	9.1368	6.2893	15.547	8.3823	6.2501	
1354	15.703	9.1337	6.2853	15.469	9.3073	6.3855	
1355	15.701	9.1306	6.2813	15.712	8.773	5.6078	
1356	15.699	9.1276	6.2774	15.648	9.1567	6.0752	
1357	15.697	9.1245	6.2734	15.444	9.0441	6.2724	
1358	15.696	9.1214	6.2694	16.248	9.371	6.3795	
1359	15.694	9.1184	6.2655	16.262	8.6908	6.918	
1426	15.583	8.9274	6.0152	15.655	9.2987	6.337	
1427	15.581	8.9248	6.0117	15.544	8.6458	6.0444	
1428	15.58	8.9221	6.0082	15.394	8.841	5.6434	
1429	15.578	8.9195	6.0046	15.638	8.6618	5.8162	
1430	15.577	8.9168	6.0011	15.645	8.8034	5.8313	
1431	15.575	8.9142	5.9976	15.324	8.9254	6.1083	
1432	15.574	8.9116	5.9941	15.558	8.5618	5.8907	
1433	15.572	8.9089	5.9906	15.35	8.5981	5.8503	
1434	15.571	8.9063	5.9871	15.504	8.9164	6.1849	
1435	15.569	8.9037	5.9837	15.523	8.856	5.7635	
1436	15.568	8.901	5.9802	15.531	8.646	5.9371	
1437	15.566	8.8984	5.9767	15.437	8.9074	5.8618	
1438	15.565	8.8958	5.9733	15.329	8.6594	5.9473	
1439	15.563	8.8932	5.9698	15.448	8.7878	5.9026	
1440	15.561	8.8906	5.9664	15.332	8.7869	5.8234	
1441	15.56	8.888	5.9629	15.418	8.6815	6.0523	
1442	15.558	8.8854	5.9595	15.471	8.6178	5.804	
1443	15.557	8.8828	5.956	15.352	8.745	5.9607	
1444	15.556	8.8802	5.9526	15.461	8.7728	5.754	
1445	15.554	8.8777	5.9492	15.33	8.7337	5.8418	
1446	15.553	8.8751	5.9458	15.463	8.6349	5.8148	
1447	15.551	8.8725	5.9423	15.435	8.7027	5.7187	
1448	15.55	8.87	5.9389	15.418	8.6759	5.8657	
1449	15.548	8.8674	5.9355	15.369	8.7286	5.8616	
1450	15.547	8.8649	5.9321	15.389	8.7223	5.7667	
1451	15.545	8.8623	5.9287	15.439	8.6835	5.8613	
1452	15.544	8.8598	5.9254	15.461	8.7416	5.9121	
1453	15.542	8.8573	5.922	15.432	8.7434	5.9344	
1454	15.541	8.8547	5.9186	15.347	8.6775	5.7013	
1455	15.539	8.8522	5.9152	15.416	8.7501	5.778	
1456	15.538	8.8497	5.9119	15.442	8.7139	5.8162	
1457	15.536	8.8471	5.9085	15.384	8.5911	5.8161	
1458	15.535	8.8446	5.9052	15.382	8.7003	5.8269	
1459	15.534	8.8421	5.9018	15.364	8.5653	5.7475	
1460	15.532	8.8396	5.8985	15.406	8.6329	5.8577	
1461	15.531	8.8371	5.8951	15.425	8.6263	5.8131	
1462	15.529	8.8346	5.8918	15.392	8.6402	5.8205	
1463	15.528	8.8321	5.8885	15.378	8.6426	5.7707	
1464	15.526	8.8297	5.8852	15.356	8.6674	5.7556	
1465	15.525	8.8272	5.8818	15.367	8.7009	5.7782	
1466	15.524	8.8247	5.8785	15.362	8.5979	5.8152	
1467	15.522	8.8222	5.8752	15.382	8.6242	5.8072	
1468	15.521	8.8198	5.8719	15.351	8.6378	5.7845	
1469	15.519	8.8173	5.8686	15.375	8.6157	5.7777	
1470	15.518	8.8148	5.8654	15.368	8.6027	5.7829	
1471	15.517	8.8124	5.8621	15.371	8.6274	5.7814	
1472	15.515	8.8099	5.8588	15.372	8.6286	5.7604	
1473	15.514	8.8075	5.8555	15.361	8.64	5.7729	
1474	15.512	8.805	5.8523	15.364	8.6233	5.7729	
1475	15.511	8.8026	5.849	15.367	8.6216	5.7631	
1476	15.509	8.8001	5.8457	15.361	8.6167	5.7547	
1477	15.508	8.7977	5.8425	15.367	8.6407	5.7684	
1478	15.507	8.7953	5.8392	15.372	8.6251	5.7501	
1479	15.505	8.7929	5.836	15.364	8.6199	5.7574	
1480	15.504	8.7905	5.8328	15.365	8.6238	5.7479	
1481	15.503	8.7881	5.8295	15.366	8.6113	5.7261	
1482	15.501	8.7857	5.8263	15.361	8.6283	5.7517	
1483	15.5	8.7833	5.8231	15.362	8.62	5.7472	
1484	15.499	8.7809	5.8199	15.378	8.6195	5.7384	
1485	15.497	8.7785	5.8166	15.355	8.6304	5.737	
1486	15.496	8.7761	5.8134	15.356	8.5946	5.6973	
1487	15.494	8.7738	5.8102	15.348	8.6228	5.7008	
1488	15.493	8.7714	5.807	15.36	8.6145	5.7232	
1489	15.492	8.769	5.8039	15.361	8.6151	5.7038	
1490	15.49	8.7666	5.8007	15.362	8.5895	5.747	
1491	15.489	8.7642	5.7975	15.345	8.6053	5.698	
1492	15.488	8.7619	5.7943	15.351	8.5961	5.7165	
1493	15.486	8.7595	5.7912	15.341	8.5614	5.7088	
1494	15.485	8.7571	5.788	15.341	8.5719	5.697	
1495	15.484	8.7548	5.7848	15.332	8.5697	5.6877	
1496	15.482	8.7525	5.7817	15.36	8.6007	5.7053	
1497	15.481	8.7501	5.7785	15.331	8.5842	5.694	
1498	15.48	8.7478	5.7754	15.364	8.5808	5.6957	
1499	15.478	8.7455	5.7722	15.346	8.5729	5.7135	
1500	15.477	8.7432	5.7691	15.338	8.5688	5.6944	
1501	15.476	8.7409	5.766	15.324	8.5615	5.6481	
1502	15.474	8.7385	5.7628	15.341	8.5663	5.6767	
1503	15.473	8.7362	5.7597	15.337	8.5858	5.6658	
1504	15.472	8.7339	5.7566	15.331	8.5525	5.6375	
1505	15.47	8.7316	5.7535	15.336	8.5556	5.6753	
1506	15.469	8.7293	5.7504	15.327	8.5511	5.6423	
1507	15.468	8.727	5.7473	15.311	8.5398	5.6658	
1508	15.466	8.7247	5.7442	15.308	8.5416	5.6703	
1509	15.465	8.7224	5.7411	15.345	8.5427	5.6533	
1510	15.464	8.7201	5.738	15.333	8.5601	5.6374	
1511	15.462	8.7178	5.7349	15.339	8.555	5.6471	
1512	15.461	8.7156	5.7319	15.33	8.5822	5.6517	
1513	15.46	8.7133	5.7288	15.364	8.5032	5.6648	
1514	15.459	8.711	5.7257	15.322	8.5396	5.6835	
1515	15.457	8.7088	5.7227	15.295	8.5603	5.6483	
1516	15.456	8.7065	5.7196	15.318	8.5056	5.6522	
1517	15.455	8.7043	5.7165	15.315	8.5658	5.6102	
1518	15.454	8.702	5.7135	15.295	8.5482	5.6359	
1519	15.452	8.6998	5.7104	15.297	8.5464	5.6432	
1520	15.451	8.6976	5.7074	15.291	8.534	5.6375	
1521	15.45	8.6953	5.7044	15.314	8.4871	5.5673	
1522	15.448	8.6931	5.7013	15.294	8.5187	5.5965	
1523	15.447	8.6909	5.6983	15.298	8.5355	5.6022	
1524	15.446	8.6886	5.6953	15.33	8.5488	5.6586	
1525	15.445	8.6864	5.6923	15.314	8.5414	5.6269	
1526	15.443	8.6842	5.6893	15.292	8.5151	5.6013	
1527	15.442	8.682	5.6863	15.3	8.528	5.6024	
1528	15.441	8.6797	5.6833	15.288	8.5465	5.6141	
1529	15.44	8.6775	5.6803	15.293	8.4942	5.5902	
1530	15.438	8.6753	5.6773	15.303	8.5058	5.6026	
1531	15.437	8.6731	5.6743	15.28	8.4914	5.604	
1532	15.436	8.6709	5.6713	15.308	8.4916	5.603	
1533	15.435	8.6687	5.6683	15.284	8.4702	5.5967	
1534	15.433	8.6666	5.6654	15.305	8.4793	5.6376	
1535	15.432	8.6644	5.6624	15.298	8.4926	5.5712	
1536	15.431	8.6622	5.6594	15.276	8.4891	5.5791	
1537	15.43	8.66	5.6564	15.283	8.4941	5.5846	
1538	15.428	8.6579	5.6535	15.277	8.5252	5.5789	
1539	15.427	8.6557	5.6505	15.294	8.4816	5.577	
1540	15.426	8.6536	5.6476	15.287	8.4628	5.578	
1541	15.425	8.6514	5.6447	15.275	8.4525	5.5494	
1542	15.424	8.6492	5.6417	15.281	8.4651	5.5754	
1543	15.422	8.6471	5.6388	15.279	8.4722	5.544	
1544	15.421	8.6449	5.6359	15.282	8.4897	5.5788	
1545	15.42	8.6428	5.6329	15.263	8.493	5.5536	
1546	15.419	8.6406	5.63	15.278	8.4662	5.5539	
1547	15.417	8.6385	5.6271	15.274	8.4734	5.5453	
1548	15.416	8.6363	5.6242	15.277	8.4642	5.5399	
1549	15.415	8.6342	5.6213	15.277	8.4838	5.5347	
1550	15.414	8.6321	5.6184	15.282	8.4621	5.5433	
1551	15.413	8.63	5.6155	15.26	8.4848	5.5405	
1552	15.411	8.6279	5.6126	15.272	8.4641	5.5476	
1553	15.41	8.6257	5.6097	15.253	8.4528	5.5522	
1554	15.409	8.6236	5.6068	15.262	8.4672	5.5335	
1555	15.408	8.6215	5.6039	15.281	8.442	5.52	
1556	15.407	8.6194	5.6011	15.259	8.4567	5.5561	
1557	15.405	8.6174	5.5982	15.253	8.4481	5.5181	
1558	15.404	8.6153	5.5953	15.256	8.4504	5.5207	
1559	15.403	8.6132	5.5925	15.276	8.4324	5.4932	
1560	15.402	8.6111	5.5896	15.271	8.4614	5.517	
1561	15.401	8.609	5.5867	15.28	8.463	5.5073	
1562	15.4	8.6069	5.5839	15.286	8.4263	5.5184	
1563	15.398	8.6048	5.581	15.246	8.4494	5.5213	
1564	15.397	8.6028	5.5782	15.253	8.4738	5.4959	
1565	15.396	8.6007	5.5754	15.26	8.475	5.4892	
1566	15.395	8.5986	5.5725	15.25	8.4211	5.471	
1567	15.394	8.5965	5.5697	15.272	8.4036	5.5013	
1568	15.393	8.5945	5.5669	15.254	8.4459	5.5132	
1569	15.391	8.5924	5.5641	15.273	8.4673	5.5183	
1570	15.39	8.5903	5.5613	15.258	8.4541	5.5109	
1571	15.389	8.5883	5.5584	15.251	8.43	5.5032	
1572	15.388	8.5863	5.5556	15.247	8.4216	5.516	
1573	15.387	8.5842	5.5528	15.253	8.4038	5.4898	
1574	15.386	8.5822	5.55	15.271	8.4254	5.4739	
1575	15.384	8.5802	5.5472	15.231	8.4078	5.4942	
1576	15.383	8.5782	5.5444	15.249	8.3978	5.4296	
1577	15.382	8.5761	5.5417	15.217	8.3749	5.4756	
1578	15.381	8.5741	5.5389	15.237	8.4288	5.4607	
1579	15.38	8.5721	5.5361	15.228	8.4205	5.4795	
1580	15.379	8.5701	5.5333	15.239	8.3869	5.4487	
1581	15.378	8.5681	5.5306	15.234	8.4189	5.4105	
1582	15.377	8.5661	5.5278	15.257	8.4008	5.48	
1583	15.375	8.564	5.525	15.226	8.4345	5.4544	
1584	15.374	8.562	5.5223	15.259	8.3606	5.4227	
1585	15.373	8.56	5.5195	15.244	8.4289	5.4566	
1586	15.372	8.558	5.5168	15.233	8.3734	5.502	
1587	15.371	8.556	5.514	15.238	8.4237	5.4611	
1588	15.37	8.554	5.5113	15.245	8.3774	5.3926	
1589	15.369	8.552	5.5086	15.215	8.3875	5.4566	
1590	15.367	8.5501	5.5058	15.228	8.3519	5.4219	
1591	15.366	8.5481	5.5031	15.219	8.3652	5.442	
1592	15.365	8.5461	5.5004	15.22	8.4063	5.4059	
1593	15.364	8.5442	5.4977	15.242	8.3902	5.4055	
1594	15.363	8.5422	5.4949	15.227	8.3533	5.4718	
1595	15.362	8.5402	5.4922	15.251	8.3693	5.388	
1596	15.361	8.5383	5.4895	15.218	8.396	5.4089	
1597	15.36	8.5363	5.4868	15.224	8.3787	5.4234	
1598	15.359	8.5344	5.4841	15.233	8.3674	5.3693	
1599	15.358	8.5324	5.4814	15.229	8.3583	5.4027	
1600	15.357	8.5305	5.4787	15.215	8.372	5.3582	
1601	15.355	8.5285	5.476	15.245	8.3609	5.4297	
1602	15.354	8.5266	5.4733	15.238	8.3485	5.3855	
1603	15.353	8.5247	5.4707	15.243	8.3307	5.3756	
1604	15.352	8.5227	5.468	15.231	8.3665	5.3766	
1605	15.351	8.5208	5.4653	15.219	8.355	5.4195	
1606	15.35	8.5189	5.4626	15.218	8.3515	5.381	
1607	15.349	8.5169	5.46	15.236	8.3546	5.3807	
1608	15.348	8.515	5.4573	15.198	8.3743	5.3834	
1609	15.347	8.5131	5.4547	15.209	8.3542	5.3865	
1610	15.346	8.5111	5.452	15.217	8.3669	5.3679	
1611	15.345	8.5092	5.4494	15.223	8.3448	5.3933	
1612	15.344	8.5073	5.4467	15.243	8.3307	5.3638	
1613	15.342	8.5054	5.4441	15.178	8.3644	5.3728	
1614	15.341	8.5036	5.4414	15.202	8.361	5.4227	
1615	15.34	8.5017	5.4388	15.227	8.3397	5.3958	
1616	15.339	8.4998	5.4362	15.22	8.3127	5.3666	
1617	15.338	8.4979	5.4335	15.246	8.3553	5.3936	
1618	15.337	8.496	5.4309	15.226	8.3236	5.3726	
1619	15.336	8.4941	5.4283	15.199	8.3466	5.3731	
1620	15.335	8.4922	5.4257	15.181	8.3603	5.3781	
1621	15.334	8.4904	5.4231	15.208	8.3253	5.3494	
1622	15.333	8.4885	5.4205	15.178	8.3112	5.3902	
1623	15.332	8.4866	5.4179	15.171	8.3181	5.3343	
1624	15.331	8.4847	5.4153	15.213	8.3478	5.3601	
1625	15.33	8.4829	5.4127	15.221	8.3268	5.3138	
1626	15.329	8.481	5.4101	15.189	8.3195	5.3457	
1627	15.328	8.4791	5.4075	15.194	8.2845	5.3273	
1628	15.327	8.4773	5.4049	15.187	8.3499	5.3401	
1629	15.326	8.4754	5.4023	15.19	8.342	5.3735	
1630	15.325	8.4736	5.3998	15.179	8.3391	5.3371	
1631	15.324	8.4717	5.3972	15.173	8.3154	5.3855	
1632	15.323	8.4699	5.3946	15.186	8.35	5.3166	
1633	15.321	8.468	5.3921	15.203	8.3497	5.3381	
1634	15.32	8.4662	5.3895	15.171	8.297	5.3258	
1635	15.319	8.4644	5.3869	15.194	8.3312	5.3287	
1636	15.318	8.4625	5.3844	15.188	8.3212	5.3036	
1637	15.317	8.4607	5.3818	15.199	8.3059	5.3668	
1638	15.316	8.4589	5.3793	15.222	8.2801	5.3259	
1639	15.315	8.4571	5.3767	15.182	8.3194	5.2974	
1640	15.314	8.4553	5.3742	15.173	8.2818	5.3281	
1641	15.313	8.4535	5.3717	15.175	8.354	5.2891	
1642	15.312	8.4516	5.3691	15.205	8.2703	5.335	
1643	15.311	8.4498	5.3666	15.19	8.3112	5.2849	
1644	15.31	8.448	5.3641	15.187	8.2906	5.3078	
1645	15.309	8.4462	5.3616	15.188	8.2927	5.329	
1646	15.308	8.4444	5.359	15.208	8.31	5.2496	
1647	15.307	8.4426	5.3565	15.15	8.3281	5.3322	
1648	15.306	8.4408	5.354	15.196	8.214	5.2562	
1649	15.305	8.439	5.3515	15.203	8.3041	5.32	
1650	15.304	8.4372	5.349	15.183	8.3097	5.3172	
1651	15.303	8.4354	5.3465	15.183	8.2823	5.2789	
1652	15.302	8.4336	5.344	15.167	8.2903	5.2806	
1653	15.301	8.4318	5.3415	15.222	8.273	5.3132	
1654	15.3	8.4301	5.339	15.187	8.2721	5.3	
1655	15.299	8.4283	5.3366	15.181	8.3124	5.2674	
1656	15.298	8.4265	5.3341	15.178	8.2858	5.2886	
1657	15.297	8.4248	5.3316	15.182	8.2736	5.2715	
1658	15.296	8.423	5.3291	15.168	8.2909	5.2684	
1659	15.295	8.4213	5.3266	15.198	8.2389	5.2994	
1660	15.294	8.4195	5.3242	15.134	8.2013	5.3163	
1661	15.293	8.4178	5.3217	15.18	8.22	5.277	
1662	15.292	8.416	5.3192	15.141	8.2754	5.2561	
1663	15.292	8.4143	5.3168	15.16	8.3068	5.3083	
1664	15.291	8.4125	5.3143	15.139	8.2076	5.1903	
1665	15.29	8.4108	5.3119	15.134	8.2768	5.2901	
1666	15.289	8.409	5.3094	15.203	8.2376	5.2267	
1667	15.288	8.4073	5.307	15.116	8.178	5.2636	
1668	15.287	8.4056	5.3046	15.094	8.2587	5.2816	
1669	15.286	8.4038	5.3021	15.177	8.2221	5.1642	
1670	15.285	8.4021	5.2997	15.177	8.3188	5.28	
1671	15.284	8.4004	5.2973	15.144	8.2985	5.1962	
1672	15.283	8.3986	5.2948	15.205	8.2434	5.1552	
1673	15.282	8.3969	5.2924	15.194	8.2671	5.2595	
1674	15.281	8.3952	5.29	15.196	8.273	5.2443	
1675	15.28	8.3934	5.2876	15.123	8.1082	5.2754	
1676	15.279	8.3917	5.2852	15.177	8.2951	5.2414	
1677	15.278	8.39	5.2828	15.141	8.2686	5.3115	
1678	15.277	8.3883	5.2804	15.131	8.1656	5.2901	
1679	15.276	8.3866	5.278	15.153	8.2106	5.2576	
1680	15.275	8.3849	5.2756	15.136	8.2649	5.3272	
1681	15.274	8.3832	5.2732	15.15	8.3289	5.2473	
1682	15.273	8.3816	5.2708	15.105	8.2398	5.2015	
1683	15.272	8.3799	5.2684	15.132	8.2922	5.1972	
1684	15.271	8.3782	5.266	15.112	8.2552	5.3479	
1685	15.271	8.3765	5.2636	15.14	8.0623	5.0309	
1686	15.27	8.3748	5.2612	15.254	8.287	5.2897	
1687	15.269	8.3731	5.2589	15.066	8.3556	5.4453	
1688	15.268	8.3714	5.2565	15.075	8.27	5.2045	
1689	15.267	8.3698	5.2541	15.151	8.2085	5.0922	
1690	15.266	8.3681	5.2518	15.044	8.425	5.2279	
1691	15.265	8.3664	5.2494	15.226	8.1621	5.1941	
1692	15.264	8.3647	5.247	15.228	8.4692	5.2754	
1693	15.263	8.3631	5.2447	14.99	8.3545	5.5722	
1694	15.262	8.3614	5.2423	14.9	8.082	5.2263	
1695	15.261	8.3597	5.24	15.192	8.4939	5.4261	
1696	15.26	8.3581	5.2377	15.082	8.2301	5.4347	
1697	15.259	8.3564	5.2353	15.142	8.3357	5.437	
1698	15.258	8.3547	5.233	14.719	8.2576	4.9981	
1699	15.258	8.3531	5.2307	14.916	8.6842	5.3629	
1700	15.257	8.3515	5.2283	14.932	8.1696	5.1826	
