	65	70	75	65	70	75	
300	59.459	62.546	64.067	37.511	37.209	37.514	
301	59.451	62.341	63.574	37.295	36.907	37.453	
302	59.408	62.105	63.076	37.087	36.772	37.279	
303	59.336	61.843	62.575	37.019	36.553	37.024	
304	59.235	61.557	62.074	36.99	36.489	37.052	
305	59.108	61.25	61.574	36.884	36.423	36.867	
306	58.958	60.928	61.078	36.614	36.185	36.77	
307	58.788	60.591	60.585	36.511	36.277	36.641	
308	58.597	60.243	60.098	36.334	36.128	36.541	
309	58.391	59.886	59.618	36.365	35.959	36.377	
310	58.17	59.522	59.145	36.171	35.873	36.379	
311	57.935	59.153	58.679	36.159	35.715	36.319	
312	57.689	58.78	58.222	36.209	35.719	36.207	
313	57.434	58.406	57.774	35.89	35.526	36.139	
314	57.17	58.03	57.335	35.955	35.547	35.953	
315	56.899	57.655	56.905	35.892	35.364	35.909	
316	56.623	57.281	56.485	35.798	35.418	35.815	
317	56.342	56.909	56.074	35.661	35.298	35.754	
318	56.057	56.54	55.672	35.561	35.153	35.59	
319	55.77	56.174	55.28	35.518	35.053	35.611	
320	55.48	55.812	54.898	35.535	35.035	35.459	
321	55.19	55.455	54.525	35.427	34.977	35.375	
322	54.899	55.102	54.161	35.393	34.901	35.332	
323	54.608	54.755	53.806	35.355	34.78	35.278	
324	54.318	54.412	53.46	35.23	34.786	35.152	
325	54.029	54.075	53.123	35.241	34.578	35.091	
326	53.741	53.744	52.795	35.155	34.568	35.032	
327	53.455	53.419	52.475	35.062	34.546	34.927	
328	53.172	53.099	52.164	35.028	34.498	34.847	
329	52.891	52.785	51.86	34.999	34.432	34.774	
330	52.613	52.478	51.564	35.011	34.459	34.767	
331	52.337	52.176	51.276	34.888	34.365	34.712	
332	52.065	51.879	50.995	34.842	34.23	34.555	
333	51.796	51.589	50.721	34.885	34.182	34.577	
334	51.53	51.304	50.454	34.798	34.161	34.525	
335	51.268	51.025	50.194	34.731	34.097	34.447	
336	51.009	50.752	49.94	34.609	34.041	34.358	
337	50.754	50.484	49.692	34.687	34.006	34.353	
338	50.502	50.221	49.45	34.632	33.962	34.303	
339	50.254	49.963	49.214	34.529	33.832	34.23	
340	50.009	49.71	48.984	34.579	33.724	34.179	
341	49.768	49.463	48.759	34.486	33.766	34.165	
342	49.53	49.22	48.539	34.466	33.725	34.1	
343	49.296	48.981	48.324	34.549	33.733	34.023	
344	49.065	48.748	48.114	34.521	33.702	33.95	
345	48.838	48.518	47.909	34.424	33.661	33.933	
346	48.614	48.293	47.707	34.455	33.622	33.892	
347	48.393	48.072	47.51	34.458	33.593	33.865	
348	48.176	47.856	47.318	34.377	33.616	33.812	
349	47.962	47.642	47.129	34.389	33.625	33.81	
350	47.75	47.433	46.943	34.388	33.625	33.767	
351	47.541	47.227	46.761	34.35	33.524	33.743	
352	47.335	47.023	46.582	34.396	33.574	33.8	
353	47.13	46.822	46.405	34.351	33.52	33.614	
354	46.927	46.623	46.23	34.458	33.583	33.722	
355	46.725	46.425	46.056	34.599	33.444	33.575	
356	46.522	46.227	45.882	34.579	33.535	33.58	
357	46.318	46.028	45.707	34.514	33.694	33.653	
358	46.112	45.827	45.531	34.45	33.599	33.561	
359	45.903	45.624	45.353	34.557	33.626	33.604	
360	45.692	45.417	45.171	34.568	33.602	33.533	
361	45.477	45.207	44.985	34.519	33.534	33.614	
362	45.259	44.993	44.797	34.468	33.471	33.318	
363	45.039	44.776	44.604	34.502	33.373	33.27	
364	44.816	44.557	44.41	34.485	33.406	33.141	
365	44.593	44.336	44.213	34.48	33.239	33.257	
366	44.369	44.114	44.014	34.43	33.18	32.916	
367	44.145	43.892	43.815	34.217	33.026	32.627	
368	43.922	43.67	43.615	34.2	33.006	32.484	
369	43.7	43.448	43.415	34.034	32.568	32.257	
370	43.48	43.228	43.217	33.841	32.395	31.955	
371	43.262	43.01	43.02	33.737	32.227	31.762	
372	43.047	42.794	42.825	33.555	32.089	31.437	
373	42.835	42.582	42.633	33.39	31.779	31.262	
374	42.626	42.372	42.443	33.076	31.523	30.992	
375	42.421	42.166	42.257	32.972	31.289	30.557	
376	42.218	41.963	42.073	32.744	31.026	30.281	
377	42.019	41.763	41.892	32.512	30.758	29.935	
378	41.824	41.567	41.715	32.361	30.452	29.755	
379	41.633	41.376	41.542	32.152	30.302	29.525	
380	41.445	41.188	41.373	31.847	30.094	29.22	
381	41.261	41.003	41.206	31.78	29.805	28.874	
382	41.079	40.822	41.042	31.618	29.702	28.718	
383	40.901	40.644	40.882	31.407	29.37	28.494	
384	40.725	40.468	40.724	31.178	29.194	28.195	
385	40.554	40.297	40.569	31.074	29.021	28.069	
386	40.386	40.13	40.419	30.864	28.789	27.848	
387	40.221	39.965	40.271	30.652	28.633	27.637	
388	40.058	39.804	40.126	30.583	28.41	27.476	
389	39.899	39.645	39.983	30.461	28.307	27.256	
390	39.743	39.49	39.844	30.26	28.108	27.05	
391	39.59	39.338	39.708	30.191	27.915	26.895	
392	39.441	39.19	39.575	29.981	27.735	26.665	
393	39.294	39.044	39.444	29.878	27.587	26.582	
394	39.15	38.901	39.316	29.682	27.397	26.4	
395	39.008	38.761	39.19	29.63	27.355	26.298	
396	38.87	38.624	39.068	29.422	27.142	26.077	
397	38.735	38.489	38.947	29.335	27.036	25.925	
398	38.601	38.357	38.829	29.275	26.882	25.776	
399	38.47	38.227	38.712	29.093	26.69	25.637	
400	38.341	38.099	38.597	29.072	26.6	25.423	
401	38.214	37.973	38.485	28.922	26.451	25.337	
402	38.09	37.849	38.374	28.768	26.379	25.181	
403	37.966	37.727	38.264	28.682	26.196	25.041	
404	37.844	37.606	38.155	28.573	26.143	24.894	
405	37.725	37.486	38.048	28.511	25.929	24.83	
406	37.606	37.369	37.942	28.418	25.831	24.647	
407	37.489	37.252	37.837	28.306	25.691	24.585	
408	37.373	37.136	37.732	28.204	25.67	24.441	
409	37.258	37.022	37.629	28.091	25.533	24.21	
410	37.145	36.909	37.527	28.031	25.423	24.179	
411	37.032	36.796	37.426	27.868	25.362	24.088	
412	36.921	36.685	37.325	27.819	25.199	23.977	
413	36.811	36.574	37.225	27.751	25.068	23.815	
414	36.701	36.465	37.126	27.647	25.046	23.779	
415	36.593	36.356	37.028	27.567	24.906	23.666	
416	36.485	36.248	36.93	27.436	24.81	23.564	
417	36.379	36.141	36.833	27.395	24.667	23.442	
418	36.273	36.035	36.736	27.242	24.576	23.314	
419	36.169	35.93	36.641	27.24	24.539	23.278	
420	36.065	35.825	36.546	27.177	24.391	23.051	
421	35.962	35.721	36.451	26.993	24.277	23.05	
422	35.86	35.618	36.357	27.016	24.164	22.99	
423	35.759	35.516	36.264	26.934	24.088	22.879	
424	35.658	35.415	36.172	26.867	24.049	22.714	
425	35.559	35.314	36.08	26.755	23.89	22.644	
426	35.46	35.214	35.988	26.651	23.86	22.58	
427	35.362	35.115	35.897	26.553	23.755	22.538	
428	35.265	35.016	35.807	26.479	23.663	22.372	
429	35.168	34.918	35.718	26.519	23.569	22.282	
430	35.073	34.821	35.629	26.369	23.426	22.284	
431	34.978	34.725	35.54	26.264	23.503	22.162	
432	34.884	34.629	35.452	26.276	23.311	21.984	
433	34.791	34.534	35.365	26.141	23.339	21.941	
434	34.698	34.44	35.278	26.086	23.175	21.795	
435	34.607	34.346	35.192	26.006	23.033	21.804	
436	34.516	34.253	35.106	25.973	22.899	21.543	
437	34.425	34.16	35.021	25.893	22.922	21.617	
438	34.336	34.069	34.937	25.872	22.893	21.469	
439	34.247	33.978	34.853	25.71	22.818	21.435	
440	34.159	33.887	34.769	25.695	22.639	21.343	
441	34.071	33.797	34.686	25.63	22.648	21.261	
442	33.985	33.708	34.604	25.588	22.648	21.104	
443	33.898	33.62	34.522	25.507	22.442	21.184	
444	33.813	33.532	34.44	25.556	22.424	20.985	
445	33.729	33.445	34.36	25.392	22.277	20.91	
446	33.644	33.358	34.279	25.234	22.293	20.863	
447	33.561	33.272	34.199	25.292	22.112	20.749	
448	33.478	33.186	34.12	25.195	22.141	20.723	
449	33.396	33.101	34.041	25.183	22.026	20.627	
450	33.315	33.017	33.963	25.118	21.916	20.654	
451	33.234	32.933	33.885	25.118	21.857	20.554	
452	33.154	32.85	33.807	25.026	21.784	20.444	
453	33.075	32.768	33.73	24.922	21.755	20.443	
454	32.996	32.686	33.654	24.835	21.684	20.273	
455	32.917	32.604	33.578	24.769	21.671	20.279	
456	32.84	32.523	33.502	24.72	21.58	20.095	
457	32.763	32.443	33.427	24.709	21.546	20.092	
458	32.686	32.363	33.352	24.66	21.441	20.062	
459	32.61	32.284	33.278	24.663	21.481	19.975	
460	32.535	32.205	33.204	24.545	21.331	19.906	
461	32.46	32.127	33.131	24.62	21.233	19.818	
462	32.386	32.05	33.058	24.431	21.183	19.772	
463	32.313	31.972	32.986	24.46	21.21	19.722	
464	32.24	31.896	32.914	24.327	21.031	19.609	
465	32.167	31.82	32.842	24.36	21.017	19.608	
466	32.095	31.744	32.771	24.267	20.954	19.454	
467	32.024	31.669	32.7	24.206	20.854	19.484	
468	31.953	31.594	32.63	24.17	20.799	19.396	
469	31.883	31.52	32.56	24.092	20.77	19.34	
470	31.813	31.447	32.491	24.061	20.699	19.193	
471	31.744	31.374	32.422	24.012	20.652	19.217	
472	31.675	31.301	32.353	23.934	20.679	19.142	
473	31.607	31.229	32.284	23.947	20.517	19.035	
474	31.539	31.157	32.217	23.908	20.509	19.076	
475	31.472	31.086	32.149	23.846	20.472	18.955	
476	31.406	31.015	32.082	23.824	20.439	18.928	
477	31.339	30.944	32.015	23.74	20.279	18.806	
478	31.274	30.875	31.949	23.684	20.28	18.775	
479	31.208	30.805	31.883	23.667	20.197	18.72	
480	31.144	30.736	31.817	23.599	20.142	18.638	
481	31.079	30.667	31.752	23.572	20.093	18.615	
482	31.016	30.599	31.687	23.495	20.1	18.561	
483	30.952	30.531	31.622	23.543	20.037	18.524	
484	30.889	30.464	31.558	23.447	19.952	18.437	
485	30.827	30.397	31.494	23.405	19.904	18.479	
486	30.765	30.331	31.43	23.388	19.787	18.36	
487	30.703	30.264	31.367	23.308	19.783	18.254	
488	30.642	30.199	31.304	23.318	19.714	18.213	
489	30.582	30.133	31.242	23.228	19.691	18.178	
490	30.521	30.068	31.179	23.239	19.606	18.185	
491	30.461	30.004	31.117	23.162	19.598	18.078	
492	30.402	29.94	31.056	23.125	19.513	18.036	
493	30.343	29.876	30.995	23.098	19.505	17.975	
494	30.284	29.812	30.933	23.049	19.475	17.976	
495	30.226	29.749	30.873	23.039	19.452	17.877	
496	30.168	29.687	30.812	22.991	19.38	17.876	
497	30.111	29.624	30.752	22.952	19.303	17.874	
498	30.054	29.562	30.693	22.922	19.281	17.787	
499	29.997	29.501	30.633	22.888	19.204	17.73	
500	29.941	29.439	30.574	22.873	19.164	17.653	
501	29.885	29.378	30.515	22.799	19.155	17.607	
502	29.829	29.318	30.456	22.748	19.072	17.553	
503	29.774	29.258	30.398	22.745	19.08	17.515	
504	29.719	29.198	30.34	22.67	18.989	17.461	
505	29.665	29.138	30.282	22.66	18.966	17.426	
506	29.611	29.079	30.225	22.59	18.9	17.357	
507	29.557	29.02	30.167	22.573	18.858	17.36	
508	29.504	28.961	30.11	22.544	18.831	17.264	
509	29.451	28.903	30.054	22.54	18.784	17.234	
510	29.398	28.845	29.997	22.464	18.744	17.185	
511	29.346	28.787	29.941	22.441	18.672	17.172	
512	29.293	28.73	29.885	22.411	18.653	17.095	
513	29.242	28.673	29.829	22.38	18.604	17.039	
514	29.19	28.616	29.774	22.329	18.581	17.008	
515	29.139	28.559	29.719	22.323	18.521	16.956	
516	29.088	28.503	29.664	22.272	18.488	16.925	
517	29.038	28.447	29.609	22.233	18.453	16.889	
518	28.988	28.392	29.554	22.213	18.429	16.8	
519	28.938	28.336	29.5	22.156	18.383	16.8	
520	28.888	28.281	29.446	22.155	18.329	16.783	
521	28.839	28.226	29.392	22.107	18.281	16.705	
522	28.79	28.172	29.339	22.082	18.236	16.682	
523	28.742	28.117	29.285	22.044	18.197	16.633	
524	28.693	28.063	29.232	22.008	18.175	16.576	
525	28.645	28.01	29.179	21.973	18.11	16.541	
526	28.597	27.956	29.127	21.948	18.101	16.479	
527	28.55	27.903	29.074	21.919	18.041	16.467	
528	28.503	27.85	29.022	21.871	18.015	16.444	
529	28.456	27.797	28.97	21.848	17.935	16.346	
530	28.409	27.745	28.918	21.807	17.963	16.332	
531	28.362	27.693	28.866	21.787	17.894	16.282	
532	28.316	27.641	28.815	21.792	17.872	16.249	
533	28.27	27.589	28.764	21.715	17.836	16.21	
534	28.225	27.537	28.713	21.688	17.765	16.173	
535	28.179	27.486	28.662	21.675	17.736	16.118	
536	28.134	27.435	28.611	21.642	17.728	16.071	
537	28.089	27.384	28.561	21.635	17.67	16.051	
538	28.045	27.334	28.511	21.595	17.649	16.008	
539	28	27.283	28.46	21.569	17.626	15.99	
540	27.956	27.233	28.411	21.55	17.587	15.938	
541	27.912	27.184	28.361	21.51	17.537	15.923	
542	27.869	27.134	28.312	21.482	17.509	15.858	
543	27.825	27.085	28.262	21.476	17.461	15.814	
544	27.782	27.035	28.213	21.431	17.422	15.773	
545	27.739	26.986	28.164	21.41	17.437	15.761	
546	27.696	26.938	28.116	21.352	17.352	15.71	
547	27.654	26.889	28.067	21.367	17.317	15.707	
548	27.612	26.841	28.019	21.329	17.285	15.648	
549	27.57	26.793	27.97	21.326	17.238	15.622	
550	27.528	26.745	27.922	21.261	17.228	15.591	
551	27.486	26.697	27.875	21.239	17.193	15.54	
552	27.445	26.65	27.827	21.241	17.157	15.508	
553	27.404	26.602	27.78	21.207	17.129	15.477	
554	27.363	26.555	27.732	21.168	17.077	15.44	
555	27.322	26.508	27.685	21.16	17.056	15.395	
556	27.282	26.462	27.638	21.131	17.016	15.362	
557	27.241	26.415	27.591	21.103	16.947	15.317	
558	27.201	26.369	27.545	21.084	16.962	15.3	
559	27.161	26.323	27.498	21.046	16.928	15.278	
560	27.122	26.277	27.452	21.019	16.886	15.228	
561	27.082	26.231	27.406	21.007	16.84	15.186	
562	27.043	26.186	27.36	21	16.812	15.184	
563	27.004	26.14	27.314	20.961	16.801	15.133	
564	26.965	26.095	27.269	20.944	16.75	15.126	
565	26.927	26.05	27.223	20.9	16.721	15.064	
566	26.888	26.005	27.178	20.879	16.684	15.074	
567	26.85	25.961	27.133	20.845	16.66	15.01	
568	26.812	25.917	27.088	20.818	16.626	14.969	
569	26.774	25.872	27.043	20.805	16.591	14.939	
570	26.736	25.828	26.998	20.791	16.566	14.891	
571	26.699	25.785	26.954	20.756	16.54	14.877	
572	26.661	25.741	26.909	20.734	16.528	14.866	
573	26.624	25.697	26.865	20.719	16.489	14.815	
574	26.587	25.654	26.821	20.685	16.473	14.755	
575	26.551	25.611	26.777	20.662	16.434	14.74	
576	26.514	25.568	26.733	20.631	16.404	14.719	
577	26.478	25.525	26.69	20.644	16.385	14.694	
578	26.441	25.483	26.646	20.618	16.331	14.681	
579	26.405	25.44	26.603	20.576	16.316	14.62	
580	26.369	25.398	26.56	20.577	16.277	14.621	
581	26.334	25.356	26.517	20.535	16.251	14.584	
582	26.298	25.314	26.474	20.524	16.22	14.522	
583	26.263	25.272	26.431	20.504	16.18	14.507	
584	26.228	25.23	26.389	20.492	16.17	14.517	
585	26.193	25.189	26.346	20.442	16.155	14.449	
586	26.158	25.148	26.304	20.431	16.123	14.417	
587	26.123	25.107	26.262	20.436	16.098	14.362	
588	26.089	25.066	26.22	20.408	16.07	14.357	
589	26.054	25.025	26.178	20.364	16.041	14.332	
590	26.02	24.984	26.136	20.345	16.005	14.287	
591	25.986	24.944	26.095	20.333	15.99	14.25	
592	25.952	24.903	26.053	20.31	15.918	14.221	
593	25.918	24.863	26.012	20.296	15.969	14.198	
594	25.885	24.823	25.971	20.283	15.892	14.209	
595	25.852	24.783	25.93	20.24	15.88	14.155	
596	25.818	24.743	25.889	20.22	15.879	14.124	
597	25.785	24.704	25.848	20.21	15.839	14.089	
598	25.752	24.665	25.807	20.202	15.8	14.07	
599	25.72	24.625	25.767	20.184	15.748	14.033	
600	25.687	24.586	25.726	20.146	15.774	14.024	
601	25.655	24.547	25.686	20.111	15.734	13.982	
602	25.622	24.508	25.646	20.089	15.676	13.946	
603	25.59	24.47	25.606	20.073	15.681	13.918	
604	25.558	24.431	25.566	20.062	15.645	13.915	
605	25.526	24.393	25.526	20.041	15.608	13.859	
606	25.494	24.354	25.487	20.03	15.616	13.815	
607	25.463	24.316	25.447	19.998	15.592	13.779	
608	25.431	24.278	25.408	20.014	15.535	13.804	
609	25.4	24.241	25.369	19.982	15.547	13.748	
610	25.369	24.203	25.329	19.959	15.505	13.733	
611	25.338	24.165	25.29	19.939	15.468	13.708	
612	25.307	24.128	25.252	19.937	15.48	13.705	
613	25.276	24.091	25.213	19.905	15.44	13.625	
614	25.246	24.053	25.174	19.873	15.416	13.633	
615	25.215	24.016	25.136	19.872	15.373	13.599	
616	25.185	23.98	25.097	19.848	15.366	13.567	
617	25.155	23.943	25.059	19.833	15.339	13.548	
618	25.125	23.906	25.021	19.81	15.324	13.544	
619	25.095	23.87	24.983	19.793	15.289	13.484	
620	25.065	23.833	24.945	19.769	15.26	13.464	
621	25.035	23.797	24.907	19.744	15.245	13.463	
622	25.006	23.761	24.869	19.758	15.223	13.435	
623	24.976	23.725	24.832	19.727	15.19	13.375	
624	24.947	23.689	24.794	19.705	15.17	13.372	
625	24.918	23.654	24.757	19.678	15.168	13.392	
626	24.889	23.618	24.72	19.681	15.12	13.311	
627	24.86	23.583	24.683	19.667	15.098	13.304	
628	24.831	23.547	24.646	19.638	15.06	13.283	
629	24.802	23.512	24.609	19.635	15.075	13.294	
630	24.774	23.477	24.572	19.57	15.013	13.233	
631	24.746	23.442	24.535	19.565	15.066	13.236	
632	24.717	23.407	24.499	19.575	15.011	13.141	
633	24.689	23.373	24.462	19.564	14.965	13.12	
634	24.661	23.338	24.426	19.51	14.954	13.069	
635	24.633	23.304	24.39	19.493	14.942	13.106	
636	24.605	23.269	24.354	19.49	14.951	13.106	
637	24.578	23.235	24.318	19.498	14.872	13.056	
638	24.55	23.201	24.282	19.454	14.846	13.046	
639	24.523	23.167	24.246	19.459	14.818	13.027	
640	24.495	23.133	24.211	19.425	14.799	13.018	
641	24.468	23.099	24.175	19.452	14.778	12.939	
642	24.441	23.066	24.139	19.402	14.772	12.986	
643	24.414	23.032	24.104	19.387	14.721	12.945	
644	24.387	22.999	24.069	19.404	14.727	12.899	
645	24.36	22.966	24.034	19.385	14.71	12.869	
646	24.334	22.932	23.999	19.341	14.67	12.857	
647	24.307	22.899	23.964	19.34	14.697	12.832	
648	24.281	22.866	23.929	19.298	14.644	12.833	
649	24.255	22.834	23.894	19.29	14.633	12.793	
650	24.228	22.801	23.86	19.268	14.571	12.757	
651	24.202	22.768	23.825	19.249	14.593	12.771	
652	24.176	22.736	23.791	19.245	14.544	12.718	
653	24.15	22.703	23.756	19.224	14.556	12.69	
654	24.125	22.671	23.722	19.213	14.505	12.636	
655	24.099	22.639	23.688	19.188	14.528	12.643	
656	24.073	22.607	23.654	19.173	14.551	12.655	
657	24.048	22.575	23.62	19.182	14.495	12.58	
658	24.023	22.543	23.586	19.145	14.451	12.585	
659	23.997	22.511	23.552	19.135	14.393	12.576	
660	23.972	22.48	23.519	19.131	14.406	12.557	
661	23.947	22.448	23.485	19.149	14.366	12.521	
662	23.922	22.417	23.452	19.141	14.38	12.487	
663	23.897	22.385	23.419	19.085	14.354	12.478	
664	23.873	22.354	23.385	19.067	14.358	12.46	
665	23.848	22.323	23.352	19.05	14.329	12.422	
666	23.823	22.292	23.319	19.037	14.283	12.4	
667	23.799	22.261	23.286	19.049	14.264	12.403	
668	23.775	22.23	23.253	19.03	14.28	12.379	
669	23.75	22.2	23.221	19.015	14.24	12.357	
670	23.726	22.169	23.188	18.996	14.227	12.341	
671	23.702	22.138	23.155	18.983	14.189	12.272	
672	23.678	22.108	23.123	18.968	14.151	12.307	
673	23.654	22.078	23.09	18.924	14.153	12.286	
674	23.631	22.047	23.058	18.939	14.161	12.278	
675	23.607	22.017	23.026	18.916	14.153	12.296	
676	23.583	21.987	22.994	18.918	14.072	12.203	
677	23.56	21.957	22.962	18.905	14.111	12.199	
678	23.537	21.928	22.93	18.877	14.073	12.219	
679	23.513	21.898	22.898	18.874	14.028	12.143	
680	23.49	21.868	22.866	18.865	14.013	12.153	
681	23.467	21.839	22.834	18.846	13.999	12.088	
682	23.444	21.809	22.803	18.845	14.005	12.109	
683	23.421	21.78	22.771	18.808	13.954	12.072	
684	23.398	21.751	22.74	18.784	13.945	12.093	
685	23.375	21.721	22.709	18.793	13.961	12.052	
686	23.353	21.692	22.677	18.775	13.924	12.002	
687	23.33	21.663	22.646	18.777	13.89	11.991	
688	23.308	21.635	22.615	18.772	13.868	11.962	
689	23.285	21.606	22.584	18.761	13.903	11.957	
690	23.263	21.577	22.553	18.716	13.875	11.965	
691	23.241	21.549	22.522	18.724	13.843	11.91	
692	23.219	21.52	22.492	18.709	13.782	11.94	
693	23.197	21.492	22.461	18.696	13.781	11.891	
694	23.175	21.463	22.431	18.682	13.775	11.898	
695	23.153	21.435	22.4	18.653	13.738	11.859	
696	23.131	21.407	22.37	18.654	13.704	11.854	
697	23.109	21.379	22.339	18.647	13.742	11.818	
698	23.088	21.351	22.309	18.656	13.697	11.76	
699	23.066	21.323	22.279	18.615	13.678	11.745	
700	23.044	21.295	22.249	18.603	13.714	11.763	
701	23.023	21.267	22.219	18.616	13.601	11.754	
702	23.002	21.24	22.189	18.605	13.677	11.742	
703	22.981	21.212	22.159	18.55	13.664	11.695	
704	22.959	21.185	22.13	18.548	13.616	11.689	
705	22.938	21.157	22.1	18.593	13.586	11.663	
706	22.917	21.13	22.07	18.539	13.595	11.627	
707	22.896	21.103	22.041	18.519	13.587	11.625	
708	22.876	21.076	22.012	18.499	13.513	11.634	
709	22.855	21.049	21.982	18.52	13.555	11.58	
710	22.834	21.022	21.953	18.509	13.487	11.628	
711	22.814	20.995	21.924	18.491	13.491	11.511	
712	22.793	20.968	21.895	18.46	13.43	11.505	
713	22.773	20.941	21.866	18.443	13.501	11.532	
714	22.752	20.915	21.837	18.434	13.419	11.487	
715	22.732	20.888	21.808	18.397	13.433	11.469	
716	22.712	20.862	21.779	18.418	13.356	11.374	
717	22.692	20.835	21.75	18.408	13.398	11.468	
718	22.672	20.809	21.722	18.389	13.347	11.371	
719	22.652	20.783	21.693	18.416	13.365	11.461	
720	22.632	20.756	21.665	18.332	13.336	11.414	
721	22.612	20.73	21.636	18.377	13.311	11.389	
722	22.592	20.704	21.608	18.373	13.341	11.365	
723	22.572	20.679	21.58	18.316	13.339	11.362	
724	22.553	20.653	21.552	18.348	13.267	11.357	
725	22.533	20.627	21.523	18.293	13.366	11.278	
726	22.514	20.601	21.495	18.343	13.2	11.279	
727	22.494	20.576	21.467	18.3	13.25	11.255	
728	22.475	20.55	21.44	18.318	13.194	11.255	
729	22.456	20.525	21.412	18.272	13.178	11.254	
730	22.436	20.499	21.384	18.26	13.183	11.173	
731	22.417	20.474	21.356	18.22	13.167	11.208	
732	22.398	20.449	21.329	18.247	13.116	11.197	
733	22.379	20.424	21.301	18.236	13.152	11.165	
734	22.36	20.398	21.274	18.263	13.117	11.143	
735	22.341	20.373	21.246	18.212	13.131	11.119	
736	22.323	20.349	21.219	18.211	13.114	11.12	
737	22.304	20.324	21.192	18.221	13.084	11.153	
738	22.285	20.299	21.165	18.175	13.091	11.076	
739	22.267	20.274	21.138	18.168	13.067	11.094	
740	22.248	20.25	21.111	18.198	13.06	11.074	
741	22.23	20.225	21.084	18.146	13.012	11.072	
742	22.211	20.2	21.057	18.159	13.021	11.016	
743	22.193	20.176	21.03	18.16	13.027	10.987	
744	22.175	20.152	21.003	18.128	13	11.023	
745	22.157	20.127	20.977	18.098	13.023	11.013	
746	22.138	20.103	20.95	18.113	12.97	10.981	
747	22.12	20.079	20.923	18.112	13.001	10.944	
748	22.102	20.055	20.897	18.09	12.967	10.93	
749	22.085	20.031	20.871	18.087	12.928	10.902	
750	22.067	20.007	20.844	18.026	12.909	10.938	
751	22.049	19.983	20.818	18.064	12.892	10.873	
752	22.031	19.959	20.792	18.016	12.923	10.846	
753	22.013	19.936	20.766	18.042	12.881	10.845	
754	21.996	19.912	20.74	18.033	12.862	10.87	
755	21.978	19.888	20.714	17.998	12.896	10.794	
756	21.961	19.865	20.688	18.017	12.83	10.84	
757	21.943	19.842	20.662	18.016	12.778	10.837	
758	21.926	19.818	20.636	17.993	12.814	10.794	
759	21.909	19.795	20.61	17.991	12.817	10.766	
760	21.891	19.772	20.585	17.965	12.743	10.723	
761	21.874	19.748	20.559	17.94	12.757	10.727	
762	21.857	19.725	20.533	17.968	12.744	10.685	
763	21.84	19.702	20.508	17.942	12.757	10.67	
764	21.823	19.679	20.483	17.942	12.75	10.703	
765	21.806	19.656	20.457	17.928	12.723	10.649	
766	21.789	19.633	20.432	17.945	12.732	10.659	
767	21.772	19.611	20.407	17.932	12.689	10.658	
768	21.756	19.588	20.382	17.898	12.676	10.604	
769	21.739	19.565	20.356	17.901	12.684	10.63	
770	21.722	19.543	20.331	17.88	12.632	10.573	
771	21.706	19.52	20.306	17.839	12.621	10.567	
772	21.689	19.498	20.282	17.837	12.664	10.567	
773	21.672	19.475	20.257	17.851	12.613	10.567	
774	21.656	19.453	20.232	17.831	12.605	10.51	
775	21.64	19.431	20.207	17.81	12.584	10.517	
776	21.623	19.408	20.183	17.872	12.563	10.49	
777	21.607	19.386	20.158	17.813	12.541	10.499	
778	21.591	19.364	20.133	17.814	12.507	10.516	
779	21.575	19.342	20.109	17.771	12.515	10.473	
780	21.559	19.32	20.084	17.769	12.529	10.484	
781	21.543	19.298	20.06	17.816	12.552	10.405	
782	21.527	19.276	20.036	17.788	12.453	10.414	
783	21.511	19.255	20.012	17.766	12.44	10.413	
784	21.495	19.233	19.987	17.747	12.468	10.369	
785	21.479	19.211	19.963	17.727	12.424	10.347	
786	21.463	19.19	19.939	17.72	12.435	10.349	
787	21.447	19.168	19.915	17.725	12.412	10.345	
788	21.432	19.147	19.891	17.722	12.394	10.324	
789	21.416	19.125	19.867	17.703	12.376	10.317	
790	21.401	19.104	19.844	17.705	12.403	10.277	
791	21.385	19.082	19.82	17.675	12.368	10.278	
792	21.37	19.061	19.796	17.689	12.361	10.267	
793	21.354	19.04	19.772	17.679	12.381	10.266	
794	21.339	19.019	19.749	17.66	12.327	10.239	
795	21.323	18.998	19.725	17.659	12.309	10.224	
796	21.308	18.977	19.702	17.662	12.313	10.213	
797	21.293	18.956	19.678	17.654	12.325	10.176	
798	21.278	18.935	19.655	17.666	12.323	10.181	
799	21.263	18.914	19.632	17.647	12.261	10.206	
800	21.248	18.893	19.608	17.62	12.266	10.135	
801	21.233	18.873	19.585	17.605	12.279	10.152	
802	21.218	18.852	19.562	17.648	12.257	10.122	
803	21.203	18.831	19.539	17.585	12.228	10.092	
804	21.188	18.811	19.516	17.575	12.219	10.133	
805	21.173	18.79	19.493	17.566	12.198	10.093	
806	21.158	18.77	19.47	17.583	12.17	10.084	
807	21.144	18.749	19.447	17.566	12.126	10.115	
808	21.129	18.729	19.424	17.569	12.174	10.024	
809	21.114	18.709	19.402	17.516	12.099	10.047	
810	21.1	18.688	19.379	17.556	12.165	10.014	
811	21.085	18.668	19.356	17.537	12.131	9.9973	
812	21.071	18.648	19.334	17.532	12.176	10.005	
813	21.056	18.628	19.311	17.542	12.077	9.9926	
814	21.042	18.608	19.289	17.52	12.11	10.013	
815	21.028	18.588	19.266	17.499	12.091	9.9656	
816	21.013	18.568	19.244	17.51	12.082	9.9131	
817	20.999	18.548	19.221	17.487	12.062	9.9298	
818	20.985	18.528	19.199	17.492	12.059	9.9034	
819	20.971	18.509	19.177	17.483	12.042	9.9129	
820	20.957	18.489	19.155	17.46	12.018	9.8719	
821	20.943	18.469	19.133	17.453	12.005	9.8656	
822	20.929	18.45	19.111	17.45	12.012	9.8616	
823	20.915	18.43	19.089	17.451	12.006	9.8525	
824	20.901	18.411	19.067	17.443	12.007	9.8497	
825	20.887	18.391	19.045	17.437	11.988	9.8449	
826	20.873	18.372	19.023	17.433	11.98	9.8362	
827	20.859	18.353	19.001	17.43	11.974	9.8144	
828	20.846	18.333	18.979	17.419	11.964	9.8087	
829	20.832	18.314	18.958	17.407	11.95	9.7941	
830	20.818	18.295	18.936	17.407	11.946	9.8031	
831	20.805	18.276	18.914	17.4	11.919	9.7859	
832	20.791	18.257	18.893	17.384	11.91	9.7662	
833	20.778	18.238	18.871	17.379	11.905	9.7353	
834	20.764	18.219	18.85	17.367	11.897	9.7158	
835	20.751	18.2	18.828	17.36	11.889	9.7177	
836	20.737	18.181	18.807	17.358	11.888	9.6974	
837	20.724	18.162	18.786	17.35	11.861	9.7024	
838	20.711	18.143	18.764	17.356	11.846	9.6741	
839	20.697	18.124	18.743	17.339	11.835	9.6728	
840	20.684	18.106	18.722	17.323	11.851	9.6213	
841	20.671	18.087	18.701	17.338	11.799	9.6059	
842	20.658	18.068	18.68	17.35	11.812	9.6524	
843	20.645	18.05	18.659	17.333	11.79	9.6237	
844	20.632	18.031	18.638	17.328	11.8	9.6135	
845	20.619	18.013	18.617	17.337	11.83	9.5864	
846	20.606	17.995	18.596	17.25	11.762	9.5728	
847	20.593	17.976	18.575	17.316	11.671	9.6306	
848	20.58	17.958	18.555	17.299	11.801	9.6341	
849	20.567	17.94	18.534	17.296	11.713	9.5251	
850	20.554	17.921	18.513	17.278	11.74	9.5683	
851	20.541	17.903	18.493	17.254	11.712	9.5872	
852	20.529	17.885	18.472	17.249	11.723	9.4661	
853	20.516	17.867	18.451	17.279	11.658	9.4759	
854	20.503	17.849	18.431	17.228	11.704	9.4325	
855	20.491	17.831	18.411	17.23	11.626	9.478	
856	20.478	17.813	18.39	17.202	11.678	9.4881	
857	20.466	17.795	18.37	17.234	11.659	9.4508	
858	20.453	17.777	18.35	17.248	11.682	9.4151	
859	20.441	17.76	18.329	17.26	11.629	9.461	
860	20.428	17.742	18.309	17.206	11.667	9.4684	
861	20.416	17.724	18.289	17.177	11.615	9.3825	
862	20.404	17.706	18.269	17.215	11.595	9.3837	
863	20.391	17.689	18.249	17.205	11.644	9.3907	
864	20.379	17.671	18.229	17.208	11.589	9.387	
865	20.367	17.654	18.209	17.157	11.577	9.3165	
866	20.355	17.636	18.189	17.167	11.563	9.3468	
867	20.342	17.619	18.169	17.147	11.513	9.3459	
868	20.33	17.601	18.149	17.118	11.543	9.3501	
869	20.318	17.584	18.129	17.15	11.508	9.2901	
870	20.306	17.567	18.109	17.159	11.516	9.3057	
871	20.294	17.549	18.09	17.146	11.508	9.2767	
872	20.282	17.532	18.07	17.131	11.512	9.3136	
873	20.27	17.515	18.05	17.157	11.469	9.267	
874	20.258	17.498	18.031	17.129	11.488	9.2504	
875	20.246	17.481	18.011	17.111	11.474	9.2559	
876	20.235	17.464	17.992	17.115	11.465	9.2204	
877	20.223	17.447	17.972	17.112	11.46	9.2537	
878	20.211	17.43	17.953	17.083	11.444	9.2191	
879	20.199	17.413	17.934	17.079	11.432	9.1998	
880	20.188	17.396	17.914	17.071	11.421	9.1926	
881	20.176	17.379	17.895	17.069	11.417	9.1849	
882	20.164	17.362	17.876	17.067	11.412	9.1889	
883	20.153	17.346	17.856	17.063	11.408	9.1794	
884	20.141	17.329	17.837	17.061	11.404	9.1718	
885	20.13	17.312	17.818	17.061	11.396	9.1709	
886	20.118	17.295	17.799	17.056	11.388	9.1566	
887	20.107	17.279	17.78	17.046	11.371	9.1428	
888	20.096	17.262	17.761	17.044	11.364	9.1243	
889	20.084	17.246	17.742	17.031	11.351	9.1119	
890	20.073	17.229	17.723	17.018	11.337	9.0964	
891	20.062	17.213	17.704	17.012	11.328	9.0812	
892	20.05	17.197	17.686	17.01	11.316	9.0788	
893	20.039	17.18	17.667	17.003	11.31	9.0602	
894	20.028	17.164	17.648	16.991	11.308	9.0486	
895	20.017	17.148	17.629	16.999	11.303	9.0533	
896	20.006	17.131	17.611	16.989	11.29	9.0498	
897	19.994	17.115	17.592	16.989	11.285	9.0476	
898	19.983	17.099	17.574	16.987	11.282	9.0195	
899	19.972	17.083	17.555	16.979	11.268	9.0175	
900	19.961	17.067	17.537	16.966	11.258	8.9949	
901	19.95	17.051	17.518	16.947	11.247	8.9733	
902	19.939	17.035	17.5	16.948	11.229	8.9685	
903	19.929	17.019	17.481	16.945	11.226	8.9618	
904	19.918	17.003	17.463	16.94	11.217	8.9595	
905	19.907	16.987	17.445	16.932	11.215	8.9576	
906	19.896	16.971	17.426	16.934	11.21	8.9517	
907	19.885	16.955	17.408	16.929	11.206	8.9528	
908	19.875	16.94	17.39	16.931	11.194	8.9288	
909	19.864	16.924	17.372	16.916	11.183	8.9209	
910	19.853	16.908	17.354	16.902	11.167	8.91	
911	19.842	16.893	17.336	16.906	11.155	8.9055	
912	19.832	16.877	17.318	16.894	11.128	8.8691	
913	19.821	16.861	17.3	16.881	11.137	8.8493	
914	19.811	16.846	17.282	16.883	11.127	8.8511	
915	19.8	16.83	17.264	16.876	11.114	8.8449	
916	19.79	16.815	17.246	16.869	11.119	8.8435	
917	19.779	16.8	17.228	16.869	11.116	8.8377	
918	19.769	16.784	17.21	16.872	11.111	8.8326	
919	19.758	16.769	17.193	16.868	11.102	8.8198	
920	19.748	16.754	17.175	16.862	11.094	8.8106	
921	19.738	16.738	17.157	16.852	11.081	8.8013	
922	19.727	16.723	17.14	16.848	11.073	8.8045	
923	19.717	16.708	17.122	16.851	11.066	8.7956	
924	19.707	16.693	17.104	16.835	11.037	8.7695	
925	19.697	16.678	17.087	16.832	11.054	8.7564	
926	19.686	16.662	17.069	16.815	11.035	8.7417	
927	19.676	16.647	17.052	16.816	11.041	8.7315	
928	19.666	16.632	17.035	16.814	11.034	8.7362	
929	19.656	16.617	17.017	16.797	10.994	8.7477	
930	19.646	16.602	17	16.793	10.972	8.7269	
931	19.636	16.588	16.983	16.805	11.016	8.7154	
932	19.626	16.573	16.965	16.812	10.951	8.6826	
933	19.616	16.558	16.948	16.782	11.008	8.6791	
934	19.606	16.543	16.931	16.775	10.976	8.695	
935	19.596	16.528	16.914	16.773	10.978	8.6554	
936	19.586	16.513	16.897	16.753	10.941	8.6501	
937	19.576	16.499	16.879	16.753	10.935	8.6851	
938	19.566	16.484	16.862	16.783	10.944	8.6069	
939	19.557	16.469	16.845	16.761	10.933	8.6336	
940	19.547	16.455	16.828	16.766	10.894	8.6504	
941	19.537	16.44	16.811	16.76	10.92	8.6114	
942	19.527	16.426	16.795	16.739	10.886	8.5574	
943	19.518	16.411	16.778	16.715	10.91	8.5951	
944	19.508	16.397	16.761	16.717	10.929	8.5787	
945	19.498	16.382	16.744	16.744	10.893	8.5827	
946	19.489	16.368	16.727	16.743	10.888	8.5713	
947	19.479	16.354	16.711	16.722	10.888	8.5569	
948	19.47	16.339	16.694	16.718	10.861	8.5456	
949	19.46	16.325	16.677	16.708	10.84	8.5238	
950	19.451	16.311	16.661	16.702	10.832	8.5213	
951	19.441	16.297	16.644	16.691	10.851	8.5259	
952	19.432	16.282	16.627	16.683	10.844	8.5209	
953	19.422	16.268	16.611	16.694	10.825	8.4986	
954	19.413	16.254	16.594	16.695	10.819	8.5124	
955	19.403	16.24	16.578	16.682	10.807	8.4784	
956	19.394	16.226	16.562	16.663	10.812	8.4848	
957	19.385	16.212	16.545	16.664	10.803	8.5324	
958	19.375	16.198	16.529	16.644	10.785	8.4534	
959	19.366	16.184	16.512	16.666	10.771	8.4791	
960	19.357	16.17	16.496	16.678	10.753	8.4078	
961	19.348	16.156	16.48	16.673	10.778	8.3952	
962	19.338	16.142	16.464	16.661	10.689	8.3687	
963	19.329	16.128	16.447	16.62	10.712	8.4149	
964	19.32	16.115	16.431	16.649	10.748	8.3485	
965	19.311	16.101	16.415	16.617	10.733	8.3817	
966	19.302	16.087	16.399	16.628	10.753	8.359	
967	19.293	16.073	16.383	16.623	10.733	8.3919	
968	19.284	16.06	16.367	16.627	10.745	8.3832	
969	19.275	16.046	16.351	16.611	10.709	8.3707	
970	19.266	16.032	16.335	16.625	10.692	8.3925	
971	19.257	16.019	16.319	16.613	10.68	8.3706	
972	19.248	16.005	16.303	16.61	10.702	8.3492	
973	19.239	15.992	16.287	16.61	10.685	8.3224	
974	19.23	15.978	16.272	16.594	10.661	8.3374	
975	19.221	15.965	16.256	16.588	10.668	8.2816	
976	19.212	15.951	16.24	16.58	10.653	8.2972	
977	19.203	15.938	16.224	16.575	10.641	8.2843	
978	19.195	15.924	16.209	16.572	10.632	8.2858	
979	19.186	15.911	16.193	16.57	10.638	8.2719	
980	19.177	15.898	16.177	16.575	10.628	8.2724	
981	19.168	15.885	16.162	16.572	10.626	8.2804	
982	19.16	15.871	16.146	16.566	10.621	8.2707	
983	19.151	15.858	16.131	16.562	10.623	8.2828	
984	19.142	15.845	16.115	16.548	10.613	8.2676	
985	19.134	15.832	16.1	16.546	10.617	8.2362	
986	19.125	15.819	16.084	16.573	10.595	8.2584	
987	19.117	15.806	16.069	16.537	10.591	8.2149	
988	19.108	15.792	16.053	16.532	10.56	8.1936	
989	19.1	15.779	16.038	16.524	10.566	8.1933	
990	19.091	15.766	16.023	16.52	10.547	8.1876	
991	19.083	15.753	16.007	16.519	10.55	8.1676	
992	19.074	15.74	15.992	16.52	10.545	8.1802	
993	19.066	15.727	15.977	16.509	10.544	8.1739	
994	19.057	15.715	15.962	16.517	10.548	8.1768	
995	19.049	15.702	15.946	16.503	10.54	8.1619	
996	19.04	15.689	15.931	16.496	10.533	8.1554	
997	19.032	15.676	15.916	16.504	10.529	8.1444	
998	19.024	15.663	15.901	16.493	10.516	8.1417	
999	19.015	15.651	15.886	16.483	10.502	8.1776	
1000	19.007	15.638	15.871	16.5	10.478	8.1157	
1001	18.999	15.625	15.856	16.464	10.53	8.0949	
1002	18.991	15.612	15.841	16.485	10.51	8.0982	
1003	18.983	15.6	15.826	16.476	10.477	8.0989	
1004	18.974	15.587	15.811	16.475	10.443	8.0759	
1005	18.966	15.575	15.796	16.439	10.542	8.1117	
1006	18.958	15.562	15.781	16.467	10.428	8.1096	
1007	18.95	15.55	15.767	16.465	10.492	8.0327	
1008	18.942	15.537	15.752	16.449	10.484	8.0563	
1009	18.934	15.525	15.737	16.429	10.432	8.0496	
1010	18.926	15.512	15.722	16.466	10.451	8.0414	
1011	18.918	15.5	15.708	16.433	10.444	8.0428	
1012	18.91	15.487	15.693	16.438	10.431	8.0143	
1013	18.902	15.475	15.678	16.434	10.414	8.0082	
1014	18.894	15.463	15.664	16.435	10.394	8.0042	
1015	18.886	15.45	15.649	16.437	10.4	7.9932	
1016	18.878	15.438	15.635	16.413	10.402	8.087	
1017	18.87	15.426	15.62	16.395	10.365	7.9546	
1018	18.862	15.414	15.606	16.391	10.366	7.9748	
1019	18.854	15.401	15.591	16.377	10.349	7.938	
1020	18.846	15.389	15.577	16.428	10.409	7.9076	
1021	18.838	15.377	15.562	16.344	10.406	7.9482	
1022	18.831	15.365	15.548	16.399	10.335	7.9468	
1023	18.823	15.353	15.533	16.418	10.322	7.9437	
1024	18.815	15.341	15.519	16.374	10.301	7.9785	
1025	18.807	15.329	15.505	16.416	10.31	7.9159	
1026	18.8	15.317	15.491	16.38	10.359	7.8728	
1027	18.792	15.305	15.476	16.414	10.241	7.8987	
1028	18.784	15.293	15.462	16.371	10.339	7.8451	
1029	18.777	15.281	15.448	16.355	10.283	7.8299	
1030	18.769	15.269	15.434	16.359	10.328	7.903	
1031	18.761	15.257	15.42	16.422	10.333	7.9249	
1032	18.754	15.245	15.405	16.316	10.327	7.8632	
1033	18.746	15.233	15.391	16.382	10.287	7.887	
1034	18.739	15.221	15.377	16.356	10.309	7.8533	
1035	18.731	15.21	15.363	16.379	10.251	7.9231	
1036	18.723	15.198	15.349	16.253	10.285	7.8388	
1037	18.716	15.186	15.335	16.397	10.175	7.8035	
1038	18.709	15.175	15.321	16.319	10.24	7.9786	
1039	18.701	15.163	15.307	16.361	10.29	7.9209	
1040	18.694	15.151	15.294	16.298	10.088	7.8087	
1041	18.686	15.14	15.28	16.335	10.216	7.8567	
1042	18.679	15.128	15.266	16.445	10.238	7.6434	
1043	18.671	15.116	15.252	16.412	10.176	7.6925	
1044	18.664	15.105	15.238	16.267	10.268	7.7417	
1045	18.657	15.093	15.224	16.308	10.204	7.7873	
1046	18.649	15.082	15.211	16.204	10.35	7.5825	
1047	18.642	15.07	15.197	16.266	10.039	7.7932	
1048	18.635	15.059	15.183	16.229	10.157	7.8069	
1049	18.627	15.047	15.17	16.299	10.171	7.7236	
1050	18.62	15.036	15.156	16.276	10.083	7.8107	
1051	18.613	15.025	15.142	16.278	10.17	7.7396	
1052	18.606	15.013	15.129	16.273	10.161	7.7044	
1053	18.599	15.002	15.115	16.277	10.167	7.7231	
1054	18.591	14.991	15.102	16.277	10.148	7.7089	
1055	18.584	14.979	15.088	16.277	10.167	7.6972	
1056	18.577	14.968	15.075	16.273	10.135	7.687	
1057	18.57	14.957	15.061	16.269	10.153	7.6997	
1058	18.563	14.946	15.048	16.262	10.142	7.6709	
1059	18.556	14.934	15.034	16.247	10.134	7.6933	
1060	18.549	14.923	15.021	16.254	10.134	7.6648	
1061	18.542	14.912	15.008	16.263	10.116	7.6747	
1062	18.535	14.901	14.994	16.239	10.115	7.6648	
1063	18.528	14.89	14.981	16.235	10.098	7.6667	
1064	18.521	14.879	14.968	16.233	10.093	7.6472	
1065	18.514	14.868	14.954	16.225	10.087	7.629	
1066	18.507	14.857	14.941	16.232	10.086	7.618	
1067	18.5	14.846	14.928	16.223	10.089	7.6219	
1068	18.493	14.835	14.915	16.218	10.078	7.6284	
1069	18.486	14.824	14.902	16.223	10.054	7.6005	
1070	18.479	14.813	14.889	16.22	10.079	7.5985	
1071	18.472	14.802	14.875	16.218	10.063	7.599	
1072	18.465	14.791	14.862	16.202	10.065	7.5925	
1073	18.459	14.78	14.849	16.215	10.029	7.5661	
1074	18.452	14.769	14.836	16.199	10.044	7.5808	
1075	18.445	14.759	14.823	16.193	10.033	7.5517	
1076	18.438	14.748	14.81	16.201	10.022	7.5548	
1077	18.431	14.737	14.797	16.189	10.024	7.5511	
1078	18.425	14.726	14.784	16.185	10.008	7.5417	
1079	18.418	14.716	14.771	16.186	10.022	7.5314	
1080	18.411	14.705	14.759	16.186	10.011	7.5387	
1081	18.405	14.694	14.746	16.179	10.01	7.5348	
1082	18.398	14.684	14.733	16.172	10.007	7.5257	
1083	18.391	14.673	14.72	16.18	9.9947	7.5117	
1084	18.385	14.662	14.707	16.172	9.995	7.5129	
1085	18.378	14.652	14.694	16.166	9.9914	7.5014	
1086	18.371	14.641	14.682	16.171	9.9923	7.5038	
1087	18.365	14.631	14.669	16.156	9.9873	7.4945	
1088	18.358	14.62	14.656	16.166	9.9817	7.4997	
1089	18.352	14.61	14.644	16.159	9.9779	7.4821	
1090	18.345	14.599	14.631	16.158	9.9803	7.4881	
1091	18.339	14.589	14.618	16.153	9.9785	7.4853	
1092	18.332	14.578	14.606	16.144	9.9565	7.4715	
1093	18.326	14.568	14.593	16.148	9.9506	7.4729	
1094	18.319	14.557	14.581	16.141	9.9601	7.4722	
1095	18.313	14.547	14.568	16.15	9.9318	7.4483	
1096	18.306	14.537	14.555	16.144	9.9407	7.4519	
1097	18.3	14.526	14.543	16.13	9.9283	7.4383	
1098	18.293	14.516	14.531	16.124	9.9234	7.4168	
1099	18.287	14.506	14.518	16.123	9.9232	7.4195	
1100	18.281	14.495	14.506	16.113	9.9178	7.4139	
1101	18.274	14.485	14.493	16.124	9.9056	7.3964	
1102	18.268	14.475	14.481	16.116	9.8945	7.3888	
1103	18.262	14.465	14.468	16.109	9.8791	7.3797	
1104	18.255	14.455	14.456	16.105	9.888	7.3786	
1105	18.249	14.444	14.444	16.097	9.8862	7.3711	
1106	18.243	14.434	14.432	16.101	9.8753	7.3644	
1107	18.236	14.424	14.419	16.09	9.8672	7.3615	
1108	18.23	14.414	14.407	16.098	9.873	7.3533	
1109	18.224	14.404	14.395	16.089	9.8628	7.35	
1110	18.218	14.394	14.383	16.087	9.8562	7.3493	
1111	18.212	14.384	14.37	16.086	9.8575	7.3426	
1112	18.205	14.374	14.358	16.085	9.8439	7.3361	
1113	18.199	14.364	14.346	16.085	9.8491	7.3346	
1114	18.193	14.354	14.334	16.08	9.8466	7.3305	
1115	18.187	14.344	14.322	16.077	9.8484	7.3291	
1116	18.181	14.334	14.31	16.078	9.8409	7.3321	
1117	18.175	14.324	14.298	16.079	9.8416	7.3209	
1118	18.169	14.314	14.286	16.072	9.8334	7.3214	
1119	18.162	14.304	14.274	16.06	9.8347	7.3015	
1120	18.156	14.294	14.262	16.068	9.8313	7.2924	
1121	18.15	14.285	14.25	16.067	9.8176	7.2878	
1122	18.144	14.275	14.238	16.06	9.8063	7.2978	
1123	18.138	14.265	14.226	16.048	9.8069	7.2903	
1124	18.132	14.255	14.214	16.063	9.8076	7.2673	
1125	18.126	14.245	14.202	16.054	9.7979	7.2623	
1126	18.12	14.236	14.19	16.058	9.8085	7.2676	
1127	18.114	14.226	14.178	16.033	9.7894	7.2435	
1128	18.108	14.216	14.166	16.033	9.7801	7.246	
1129	18.102	14.207	14.155	16.039	9.78	7.2589	
1130	18.097	14.197	14.143	16.029	9.784	7.2303	
1131	18.091	14.187	14.131	16.028	9.7661	7.2327	
1132	18.085	14.178	14.119	16.029	9.7641	7.2224	
1133	18.079	14.168	14.108	16.022	9.7746	7.22	
1134	18.073	14.158	14.096	16.013	9.7404	7.2208	
1135	18.067	14.149	14.084	16.016	9.7516	7.1929	
1136	18.061	14.139	14.073	16.019	9.733	7.2045	
1137	18.056	14.13	14.061	16.012	9.7186	7.2018	
1138	18.05	14.12	14.049	16.011	9.7314	7.1817	
1139	18.044	14.111	14.038	16.007	9.7294	7.188	
1140	18.038	14.101	14.026	16	9.711	7.1734	
1141	18.032	14.092	14.015	16.013	9.7229	7.1701	
1142	18.027	14.082	14.003	16.009	9.7157	7.1425	
1143	18.021	14.073	13.992	15.991	9.7047	7.1754	
1144	18.015	14.064	13.98	15.991	9.6948	7.1627	
1145	18.01	14.054	13.969	15.994	9.7082	7.1617	
1146	18.004	14.045	13.957	15.991	9.6734	7.1488	
1147	17.998	14.036	13.946	15.987	9.6773	7.1375	
1148	17.992	14.026	13.934	15.993	9.6824	7.1398	
1149	17.987	14.017	13.923	15.982	9.6859	7.1336	
1150	17.981	14.008	13.912	15.971	9.6696	7.1285	
1151	17.976	13.998	13.9	15.973	9.6557	7.1144	
1152	17.97	13.989	13.889	15.974	9.6664	7.1066	
1153	17.964	13.98	13.878	15.967	9.6521	7.0941	
1154	17.959	13.971	13.866	15.961	9.6519	7.0958	
1155	17.953	13.961	13.855	15.966	9.6506	7.0979	
1156	17.948	13.952	13.844	15.955	9.6498	7.0837	
1157	17.942	13.943	13.832	15.955	9.6421	7.0727	
1158	17.937	13.934	13.821	15.956	9.6421	7.0731	
1159	17.931	13.925	13.81	15.96	9.6267	7.0708	
1160	17.925	13.916	13.799	15.957	9.628	7.0722	
1161	17.92	13.907	13.788	15.947	9.6061	7.0769	
1162	17.915	13.898	13.776	15.943	9.6372	7.0503	
1163	17.909	13.889	13.765	15.932	9.6109	7.0423	
1164	17.904	13.88	13.754	15.933	9.5892	7.0355	
1165	17.898	13.871	13.743	15.926	9.6021	7.0251	
1166	17.893	13.862	13.732	15.934	9.5923	7.0232	
1167	17.887	13.853	13.721	15.935	9.6092	7.0307	
1168	17.882	13.844	13.71	15.925	9.5875	7.0159	
1169	17.877	13.835	13.699	15.919	9.579	7.0094	
1170	17.871	13.826	13.688	15.923	9.5874	6.9969	
1171	17.866	13.817	13.677	15.918	9.5745	6.9927	
1172	17.86	13.808	13.666	15.915	9.5753	6.9904	
1173	17.855	13.799	13.655	15.913	9.572	6.9898	
1174	17.85	13.79	13.644	15.912	9.5717	6.9855	
1175	17.844	13.781	13.633	15.911	9.5671	6.9893	
1176	17.839	13.772	13.622	15.909	9.5553	6.9753	
1177	17.834	13.764	13.612	15.913	9.5548	6.9734	
1178	17.829	13.755	13.601	15.902	9.5491	6.9642	
1179	17.823	13.746	13.59	15.902	9.5544	6.9693	
1180	17.818	13.737	13.579	15.901	9.5467	6.9584	
1181	17.813	13.729	13.568	15.901	9.5467	6.9598	
1182	17.808	13.72	13.557	15.894	9.5385	6.9547	
1183	17.802	13.711	13.547	15.897	9.537	6.95	
1184	17.797	13.702	13.536	15.892	9.532	6.9421	
1185	17.792	13.694	13.525	15.883	9.531	6.946	
1186	17.787	13.685	13.515	15.885	9.5219	6.9289	
1187	17.782	13.677	13.504	15.884	9.5224	6.9354	
1188	17.777	13.668	13.493	15.877	9.523	6.9241	
1189	17.771	13.659	13.483	15.882	9.5084	6.9071	
1190	17.766	13.651	13.472	15.876	9.5137	6.9197	
1191	17.761	13.642	13.461	15.87	9.5099	6.9094	
1192	17.756	13.634	13.451	15.871	9.4961	6.8957	
1193	17.751	13.625	13.44	15.868	9.4961	6.8932	
1194	17.746	13.616	13.43	15.862	9.5027	6.9035	
1195	17.741	13.608	13.419	15.874	9.474	6.8908	
1196	17.736	13.599	13.408	15.86	9.4905	6.8699	
1197	17.731	13.591	13.398	15.862	9.4762	6.8911	
1198	17.726	13.583	13.387	15.852	9.4631	6.8864	
1199	17.721	13.574	13.377	15.851	9.477	6.8633	
1200	17.716	13.566	13.367	15.858	9.4625	6.8505	
1201	17.711	13.557	13.356	15.861	9.4796	6.8706	
1202	17.706	13.549	13.346	15.841	9.4636	6.8566	
1203	17.701	13.54	13.335	15.848	9.4582	6.8337	
1204	17.696	13.532	13.325	15.851	9.4464	6.8183	
1205	17.691	13.524	13.314	15.832	9.4472	6.8323	
1206	17.686	13.515	13.304	15.836	9.466	6.8321	
1207	17.681	13.507	13.294	15.846	9.4633	6.8204	
1208	17.676	13.499	13.283	15.832	9.4402	6.8124	
1209	17.671	13.49	13.273	15.836	9.4279	6.8174	
1210	17.666	13.482	13.263	15.829	9.4198	6.7981	
1211	17.661	13.474	13.253	15.824	9.4014	6.7811	
1212	17.656	13.466	13.242	15.822	9.4159	6.7865	
1213	17.651	13.457	13.232	15.831	9.4125	6.7945	
1214	17.647	13.449	13.222	15.818	9.422	6.771	
1215	17.642	13.441	13.212	15.827	9.4065	6.7776	
1216	17.637	13.433	13.202	15.816	9.3902	6.7962	
1217	17.632	13.425	13.191	15.82	9.3945	6.7799	
1218	17.627	13.417	13.181	15.792	9.3676	6.7812	
1219	17.622	13.408	13.171	15.814	9.3787	6.7488	
1220	17.618	13.4	13.161	15.812	9.3724	6.7566	
1221	17.613	13.392	13.151	15.792	9.3678	6.7577	
1222	17.608	13.384	13.141	15.806	9.4041	6.7482	
1223	17.603	13.376	13.131	15.808	9.3612	6.7497	
1224	17.599	13.368	13.121	15.802	9.3661	6.7322	
1225	17.594	13.36	13.111	15.793	9.3623	6.7376	
1226	17.589	13.352	13.101	15.803	9.3763	6.7294	
1227	17.584	13.344	13.091	15.81	9.3589	6.7325	
1228	17.58	13.336	13.081	15.774	9.3448	6.7237	
1229	17.575	13.328	13.071	15.767	9.3236	6.7278	
1230	17.57	13.32	13.061	15.774	9.3573	6.7086	
1231	17.566	13.312	13.051	15.796	9.3605	6.676	
1232	17.561	13.304	13.041	15.789	9.3331	6.7336	
1233	17.556	13.296	13.031	15.803	9.3612	6.6865	
1234	17.552	13.288	13.021	15.779	9.3636	6.7088	
1235	17.547	13.28	13.011	15.762	9.3504	6.6856	
1236	17.543	13.272	13.001	15.776	9.3508	6.7156	
1237	17.538	13.265	12.991	15.771	9.3581	6.6932	
1238	17.533	13.257	12.982	15.803	9.3178	6.7029	
1239	17.529	13.249	12.972	15.735	9.3726	6.7182	
1240	17.524	13.241	12.962	15.732	9.2717	6.6779	
1241	17.52	13.233	12.952	15.745	9.341	6.6356	
1242	17.515	13.225	12.942	15.735	9.3044	6.6996	
1243	17.51	13.218	12.933	15.764	9.3127	6.761	
1244	17.506	13.21	12.923	15.782	9.3076	6.6586	
1245	17.501	13.202	12.913	15.721	9.362	6.5928	
1246	17.497	13.194	12.903	15.748	9.298	6.6041	
1247	17.492	13.187	12.894	15.731	9.2333	6.6094	
1248	17.488	13.179	12.884	15.743	9.2731	6.5843	
1249	17.483	13.171	12.874	15.775	9.2931	6.6536	
1250	17.479	13.164	12.865	15.753	9.3398	6.5861	
1251	17.474	13.156	12.855	15.739	9.2561	6.6486	
1252	17.47	13.148	12.846	15.709	9.2021	6.5795	
1253	17.466	13.141	12.836	15.708	9.3079	6.5872	
1254	17.461	13.133	12.826	15.716	9.2289	6.5936	
1255	17.457	13.125	12.817	15.74	9.2415	6.623	
1256	17.452	13.118	12.807	15.719	9.2629	6.5966	
1257	17.448	13.11	12.798	15.717	9.2216	6.5567	
1258	17.443	13.103	12.788	15.725	9.2458	6.548	
1259	17.439	13.095	12.779	15.694	9.2312	6.5771	
1260	17.435	13.088	12.769	15.709	9.2387	6.553	
1261	17.43	13.08	12.76	15.706	9.2178	6.5473	
1262	17.426	13.072	12.75	15.689	9.2162	6.5425	
1263	17.422	13.065	12.741	15.706	9.2186	6.5313	
1264	17.417	13.057	12.731	15.682	9.2026	6.5444	
1265	17.413	13.05	12.722	15.708	9.2245	6.5324	
1266	17.409	13.042	12.713	15.696	9.2306	6.5176	
1267	17.404	13.035	12.703	15.709	9.2023	6.5414	
1268	17.4	13.028	12.694	15.714	9.2095	6.5453	
1269	17.396	13.02	12.684	15.701	9.2186	6.5538	
1270	17.391	13.013	12.675	15.696	9.198	6.5367	
1271	17.387	13.005	12.666	15.683	9.2039	6.5136	
1272	17.383	12.998	12.656	15.688	9.2189	6.5472	
1273	17.379	12.991	12.647	15.705	9.2243	6.5247	
1274	17.374	12.983	12.638	15.701	9.2005	6.5306	
1275	17.37	12.976	12.629	15.686	9.1823	6.4939	
1276	17.366	12.969	12.619	15.699	9.2087	6.5205	
1277	17.362	12.961	12.61	15.663	9.1993	6.5191	
1278	17.357	12.954	12.601	15.665	9.1892	6.5112	
1279	17.353	12.947	12.592	15.681	9.1589	6.4593	
1280	17.349	12.939	12.582	15.675	9.156	6.4798	
1281	17.345	12.932	12.573	15.682	9.1567	6.4748	
1282	17.341	12.925	12.564	15.676	9.169	6.4949	
1283	17.337	12.918	12.555	15.656	9.1537	6.4527	
1284	17.332	12.91	12.546	15.632	9.1916	6.4591	
1285	17.328	12.903	12.537	15.644	9.1608	6.4782	
1286	17.324	12.896	12.528	15.669	9.1557	6.4463	
1287	17.32	12.889	12.518	15.652	9.1412	6.4697	
1288	17.316	12.882	12.509	15.663	9.1606	6.4591	
1289	17.312	12.874	12.5	15.652	9.1422	6.4344	
1290	17.308	12.867	12.491	15.657	9.1551	6.4376	
1291	17.303	12.86	12.482	15.64	9.1345	6.4164	
1292	17.299	12.853	12.473	15.656	9.1345	6.4736	
1293	17.295	12.846	12.464	15.647	9.1239	6.4379	
1294	17.291	12.839	12.455	15.668	9.1578	6.4281	
1295	17.287	12.832	12.446	15.646	9.1369	6.3954	
1296	17.283	12.825	12.437	15.653	9.1292	6.3926	
1297	17.279	12.818	12.428	15.651	9.0942	6.4387	
1298	17.275	12.811	12.419	15.631	9.1357	6.4042	
1299	17.271	12.804	12.41	15.641	9.0837	6.373	
1300	17.267	12.797	12.401	15.624	9.1037	6.3995	
1301	17.263	12.79	12.392	15.641	9.126	6.3705	
1302	17.259	12.783	12.384	15.611	9.0799	6.4187	
1303	17.255	12.776	12.375	15.637	9.1245	6.3851	
1304	17.251	12.769	12.366	15.648	9.1135	6.3952	
1305	17.247	12.762	12.357	15.652	9.0861	6.3467	
1306	17.243	12.755	12.348	15.629	9.1235	6.3831	
1307	17.239	12.748	12.339	15.62	9.108	6.3954	
1308	17.235	12.741	12.331	15.613	9.0891	6.388	
1309	17.231	12.734	12.322	15.62	9.0991	6.3783	
1310	17.227	12.727	12.313	15.612	9.0767	6.3653	
1311	17.223	12.72	12.304	15.62	9.0461	6.3913	
1312	17.22	12.713	12.295	15.608	9.0606	6.3221	
1313	17.216	12.706	12.287	15.613	9.0866	6.3847	
1314	17.212	12.7	12.278	15.607	9.0596	6.3495	
1315	17.208	12.693	12.269	15.602	9.0327	6.3262	
1316	17.204	12.686	12.261	15.629	8.9941	6.3194	
1317	17.2	12.679	12.252	15.605	9.0557	6.3822	
1318	17.196	12.672	12.243	15.589	9.0545	6.3601	
1319	17.192	12.665	12.234	15.631	9.0479	6.354	
1320	17.188	12.659	12.226	15.574	9.0367	6.3584	
1321	17.185	12.652	12.217	15.612	9.0226	6.3347	
1322	17.181	12.645	12.209	15.601	8.9983	6.2378	
1323	17.177	12.638	12.2	15.554	9.0135	6.278	
1324	17.173	12.632	12.191	15.608	9.0519	6.2872	
1325	17.169	12.625	12.183	15.621	8.9865	6.3038	
1326	17.166	12.618	12.174	15.629	8.988	6.2721	
1327	17.162	12.611	12.166	15.6	9.0561	6.2622	
1328	17.158	12.605	12.157	15.561	8.9618	6.3632	
1329	17.154	12.598	12.149	15.563	8.9748	6.2771	
1330	17.15	12.591	12.14	15.621	9.0407	6.2531	
1331	17.147	12.585	12.132	15.566	9.0607	6.3246	
1332	17.143	12.578	12.123	15.561	8.9719	6.418	
1333	17.139	12.571	12.115	15.578	9.0236	6.2824	
1334	17.135	12.565	12.106	15.6	8.9906	6.2743	
1335	17.132	12.558	12.098	15.55	9.0051	6.153	
1336	17.128	12.552	12.089	15.537	9.0374	6.3185	
1337	17.124	12.545	12.081	15.618	8.9803	6.1591	
1338	17.121	12.539	12.072	15.535	9.048	6.2468	
1339	17.117	12.532	12.064	15.561	9.032	6.2708	
1340	17.113	12.525	12.056	15.593	9.0077	6.1586	
1341	17.11	12.519	12.047	15.666	8.8259	6.2786	
1342	17.106	12.512	12.039	15.575	8.9248	6.4947	
1343	17.102	12.506	12.03	15.64	9.0003	6.4568	
1344	17.099	12.499	12.022	15.52	9.0383	6.2736	
1345	17.095	12.493	12.014	15.567	9.1261	6.2256	
1346	17.091	12.486	12.005	15.405	8.8527	6.0078	
1347	17.088	12.48	11.997	15.559	9.1196	5.8337	
1348	17.084	12.473	11.989	15.504	9.1334	6.1728	
1349	17.08	12.467	11.98	15.419	9.278	6.2167	
1350	17.077	12.461	11.972	15.265	9.0644	6.2217	
1351	17.073	12.454	11.964	15.503	8.9301	5.9253	
1352	17.069	12.448	11.956	15.455	8.8241	6.3825	
1353	17.066	12.441	11.947	15.547	8.3823	6.2501	
1354	17.062	12.435	11.939	15.469	9.3073	6.3855	
1355	17.059	12.429	11.931	15.712	8.773	5.6078	
1356	17.055	12.422	11.923	15.648	9.1567	6.0752	
1357	17.052	12.416	11.915	15.444	9.0441	6.2724	
1358	17.048	12.409	11.906	16.248	9.371	6.3795	
1359	17.044	12.403	11.898	16.262	8.6908	6.918	
1426	16.822	12.001	11.378	15.655	9.2987	6.337	
1427	16.819	11.996	11.37	15.544	8.6458	6.0444	
1428	16.816	11.99	11.363	15.394	8.841	5.6434	
1429	16.813	11.985	11.355	15.638	8.6618	5.8162	
1430	16.81	11.979	11.348	15.645	8.8034	5.8313	
1431	16.807	11.973	11.341	15.324	8.9254	6.1083	
1432	16.804	11.968	11.333	15.558	8.5618	5.8907	
1433	16.801	11.962	11.326	15.35	8.5981	5.8503	
1434	16.798	11.956	11.319	15.504	8.9164	6.1849	
1435	16.795	11.951	11.311	15.523	8.856	5.7635	
1436	16.792	11.945	11.304	15.531	8.646	5.9371	
1437	16.789	11.94	11.297	15.437	8.9074	5.8618	
1438	16.785	11.934	11.289	15.329	8.6594	5.9473	
1439	16.782	11.929	11.282	15.448	8.7878	5.9026	
1440	16.779	11.923	11.275	15.332	8.7869	5.8234	
1441	16.776	11.918	11.268	15.418	8.6815	6.0523	
1442	16.773	11.912	11.26	15.471	8.6178	5.804	
1443	16.77	11.906	11.253	15.352	8.745	5.9607	
1444	16.767	11.901	11.246	15.461	8.7728	5.754	
1445	16.764	11.895	11.239	15.33	8.7337	5.8418	
1446	16.761	11.89	11.232	15.463	8.6349	5.8148	
1447	16.758	11.885	11.224	15.435	8.7027	5.7187	
1448	16.755	11.879	11.217	15.418	8.6759	5.8657	
1449	16.753	11.874	11.21	15.369	8.7286	5.8616	
1450	16.75	11.868	11.203	15.389	8.7223	5.7667	
1451	16.747	11.863	11.196	15.439	8.6835	5.8613	
1452	16.744	11.857	11.188	15.461	8.7416	5.9121	
1453	16.741	11.852	11.181	15.432	8.7434	5.9344	
1454	16.738	11.846	11.174	15.347	8.6775	5.7013	
1455	16.735	11.841	11.167	15.416	8.7501	5.778	
1456	16.732	11.836	11.16	15.442	8.7139	5.8162	
1457	16.729	11.83	11.153	15.384	8.5911	5.8161	
1458	16.726	11.825	11.146	15.382	8.7003	5.8269	
1459	16.723	11.819	11.139	15.364	8.5653	5.7475	
1460	16.72	11.814	11.132	15.406	8.6329	5.8577	
1461	16.717	11.809	11.125	15.425	8.6263	5.8131	
1462	16.714	11.803	11.118	15.392	8.6402	5.8205	
1463	16.712	11.798	11.111	15.378	8.6426	5.7707	
1464	16.709	11.793	11.103	15.356	8.6674	5.7556	
1465	16.706	11.787	11.096	15.367	8.7009	5.7782	
1466	16.703	11.782	11.089	15.362	8.5979	5.8152	
1467	16.7	11.777	11.082	15.382	8.6242	5.8072	
1468	16.697	11.771	11.075	15.351	8.6378	5.7845	
1469	16.694	11.766	11.068	15.375	8.6157	5.7777	
1470	16.692	11.761	11.062	15.368	8.6027	5.7829	
1471	16.689	11.756	11.055	15.371	8.6274	5.7814	
1472	16.686	11.75	11.048	15.372	8.6286	5.7604	
1473	16.683	11.745	11.041	15.361	8.64	5.7729	
1474	16.68	11.74	11.034	15.364	8.6233	5.7729	
1475	16.677	11.735	11.027	15.367	8.6216	5.7631	
1476	16.674	11.729	11.02	15.361	8.6167	5.7547	
1477	16.672	11.724	11.013	15.367	8.6407	5.7684	
1478	16.669	11.719	11.006	15.372	8.6251	5.7501	
1479	16.666	11.714	10.999	15.364	8.6199	5.7574	
1480	16.663	11.708	10.992	15.365	8.6238	5.7479	
1481	16.661	11.703	10.985	15.366	8.6113	5.7261	
1482	16.658	11.698	10.979	15.361	8.6283	5.7517	
1483	16.655	11.693	10.972	15.362	8.62	5.7472	
1484	16.652	11.688	10.965	15.378	8.6195	5.7384	
1485	16.649	11.683	10.958	15.355	8.6304	5.737	
1486	16.647	11.677	10.951	15.356	8.5946	5.6973	
1487	16.644	11.672	10.944	15.348	8.6228	5.7008	
1488	16.641	11.667	10.938	15.36	8.6145	5.7232	
1489	16.638	11.662	10.931	15.361	8.6151	5.7038	
1490	16.636	11.657	10.924	15.362	8.5895	5.747	
1491	16.633	11.652	10.917	15.345	8.6053	5.698	
1492	16.63	11.647	10.911	15.351	8.5961	5.7165	
1493	16.627	11.642	10.904	15.341	8.5614	5.7088	
1494	16.625	11.636	10.897	15.341	8.5719	5.697	
1495	16.622	11.631	10.89	15.332	8.5697	5.6877	
1496	16.619	11.626	10.884	15.36	8.6007	5.7053	
1497	16.617	11.621	10.877	15.331	8.5842	5.694	
1498	16.614	11.616	10.87	15.364	8.5808	5.6957	
1499	16.611	11.611	10.863	15.346	8.5729	5.7135	
1500	16.608	11.606	10.857	15.338	8.5688	5.6944	
1501	16.606	11.601	10.85	15.324	8.5615	5.6481	
1502	16.603	11.596	10.843	15.341	8.5663	5.6767	
1503	16.6	11.591	10.837	15.337	8.5858	5.6658	
1504	16.598	11.586	10.83	15.331	8.5525	5.6375	
1505	16.595	11.581	10.823	15.336	8.5556	5.6753	
1506	16.592	11.576	10.817	15.327	8.5511	5.6423	
1507	16.59	11.571	10.81	15.311	8.5398	5.6658	
1508	16.587	11.566	10.804	15.308	8.5416	5.6703	
1509	16.584	11.561	10.797	15.345	8.5427	5.6533	
1510	16.582	11.556	10.79	15.333	8.5601	5.6374	
1511	16.579	11.551	10.784	15.339	8.555	5.6471	
1512	16.577	11.546	10.777	15.33	8.5822	5.6517	
1513	16.574	11.541	10.771	15.364	8.5032	5.6648	
1514	16.571	11.536	10.764	15.322	8.5396	5.6835	
1515	16.569	11.532	10.757	15.295	8.5603	5.6483	
1516	16.566	11.527	10.751	15.318	8.5056	5.6522	
1517	16.563	11.522	10.744	15.315	8.5658	5.6102	
1518	16.561	11.517	10.738	15.295	8.5482	5.6359	
1519	16.558	11.512	10.731	15.297	8.5464	5.6432	
1520	16.556	11.507	10.725	15.291	8.534	5.6375	
1521	16.553	11.502	10.718	15.314	8.4871	5.5673	
1522	16.55	11.497	10.712	15.294	8.5187	5.5965	
1523	16.548	11.492	10.705	15.298	8.5355	5.6022	
1524	16.545	11.488	10.699	15.33	8.5488	5.6586	
1525	16.543	11.483	10.692	15.314	8.5414	5.6269	
1526	16.54	11.478	10.686	15.292	8.5151	5.6013	
1527	16.538	11.473	10.679	15.3	8.528	5.6024	
1528	16.535	11.468	10.673	15.288	8.5465	5.6141	
1529	16.532	11.463	10.666	15.293	8.4942	5.5902	
1530	16.53	11.459	10.66	15.303	8.5058	5.6026	
1531	16.527	11.454	10.654	15.28	8.4914	5.604	
1532	16.525	11.449	10.647	15.308	8.4916	5.603	
1533	16.522	11.444	10.641	15.284	8.4702	5.5967	
1534	16.52	11.439	10.634	15.305	8.4793	5.6376	
1535	16.517	11.435	10.628	15.298	8.4926	5.5712	
1536	16.515	11.43	10.622	15.276	8.4891	5.5791	
1537	16.512	11.425	10.615	15.283	8.4941	5.5846	
1538	16.51	11.42	10.609	15.277	8.5252	5.5789	
1539	16.507	11.416	10.603	15.294	8.4816	5.577	
1540	16.505	11.411	10.596	15.287	8.4628	5.578	
1541	16.502	11.406	10.59	15.275	8.4525	5.5494	
1542	16.5	11.401	10.584	15.281	8.4651	5.5754	
1543	16.497	11.397	10.577	15.279	8.4722	5.544	
1544	16.495	11.392	10.571	15.282	8.4897	5.5788	
1545	16.492	11.387	10.565	15.263	8.493	5.5536	
1546	16.49	11.383	10.558	15.278	8.4662	5.5539	
1547	16.487	11.378	10.552	15.274	8.4734	5.5453	
1548	16.485	11.373	10.546	15.277	8.4642	5.5399	
1549	16.482	11.369	10.539	15.277	8.4838	5.5347	
1550	16.48	11.364	10.533	15.282	8.4621	5.5433	
1551	16.478	11.359	10.527	15.26	8.4848	5.5405	
1552	16.475	11.355	10.521	15.272	8.4641	5.5476	
1553	16.473	11.35	10.514	15.253	8.4528	5.5522	
1554	16.47	11.345	10.508	15.262	8.4672	5.5335	
1555	16.468	11.341	10.502	15.281	8.442	5.52	
1556	16.465	11.336	10.496	15.259	8.4567	5.5561	
1557	16.463	11.332	10.49	15.253	8.4481	5.5181	
1558	16.461	11.327	10.483	15.256	8.4504	5.5207	
1559	16.458	11.322	10.477	15.276	8.4324	5.4932	
1560	16.456	11.318	10.471	15.271	8.4614	5.517	
1561	16.453	11.313	10.465	15.28	8.463	5.5073	
1562	16.451	11.309	10.459	15.286	8.4263	5.5184	
1563	16.448	11.304	10.453	15.246	8.4494	5.5213	
1564	16.446	11.299	10.446	15.253	8.4738	5.4959	
1565	16.444	11.295	10.44	15.26	8.475	5.4892	
1566	16.441	11.29	10.434	15.25	8.4211	5.471	
1567	16.439	11.286	10.428	15.272	8.4036	5.5013	
1568	16.437	11.281	10.422	15.254	8.4459	5.5132	
1569	16.434	11.277	10.416	15.273	8.4673	5.5183	
1570	16.432	11.272	10.41	15.258	8.4541	5.5109	
1571	16.429	11.268	10.404	15.251	8.43	5.5032	
1572	16.427	11.263	10.397	15.247	8.4216	5.516	
1573	16.425	11.259	10.391	15.253	8.4038	5.4898	
1574	16.422	11.254	10.385	15.271	8.4254	5.4739	
1575	16.42	11.25	10.379	15.231	8.4078	5.4942	
1576	16.418	11.245	10.373	15.249	8.3978	5.4296	
1577	16.415	11.241	10.367	15.217	8.3749	5.4756	
1578	16.413	11.236	10.361	15.237	8.4288	5.4607	
1579	16.411	11.232	10.355	15.228	8.4205	5.4795	
1580	16.408	11.227	10.349	15.239	8.3869	5.4487	
1581	16.406	11.223	10.343	15.234	8.4189	5.4105	
1582	16.404	11.218	10.337	15.257	8.4008	5.48	
1583	16.401	11.214	10.331	15.226	8.4345	5.4544	
1584	16.399	11.21	10.325	15.259	8.3606	5.4227	
1585	16.397	11.205	10.319	15.244	8.4289	5.4566	
1586	16.394	11.201	10.313	15.233	8.3734	5.502	
1587	16.392	11.196	10.307	15.238	8.4237	5.4611	
1588	16.39	11.192	10.301	15.245	8.3774	5.3926	
1589	16.388	11.187	10.295	15.215	8.3875	5.4566	
1590	16.385	11.183	10.289	15.228	8.3519	5.4219	
1591	16.383	11.179	10.283	15.219	8.3652	5.442	
1592	16.381	11.174	10.277	15.22	8.4063	5.4059	
1593	16.378	11.17	10.271	15.242	8.3902	5.4055	
1594	16.376	11.166	10.265	15.227	8.3533	5.4718	
1595	16.374	11.161	10.26	15.251	8.3693	5.388	
1596	16.372	11.157	10.254	15.218	8.396	5.4089	
1597	16.369	11.153	10.248	15.224	8.3787	5.4234	
1598	16.367	11.148	10.242	15.233	8.3674	5.3693	
1599	16.365	11.144	10.236	15.229	8.3583	5.4027	
1600	16.363	11.14	10.23	15.215	8.372	5.3582	
1601	16.36	11.135	10.224	15.245	8.3609	5.4297	
1602	16.358	11.131	10.218	15.238	8.3485	5.3855	
1603	16.356	11.127	10.213	15.243	8.3307	5.3756	
1604	16.354	11.122	10.207	15.231	8.3665	5.3766	
1605	16.352	11.118	10.201	15.219	8.355	5.4195	
1606	16.349	11.114	10.195	15.218	8.3515	5.381	
1607	16.347	11.109	10.189	15.236	8.3546	5.3807	
1608	16.345	11.105	10.183	15.198	8.3743	5.3834	
1609	16.343	11.101	10.178	15.209	8.3542	5.3865	
1610	16.34	11.097	10.172	15.217	8.3669	5.3679	
1611	16.338	11.092	10.166	15.223	8.3448	5.3933	
1612	16.336	11.088	10.16	15.243	8.3307	5.3638	
1613	16.334	11.084	10.154	15.178	8.3644	5.3728	
1614	16.332	11.08	10.149	15.202	8.361	5.4227	
1615	16.33	11.075	10.143	15.227	8.3397	5.3958	
1616	16.327	11.071	10.137	15.22	8.3127	5.3666	
1617	16.325	11.067	10.131	15.246	8.3553	5.3936	
1618	16.323	11.063	10.126	15.226	8.3236	5.3726	
1619	16.321	11.059	10.12	15.199	8.3466	5.3731	
1620	16.319	11.054	10.114	15.181	8.3603	5.3781	
1621	16.316	11.05	10.109	15.208	8.3253	5.3494	
1622	16.314	11.046	10.103	15.178	8.3112	5.3902	
1623	16.312	11.042	10.097	15.171	8.3181	5.3343	
1624	16.31	11.038	10.091	15.213	8.3478	5.3601	
1625	16.308	11.033	10.086	15.221	8.3268	5.3138	
1626	16.306	11.029	10.08	15.189	8.3195	5.3457	
1627	16.304	11.025	10.074	15.194	8.2845	5.3273	
1628	16.301	11.021	10.069	15.187	8.3499	5.3401	
1629	16.299	11.017	10.063	15.19	8.342	5.3735	
1630	16.297	11.013	10.057	15.179	8.3391	5.3371	
1631	16.295	11.009	10.052	15.173	8.3154	5.3855	
1632	16.293	11.004	10.046	15.186	8.35	5.3166	
1633	16.291	11	10.04	15.203	8.3497	5.3381	
1634	16.289	10.996	10.035	15.171	8.297	5.3258	
1635	16.287	10.992	10.029	15.194	8.3312	5.3287	
1636	16.284	10.988	10.024	15.188	8.3212	5.3036	
1637	16.282	10.984	10.018	15.199	8.3059	5.3668	
1638	16.28	10.98	10.012	15.222	8.2801	5.3259	
1639	16.278	10.976	10.007	15.182	8.3194	5.2974	
1640	16.276	10.972	10.001	15.173	8.2818	5.3281	
1641	16.274	10.968	9.9956	15.175	8.354	5.2891	
1642	16.272	10.964	9.9901	15.205	8.2703	5.335	
1643	16.27	10.959	9.9845	15.19	8.3112	5.2849	
1644	16.268	10.955	9.9789	15.187	8.2906	5.3078	
1645	16.266	10.951	9.9734	15.188	8.2927	5.329	
1646	16.264	10.947	9.9678	15.208	8.31	5.2496	
1647	16.262	10.943	9.9623	15.15	8.3281	5.3322	
1648	16.259	10.939	9.9568	15.196	8.214	5.2562	
1649	16.257	10.935	9.9512	15.203	8.3041	5.32	
1650	16.255	10.931	9.9457	15.183	8.3097	5.3172	
1651	16.253	10.927	9.9402	15.183	8.2823	5.2789	
1652	16.251	10.923	9.9347	15.167	8.2903	5.2806	
1653	16.249	10.919	9.9292	15.222	8.273	5.3132	
1654	16.247	10.915	9.9237	15.187	8.2721	5.3	
1655	16.245	10.911	9.9182	15.181	8.3124	5.2674	
1656	16.243	10.907	9.9128	15.178	8.2858	5.2886	
1657	16.241	10.903	9.9073	15.182	8.2736	5.2715	
1658	16.239	10.899	9.9018	15.168	8.2909	5.2684	
1659	16.237	10.895	9.8964	15.198	8.2389	5.2994	
1660	16.235	10.891	9.8909	15.134	8.2013	5.3163	
1661	16.233	10.887	9.8855	15.18	8.22	5.277	
1662	16.231	10.883	9.8801	15.141	8.2754	5.2561	
1663	16.229	10.879	9.8746	15.16	8.3068	5.3083	
1664	16.227	10.876	9.8692	15.139	8.2076	5.1903	
1665	16.225	10.872	9.8638	15.134	8.2768	5.2901	
1666	16.223	10.868	9.8584	15.203	8.2376	5.2267	
1667	16.221	10.864	9.853	15.116	8.178	5.2636	
1668	16.219	10.86	9.8476	15.094	8.2587	5.2816	
1669	16.217	10.856	9.8422	15.177	8.2221	5.1642	
1670	16.215	10.852	9.8368	15.177	8.3188	5.28	
1671	16.213	10.848	9.8314	15.144	8.2985	5.1962	
1672	16.211	10.844	9.8261	15.205	8.2434	5.1552	
1673	16.209	10.84	9.8207	15.194	8.2671	5.2595	
1674	16.207	10.836	9.8154	15.196	8.273	5.2443	
1675	16.205	10.833	9.81	15.123	8.1082	5.2754	
1676	16.203	10.829	9.8047	15.177	8.2951	5.2414	
1677	16.201	10.825	9.7993	15.141	8.2686	5.3115	
1678	16.199	10.821	9.794	15.131	8.1656	5.2901	
1679	16.197	10.817	9.7887	15.153	8.2106	5.2576	
1680	16.195	10.813	9.7833	15.136	8.2649	5.3272	
1681	16.193	10.809	9.778	15.15	8.3289	5.2473	
1682	16.191	10.806	9.7727	15.105	8.2398	5.2015	
1683	16.189	10.802	9.7674	15.132	8.2922	5.1972	
1684	16.187	10.798	9.7621	15.112	8.2552	5.3479	
1685	16.185	10.794	9.7569	15.14	8.0623	5.0309	
1686	16.184	10.79	9.7516	15.254	8.287	5.2897	
1687	16.182	10.786	9.7463	15.066	8.3556	5.4453	
1688	16.18	10.783	9.741	15.075	8.27	5.2045	
1689	16.178	10.779	9.7358	15.151	8.2085	5.0922	
1690	16.176	10.775	9.7305	15.044	8.425	5.2279	
1691	16.174	10.771	9.7253	15.226	8.1621	5.1941	
1692	16.172	10.767	9.72	15.228	8.4692	5.2754	
1693	16.17	10.764	9.7148	14.99	8.3545	5.5722	
1694	16.168	10.76	9.7096	14.9	8.082	5.2263	
1695	16.166	10.756	9.7044	15.192	8.4939	5.4261	
1696	16.164	10.752	9.6991	15.082	8.2301	5.4347	
1697	16.162	10.749	9.6939	15.142	8.3357	5.437	
1698	16.161	10.745	9.6887	14.719	8.2576	4.9981	
1699	16.159	10.741	9.6835	14.916	8.6842	5.3629	
1700	16.157	10.737	9.6783	14.932	8.1696	5.1826	
