	65	70	75	65	70	75	
300	51.21	55.684	62.028	37.511	37.209	37.514	
301	51.563	56.208	62.853	37.295	36.907	37.453	
302	51.906	56.713	63.645	37.087	36.772	37.279	
303	52.241	57.201	64.406	37.019	36.553	37.024	
304	52.566	57.671	65.131	36.99	36.489	37.052	
305	52.88	58.119	65.813	36.884	36.423	36.867	
306	53.184	58.547	66.452	36.614	36.185	36.77	
307	53.477	58.952	67.041	36.511	36.277	36.641	
308	53.758	59.332	67.576	36.334	36.128	36.541	
309	54.027	59.688	68.054	36.365	35.959	36.377	
310	54.283	60.018	68.473	36.171	35.873	36.379	
311	54.525	60.321	68.826	36.159	35.715	36.319	
312	54.753	60.596	69.114	36.209	35.719	36.207	
313	54.968	60.842	69.335	35.89	35.526	36.139	
314	55.168	61.06	69.488	35.955	35.547	35.953	
315	55.353	61.248	69.572	35.892	35.364	35.909	
316	55.523	61.406	69.591	35.798	35.418	35.815	
317	55.678	61.534	69.545	35.661	35.298	35.754	
318	55.817	61.633	69.439	35.561	35.153	35.59	
319	55.94	61.702	69.275	35.518	35.053	35.611	
320	56.048	61.743	69.058	35.535	35.035	35.459	
321	56.14	61.755	68.793	35.427	34.977	35.375	
322	56.216	61.74	68.485	35.393	34.901	35.332	
323	56.276	61.698	68.139	35.355	34.78	35.278	
324	56.321	61.631	67.759	35.23	34.786	35.152	
325	56.351	61.539	67.35	35.241	34.578	35.091	
326	56.365	61.425	66.918	35.155	34.568	35.032	
327	56.365	61.289	66.465	35.062	34.546	34.927	
328	56.351	61.133	65.996	35.028	34.498	34.847	
329	56.322	60.958	65.514	34.999	34.432	34.774	
330	56.28	60.765	65.022	35.011	34.459	34.767	
331	56.224	60.556	64.523	34.888	34.365	34.712	
332	56.156	60.333	64.02	34.842	34.23	34.555	
333	56.076	60.096	63.515	34.885	34.182	34.577	
334	55.984	59.846	63.009	34.798	34.161	34.525	
335	55.881	59.586	62.504	34.731	34.097	34.447	
336	55.767	59.317	62.002	34.609	34.041	34.358	
337	55.643	59.038	61.503	34.687	34.006	34.353	
338	55.509	58.752	61.009	34.632	33.962	34.303	
339	55.366	58.459	60.519	34.529	33.832	34.23	
340	55.215	58.16	60.036	34.579	33.724	34.179	
341	55.055	57.856	59.559	34.486	33.766	34.165	
342	54.888	57.548	59.089	34.466	33.725	34.1	
343	54.713	57.237	58.626	34.549	33.733	34.023	
344	54.532	56.922	58.171	34.521	33.702	33.95	
345	54.344	56.606	57.722	34.424	33.661	33.933	
346	54.15	56.287	57.282	34.455	33.622	33.892	
347	53.951	55.967	56.848	34.458	33.593	33.865	
348	53.746	55.646	56.422	34.377	33.616	33.812	
349	53.536	55.324	56.002	34.389	33.625	33.81	
350	53.321	55.001	55.589	34.388	33.625	33.767	
351	53.101	54.676	55.182	34.35	33.524	33.743	
352	52.876	54.35	54.78	34.396	33.574	33.8	
353	52.645	54.023	54.383	34.351	33.52	33.614	
354	52.409	53.693	53.989	34.458	33.583	33.722	
355	52.167	53.361	53.598	34.599	33.444	33.575	
356	51.919	53.026	53.208	34.579	33.535	33.58	
357	51.665	52.687	52.819	34.514	33.694	33.653	
358	51.406	52.345	52.431	34.45	33.599	33.561	
359	51.142	52.001	52.044	34.557	33.626	33.604	
360	50.875	51.656	51.659	34.568	33.602	33.533	
361	50.608	51.312	51.277	34.519	33.534	33.614	
362	50.341	50.972	50.902	34.468	33.471	33.318	
363	50.077	50.637	50.535	34.502	33.373	33.27	
364	49.819	50.311	50.179	34.485	33.406	33.141	
365	49.567	49.995	49.836	34.48	33.239	33.257	
366	49.323	49.69	49.506	34.43	33.18	32.916	
367	49.088	49.398	49.191	34.217	33.026	32.627	
368	48.862	49.117	48.891	34.2	33.006	32.484	
369	48.645	48.85	48.606	34.034	32.568	32.257	
370	48.437	48.594	48.335	33.841	32.395	31.955	
371	48.236	48.35	48.077	33.737	32.227	31.762	
372	48.042	48.115	47.831	33.555	32.089	31.437	
373	47.853	47.889	47.596	33.39	31.779	31.262	
374	47.67	47.67	47.369	33.076	31.523	30.992	
375	47.49	47.457	47.151	32.972	31.289	30.557	
376	47.314	47.251	46.94	32.744	31.026	30.281	
377	47.141	47.049	46.736	32.512	30.758	29.935	
378	46.972	46.853	46.538	32.361	30.452	29.755	
379	46.805	46.661	46.347	32.152	30.302	29.525	
380	46.64	46.473	46.16	31.847	30.094	29.22	
381	46.476	46.288	45.977	31.78	29.805	28.874	
382	46.314	46.106	45.797	31.618	29.702	28.718	
383	46.154	45.926	45.622	31.407	29.37	28.494	
384	45.994	45.75	45.449	31.178	29.194	28.195	
385	45.837	45.576	45.281	31.074	29.021	28.069	
386	45.681	45.405	45.116	30.864	28.789	27.848	
387	45.527	45.236	44.954	30.652	28.633	27.637	
388	45.373	45.07	44.795	30.583	28.41	27.476	
389	45.221	44.905	44.638	30.461	28.307	27.256	
390	45.07	44.743	44.484	30.26	28.108	27.05	
391	44.921	44.583	44.333	30.191	27.915	26.895	
392	44.774	44.426	44.185	29.981	27.735	26.665	
393	44.627	44.27	44.039	29.878	27.587	26.582	
394	44.482	44.117	43.895	29.682	27.397	26.4	
395	44.338	43.965	43.753	29.63	27.355	26.298	
396	44.195	43.815	43.614	29.422	27.142	26.077	
397	44.053	43.667	43.476	29.335	27.036	25.925	
398	43.913	43.52	43.34	29.275	26.882	25.776	
399	43.773	43.375	43.206	29.093	26.69	25.637	
400	43.635	43.231	43.073	29.072	26.6	25.423	
401	43.497	43.089	42.943	28.922	26.451	25.337	
402	43.361	42.948	42.813	28.768	26.379	25.181	
403	43.225	42.808	42.685	28.682	26.196	25.041	
404	43.09	42.67	42.558	28.573	26.143	24.894	
405	42.957	42.532	42.432	28.511	25.929	24.83	
406	42.824	42.396	42.308	28.418	25.831	24.647	
407	42.692	42.261	42.185	28.306	25.691	24.585	
408	42.56	42.127	42.062	28.204	25.67	24.441	
409	42.43	41.994	41.941	28.091	25.533	24.21	
410	42.3	41.862	41.821	28.031	25.423	24.179	
411	42.171	41.731	41.702	27.868	25.362	24.088	
412	42.043	41.601	41.584	27.819	25.199	23.977	
413	41.916	41.472	41.466	27.751	25.068	23.815	
414	41.79	41.344	41.35	27.647	25.046	23.779	
415	41.664	41.217	41.235	27.567	24.906	23.666	
416	41.539	41.091	41.12	27.436	24.81	23.564	
417	41.416	40.966	41.007	27.395	24.667	23.442	
418	41.293	40.841	40.894	27.242	24.576	23.314	
419	41.171	40.718	40.783	27.24	24.539	23.278	
420	41.049	40.596	40.672	27.177	24.391	23.051	
421	40.929	40.475	40.562	26.993	24.277	23.05	
422	40.81	40.354	40.453	27.016	24.164	22.99	
423	40.691	40.235	40.344	26.934	24.088	22.879	
424	40.573	40.116	40.237	26.867	24.049	22.714	
425	40.456	39.998	40.131	26.755	23.89	22.644	
426	40.34	39.881	40.025	26.651	23.86	22.58	
427	40.225	39.766	39.92	26.553	23.755	22.538	
428	40.111	39.651	39.816	26.479	23.663	22.372	
429	39.997	39.536	39.712	26.519	23.569	22.282	
430	39.885	39.423	39.61	26.369	23.426	22.284	
431	39.773	39.311	39.508	26.264	23.503	22.162	
432	39.662	39.199	39.407	26.276	23.311	21.984	
433	39.552	39.089	39.307	26.141	23.339	21.941	
434	39.442	38.979	39.208	26.086	23.175	21.795	
435	39.334	38.87	39.109	26.006	23.033	21.804	
436	39.226	38.762	39.011	25.973	22.899	21.543	
437	39.12	38.654	38.913	25.893	22.922	21.617	
438	39.013	38.548	38.817	25.872	22.893	21.469	
439	38.908	38.442	38.721	25.71	22.818	21.435	
440	38.804	38.337	38.626	25.695	22.639	21.343	
441	38.7	38.233	38.531	25.63	22.648	21.261	
442	38.598	38.13	38.437	25.588	22.648	21.104	
443	38.495	38.027	38.344	25.507	22.442	21.184	
444	38.394	37.925	38.252	25.556	22.424	20.985	
445	38.294	37.824	38.16	25.392	22.277	20.91	
446	38.194	37.723	38.069	25.234	22.293	20.863	
447	38.095	37.624	37.978	25.292	22.112	20.749	
448	37.997	37.525	37.888	25.195	22.141	20.723	
449	37.899	37.427	37.799	25.183	22.026	20.627	
450	37.803	37.329	37.71	25.118	21.916	20.654	
451	37.706	37.233	37.622	25.118	21.857	20.554	
452	37.611	37.137	37.535	25.026	21.784	20.444	
453	37.517	37.041	37.448	24.922	21.755	20.443	
454	37.423	36.947	37.362	24.835	21.684	20.273	
455	37.33	36.853	37.276	24.769	21.671	20.279	
456	37.237	36.759	37.191	24.72	21.58	20.095	
457	37.146	36.667	37.106	24.709	21.546	20.092	
458	37.054	36.575	37.022	24.66	21.441	20.062	
459	36.964	36.483	36.939	24.663	21.481	19.975	
460	36.874	36.393	36.856	24.545	21.331	19.906	
461	36.785	36.302	36.773	24.62	21.233	19.818	
462	36.697	36.213	36.692	24.431	21.183	19.772	
463	36.609	36.124	36.61	24.46	21.21	19.722	
464	36.522	36.036	36.53	24.327	21.031	19.609	
465	36.436	35.948	36.449	24.36	21.017	19.608	
466	36.35	35.861	36.369	24.267	20.954	19.454	
467	36.265	35.775	36.29	24.206	20.854	19.484	
468	36.18	35.689	36.211	24.17	20.799	19.396	
469	36.096	35.604	36.133	24.092	20.77	19.34	
470	36.013	35.519	36.055	24.061	20.699	19.193	
471	35.931	35.435	35.978	24.012	20.652	19.217	
472	35.848	35.352	35.901	23.934	20.679	19.142	
473	35.767	35.269	35.825	23.947	20.517	19.035	
474	35.686	35.186	35.749	23.908	20.509	19.076	
475	35.606	35.104	35.674	23.846	20.472	18.955	
476	35.526	35.023	35.599	23.824	20.439	18.928	
477	35.447	34.942	35.524	23.74	20.279	18.806	
478	35.368	34.862	35.45	23.684	20.28	18.775	
479	35.29	34.782	35.376	23.667	20.197	18.72	
480	35.213	34.703	35.303	23.599	20.142	18.638	
481	35.136	34.624	35.23	23.572	20.093	18.615	
482	35.059	34.546	35.158	23.495	20.1	18.561	
483	34.983	34.468	35.086	23.543	20.037	18.524	
484	34.908	34.391	35.015	23.447	19.952	18.437	
485	34.833	34.314	34.943	23.405	19.904	18.479	
486	34.759	34.238	34.873	23.388	19.787	18.36	
487	34.685	34.162	34.802	23.308	19.783	18.254	
488	34.612	34.087	34.732	23.318	19.714	18.213	
489	34.539	34.012	34.663	23.228	19.691	18.178	
490	34.467	33.938	34.594	23.239	19.606	18.185	
491	34.395	33.864	34.525	23.162	19.598	18.078	
492	34.324	33.79	34.456	23.125	19.513	18.036	
493	34.253	33.717	34.388	23.098	19.505	17.975	
494	34.183	33.645	34.321	23.049	19.475	17.976	
495	34.113	33.572	34.253	23.039	19.452	17.877	
496	34.043	33.501	34.186	22.991	19.38	17.876	
497	33.974	33.429	34.12	22.952	19.303	17.874	
498	33.906	33.358	34.053	22.922	19.281	17.787	
499	33.838	33.288	33.987	22.888	19.204	17.73	
500	33.77	33.218	33.922	22.873	19.164	17.653	
501	33.703	33.148	33.857	22.799	19.155	17.607	
502	33.636	33.079	33.792	22.748	19.072	17.553	
503	33.57	33.01	33.727	22.745	19.08	17.515	
504	33.504	32.941	33.663	22.67	18.989	17.461	
505	33.439	32.873	33.599	22.66	18.966	17.426	
506	33.374	32.805	33.535	22.59	18.9	17.357	
507	33.309	32.738	33.472	22.573	18.858	17.36	
508	33.245	32.671	33.409	22.544	18.831	17.264	
509	33.181	32.604	33.346	22.54	18.784	17.234	
510	33.118	32.538	33.283	22.464	18.744	17.185	
511	33.055	32.472	33.221	22.441	18.672	17.172	
512	32.992	32.407	33.159	22.411	18.653	17.095	
513	32.93	32.342	33.098	22.38	18.604	17.039	
514	32.868	32.277	33.037	22.329	18.581	17.008	
515	32.807	32.212	32.976	22.323	18.521	16.956	
516	32.746	32.148	32.915	22.272	18.488	16.925	
517	32.685	32.084	32.855	22.233	18.453	16.889	
518	32.625	32.021	32.794	22.213	18.429	16.8	
519	32.565	31.958	32.735	22.156	18.383	16.8	
520	32.505	31.895	32.675	22.155	18.329	16.783	
521	32.446	31.832	32.616	22.107	18.281	16.705	
522	32.387	31.77	32.557	22.082	18.236	16.682	
523	32.328	31.708	32.498	22.044	18.197	16.633	
524	32.27	31.647	32.439	22.008	18.175	16.576	
525	32.212	31.585	32.381	21.973	18.11	16.541	
526	32.155	31.524	32.323	21.948	18.101	16.479	
527	32.097	31.464	32.265	21.919	18.041	16.467	
528	32.041	31.403	32.207	21.871	18.015	16.444	
529	31.984	31.343	32.15	21.848	17.935	16.346	
530	31.928	31.284	32.093	21.807	17.963	16.332	
531	31.872	31.224	32.036	21.787	17.894	16.282	
532	31.816	31.165	31.98	21.792	17.872	16.249	
533	31.761	31.106	31.923	21.715	17.836	16.21	
534	31.706	31.048	31.867	21.688	17.765	16.173	
535	31.651	30.989	31.811	21.675	17.736	16.118	
536	31.597	30.931	31.756	21.642	17.728	16.071	
537	31.543	30.873	31.7	21.635	17.67	16.051	
538	31.489	30.816	31.645	21.595	17.649	16.008	
539	31.436	30.759	31.59	21.569	17.626	15.99	
540	31.383	30.702	31.535	21.55	17.587	15.938	
541	31.33	30.645	31.481	21.51	17.537	15.923	
542	31.277	30.589	31.426	21.482	17.509	15.858	
543	31.225	30.532	31.372	21.476	17.461	15.814	
544	31.173	30.476	31.318	21.431	17.422	15.773	
545	31.121	30.421	31.265	21.41	17.437	15.761	
546	31.07	30.365	31.211	21.352	17.352	15.71	
547	31.018	30.31	31.158	21.367	17.317	15.707	
548	30.968	30.255	31.105	21.329	17.285	15.648	
549	30.917	30.201	31.052	21.326	17.238	15.622	
550	30.867	30.146	31	21.261	17.228	15.591	
551	30.816	30.092	30.947	21.239	17.193	15.54	
552	30.767	30.038	30.895	21.241	17.157	15.508	
553	30.717	29.985	30.843	21.207	17.129	15.477	
554	30.668	29.931	30.791	21.168	17.077	15.44	
555	30.619	29.878	30.739	21.16	17.056	15.395	
556	30.57	29.825	30.688	21.131	17.016	15.362	
557	30.521	29.772	30.637	21.103	16.947	15.317	
558	30.473	29.72	30.586	21.084	16.962	15.3	
559	30.425	29.667	30.535	21.046	16.928	15.278	
560	30.377	29.615	30.484	21.019	16.886	15.228	
561	30.33	29.564	30.433	21.007	16.84	15.186	
562	30.282	29.512	30.383	21	16.812	15.184	
563	30.235	29.461	30.333	20.961	16.801	15.133	
564	30.188	29.409	30.283	20.944	16.75	15.126	
565	30.142	29.358	30.233	20.9	16.721	15.064	
566	30.095	29.308	30.184	20.879	16.684	15.074	
567	30.049	29.257	30.134	20.845	16.66	15.01	
568	30.003	29.207	30.085	20.818	16.626	14.969	
569	29.958	29.157	30.036	20.805	16.591	14.939	
570	29.912	29.107	29.987	20.791	16.566	14.891	
571	29.867	29.057	29.939	20.756	16.54	14.877	
572	29.822	29.008	29.89	20.734	16.528	14.866	
573	29.777	28.958	29.842	20.719	16.489	14.815	
574	29.733	28.909	29.793	20.685	16.473	14.755	
575	29.688	28.86	29.745	20.662	16.434	14.74	
576	29.644	28.812	29.698	20.631	16.404	14.719	
577	29.6	28.763	29.65	20.644	16.385	14.694	
578	29.557	28.715	29.602	20.618	16.331	14.681	
579	29.513	28.667	29.555	20.576	16.316	14.62	
580	29.47	28.619	29.508	20.577	16.277	14.621	
581	29.427	28.571	29.461	20.535	16.251	14.584	
582	29.384	28.524	29.414	20.524	16.22	14.522	
583	29.341	28.477	29.367	20.504	16.18	14.507	
584	29.299	28.429	29.321	20.492	16.17	14.517	
585	29.257	28.383	29.274	20.442	16.155	14.449	
586	29.215	28.336	29.228	20.431	16.123	14.417	
587	29.173	28.289	29.182	20.436	16.098	14.362	
588	29.131	28.243	29.136	20.408	16.07	14.357	
589	29.09	28.197	29.09	20.364	16.041	14.332	
590	29.048	28.151	29.045	20.345	16.005	14.287	
591	29.007	28.105	28.999	20.333	15.99	14.25	
592	28.967	28.059	28.954	20.31	15.918	14.221	
593	28.926	28.014	28.909	20.296	15.969	14.198	
594	28.885	27.968	28.864	20.283	15.892	14.209	
595	28.845	27.923	28.819	20.24	15.88	14.155	
596	28.805	27.878	28.774	20.22	15.879	14.124	
597	28.765	27.833	28.73	20.21	15.839	14.089	
598	28.725	27.789	28.686	20.202	15.8	14.07	
599	28.686	27.744	28.641	20.184	15.748	14.033	
600	28.646	27.7	28.597	20.146	15.774	14.024	
601	28.607	27.656	28.553	20.111	15.734	13.982	
602	28.568	27.612	28.509	20.089	15.676	13.946	
603	28.529	27.568	28.466	20.073	15.681	13.918	
604	28.491	27.525	28.422	20.062	15.645	13.915	
605	28.452	27.481	28.379	20.041	15.608	13.859	
606	28.414	27.438	28.335	20.03	15.616	13.815	
607	28.376	27.395	28.292	19.998	15.592	13.779	
608	28.337	27.352	28.249	20.014	15.535	13.804	
609	28.3	27.309	28.207	19.982	15.547	13.748	
610	28.262	27.266	28.164	19.959	15.505	13.733	
611	28.225	27.224	28.121	19.939	15.468	13.708	
612	28.187	27.182	28.079	19.937	15.48	13.705	
613	28.15	27.139	28.036	19.905	15.44	13.625	
614	28.113	27.097	27.994	19.873	15.416	13.633	
615	28.076	27.056	27.952	19.872	15.373	13.599	
616	28.04	27.014	27.91	19.848	15.366	13.567	
617	28.003	26.972	27.869	19.833	15.339	13.548	
618	27.967	26.931	27.827	19.81	15.324	13.544	
619	27.931	26.89	27.785	19.793	15.289	13.484	
620	27.894	26.849	27.744	19.769	15.26	13.464	
621	27.859	26.808	27.703	19.744	15.245	13.463	
622	27.823	26.767	27.662	19.758	15.223	13.435	
623	27.787	26.726	27.621	19.727	15.19	13.375	
624	27.752	26.686	27.58	19.705	15.17	13.372	
625	27.717	26.645	27.539	19.678	15.168	13.392	
626	27.682	26.605	27.498	19.681	15.12	13.311	
627	27.647	26.565	27.458	19.667	15.098	13.304	
628	27.612	26.525	27.418	19.638	15.06	13.283	
629	27.577	26.485	27.377	19.635	15.075	13.294	
630	27.543	26.445	27.337	19.57	15.013	13.233	
631	27.508	26.406	27.297	19.565	15.066	13.236	
632	27.474	26.367	27.257	19.575	15.011	13.141	
633	27.44	26.327	27.217	19.564	14.965	13.12	
634	27.406	26.288	27.178	19.51	14.954	13.069	
635	27.372	26.249	27.138	19.493	14.942	13.106	
636	27.338	26.21	27.099	19.49	14.951	13.106	
637	27.305	26.172	27.06	19.498	14.872	13.056	
638	27.272	26.133	27.02	19.454	14.846	13.046	
639	27.238	26.095	26.981	19.459	14.818	13.027	
640	27.205	26.056	26.942	19.425	14.799	13.018	
641	27.172	26.018	26.904	19.452	14.778	12.939	
642	27.14	25.98	26.865	19.402	14.772	12.986	
643	27.107	25.942	26.826	19.387	14.721	12.945	
644	27.074	25.904	26.788	19.404	14.727	12.899	
645	27.042	25.867	26.749	19.385	14.71	12.869	
646	27.01	25.829	26.711	19.341	14.67	12.857	
647	26.977	25.792	26.673	19.34	14.697	12.832	
648	26.945	25.754	26.635	19.298	14.644	12.833	
649	26.913	25.717	26.597	19.29	14.633	12.793	
650	26.882	25.68	26.559	19.268	14.571	12.757	
651	26.85	25.643	26.522	19.249	14.593	12.771	
652	26.819	25.607	26.484	19.245	14.544	12.718	
653	26.787	25.57	26.447	19.224	14.556	12.69	
654	26.756	25.533	26.409	19.213	14.505	12.636	
655	26.725	25.497	26.372	19.188	14.528	12.643	
656	26.694	25.461	26.335	19.173	14.551	12.655	
657	26.663	25.425	26.298	19.182	14.495	12.58	
658	26.632	25.388	26.261	19.145	14.451	12.585	
659	26.601	25.353	26.224	19.135	14.393	12.576	
660	26.571	25.317	26.187	19.131	14.406	12.557	
661	26.541	25.281	26.151	19.149	14.366	12.521	
662	26.51	25.245	26.114	19.141	14.38	12.487	
663	26.48	25.21	26.078	19.085	14.354	12.478	
664	26.45	25.175	26.041	19.067	14.358	12.46	
665	26.42	25.139	26.005	19.05	14.329	12.422	
666	26.39	25.104	25.969	19.037	14.283	12.4	
667	26.361	25.069	25.933	19.049	14.264	12.403	
668	26.331	25.034	25.897	19.03	14.28	12.379	
669	26.302	25	25.861	19.015	14.24	12.357	
670	26.272	24.965	25.826	18.996	14.227	12.341	
671	26.243	24.93	25.79	18.983	14.189	12.272	
672	26.214	24.896	25.755	18.968	14.151	12.307	
673	26.185	24.862	25.719	18.924	14.153	12.286	
674	26.156	24.827	25.684	18.939	14.161	12.278	
675	26.127	24.793	25.649	18.916	14.153	12.296	
676	26.099	24.759	25.614	18.918	14.072	12.203	
677	26.07	24.725	25.579	18.905	14.111	12.199	
678	26.042	24.692	25.544	18.877	14.073	12.219	
679	26.013	24.658	25.509	18.874	14.028	12.143	
680	25.985	24.624	25.474	18.865	14.013	12.153	
681	25.957	24.591	25.439	18.846	13.999	12.088	
682	25.929	24.558	25.405	18.845	14.005	12.109	
683	25.901	24.524	25.371	18.808	13.954	12.072	
684	25.873	24.491	25.336	18.784	13.945	12.093	
685	25.846	24.458	25.302	18.793	13.961	12.052	
686	25.818	24.425	25.268	18.775	13.924	12.002	
687	25.791	24.392	25.234	18.777	13.89	11.991	
688	25.763	24.36	25.2	18.772	13.868	11.962	
689	25.736	24.327	25.166	18.761	13.903	11.957	
690	25.709	24.295	25.132	18.716	13.875	11.965	
691	25.682	24.262	25.099	18.724	13.843	11.91	
692	25.655	24.23	25.065	18.709	13.782	11.94	
693	25.628	24.198	25.031	18.696	13.781	11.891	
694	25.601	24.165	24.998	18.682	13.775	11.898	
695	25.575	24.133	24.965	18.653	13.738	11.859	
696	25.548	24.101	24.931	18.654	13.704	11.854	
697	25.521	24.07	24.898	18.647	13.742	11.818	
698	25.495	24.038	24.865	18.656	13.697	11.76	
699	25.469	24.006	24.832	18.615	13.678	11.745	
700	25.443	23.975	24.799	18.603	13.714	11.763	
701	25.417	23.943	24.767	18.616	13.601	11.754	
702	25.391	23.912	24.734	18.605	13.677	11.742	
703	25.365	23.881	24.701	18.55	13.664	11.695	
704	25.339	23.85	24.669	18.548	13.616	11.689	
705	25.313	23.818	24.636	18.593	13.586	11.663	
706	25.288	23.788	24.604	18.539	13.595	11.627	
707	25.262	23.757	24.572	18.519	13.587	11.625	
708	25.237	23.726	24.54	18.499	13.513	11.634	
709	25.211	23.695	24.507	18.52	13.555	11.58	
710	25.186	23.665	24.476	18.509	13.487	11.628	
711	25.161	23.634	24.444	18.491	13.491	11.511	
712	25.136	23.604	24.412	18.46	13.43	11.505	
713	25.111	23.573	24.38	18.443	13.501	11.532	
714	25.086	23.543	24.348	18.434	13.419	11.487	
715	25.061	23.513	24.317	18.397	13.433	11.469	
716	25.037	23.483	24.285	18.418	13.356	11.374	
717	25.012	23.453	24.254	18.408	13.398	11.468	
718	24.988	23.423	24.222	18.389	13.347	11.371	
719	24.963	23.393	24.191	18.416	13.365	11.461	
720	24.939	23.364	24.16	18.332	13.336	11.414	
721	24.915	23.334	24.129	18.377	13.311	11.389	
722	24.89	23.305	24.098	18.373	13.341	11.365	
723	24.866	23.275	24.067	18.316	13.339	11.362	
724	24.842	23.246	24.036	18.348	13.267	11.357	
725	24.818	23.217	24.005	18.293	13.366	11.278	
726	24.795	23.187	23.975	18.343	13.2	11.279	
727	24.771	23.158	23.944	18.3	13.25	11.255	
728	24.747	23.129	23.913	18.318	13.194	11.255	
729	24.724	23.1	23.883	18.272	13.178	11.254	
730	24.7	23.072	23.853	18.26	13.183	11.173	
731	24.677	23.043	23.822	18.22	13.167	11.208	
732	24.653	23.014	23.792	18.247	13.116	11.197	
733	24.63	22.986	23.762	18.236	13.152	11.165	
734	24.607	22.957	23.732	18.263	13.117	11.143	
735	24.584	22.929	23.702	18.212	13.131	11.119	
736	24.561	22.9	23.672	18.211	13.114	11.12	
737	24.538	22.872	23.642	18.221	13.084	11.153	
738	24.515	22.844	23.612	18.175	13.091	11.076	
739	24.492	22.816	23.583	18.168	13.067	11.094	
740	24.47	22.788	23.553	18.198	13.06	11.074	
741	24.447	22.76	23.524	18.146	13.012	11.072	
742	24.425	22.732	23.494	18.159	13.021	11.016	
743	24.402	22.704	23.465	18.16	13.027	10.987	
744	24.38	22.677	23.435	18.128	13	11.023	
745	24.358	22.649	23.406	18.098	13.023	11.013	
746	24.335	22.621	23.377	18.113	12.97	10.981	
747	24.313	22.594	23.348	18.112	13.001	10.944	
748	24.291	22.567	23.319	18.09	12.967	10.93	
749	24.269	22.539	23.29	18.087	12.928	10.902	
750	24.247	22.512	23.261	18.026	12.909	10.938	
751	24.225	22.485	23.232	18.064	12.892	10.873	
752	24.204	22.458	23.203	18.016	12.923	10.846	
753	24.182	22.431	23.175	18.042	12.881	10.845	
754	24.16	22.404	23.146	18.033	12.862	10.87	
755	24.139	22.377	23.118	17.998	12.896	10.794	
756	24.117	22.35	23.089	18.017	12.83	10.84	
757	24.096	22.324	23.061	18.016	12.778	10.837	
758	24.075	22.297	23.033	17.993	12.814	10.794	
759	24.053	22.271	23.004	17.991	12.817	10.766	
760	24.032	22.244	22.976	17.965	12.743	10.723	
761	24.011	22.218	22.948	17.94	12.757	10.727	
762	23.99	22.191	22.92	17.968	12.744	10.685	
763	23.969	22.165	22.892	17.942	12.757	10.67	
764	23.948	22.139	22.864	17.942	12.75	10.703	
765	23.927	22.113	22.836	17.928	12.723	10.649	
766	23.907	22.087	22.809	17.945	12.732	10.659	
767	23.886	22.061	22.781	17.932	12.689	10.658	
768	23.865	22.035	22.753	17.898	12.676	10.604	
769	23.845	22.009	22.726	17.901	12.684	10.63	
770	23.824	21.984	22.698	17.88	12.632	10.573	
771	23.804	21.958	22.671	17.839	12.621	10.567	
772	23.783	21.932	22.643	17.837	12.664	10.567	
773	23.763	21.907	22.616	17.851	12.613	10.567	
774	23.743	21.881	22.589	17.831	12.605	10.51	
775	23.723	21.856	22.562	17.81	12.584	10.517	
776	23.703	21.831	22.535	17.872	12.563	10.49	
777	23.683	21.805	22.508	17.813	12.541	10.499	
778	23.663	21.78	22.481	17.814	12.507	10.516	
779	23.643	21.755	22.454	17.771	12.515	10.473	
780	23.623	21.73	22.427	17.769	12.529	10.484	
781	23.603	21.705	22.4	17.816	12.552	10.405	
782	23.584	21.68	22.374	17.788	12.453	10.414	
783	23.564	21.655	22.347	17.766	12.44	10.413	
784	23.544	21.631	22.32	17.747	12.468	10.369	
785	23.525	21.606	22.294	17.727	12.424	10.347	
786	23.506	21.581	22.267	17.72	12.435	10.349	
787	23.486	21.557	22.241	17.725	12.412	10.345	
788	23.467	21.532	22.215	17.722	12.394	10.324	
789	23.448	21.508	22.188	17.703	12.376	10.317	
790	23.428	21.483	22.162	17.705	12.403	10.277	
791	23.409	21.459	22.136	17.675	12.368	10.278	
792	23.39	21.435	22.11	17.689	12.361	10.267	
793	23.371	21.411	22.084	17.679	12.381	10.266	
794	23.352	21.386	22.058	17.66	12.327	10.239	
795	23.333	21.362	22.032	17.659	12.309	10.224	
796	23.315	21.338	22.006	17.662	12.313	10.213	
797	23.296	21.315	21.981	17.654	12.325	10.176	
798	23.277	21.291	21.955	17.666	12.323	10.181	
799	23.259	21.267	21.929	17.647	12.261	10.206	
800	23.24	21.243	21.904	17.62	12.266	10.135	
801	23.221	21.219	21.878	17.605	12.279	10.152	
802	23.203	21.196	21.853	17.648	12.257	10.122	
803	23.185	21.172	21.827	17.585	12.228	10.092	
804	23.166	21.149	21.802	17.575	12.219	10.133	
805	23.148	21.125	21.777	17.566	12.198	10.093	
806	23.13	21.102	21.751	17.583	12.17	10.084	
807	23.112	21.079	21.726	17.566	12.126	10.115	
808	23.093	21.056	21.701	17.569	12.174	10.024	
809	23.075	21.032	21.676	17.516	12.099	10.047	
810	23.057	21.009	21.651	17.556	12.165	10.014	
811	23.039	20.986	21.626	17.537	12.131	9.9973	
812	23.022	20.963	21.601	17.532	12.176	10.005	
813	23.004	20.94	21.577	17.542	12.077	9.9926	
814	22.986	20.917	21.552	17.52	12.11	10.013	
815	22.968	20.895	21.527	17.499	12.091	9.9656	
816	22.951	20.872	21.502	17.51	12.082	9.9131	
817	22.933	20.849	21.478	17.487	12.062	9.9298	
818	22.915	20.826	21.453	17.492	12.059	9.9034	
819	22.898	20.804	21.429	17.483	12.042	9.9129	
820	22.881	20.781	21.405	17.46	12.018	9.8719	
821	22.863	20.759	21.38	17.453	12.005	9.8656	
822	22.846	20.736	21.356	17.45	12.012	9.8616	
823	22.829	20.714	21.332	17.451	12.006	9.8525	
824	22.811	20.692	21.307	17.443	12.007	9.8497	
825	22.794	20.67	21.283	17.437	11.988	9.8449	
826	22.777	20.647	21.259	17.433	11.98	9.8362	
827	22.76	20.625	21.235	17.43	11.974	9.8144	
828	22.743	20.603	21.211	17.419	11.964	9.8087	
829	22.726	20.581	21.187	17.407	11.95	9.7941	
830	22.709	20.559	21.163	17.407	11.946	9.8031	
831	22.692	20.537	21.14	17.4	11.919	9.7859	
832	22.675	20.515	21.116	17.384	11.91	9.7662	
833	22.659	20.494	21.092	17.379	11.905	9.7353	
834	22.642	20.472	21.069	17.367	11.897	9.7158	
835	22.625	20.45	21.045	17.36	11.889	9.7177	
836	22.609	20.429	21.021	17.358	11.888	9.6974	
837	22.592	20.407	20.998	17.35	11.861	9.7024	
838	22.576	20.386	20.975	17.356	11.846	9.6741	
839	22.559	20.364	20.951	17.339	11.835	9.6728	
840	22.543	20.343	20.928	17.323	11.851	9.6213	
841	22.526	20.321	20.905	17.338	11.799	9.6059	
842	22.51	20.3	20.881	17.35	11.812	9.6524	
843	22.494	20.279	20.858	17.333	11.79	9.6237	
844	22.478	20.258	20.835	17.328	11.8	9.6135	
845	22.462	20.237	20.812	17.337	11.83	9.5864	
846	22.445	20.216	20.789	17.25	11.762	9.5728	
847	22.429	20.195	20.766	17.316	11.671	9.6306	
848	22.413	20.174	20.743	17.299	11.801	9.6341	
849	22.397	20.153	20.72	17.296	11.713	9.5251	
850	22.382	20.132	20.697	17.278	11.74	9.5683	
851	22.366	20.111	20.675	17.254	11.712	9.5872	
852	22.35	20.09	20.652	17.249	11.723	9.4661	
853	22.334	20.069	20.629	17.279	11.658	9.4759	
854	22.318	20.049	20.607	17.228	11.704	9.4325	
855	22.303	20.028	20.584	17.23	11.626	9.478	
856	22.287	20.008	20.562	17.202	11.678	9.4881	
857	22.272	19.987	20.539	17.234	11.659	9.4508	
858	22.256	19.967	20.517	17.248	11.682	9.4151	
859	22.241	19.946	20.494	17.26	11.629	9.461	
860	22.225	19.926	20.472	17.206	11.667	9.4684	
861	22.21	19.906	20.45	17.177	11.615	9.3825	
862	22.194	19.885	20.428	17.215	11.595	9.3837	
863	22.179	19.865	20.406	17.205	11.644	9.3907	
864	22.164	19.845	20.383	17.208	11.589	9.387	
865	22.149	19.825	20.361	17.157	11.577	9.3165	
866	22.133	19.805	20.339	17.167	11.563	9.3468	
867	22.118	19.785	20.317	17.147	11.513	9.3459	
868	22.103	19.765	20.295	17.118	11.543	9.3501	
869	22.088	19.745	20.274	17.15	11.508	9.2901	
870	22.073	19.725	20.252	17.159	11.516	9.3057	
871	22.058	19.705	20.23	17.146	11.508	9.2767	
872	22.043	19.685	20.208	17.131	11.512	9.3136	
873	22.028	19.666	20.187	17.157	11.469	9.267	
874	22.014	19.646	20.165	17.129	11.488	9.2504	
875	21.999	19.626	20.143	17.111	11.474	9.2559	
876	21.984	19.607	20.122	17.115	11.465	9.2204	
877	21.969	19.587	20.1	17.112	11.46	9.2537	
878	21.955	19.568	20.079	17.083	11.444	9.2191	
879	21.94	19.548	20.057	17.079	11.432	9.1998	
880	21.926	19.529	20.036	17.071	11.421	9.1926	
881	21.911	19.51	20.015	17.069	11.417	9.1849	
882	21.897	19.49	19.994	17.067	11.412	9.1889	
883	21.882	19.471	19.972	17.063	11.408	9.1794	
884	21.868	19.452	19.951	17.061	11.404	9.1718	
885	21.854	19.433	19.93	17.061	11.396	9.1709	
886	21.839	19.414	19.909	17.056	11.388	9.1566	
887	21.825	19.395	19.888	17.046	11.371	9.1428	
888	21.811	19.376	19.867	17.044	11.364	9.1243	
889	21.797	19.357	19.846	17.031	11.351	9.1119	
890	21.782	19.338	19.825	17.018	11.337	9.0964	
891	21.768	19.319	19.804	17.012	11.328	9.0812	
892	21.754	19.3	19.783	17.01	11.316	9.0788	
893	21.74	19.281	19.763	17.003	11.31	9.0602	
894	21.726	19.262	19.742	16.991	11.308	9.0486	
895	21.712	19.244	19.721	16.999	11.303	9.0533	
896	21.698	19.225	19.701	16.989	11.29	9.0498	
897	21.685	19.207	19.68	16.989	11.285	9.0476	
898	21.671	19.188	19.66	16.987	11.282	9.0195	
899	21.657	19.169	19.639	16.979	11.268	9.0175	
900	21.643	19.151	19.619	16.966	11.258	8.9949	
901	21.63	19.133	19.598	16.947	11.247	8.9733	
902	21.616	19.114	19.578	16.948	11.229	8.9685	
903	21.602	19.096	19.558	16.945	11.226	8.9618	
904	21.589	19.077	19.537	16.94	11.217	8.9595	
905	21.575	19.059	19.517	16.932	11.215	8.9576	
906	21.562	19.041	19.497	16.934	11.21	8.9517	
907	21.548	19.023	19.477	16.929	11.206	8.9528	
908	21.535	19.005	19.457	16.931	11.194	8.9288	
909	21.521	18.987	19.437	16.916	11.183	8.9209	
910	21.508	18.969	19.416	16.902	11.167	8.91	
911	21.495	18.951	19.396	16.906	11.155	8.9055	
912	21.481	18.933	19.377	16.894	11.128	8.8691	
913	21.468	18.915	19.357	16.881	11.137	8.8493	
914	21.455	18.897	19.337	16.883	11.127	8.8511	
915	21.442	18.879	19.317	16.876	11.114	8.8449	
916	21.429	18.861	19.297	16.869	11.119	8.8435	
917	21.416	18.843	19.277	16.869	11.116	8.8377	
918	21.402	18.826	19.258	16.872	11.111	8.8326	
919	21.389	18.808	19.238	16.868	11.102	8.8198	
920	21.376	18.79	19.218	16.862	11.094	8.8106	
921	21.364	18.773	19.199	16.852	11.081	8.8013	
922	21.351	18.755	19.179	16.848	11.073	8.8045	
923	21.338	18.738	19.16	16.851	11.066	8.7956	
924	21.325	18.72	19.14	16.835	11.037	8.7695	
925	21.312	18.703	19.121	16.832	11.054	8.7564	
926	21.299	18.685	19.102	16.815	11.035	8.7417	
927	21.287	18.668	19.082	16.816	11.041	8.7315	
928	21.274	18.651	19.063	16.814	11.034	8.7362	
929	21.261	18.633	19.044	16.797	10.994	8.7477	
930	21.249	18.616	19.025	16.793	10.972	8.7269	
931	21.236	18.599	19.005	16.805	11.016	8.7154	
932	21.223	18.582	18.986	16.812	10.951	8.6826	
933	21.211	18.565	18.967	16.782	11.008	8.6791	
934	21.198	18.548	18.948	16.775	10.976	8.695	
935	21.186	18.531	18.929	16.773	10.978	8.6554	
936	21.174	18.514	18.91	16.753	10.941	8.6501	
937	21.161	18.497	18.891	16.753	10.935	8.6851	
938	21.149	18.48	18.872	16.783	10.944	8.6069	
939	21.136	18.463	18.853	16.761	10.933	8.6336	
940	21.124	18.446	18.835	16.766	10.894	8.6504	
941	21.112	18.429	18.816	16.76	10.92	8.6114	
942	21.1	18.413	18.797	16.739	10.886	8.5574	
943	21.088	18.396	18.778	16.715	10.91	8.5951	
944	21.075	18.379	18.76	16.717	10.929	8.5787	
945	21.063	18.362	18.741	16.744	10.893	8.5827	
946	21.051	18.346	18.723	16.743	10.888	8.5713	
947	21.039	18.329	18.704	16.722	10.888	8.5569	
948	21.027	18.313	18.685	16.718	10.861	8.5456	
949	21.015	18.296	18.667	16.708	10.84	8.5238	
950	21.003	18.28	18.649	16.702	10.832	8.5213	
951	20.991	18.263	18.63	16.691	10.851	8.5259	
952	20.979	18.247	18.612	16.683	10.844	8.5209	
953	20.968	18.231	18.593	16.694	10.825	8.4986	
954	20.956	18.214	18.575	16.695	10.819	8.5124	
955	20.944	18.198	18.557	16.682	10.807	8.4784	
956	20.932	18.182	18.539	16.663	10.812	8.4848	
957	20.92	18.166	18.521	16.664	10.803	8.5324	
958	20.909	18.149	18.502	16.644	10.785	8.4534	
959	20.897	18.133	18.484	16.666	10.771	8.4791	
960	20.885	18.117	18.466	16.678	10.753	8.4078	
961	20.874	18.101	18.448	16.673	10.778	8.3952	
962	20.862	18.085	18.43	16.661	10.689	8.3687	
963	20.851	18.069	18.412	16.62	10.712	8.4149	
964	20.839	18.053	18.394	16.649	10.748	8.3485	
965	20.828	18.037	18.376	16.617	10.733	8.3817	
966	20.816	18.021	18.359	16.628	10.753	8.359	
967	20.805	18.006	18.341	16.623	10.733	8.3919	
968	20.794	17.99	18.323	16.627	10.745	8.3832	
969	20.782	17.974	18.305	16.611	10.709	8.3707	
970	20.771	17.958	18.287	16.625	10.692	8.3925	
971	20.76	17.942	18.27	16.613	10.68	8.3706	
972	20.748	17.927	18.252	16.61	10.702	8.3492	
973	20.737	17.911	18.235	16.61	10.685	8.3224	
974	20.726	17.896	18.217	16.594	10.661	8.3374	
975	20.715	17.88	18.199	16.588	10.668	8.2816	
976	20.703	17.864	18.182	16.58	10.653	8.2972	
977	20.692	17.849	18.164	16.575	10.641	8.2843	
978	20.681	17.833	18.147	16.572	10.632	8.2858	
979	20.67	17.818	18.13	16.57	10.638	8.2719	
980	20.659	17.803	18.112	16.575	10.628	8.2724	
981	20.648	17.787	18.095	16.572	10.626	8.2804	
982	20.637	17.772	18.078	16.566	10.621	8.2707	
983	20.626	17.757	18.06	16.562	10.623	8.2828	
984	20.615	17.741	18.043	16.548	10.613	8.2676	
985	20.605	17.726	18.026	16.546	10.617	8.2362	
986	20.594	17.711	18.009	16.573	10.595	8.2584	
987	20.583	17.696	17.992	16.537	10.591	8.2149	
988	20.572	17.681	17.975	16.532	10.56	8.1936	
989	20.561	17.666	17.958	16.524	10.566	8.1933	
990	20.551	17.651	17.94	16.52	10.547	8.1876	
991	20.54	17.635	17.923	16.519	10.55	8.1676	
992	20.529	17.62	17.907	16.52	10.545	8.1802	
993	20.518	17.605	17.89	16.509	10.544	8.1739	
994	20.508	17.591	17.873	16.517	10.548	8.1768	
995	20.497	17.576	17.856	16.503	10.54	8.1619	
996	20.487	17.561	17.839	16.496	10.533	8.1554	
997	20.476	17.546	17.822	16.504	10.529	8.1444	
998	20.466	17.531	17.805	16.493	10.516	8.1417	
999	20.455	17.516	17.789	16.483	10.502	8.1776	
1000	20.445	17.502	17.772	16.5	10.478	8.1157	
1001	20.434	17.487	17.755	16.464	10.53	8.0949	
1002	20.424	17.472	17.739	16.485	10.51	8.0982	
1003	20.413	17.458	17.722	16.476	10.477	8.0989	
1004	20.403	17.443	17.706	16.475	10.443	8.0759	
1005	20.393	17.428	17.689	16.439	10.542	8.1117	
1006	20.382	17.414	17.672	16.467	10.428	8.1096	
1007	20.372	17.399	17.656	16.465	10.492	8.0327	
1008	20.362	17.385	17.64	16.449	10.484	8.0563	
1009	20.352	17.37	17.623	16.429	10.432	8.0496	
1010	20.342	17.356	17.607	16.466	10.451	8.0414	
1011	20.331	17.342	17.59	16.433	10.444	8.0428	
1012	20.321	17.327	17.574	16.438	10.431	8.0143	
1013	20.311	17.313	17.558	16.434	10.414	8.0082	
1014	20.301	17.299	17.542	16.435	10.394	8.0042	
1015	20.291	17.284	17.525	16.437	10.4	7.9932	
1016	20.281	17.27	17.509	16.413	10.402	8.087	
1017	20.271	17.256	17.493	16.395	10.365	7.9546	
1018	20.261	17.242	17.477	16.391	10.366	7.9748	
1019	20.251	17.227	17.461	16.377	10.349	7.938	
1020	20.241	17.213	17.445	16.428	10.409	7.9076	
1021	20.231	17.199	17.429	16.344	10.406	7.9482	
1022	20.221	17.185	17.413	16.399	10.335	7.9468	
1023	20.211	17.171	17.397	16.418	10.322	7.9437	
1024	20.202	17.157	17.381	16.374	10.301	7.9785	
1025	20.192	17.143	17.365	16.416	10.31	7.9159	
1026	20.182	17.129	17.349	16.38	10.359	7.8728	
1027	20.172	17.115	17.333	16.414	10.241	7.8987	
1028	20.162	17.101	17.317	16.371	10.339	7.8451	
1029	20.153	17.088	17.301	16.355	10.283	7.8299	
1030	20.143	17.074	17.286	16.359	10.328	7.903	
1031	20.133	17.06	17.27	16.422	10.333	7.9249	
1032	20.124	17.046	17.254	16.316	10.327	7.8632	
1033	20.114	17.032	17.239	16.382	10.287	7.887	
1034	20.105	17.019	17.223	16.356	10.309	7.8533	
1035	20.095	17.005	17.207	16.379	10.251	7.9231	
1036	20.085	16.991	17.192	16.253	10.285	7.8388	
1037	20.076	16.978	17.176	16.397	10.175	7.8035	
1038	20.066	16.964	17.161	16.319	10.24	7.9786	
1039	20.057	16.951	17.145	16.361	10.29	7.9209	
1040	20.048	16.937	17.13	16.298	10.088	7.8087	
1041	20.038	16.923	17.114	16.335	10.216	7.8567	
1042	20.029	16.91	17.099	16.445	10.238	7.6434	
1043	20.019	16.897	17.083	16.412	10.176	7.6925	
1044	20.01	16.883	17.068	16.267	10.268	7.7417	
1045	20.001	16.87	17.053	16.308	10.204	7.7873	
1046	19.991	16.856	17.037	16.204	10.35	7.5825	
1047	19.982	16.843	17.022	16.266	10.039	7.7932	
1048	19.973	16.83	17.007	16.229	10.157	7.8069	
1049	19.964	16.816	16.992	16.299	10.171	7.7236	
1050	19.954	16.803	16.976	16.276	10.083	7.8107	
1051	19.945	16.79	16.961	16.278	10.17	7.7396	
1052	19.936	16.777	16.946	16.273	10.161	7.7044	
1053	19.927	16.764	16.931	16.277	10.167	7.7231	
1054	19.918	16.75	16.916	16.277	10.148	7.7089	
1055	19.909	16.737	16.901	16.277	10.167	7.6972	
1056	19.9	16.724	16.886	16.273	10.135	7.687	
1057	19.891	16.711	16.871	16.269	10.153	7.6997	
1058	19.882	16.698	16.856	16.262	10.142	7.6709	
1059	19.873	16.685	16.841	16.247	10.134	7.6933	
1060	19.864	16.672	16.826	16.254	10.134	7.6648	
1061	19.855	16.659	16.811	16.263	10.116	7.6747	
1062	19.846	16.646	16.796	16.239	10.115	7.6648	
1063	19.837	16.633	16.781	16.235	10.098	7.6667	
1064	19.828	16.62	16.767	16.233	10.093	7.6472	
1065	19.819	16.607	16.752	16.225	10.087	7.629	
1066	19.81	16.595	16.737	16.232	10.086	7.618	
1067	19.801	16.582	16.722	16.223	10.089	7.6219	
1068	19.792	16.569	16.708	16.218	10.078	7.6284	
1069	19.784	16.556	16.693	16.223	10.054	7.6005	
1070	19.775	16.544	16.678	16.22	10.079	7.5985	
1071	19.766	16.531	16.664	16.218	10.063	7.599	
1072	19.758	16.518	16.649	16.202	10.065	7.5925	
1073	19.749	16.506	16.635	16.215	10.029	7.5661	
1074	19.74	16.493	16.62	16.199	10.044	7.5808	
1075	19.731	16.48	16.606	16.193	10.033	7.5517	
1076	19.723	16.468	16.591	16.201	10.022	7.5548	
1077	19.714	16.455	16.577	16.189	10.024	7.5511	
1078	19.706	16.443	16.562	16.185	10.008	7.5417	
1079	19.697	16.43	16.548	16.186	10.022	7.5314	
1080	19.689	16.418	16.533	16.186	10.011	7.5387	
1081	19.68	16.405	16.519	16.179	10.01	7.5348	
1082	19.671	16.393	16.505	16.172	10.007	7.5257	
1083	19.663	16.38	16.491	16.18	9.9947	7.5117	
1084	19.655	16.368	16.476	16.172	9.995	7.5129	
1085	19.646	16.356	16.462	16.166	9.9914	7.5014	
1086	19.638	16.343	16.448	16.171	9.9923	7.5038	
1087	19.629	16.331	16.434	16.156	9.9873	7.4945	
1088	19.621	16.319	16.419	16.166	9.9817	7.4997	
1089	19.612	16.307	16.405	16.159	9.9779	7.4821	
1090	19.604	16.294	16.391	16.158	9.9803	7.4881	
1091	19.596	16.282	16.377	16.153	9.9785	7.4853	
1092	19.588	16.27	16.363	16.144	9.9565	7.4715	
1093	19.579	16.258	16.349	16.148	9.9506	7.4729	
1094	19.571	16.246	16.335	16.141	9.9601	7.4722	
1095	19.563	16.234	16.321	16.15	9.9318	7.4483	
1096	19.555	16.221	16.307	16.144	9.9407	7.4519	
1097	19.546	16.209	16.293	16.13	9.9283	7.4383	
1098	19.538	16.197	16.279	16.124	9.9234	7.4168	
1099	19.53	16.185	16.265	16.123	9.9232	7.4195	
1100	19.522	16.173	16.251	16.113	9.9178	7.4139	
1101	19.514	16.161	16.237	16.124	9.9056	7.3964	
1102	19.506	16.15	16.224	16.116	9.8945	7.3888	
1103	19.498	16.138	16.21	16.109	9.8791	7.3797	
1104	19.489	16.126	16.196	16.105	9.888	7.3786	
1105	19.481	16.114	16.182	16.097	9.8862	7.3711	
1106	19.473	16.102	16.169	16.101	9.8753	7.3644	
1107	19.465	16.09	16.155	16.09	9.8672	7.3615	
1108	19.457	16.078	16.141	16.098	9.873	7.3533	
1109	19.449	16.067	16.128	16.089	9.8628	7.35	
1110	19.441	16.055	16.114	16.087	9.8562	7.3493	
1111	19.434	16.043	16.1	16.086	9.8575	7.3426	
1112	19.426	16.031	16.087	16.085	9.8439	7.3361	
1113	19.418	16.02	16.073	16.085	9.8491	7.3346	
1114	19.41	16.008	16.06	16.08	9.8466	7.3305	
1115	19.402	15.997	16.046	16.077	9.8484	7.3291	
1116	19.394	15.985	16.033	16.078	9.8409	7.3321	
1117	19.386	15.973	16.019	16.079	9.8416	7.3209	
1118	19.379	15.962	16.006	16.072	9.8334	7.3214	
1119	19.371	15.95	15.992	16.06	9.8347	7.3015	
1120	19.363	15.939	15.979	16.068	9.8313	7.2924	
1121	19.355	15.927	15.966	16.067	9.8176	7.2878	
1122	19.348	15.916	15.952	16.06	9.8063	7.2978	
1123	19.34	15.904	15.939	16.048	9.8069	7.2903	
1124	19.332	15.893	15.926	16.063	9.8076	7.2673	
1125	19.324	15.881	15.912	16.054	9.7979	7.2623	
1126	19.317	15.87	15.899	16.058	9.8085	7.2676	
1127	19.309	15.859	15.886	16.033	9.7894	7.2435	
1128	19.301	15.847	15.873	16.033	9.7801	7.246	
1129	19.294	15.836	15.859	16.039	9.78	7.2589	
1130	19.286	15.825	15.846	16.029	9.784	7.2303	
1131	19.279	15.813	15.833	16.028	9.7661	7.2327	
1132	19.271	15.802	15.82	16.029	9.7641	7.2224	
1133	19.264	15.791	15.807	16.022	9.7746	7.22	
1134	19.256	15.78	15.794	16.013	9.7404	7.2208	
1135	19.249	15.769	15.781	16.016	9.7516	7.1929	
1136	19.241	15.757	15.768	16.019	9.733	7.2045	
1137	19.234	15.746	15.755	16.012	9.7186	7.2018	
1138	19.226	15.735	15.742	16.011	9.7314	7.1817	
1139	19.219	15.724	15.729	16.007	9.7294	7.188	
1140	19.211	15.713	15.716	16	9.711	7.1734	
1141	19.204	15.702	15.703	16.013	9.7229	7.1701	
1142	19.197	15.691	15.69	16.009	9.7157	7.1425	
1143	19.189	15.68	15.677	15.991	9.7047	7.1754	
1144	19.182	15.669	15.664	15.991	9.6948	7.1627	
1145	19.175	15.658	15.652	15.994	9.7082	7.1617	
1146	19.167	15.647	15.639	15.991	9.6734	7.1488	
1147	19.16	15.636	15.626	15.987	9.6773	7.1375	
1148	19.153	15.625	15.613	15.993	9.6824	7.1398	
1149	19.146	15.614	15.6	15.982	9.6859	7.1336	
1150	19.138	15.603	15.588	15.971	9.6696	7.1285	
1151	19.131	15.592	15.575	15.973	9.6557	7.1144	
1152	19.124	15.582	15.562	15.974	9.6664	7.1066	
1153	19.117	15.571	15.55	15.967	9.6521	7.0941	
1154	19.11	15.56	15.537	15.961	9.6519	7.0958	
1155	19.102	15.549	15.524	15.966	9.6506	7.0979	
1156	19.095	15.538	15.512	15.955	9.6498	7.0837	
1157	19.088	15.528	15.499	15.955	9.6421	7.0727	
1158	19.081	15.517	15.487	15.956	9.6421	7.0731	
1159	19.074	15.506	15.474	15.96	9.6267	7.0708	
1160	19.067	15.496	15.462	15.957	9.628	7.0722	
1161	19.06	15.485	15.449	15.947	9.6061	7.0769	
1162	19.053	15.474	15.437	15.943	9.6372	7.0503	
1163	19.046	15.464	15.424	15.932	9.6109	7.0423	
1164	19.039	15.453	15.412	15.933	9.5892	7.0355	
1165	19.032	15.443	15.399	15.926	9.6021	7.0251	
1166	19.025	15.432	15.387	15.934	9.5923	7.0232	
1167	19.018	15.422	15.375	15.935	9.6092	7.0307	
1168	19.011	15.411	15.362	15.925	9.5875	7.0159	
1169	19.004	15.401	15.35	15.919	9.579	7.0094	
1170	18.997	15.39	15.338	15.923	9.5874	6.9969	
1171	18.99	15.38	15.325	15.918	9.5745	6.9927	
1172	18.983	15.369	15.313	15.915	9.5753	6.9904	
1173	18.976	15.359	15.301	15.913	9.572	6.9898	
1174	18.97	15.348	15.289	15.912	9.5717	6.9855	
1175	18.963	15.338	15.276	15.911	9.5671	6.9893	
1176	18.956	15.328	15.264	15.909	9.5553	6.9753	
1177	18.949	15.317	15.252	15.913	9.5548	6.9734	
1178	18.942	15.307	15.24	15.902	9.5491	6.9642	
1179	18.935	15.297	15.228	15.902	9.5544	6.9693	
1180	18.929	15.286	15.216	15.901	9.5467	6.9584	
1181	18.922	15.276	15.204	15.901	9.5467	6.9598	
1182	18.915	15.266	15.192	15.894	9.5385	6.9547	
1183	18.909	15.256	15.18	15.897	9.537	6.95	
1184	18.902	15.246	15.168	15.892	9.532	6.9421	
1185	18.895	15.235	15.156	15.883	9.531	6.946	
1186	18.888	15.225	15.144	15.885	9.5219	6.9289	
1187	18.882	15.215	15.132	15.884	9.5224	6.9354	
1188	18.875	15.205	15.12	15.877	9.523	6.9241	
1189	18.869	15.195	15.108	15.882	9.5084	6.9071	
1190	18.862	15.185	15.096	15.876	9.5137	6.9197	
1191	18.855	15.175	15.084	15.87	9.5099	6.9094	
1192	18.849	15.165	15.072	15.871	9.4961	6.8957	
1193	18.842	15.155	15.06	15.868	9.4961	6.8932	
1194	18.836	15.145	15.048	15.862	9.5027	6.9035	
1195	18.829	15.135	15.037	15.874	9.474	6.8908	
1196	18.823	15.125	15.025	15.86	9.4905	6.8699	
1197	18.816	15.115	15.013	15.862	9.4762	6.8911	
1198	18.81	15.105	15.001	15.852	9.4631	6.8864	
1199	18.803	15.095	14.99	15.851	9.477	6.8633	
1200	18.797	15.085	14.978	15.858	9.4625	6.8505	
1201	18.79	15.075	14.966	15.861	9.4796	6.8706	
1202	18.784	15.065	14.955	15.841	9.4636	6.8566	
1203	18.777	15.055	14.943	15.848	9.4582	6.8337	
1204	18.771	15.045	14.931	15.851	9.4464	6.8183	
1205	18.765	15.036	14.92	15.832	9.4472	6.8323	
1206	18.758	15.026	14.908	15.836	9.466	6.8321	
1207	18.752	15.016	14.896	15.846	9.4633	6.8204	
1208	18.745	15.006	14.885	15.832	9.4402	6.8124	
1209	18.739	14.997	14.873	15.836	9.4279	6.8174	
1210	18.733	14.987	14.862	15.829	9.4198	6.7981	
1211	18.726	14.977	14.85	15.824	9.4014	6.7811	
1212	18.72	14.967	14.839	15.822	9.4159	6.7865	
1213	18.714	14.958	14.827	15.831	9.4125	6.7945	
1214	18.708	14.948	14.816	15.818	9.422	6.771	
1215	18.701	14.939	14.805	15.827	9.4065	6.7776	
1216	18.695	14.929	14.793	15.816	9.3902	6.7962	
1217	18.689	14.919	14.782	15.82	9.3945	6.7799	
1218	18.683	14.91	14.77	15.792	9.3676	6.7812	
1219	18.676	14.9	14.759	15.814	9.3787	6.7488	
1220	18.67	14.891	14.748	15.812	9.3724	6.7566	
1221	18.664	14.881	14.736	15.792	9.3678	6.7577	
1222	18.658	14.872	14.725	15.806	9.4041	6.7482	
1223	18.652	14.862	14.714	15.808	9.3612	6.7497	
1224	18.646	14.853	14.702	15.802	9.3661	6.7322	
1225	18.64	14.843	14.691	15.793	9.3623	6.7376	
1226	18.633	14.834	14.68	15.803	9.3763	6.7294	
1227	18.627	14.824	14.669	15.81	9.3589	6.7325	
1228	18.621	14.815	14.658	15.774	9.3448	6.7237	
1229	18.615	14.805	14.646	15.767	9.3236	6.7278	
1230	18.609	14.796	14.635	15.774	9.3573	6.7086	
1231	18.603	14.787	14.624	15.796	9.3605	6.676	
1232	18.597	14.777	14.613	15.789	9.3331	6.7336	
1233	18.591	14.768	14.602	15.803	9.3612	6.6865	
1234	18.585	14.759	14.591	15.779	9.3636	6.7088	
1235	18.579	14.749	14.58	15.762	9.3504	6.6856	
1236	18.573	14.74	14.569	15.776	9.3508	6.7156	
1237	18.567	14.731	14.558	15.771	9.3581	6.6932	
1238	18.561	14.722	14.547	15.803	9.3178	6.7029	
1239	18.555	14.712	14.536	15.735	9.3726	6.7182	
1240	18.549	14.703	14.525	15.732	9.2717	6.6779	
1241	18.543	14.694	14.514	15.745	9.341	6.6356	
1242	18.538	14.685	14.503	15.735	9.3044	6.6996	
1243	18.532	14.676	14.492	15.764	9.3127	6.761	
1244	18.526	14.666	14.481	15.782	9.3076	6.6586	
1245	18.52	14.657	14.47	15.721	9.362	6.5928	
1246	18.514	14.648	14.459	15.748	9.298	6.6041	
1247	18.508	14.639	14.448	15.731	9.2333	6.6094	
1248	18.502	14.63	14.437	15.743	9.2731	6.5843	
1249	18.497	14.621	14.427	15.775	9.2931	6.6536	
1250	18.491	14.612	14.416	15.753	9.3398	6.5861	
1251	18.485	14.603	14.405	15.739	9.2561	6.6486	
1252	18.479	14.594	14.394	15.709	9.2021	6.5795	
1253	18.473	14.585	14.383	15.708	9.3079	6.5872	
1254	18.468	14.576	14.373	15.716	9.2289	6.5936	
1255	18.462	14.567	14.362	15.74	9.2415	6.623	
1256	18.456	14.558	14.351	15.719	9.2629	6.5966	
1257	18.451	14.549	14.341	15.717	9.2216	6.5567	
1258	18.445	14.54	14.33	15.725	9.2458	6.548	
1259	18.439	14.531	14.319	15.694	9.2312	6.5771	
1260	18.434	14.522	14.309	15.709	9.2387	6.553	
1261	18.428	14.513	14.298	15.706	9.2178	6.5473	
1262	18.422	14.504	14.287	15.689	9.2162	6.5425	
1263	18.417	14.496	14.277	15.706	9.2186	6.5313	
1264	18.411	14.487	14.266	15.682	9.2026	6.5444	
1265	18.405	14.478	14.256	15.708	9.2245	6.5324	
1266	18.4	14.469	14.245	15.696	9.2306	6.5176	
1267	18.394	14.46	14.234	15.709	9.2023	6.5414	
1268	18.389	14.452	14.224	15.714	9.2095	6.5453	
1269	18.383	14.443	14.213	15.701	9.2186	6.5538	
1270	18.377	14.434	14.203	15.696	9.198	6.5367	
1271	18.372	14.425	14.193	15.683	9.2039	6.5136	
1272	18.366	14.417	14.182	15.688	9.2189	6.5472	
1273	18.361	14.408	14.172	15.705	9.2243	6.5247	
1274	18.355	14.399	14.161	15.701	9.2005	6.5306	
1275	18.35	14.391	14.151	15.686	9.1823	6.4939	
1276	18.344	14.382	14.14	15.699	9.2087	6.5205	
1277	18.339	14.373	14.13	15.663	9.1993	6.5191	
1278	18.333	14.365	14.12	15.665	9.1892	6.5112	
1279	18.328	14.356	14.109	15.681	9.1589	6.4593	
1280	18.322	14.348	14.099	15.675	9.156	6.4798	
1281	18.317	14.339	14.089	15.682	9.1567	6.4748	
1282	18.312	14.33	14.078	15.676	9.169	6.4949	
1283	18.306	14.322	14.068	15.656	9.1537	6.4527	
1284	18.301	14.313	14.058	15.632	9.1916	6.4591	
1285	18.295	14.305	14.048	15.644	9.1608	6.4782	
1286	18.29	14.296	14.037	15.669	9.1557	6.4463	
1287	18.285	14.288	14.027	15.652	9.1412	6.4697	
1288	18.279	14.279	14.017	15.663	9.1606	6.4591	
1289	18.274	14.271	14.007	15.652	9.1422	6.4344	
1290	18.269	14.262	13.997	15.657	9.1551	6.4376	
1291	18.263	14.254	13.987	15.64	9.1345	6.4164	
1292	18.258	14.246	13.976	15.656	9.1345	6.4736	
1293	18.253	14.237	13.966	15.647	9.1239	6.4379	
1294	18.247	14.229	13.956	15.668	9.1578	6.4281	
1295	18.242	14.22	13.946	15.646	9.1369	6.3954	
1296	18.237	14.212	13.936	15.653	9.1292	6.3926	
1297	18.232	14.204	13.926	15.651	9.0942	6.4387	
1298	18.226	14.195	13.916	15.631	9.1357	6.4042	
1299	18.221	14.187	13.906	15.641	9.0837	6.373	
1300	18.216	14.179	13.896	15.624	9.1037	6.3995	
1301	18.211	14.171	13.886	15.641	9.126	6.3705	
1302	18.206	14.162	13.876	15.611	9.0799	6.4187	
1303	18.2	14.154	13.866	15.637	9.1245	6.3851	
1304	18.195	14.146	13.856	15.648	9.1135	6.3952	
1305	18.19	14.137	13.846	15.652	9.0861	6.3467	
1306	18.185	14.129	13.836	15.629	9.1235	6.3831	
1307	18.18	14.121	13.826	15.62	9.108	6.3954	
1308	18.175	14.113	13.816	15.613	9.0891	6.388	
1309	18.169	14.105	13.806	15.62	9.0991	6.3783	
1310	18.164	14.097	13.797	15.612	9.0767	6.3653	
1311	18.159	14.088	13.787	15.62	9.0461	6.3913	
1312	18.154	14.08	13.777	15.608	9.0606	6.3221	
1313	18.149	14.072	13.767	15.613	9.0866	6.3847	
1314	18.144	14.064	13.757	15.607	9.0596	6.3495	
1315	18.139	14.056	13.747	15.602	9.0327	6.3262	
1316	18.134	14.048	13.738	15.629	8.9941	6.3194	
1317	18.129	14.04	13.728	15.605	9.0557	6.3822	
1318	18.124	14.032	13.718	15.589	9.0545	6.3601	
1319	18.119	14.024	13.708	15.631	9.0479	6.354	
1320	18.114	14.016	13.699	15.574	9.0367	6.3584	
1321	18.109	14.008	13.689	15.612	9.0226	6.3347	
1322	18.104	14	13.679	15.601	8.9983	6.2378	
1323	18.099	13.992	13.67	15.554	9.0135	6.278	
1324	18.094	13.984	13.66	15.608	9.0519	6.2872	
1325	18.089	13.976	13.65	15.621	8.9865	6.3038	
1326	18.084	13.968	13.641	15.629	8.988	6.2721	
1327	18.079	13.96	13.631	15.6	9.0561	6.2622	
1328	18.074	13.952	13.621	15.561	8.9618	6.3632	
1329	18.069	13.944	13.612	15.563	8.9748	6.2771	
1330	18.064	13.936	13.602	15.621	9.0407	6.2531	
1331	18.059	13.928	13.593	15.566	9.0607	6.3246	
1332	18.054	13.92	13.583	15.561	8.9719	6.418	
1333	18.05	13.913	13.574	15.578	9.0236	6.2824	
1334	18.045	13.905	13.564	15.6	8.9906	6.2743	
1335	18.04	13.897	13.555	15.55	9.0051	6.153	
1336	18.035	13.889	13.545	15.537	9.0374	6.3185	
1337	18.03	13.881	13.536	15.618	8.9803	6.1591	
1338	18.025	13.874	13.526	15.535	9.048	6.2468	
1339	18.02	13.866	13.517	15.561	9.032	6.2708	
1340	18.016	13.858	13.507	15.593	9.0077	6.1586	
1341	18.011	13.85	13.498	15.666	8.8259	6.2786	
1342	18.006	13.843	13.489	15.575	8.9248	6.4947	
1343	18.001	13.835	13.479	15.64	9.0003	6.4568	
1344	17.997	13.827	13.47	15.52	9.0383	6.2736	
1345	17.992	13.819	13.46	15.567	9.1261	6.2256	
1346	17.987	13.812	13.451	15.405	8.8527	6.0078	
1347	17.982	13.804	13.442	15.559	9.1196	5.8337	
1348	17.977	13.796	13.432	15.504	9.1334	6.1728	
1349	17.973	13.789	13.423	15.419	9.278	6.2167	
1350	17.968	13.781	13.414	15.265	9.0644	6.2217	
1351	17.963	13.774	13.404	15.503	8.9301	5.9253	
1352	17.959	13.766	13.395	15.455	8.8241	6.3825	
1353	17.954	13.758	13.386	15.547	8.3823	6.2501	
1354	17.949	13.751	13.377	15.469	9.3073	6.3855	
1355	17.945	13.743	13.367	15.712	8.773	5.6078	
1356	17.94	13.736	13.358	15.648	9.1567	6.0752	
1357	17.935	13.728	13.349	15.444	9.0441	6.2724	
1358	17.931	13.721	13.34	16.248	9.371	6.3795	
1359	17.926	13.713	13.331	16.262	8.6908	6.918	
1426	17.635	13.236	12.745	15.655	9.2987	6.337	
1427	17.631	13.229	12.736	15.544	8.6458	6.0444	
1428	17.627	13.222	12.728	15.394	8.841	5.6434	
1429	17.623	13.216	12.72	15.638	8.6618	5.8162	
1430	17.619	13.209	12.712	15.645	8.8034	5.8313	
1431	17.615	13.202	12.703	15.324	8.9254	6.1083	
1432	17.611	13.196	12.695	15.558	8.5618	5.8907	
1433	17.607	13.189	12.687	15.35	8.5981	5.8503	
1434	17.603	13.182	12.678	15.504	8.9164	6.1849	
1435	17.599	13.176	12.67	15.523	8.856	5.7635	
1436	17.595	13.169	12.662	15.531	8.646	5.9371	
1437	17.591	13.162	12.654	15.437	8.9074	5.8618	
1438	17.587	13.156	12.646	15.329	8.6594	5.9473	
1439	17.583	13.149	12.637	15.448	8.7878	5.9026	
1440	17.579	13.143	12.629	15.332	8.7869	5.8234	
1441	17.575	13.136	12.621	15.418	8.6815	6.0523	
1442	17.571	13.129	12.613	15.471	8.6178	5.804	
1443	17.567	13.123	12.605	15.352	8.745	5.9607	
1444	17.563	13.116	12.597	15.461	8.7728	5.754	
1445	17.559	13.11	12.588	15.33	8.7337	5.8418	
1446	17.556	13.103	12.58	15.463	8.6349	5.8148	
1447	17.552	13.097	12.572	15.435	8.7027	5.7187	
1448	17.548	13.09	12.564	15.418	8.6759	5.8657	
1449	17.544	13.084	12.556	15.369	8.7286	5.8616	
1450	17.54	13.077	12.548	15.389	8.7223	5.7667	
1451	17.536	13.071	12.54	15.439	8.6835	5.8613	
1452	17.532	13.064	12.532	15.461	8.7416	5.9121	
1453	17.528	13.058	12.524	15.432	8.7434	5.9344	
1454	17.525	13.051	12.516	15.347	8.6775	5.7013	
1455	17.521	13.045	12.508	15.416	8.7501	5.778	
1456	17.517	13.038	12.5	15.442	8.7139	5.8162	
1457	17.513	13.032	12.492	15.384	8.5911	5.8161	
1458	17.509	13.025	12.484	15.382	8.7003	5.8269	
1459	17.505	13.019	12.476	15.364	8.5653	5.7475	
1460	17.501	13.013	12.468	15.406	8.6329	5.8577	
1461	17.498	13.006	12.46	15.425	8.6263	5.8131	
1462	17.494	13	12.452	15.392	8.6402	5.8205	
1463	17.49	12.993	12.444	15.378	8.6426	5.7707	
1464	17.486	12.987	12.436	15.356	8.6674	5.7556	
1465	17.483	12.981	12.428	15.367	8.7009	5.7782	
1466	17.479	12.974	12.42	15.362	8.5979	5.8152	
1467	17.475	12.968	12.412	15.382	8.6242	5.8072	
1468	17.471	12.962	12.404	15.351	8.6378	5.7845	
1469	17.467	12.955	12.397	15.375	8.6157	5.7777	
1470	17.464	12.949	12.389	15.368	8.6027	5.7829	
1471	17.46	12.943	12.381	15.371	8.6274	5.7814	
1472	17.456	12.937	12.373	15.372	8.6286	5.7604	
1473	17.453	12.93	12.365	15.361	8.64	5.7729	
1474	17.449	12.924	12.357	15.364	8.6233	5.7729	
1475	17.445	12.918	12.35	15.367	8.6216	5.7631	
1476	17.441	12.911	12.342	15.361	8.6167	5.7547	
1477	17.438	12.905	12.334	15.367	8.6407	5.7684	
1478	17.434	12.899	12.326	15.372	8.6251	5.7501	
1479	17.43	12.893	12.318	15.364	8.6199	5.7574	
1480	17.427	12.887	12.311	15.365	8.6238	5.7479	
1481	17.423	12.88	12.303	15.366	8.6113	5.7261	
1482	17.419	12.874	12.295	15.361	8.6283	5.7517	
1483	17.416	12.868	12.288	15.362	8.62	5.7472	
1484	17.412	12.862	12.28	15.378	8.6195	5.7384	
1485	17.408	12.856	12.272	15.355	8.6304	5.737	
1486	17.405	12.85	12.264	15.356	8.5946	5.6973	
1487	17.401	12.843	12.257	15.348	8.6228	5.7008	
1488	17.397	12.837	12.249	15.36	8.6145	5.7232	
1489	17.394	12.831	12.241	15.361	8.6151	5.7038	
1490	17.39	12.825	12.234	15.362	8.5895	5.747	
1491	17.387	12.819	12.226	15.345	8.6053	5.698	
1492	17.383	12.813	12.219	15.351	8.5961	5.7165	
1493	17.379	12.807	12.211	15.341	8.5614	5.7088	
1494	17.376	12.801	12.203	15.341	8.5719	5.697	
1495	17.372	12.795	12.196	15.332	8.5697	5.6877	
1496	17.369	12.789	12.188	15.36	8.6007	5.7053	
1497	17.365	12.783	12.181	15.331	8.5842	5.694	
1498	17.362	12.776	12.173	15.364	8.5808	5.6957	
1499	17.358	12.77	12.165	15.346	8.5729	5.7135	
1500	17.354	12.764	12.158	15.338	8.5688	5.6944	
1501	17.351	12.758	12.15	15.324	8.5615	5.6481	
1502	17.347	12.752	12.143	15.341	8.5663	5.6767	
1503	17.344	12.746	12.135	15.337	8.5858	5.6658	
1504	17.34	12.74	12.128	15.331	8.5525	5.6375	
1505	17.337	12.734	12.12	15.336	8.5556	5.6753	
1506	17.333	12.729	12.113	15.327	8.5511	5.6423	
1507	17.33	12.723	12.105	15.311	8.5398	5.6658	
1508	17.326	12.717	12.098	15.308	8.5416	5.6703	
1509	17.323	12.711	12.09	15.345	8.5427	5.6533	
1510	17.319	12.705	12.083	15.333	8.5601	5.6374	
1511	17.316	12.699	12.075	15.339	8.555	5.6471	
1512	17.312	12.693	12.068	15.33	8.5822	5.6517	
1513	17.309	12.687	12.061	15.364	8.5032	5.6648	
1514	17.306	12.681	12.053	15.322	8.5396	5.6835	
1515	17.302	12.675	12.046	15.295	8.5603	5.6483	
1516	17.299	12.669	12.038	15.318	8.5056	5.6522	
1517	17.295	12.663	12.031	15.315	8.5658	5.6102	
1518	17.292	12.658	12.024	15.295	8.5482	5.6359	
1519	17.288	12.652	12.016	15.297	8.5464	5.6432	
1520	17.285	12.646	12.009	15.291	8.534	5.6375	
1521	17.282	12.64	12.002	15.314	8.4871	5.5673	
1522	17.278	12.634	11.994	15.294	8.5187	5.5965	
1523	17.275	12.628	11.987	15.298	8.5355	5.6022	
1524	17.271	12.623	11.98	15.33	8.5488	5.6586	
1525	17.268	12.617	11.972	15.314	8.5414	5.6269	
1526	17.265	12.611	11.965	15.292	8.5151	5.6013	
1527	17.261	12.605	11.958	15.3	8.528	5.6024	
1528	17.258	12.599	11.951	15.288	8.5465	5.6141	
1529	17.254	12.594	11.943	15.293	8.4942	5.5902	
1530	17.251	12.588	11.936	15.303	8.5058	5.6026	
1531	17.248	12.582	11.929	15.28	8.4914	5.604	
1532	17.244	12.576	11.921	15.308	8.4916	5.603	
1533	17.241	12.571	11.914	15.284	8.4702	5.5967	
1534	17.238	12.565	11.907	15.305	8.4793	5.6376	
1535	17.234	12.559	11.9	15.298	8.4926	5.5712	
1536	17.231	12.554	11.893	15.276	8.4891	5.5791	
1537	17.228	12.548	11.885	15.283	8.4941	5.5846	
1538	17.224	12.542	11.878	15.277	8.5252	5.5789	
1539	17.221	12.537	11.871	15.294	8.4816	5.577	
1540	17.218	12.531	11.864	15.287	8.4628	5.578	
1541	17.215	12.525	11.857	15.275	8.4525	5.5494	
1542	17.211	12.52	11.85	15.281	8.4651	5.5754	
1543	17.208	12.514	11.843	15.279	8.4722	5.544	
1544	17.205	12.508	11.835	15.282	8.4897	5.5788	
1545	17.201	12.503	11.828	15.263	8.493	5.5536	
1546	17.198	12.497	11.821	15.278	8.4662	5.5539	
1547	17.195	12.491	11.814	15.274	8.4734	5.5453	
1548	17.192	12.486	11.807	15.277	8.4642	5.5399	
1549	17.188	12.48	11.8	15.277	8.4838	5.5347	
1550	17.185	12.475	11.793	15.282	8.4621	5.5433	
1551	17.182	12.469	11.786	15.26	8.4848	5.5405	
1552	17.179	12.463	11.779	15.272	8.4641	5.5476	
1553	17.175	12.458	11.772	15.253	8.4528	5.5522	
1554	17.172	12.452	11.765	15.262	8.4672	5.5335	
1555	17.169	12.447	11.758	15.281	8.442	5.52	
1556	17.166	12.441	11.751	15.259	8.4567	5.5561	
1557	17.163	12.436	11.744	15.253	8.4481	5.5181	
1558	17.159	12.43	11.737	15.256	8.4504	5.5207	
1559	17.156	12.425	11.73	15.276	8.4324	5.4932	
1560	17.153	12.419	11.723	15.271	8.4614	5.517	
1561	17.15	12.414	11.716	15.28	8.463	5.5073	
1562	17.147	12.408	11.709	15.286	8.4263	5.5184	
1563	17.144	12.403	11.702	15.246	8.4494	5.5213	
1564	17.14	12.397	11.695	15.253	8.4738	5.4959	
1565	17.137	12.392	11.688	15.26	8.475	5.4892	
1566	17.134	12.386	11.681	15.25	8.4211	5.471	
1567	17.131	12.381	11.674	15.272	8.4036	5.5013	
1568	17.128	12.375	11.667	15.254	8.4459	5.5132	
1569	17.125	12.37	11.66	15.273	8.4673	5.5183	
1570	17.121	12.365	11.653	15.258	8.4541	5.5109	
1571	17.118	12.359	11.646	15.251	8.43	5.5032	
1572	17.115	12.354	11.64	15.247	8.4216	5.516	
1573	17.112	12.348	11.633	15.253	8.4038	5.4898	
1574	17.109	12.343	11.626	15.271	8.4254	5.4739	
1575	17.106	12.338	11.619	15.231	8.4078	5.4942	
1576	17.103	12.332	11.612	15.249	8.3978	5.4296	
1577	17.1	12.327	11.605	15.217	8.3749	5.4756	
1578	17.097	12.321	11.598	15.237	8.4288	5.4607	
1579	17.094	12.316	11.592	15.228	8.4205	5.4795	
1580	17.09	12.311	11.585	15.239	8.3869	5.4487	
1581	17.087	12.305	11.578	15.234	8.4189	5.4105	
1582	17.084	12.3	11.571	15.257	8.4008	5.48	
1583	17.081	12.295	11.564	15.226	8.4345	5.4544	
1584	17.078	12.289	11.558	15.259	8.3606	5.4227	
1585	17.075	12.284	11.551	15.244	8.4289	5.4566	
1586	17.072	12.279	11.544	15.233	8.3734	5.502	
1587	17.069	12.274	11.537	15.238	8.4237	5.4611	
1588	17.066	12.268	11.531	15.245	8.3774	5.3926	
1589	17.063	12.263	11.524	15.215	8.3875	5.4566	
1590	17.06	12.258	11.517	15.228	8.3519	5.4219	
1591	17.057	12.252	11.511	15.219	8.3652	5.442	
1592	17.054	12.247	11.504	15.22	8.4063	5.4059	
1593	17.051	12.242	11.497	15.242	8.3902	5.4055	
1594	17.048	12.237	11.49	15.227	8.3533	5.4718	
1595	17.045	12.231	11.484	15.251	8.3693	5.388	
1596	17.042	12.226	11.477	15.218	8.396	5.4089	
1597	17.039	12.221	11.47	15.224	8.3787	5.4234	
1598	17.036	12.216	11.464	15.233	8.3674	5.3693	
1599	17.033	12.211	11.457	15.229	8.3583	5.4027	
1600	17.03	12.205	11.451	15.215	8.372	5.3582	
1601	17.027	12.2	11.444	15.245	8.3609	5.4297	
1602	17.024	12.195	11.437	15.238	8.3485	5.3855	
1603	17.021	12.19	11.431	15.243	8.3307	5.3756	
1604	17.018	12.185	11.424	15.231	8.3665	5.3766	
1605	17.015	12.18	11.417	15.219	8.355	5.4195	
1606	17.012	12.174	11.411	15.218	8.3515	5.381	
1607	17.009	12.169	11.404	15.236	8.3546	5.3807	
1608	17.006	12.164	11.398	15.198	8.3743	5.3834	
1609	17.004	12.159	11.391	15.209	8.3542	5.3865	
1610	17.001	12.154	11.385	15.217	8.3669	5.3679	
1611	16.998	12.149	11.378	15.223	8.3448	5.3933	
1612	16.995	12.144	11.372	15.243	8.3307	5.3638	
1613	16.992	12.139	11.365	15.178	8.3644	5.3728	
1614	16.989	12.133	11.358	15.202	8.361	5.4227	
1615	16.986	12.128	11.352	15.227	8.3397	5.3958	
1616	16.983	12.123	11.345	15.22	8.3127	5.3666	
1617	16.98	12.118	11.339	15.246	8.3553	5.3936	
1618	16.977	12.113	11.332	15.226	8.3236	5.3726	
1619	16.975	12.108	11.326	15.199	8.3466	5.3731	
1620	16.972	12.103	11.32	15.181	8.3603	5.3781	
1621	16.969	12.098	11.313	15.208	8.3253	5.3494	
1622	16.966	12.093	11.307	15.178	8.3112	5.3902	
1623	16.963	12.088	11.3	15.171	8.3181	5.3343	
1624	16.96	12.083	11.294	15.213	8.3478	5.3601	
1625	16.957	12.078	11.287	15.221	8.3268	5.3138	
1626	16.955	12.073	11.281	15.189	8.3195	5.3457	
1627	16.952	12.068	11.274	15.194	8.2845	5.3273	
1628	16.949	12.063	11.268	15.187	8.3499	5.3401	
1629	16.946	12.058	11.262	15.19	8.342	5.3735	
1630	16.943	12.053	11.255	15.179	8.3391	5.3371	
1631	16.94	12.048	11.249	15.173	8.3154	5.3855	
1632	16.938	12.043	11.242	15.186	8.35	5.3166	
1633	16.935	12.038	11.236	15.203	8.3497	5.3381	
1634	16.932	12.033	11.23	15.171	8.297	5.3258	
1635	16.929	12.028	11.223	15.194	8.3312	5.3287	
1636	16.926	12.023	11.217	15.188	8.3212	5.3036	
1637	16.924	12.018	11.211	15.199	8.3059	5.3668	
1638	16.921	12.013	11.204	15.222	8.2801	5.3259	
1639	16.918	12.008	11.198	15.182	8.3194	5.2974	
1640	16.915	12.004	11.192	15.173	8.2818	5.3281	
1641	16.913	11.999	11.185	15.175	8.354	5.2891	
1642	16.91	11.994	11.179	15.205	8.2703	5.335	
1643	16.907	11.989	11.173	15.19	8.3112	5.2849	
1644	16.904	11.984	11.167	15.187	8.2906	5.3078	
1645	16.902	11.979	11.16	15.188	8.2927	5.329	
1646	16.899	11.974	11.154	15.208	8.31	5.2496	
1647	16.896	11.969	11.148	15.15	8.3281	5.3322	
1648	16.893	11.965	11.141	15.196	8.214	5.2562	
1649	16.891	11.96	11.135	15.203	8.3041	5.32	
1650	16.888	11.955	11.129	15.183	8.3097	5.3172	
1651	16.885	11.95	11.123	15.183	8.2823	5.2789	
1652	16.882	11.945	11.117	15.167	8.2903	5.2806	
1653	16.88	11.94	11.11	15.222	8.273	5.3132	
1654	16.877	11.936	11.104	15.187	8.2721	5.3	
1655	16.874	11.931	11.098	15.181	8.3124	5.2674	
1656	16.872	11.926	11.092	15.178	8.2858	5.2886	
1657	16.869	11.921	11.086	15.182	8.2736	5.2715	
1658	16.866	11.916	11.079	15.168	8.2909	5.2684	
1659	16.863	11.912	11.073	15.198	8.2389	5.2994	
1660	16.861	11.907	11.067	15.134	8.2013	5.3163	
1661	16.858	11.902	11.061	15.18	8.22	5.277	
1662	16.855	11.897	11.055	15.141	8.2754	5.2561	
1663	16.853	11.893	11.049	15.16	8.3068	5.3083	
1664	16.85	11.888	11.042	15.139	8.2076	5.1903	
1665	16.847	11.883	11.036	15.134	8.2768	5.2901	
1666	16.845	11.878	11.03	15.203	8.2376	5.2267	
1667	16.842	11.874	11.024	15.116	8.178	5.2636	
1668	16.839	11.869	11.018	15.094	8.2587	5.2816	
1669	16.837	11.864	11.012	15.177	8.2221	5.1642	
1670	16.834	11.859	11.006	15.177	8.3188	5.28	
1671	16.832	11.855	11	15.144	8.2985	5.1962	
1672	16.829	11.85	10.994	15.205	8.2434	5.1552	
1673	16.826	11.845	10.988	15.194	8.2671	5.2595	
1674	16.824	11.841	10.982	15.196	8.273	5.2443	
1675	16.821	11.836	10.975	15.123	8.1082	5.2754	
1676	16.818	11.831	10.969	15.177	8.2951	5.2414	
1677	16.816	11.827	10.963	15.141	8.2686	5.3115	
1678	16.813	11.822	10.957	15.131	8.1656	5.2901	
1679	16.811	11.817	10.951	15.153	8.2106	5.2576	
1680	16.808	11.813	10.945	15.136	8.2649	5.3272	
1681	16.805	11.808	10.939	15.15	8.3289	5.2473	
1682	16.803	11.804	10.933	15.105	8.2398	5.2015	
1683	16.8	11.799	10.927	15.132	8.2922	5.1972	
1684	16.798	11.794	10.921	15.112	8.2552	5.3479	
1685	16.795	11.79	10.915	15.14	8.0623	5.0309	
1686	16.793	11.785	10.909	15.254	8.287	5.2897	
1687	16.79	11.78	10.903	15.066	8.3556	5.4453	
1688	16.787	11.776	10.897	15.075	8.27	5.2045	
1689	16.785	11.771	10.891	15.151	8.2085	5.0922	
1690	16.782	11.767	10.886	15.044	8.425	5.2279	
1691	16.78	11.762	10.88	15.226	8.1621	5.1941	
1692	16.777	11.758	10.874	15.228	8.4692	5.2754	
1693	16.775	11.753	10.868	14.99	8.3545	5.5722	
1694	16.772	11.748	10.862	14.9	8.082	5.2263	
1695	16.77	11.744	10.856	15.192	8.4939	5.4261	
1696	16.767	11.739	10.85	15.082	8.2301	5.4347	
1697	16.764	11.735	10.844	15.142	8.3357	5.437	
1698	16.762	11.73	10.838	14.719	8.2576	4.9981	
1699	16.759	11.726	10.832	14.916	8.6842	5.3629	
1700	16.757	11.721	10.826	14.932	8.1696	5.1826	
