	65	70	75	65	70	75	
300	42.978	44.536	46.228	37.511	37.209	37.514	
301	43.178	44.821	46.591	37.295	36.907	37.453	
302	43.386	45.116	46.967	37.087	36.772	37.279	
303	43.604	45.421	47.357	37.019	36.553	37.024	
304	43.83	45.737	47.761	36.99	36.489	37.052	
305	44.063	46.062	48.179	36.884	36.423	36.867	
306	44.305	46.397	48.611	36.614	36.185	36.77	
307	44.554	46.741	49.058	36.511	36.277	36.641	
308	44.809	47.095	49.518	36.334	36.128	36.541	
309	45.071	47.457	49.994	36.365	35.959	36.377	
310	45.339	47.827	50.484	36.171	35.873	36.379	
311	45.613	48.206	50.988	36.159	35.715	36.319	
312	45.891	48.592	51.507	36.209	35.719	36.207	
313	46.175	48.987	52.041	35.89	35.526	36.139	
314	46.463	49.388	52.589	35.955	35.547	35.953	
315	46.756	49.796	53.152	35.892	35.364	35.909	
316	47.052	50.21	53.729	35.798	35.418	35.815	
317	47.351	50.63	54.319	35.661	35.298	35.754	
318	47.653	51.055	54.924	35.561	35.153	35.59	
319	47.957	51.485	55.54	35.518	35.053	35.611	
320	48.264	51.919	56.17	35.535	35.035	35.459	
321	48.572	52.356	56.81	35.427	34.977	35.375	
322	48.881	52.796	57.461	35.393	34.901	35.332	
323	49.19	53.238	58.122	35.355	34.78	35.278	
324	49.5	53.681	58.791	35.23	34.786	35.152	
325	49.808	54.124	59.466	35.241	34.578	35.091	
326	50.116	54.565	60.146	35.155	34.568	35.032	
327	50.422	55.005	60.829	35.062	34.546	34.927	
328	50.726	55.442	61.513	35.028	34.498	34.847	
329	51.026	55.874	62.196	34.999	34.432	34.774	
330	51.323	56.3	62.874	35.011	34.459	34.767	
331	51.616	56.72	63.545	34.888	34.365	34.712	
332	51.903	57.131	64.206	34.842	34.23	34.555	
333	52.185	57.533	64.854	34.885	34.182	34.577	
334	52.461	57.923	65.484	34.798	34.161	34.525	
335	52.73	58.301	66.093	34.731	34.097	34.447	
336	52.991	58.665	66.676	34.609	34.041	34.358	
337	53.243	59.013	67.23	34.687	34.006	34.353	
338	53.487	59.344	67.75	34.632	33.962	34.303	
339	53.72	59.656	68.231	34.529	33.832	34.23	
340	53.943	59.948	68.669	34.579	33.724	34.179	
341	54.155	60.22	69.06	34.486	33.766	34.165	
342	54.355	60.468	69.4	34.466	33.725	34.1	
343	54.542	60.692	69.684	34.549	33.733	34.023	
344	54.717	60.892	69.911	34.521	33.702	33.95	
345	54.877	61.065	70.076	34.424	33.661	33.933	
346	55.024	61.211	70.179	34.455	33.622	33.892	
347	55.155	61.329	70.218	34.458	33.593	33.865	
348	55.271	61.417	70.193	34.377	33.616	33.812	
349	55.37	61.476	70.104	34.389	33.625	33.81	
350	55.453	61.504	69.951	34.388	33.625	33.767	
351	55.518	61.501	69.737	34.35	33.524	33.743	
352	55.564	61.466	69.463	34.396	33.574	33.8	
353	55.592	61.398	69.131	34.351	33.52	33.614	
354	55.601	61.297	68.744	34.458	33.583	33.722	
355	55.59	61.163	68.304	34.599	33.444	33.575	
356	55.559	60.997	67.816	34.579	33.535	33.58	
357	55.51	60.8	67.282	34.514	33.694	33.653	
358	55.444	60.574	66.707	34.45	33.599	33.561	
359	55.362	60.322	66.099	34.557	33.626	33.604	
360	55.267	60.049	65.463	34.568	33.602	33.533	
361	55.163	59.76	64.809	34.519	33.534	33.614	
362	55.054	59.461	64.147	34.468	33.471	33.318	
363	54.942	59.157	63.484	34.502	33.373	33.27	
364	54.832	58.854	62.83	34.485	33.406	33.141	
365	54.725	58.555	62.193	34.48	33.239	33.257	
366	54.622	58.265	61.577	34.43	33.18	32.916	
367	54.525	57.985	60.988	34.217	33.026	32.627	
368	54.435	57.716	60.427	34.2	33.006	32.484	
369	54.351	57.461	59.897	34.034	32.568	32.257	
370	54.274	57.219	59.399	33.841	32.395	31.955	
371	54.199	56.986	58.928	33.737	32.227	31.762	
372	54.126	56.761	58.482	33.555	32.089	31.437	
373	54.053	56.542	58.058	33.39	31.779	31.262	
374	53.979	56.327	57.653	33.076	31.523	30.992	
375	53.902	56.114	57.266	32.972	31.289	30.557	
376	53.822	55.904	56.894	32.744	31.026	30.281	
377	53.737	55.695	56.536	32.512	30.758	29.935	
378	53.649	55.487	56.191	32.361	30.452	29.755	
379	53.556	55.279	55.858	32.152	30.302	29.525	
380	53.458	55.071	55.534	31.847	30.094	29.22	
381	53.355	54.861	55.217	31.78	29.805	28.874	
382	53.247	54.651	54.909	31.618	29.702	28.718	
383	53.133	54.439	54.608	31.407	29.37	28.494	
384	53.015	54.228	54.313	31.178	29.194	28.195	
385	52.893	54.016	54.025	31.074	29.021	28.069	
386	52.767	53.804	53.745	30.864	28.789	27.848	
387	52.636	53.591	53.469	30.652	28.633	27.637	
388	52.502	53.379	53.199	30.583	28.41	27.476	
389	52.364	53.166	52.934	30.461	28.307	27.256	
390	52.223	52.953	52.674	30.26	28.108	27.05	
391	52.079	52.741	52.42	30.191	27.915	26.895	
392	51.932	52.529	52.17	29.981	27.735	26.665	
393	51.782	52.318	51.924	29.878	27.587	26.582	
394	51.63	52.107	51.681	29.682	27.397	26.4	
395	51.475	51.896	51.443	29.63	27.355	26.298	
396	51.318	51.686	51.209	29.422	27.142	26.077	
397	51.159	51.476	50.978	29.335	27.036	25.925	
398	50.998	51.267	50.75	29.275	26.882	25.776	
399	50.835	51.058	50.526	29.093	26.69	25.637	
400	50.671	50.851	50.305	29.072	26.6	25.423	
401	50.505	50.644	50.086	28.922	26.451	25.337	
402	50.338	50.438	49.871	28.768	26.379	25.181	
403	50.171	50.233	49.659	28.682	26.196	25.041	
404	50.002	50.029	49.449	28.573	26.143	24.894	
405	49.833	49.827	49.242	28.511	25.929	24.83	
406	49.663	49.625	49.038	28.418	25.831	24.647	
407	49.492	49.425	48.836	28.306	25.691	24.585	
408	49.322	49.226	48.638	28.204	25.67	24.441	
409	49.151	49.028	48.441	28.091	25.533	24.21	
410	48.981	48.832	48.248	28.031	25.423	24.179	
411	48.81	48.638	48.056	27.868	25.362	24.088	
412	48.64	48.445	47.868	27.819	25.199	23.977	
413	48.47	48.253	47.682	27.751	25.068	23.815	
414	48.301	48.064	47.498	27.647	25.046	23.779	
415	48.132	47.876	47.317	27.567	24.906	23.666	
416	47.964	47.69	47.138	27.436	24.81	23.564	
417	47.797	47.505	46.962	27.395	24.667	23.442	
418	47.63	47.323	46.788	27.242	24.576	23.314	
419	47.464	47.142	46.616	27.24	24.539	23.278	
420	47.299	46.962	46.446	27.177	24.391	23.051	
421	47.135	46.785	46.279	26.993	24.277	23.05	
422	46.972	46.609	46.114	27.016	24.164	22.99	
423	46.81	46.435	45.951	26.934	24.088	22.879	
424	46.649	46.263	45.79	26.867	24.049	22.714	
425	46.488	46.093	45.631	26.755	23.89	22.644	
426	46.329	45.924	45.474	26.651	23.86	22.58	
427	46.171	45.757	45.32	26.553	23.755	22.538	
428	46.015	45.592	45.167	26.479	23.663	22.372	
429	45.859	45.429	45.016	26.519	23.569	22.282	
430	45.704	45.267	44.867	26.369	23.426	22.284	
431	45.551	45.107	44.72	26.264	23.503	22.162	
432	45.399	44.948	44.574	26.276	23.311	21.984	
433	45.248	44.791	44.431	26.141	23.339	21.941	
434	45.098	44.636	44.289	26.086	23.175	21.795	
435	44.949	44.482	44.148	26.006	23.033	21.804	
436	44.801	44.33	44.01	25.973	22.899	21.543	
437	44.655	44.18	43.873	25.893	22.922	21.617	
438	44.51	44.031	43.738	25.872	22.893	21.469	
439	44.366	43.883	43.604	25.71	22.818	21.435	
440	44.223	43.737	43.472	25.695	22.639	21.343	
441	44.081	43.593	43.341	25.63	22.648	21.261	
442	43.941	43.45	43.212	25.588	22.648	21.104	
443	43.801	43.308	43.084	25.507	22.442	21.184	
444	43.663	43.168	42.957	25.556	22.424	20.985	
445	43.526	43.029	42.832	25.392	22.277	20.91	
446	43.391	42.892	42.708	25.234	22.293	20.863	
447	43.256	42.756	42.586	25.292	22.112	20.749	
448	43.122	42.621	42.465	25.195	22.141	20.723	
449	42.99	42.487	42.345	25.183	22.026	20.627	
450	42.859	42.355	42.227	25.118	21.916	20.654	
451	42.729	42.224	42.109	25.118	21.857	20.554	
452	42.6	42.095	41.993	25.026	21.784	20.444	
453	42.472	41.967	41.878	24.922	21.755	20.443	
454	42.345	41.839	41.764	24.835	21.684	20.273	
455	42.219	41.714	41.652	24.769	21.671	20.279	
456	42.094	41.589	41.54	24.72	21.58	20.095	
457	41.971	41.465	41.43	24.709	21.546	20.092	
458	41.848	41.343	41.32	24.66	21.441	20.062	
459	41.727	41.222	41.212	24.663	21.481	19.975	
460	41.607	41.102	41.105	24.545	21.331	19.906	
461	41.487	40.983	40.998	24.62	21.233	19.818	
462	41.369	40.865	40.893	24.431	21.183	19.772	
463	41.251	40.748	40.789	24.46	21.21	19.722	
464	41.135	40.632	40.686	24.327	21.031	19.609	
465	41.02	40.517	40.583	24.36	21.017	19.608	
466	40.905	40.404	40.482	24.267	20.954	19.454	
467	40.792	40.291	40.381	24.206	20.854	19.484	
468	40.679	40.179	40.282	24.17	20.799	19.396	
469	40.568	40.068	40.183	24.092	20.77	19.34	
470	40.457	39.959	40.085	24.061	20.699	19.193	
471	40.347	39.85	39.988	24.012	20.652	19.217	
472	40.239	39.742	39.892	23.934	20.679	19.142	
473	40.131	39.635	39.797	23.947	20.517	19.035	
474	40.024	39.529	39.702	23.908	20.509	19.076	
475	39.918	39.424	39.608	23.846	20.472	18.955	
476	39.813	39.32	39.515	23.824	20.439	18.928	
477	39.708	39.216	39.423	23.74	20.279	18.806	
478	39.605	39.114	39.332	23.684	20.28	18.775	
479	39.502	39.012	39.241	23.667	20.197	18.72	
480	39.401	38.911	39.151	23.599	20.142	18.638	
481	39.3	38.811	39.062	23.572	20.093	18.615	
482	39.2	38.712	38.973	23.495	20.1	18.561	
483	39.1	38.614	38.885	23.543	20.037	18.524	
484	39.002	38.516	38.798	23.447	19.952	18.437	
485	38.904	38.419	38.711	23.405	19.904	18.479	
486	38.807	38.323	38.625	23.388	19.787	18.36	
487	38.711	38.228	38.54	23.308	19.783	18.254	
488	38.616	38.133	38.456	23.318	19.714	18.213	
489	38.521	38.039	38.372	23.228	19.691	18.178	
490	38.427	37.946	38.288	23.239	19.606	18.185	
491	38.334	37.854	38.206	23.162	19.598	18.078	
492	38.242	37.762	38.123	23.125	19.513	18.036	
493	38.15	37.671	38.042	23.098	19.505	17.975	
494	38.059	37.581	37.961	23.049	19.475	17.976	
495	37.969	37.491	37.881	23.039	19.452	17.877	
496	37.879	37.402	37.801	22.991	19.38	17.876	
497	37.79	37.314	37.721	22.952	19.303	17.874	
498	37.702	37.226	37.643	22.922	19.281	17.787	
499	37.615	37.139	37.565	22.888	19.204	17.73	
500	37.528	37.053	37.487	22.873	19.164	17.653	
501	37.442	36.967	37.41	22.799	19.155	17.607	
502	37.356	36.882	37.333	22.748	19.072	17.553	
503	37.271	36.797	37.257	22.745	19.08	17.515	
504	37.187	36.713	37.181	22.67	18.989	17.461	
505	37.103	36.63	37.106	22.66	18.966	17.426	
506	37.02	36.547	37.032	22.59	18.9	17.357	
507	36.938	36.465	36.957	22.573	18.858	17.36	
508	36.856	36.383	36.884	22.544	18.831	17.264	
509	36.774	36.302	36.811	22.54	18.784	17.234	
510	36.694	36.221	36.738	22.464	18.744	17.185	
511	36.614	36.141	36.665	22.441	18.672	17.172	
512	36.534	36.062	36.593	22.411	18.653	17.095	
513	36.455	35.983	36.522	22.38	18.604	17.039	
514	36.377	35.904	36.451	22.329	18.581	17.008	
515	36.299	35.826	36.38	22.323	18.521	16.956	
516	36.222	35.749	36.31	22.272	18.488	16.925	
517	36.145	35.672	36.24	22.233	18.453	16.889	
518	36.069	35.595	36.171	22.213	18.429	16.8	
519	35.993	35.519	36.102	22.156	18.383	16.8	
520	35.918	35.444	36.034	22.155	18.329	16.783	
521	35.843	35.369	35.965	22.107	18.281	16.705	
522	35.769	35.294	35.898	22.082	18.236	16.682	
523	35.696	35.22	35.83	22.044	18.197	16.633	
524	35.622	35.147	35.763	22.008	18.175	16.576	
525	35.55	35.073	35.697	21.973	18.11	16.541	
526	35.478	35.001	35.63	21.948	18.101	16.479	
527	35.406	34.928	35.564	21.919	18.041	16.467	
528	35.335	34.857	35.499	21.871	18.015	16.444	
529	35.264	34.785	35.434	21.848	17.935	16.346	
530	35.194	34.714	35.369	21.807	17.963	16.332	
531	35.124	34.644	35.304	21.787	17.894	16.282	
532	35.055	34.573	35.24	21.792	17.872	16.249	
533	34.986	34.504	35.176	21.715	17.836	16.21	
534	34.917	34.434	35.113	21.688	17.765	16.173	
535	34.849	34.365	35.049	21.675	17.736	16.118	
536	34.782	34.297	34.987	21.642	17.728	16.071	
537	34.715	34.229	34.924	21.635	17.67	16.051	
538	34.648	34.161	34.862	21.595	17.649	16.008	
539	34.582	34.093	34.8	21.569	17.626	15.99	
540	34.516	34.027	34.738	21.55	17.587	15.938	
541	34.45	33.96	34.677	21.51	17.537	15.923	
542	34.385	33.894	34.616	21.482	17.509	15.858	
543	34.321	33.828	34.555	21.476	17.461	15.814	
544	34.256	33.762	34.495	21.431	17.422	15.773	
545	34.193	33.697	34.435	21.41	17.437	15.761	
546	34.129	33.632	34.375	21.352	17.352	15.71	
547	34.066	33.568	34.315	21.367	17.317	15.707	
548	34.003	33.503	34.256	21.329	17.285	15.648	
549	33.941	33.44	34.197	21.326	17.238	15.622	
550	33.879	33.376	34.138	21.261	17.228	15.591	
551	33.818	33.313	34.08	21.239	17.193	15.54	
552	33.756	33.25	34.022	21.241	17.157	15.508	
553	33.696	33.188	33.964	21.207	17.129	15.477	
554	33.635	33.126	33.906	21.168	17.077	15.44	
555	33.575	33.064	33.849	21.16	17.056	15.395	
556	33.515	33.002	33.792	21.131	17.016	15.362	
557	33.456	32.941	33.735	21.103	16.947	15.317	
558	33.397	32.88	33.678	21.084	16.962	15.3	
559	33.338	32.82	33.622	21.046	16.928	15.278	
560	33.28	32.76	33.566	21.019	16.886	15.228	
561	33.222	32.7	33.51	21.007	16.84	15.186	
562	33.164	32.64	33.454	21	16.812	15.184	
563	33.107	32.581	33.399	20.961	16.801	15.133	
564	33.05	32.522	33.344	20.944	16.75	15.126	
565	32.993	32.463	33.289	20.9	16.721	15.064	
566	32.937	32.404	33.234	20.879	16.684	15.074	
567	32.881	32.346	33.18	20.845	16.66	15.01	
568	32.825	32.288	33.126	20.818	16.626	14.969	
569	32.769	32.231	33.072	20.805	16.591	14.939	
570	32.714	32.173	33.018	20.791	16.566	14.891	
571	32.659	32.116	32.964	20.756	16.54	14.877	
572	32.605	32.06	32.911	20.734	16.528	14.866	
573	32.551	32.003	32.858	20.719	16.489	14.815	
574	32.497	31.947	32.805	20.685	16.473	14.755	
575	32.443	31.891	32.753	20.662	16.434	14.74	
576	32.39	31.835	32.7	20.631	16.404	14.719	
577	32.337	31.78	32.648	20.644	16.385	14.694	
578	32.284	31.724	32.596	20.618	16.331	14.681	
579	32.232	31.669	32.544	20.576	16.316	14.62	
580	32.179	31.615	32.493	20.577	16.277	14.621	
581	32.128	31.56	32.441	20.535	16.251	14.584	
582	32.076	31.506	32.39	20.524	16.22	14.522	
583	32.025	31.452	32.339	20.504	16.18	14.507	
584	31.973	31.398	32.288	20.492	16.17	14.517	
585	31.923	31.345	32.238	20.442	16.155	14.449	
586	31.872	31.292	32.187	20.431	16.123	14.417	
587	31.822	31.239	32.137	20.436	16.098	14.362	
588	31.772	31.186	32.087	20.408	16.07	14.357	
589	31.722	31.133	32.037	20.364	16.041	14.332	
590	31.672	31.081	31.988	20.345	16.005	14.287	
591	31.623	31.029	31.938	20.333	15.99	14.25	
592	31.574	30.977	31.889	20.31	15.918	14.221	
593	31.526	30.926	31.84	20.296	15.969	14.198	
594	31.477	30.874	31.791	20.283	15.892	14.209	
595	31.429	30.823	31.742	20.24	15.88	14.155	
596	31.381	30.772	31.694	20.22	15.879	14.124	
597	31.333	30.722	31.645	20.21	15.839	14.089	
598	31.286	30.671	31.597	20.202	15.8	14.07	
599	31.238	30.621	31.549	20.184	15.748	14.033	
600	31.191	30.571	31.502	20.146	15.774	14.024	
601	31.144	30.521	31.454	20.111	15.734	13.982	
602	31.098	30.471	31.406	20.089	15.676	13.946	
603	31.052	30.422	31.359	20.073	15.681	13.918	
604	31.005	30.373	31.312	20.062	15.645	13.915	
605	30.959	30.323	31.265	20.041	15.608	13.859	
606	30.914	30.275	31.218	20.03	15.616	13.815	
607	30.868	30.226	31.172	19.998	15.592	13.779	
608	30.823	30.178	31.125	20.014	15.535	13.804	
609	30.778	30.129	31.079	19.982	15.547	13.748	
610	30.733	30.081	31.033	19.959	15.505	13.733	
611	30.689	30.034	30.987	19.939	15.468	13.708	
612	30.645	29.986	30.941	19.937	15.48	13.705	
613	30.6	29.939	30.895	19.905	15.44	13.625	
614	30.556	29.891	30.85	19.873	15.416	13.633	
615	30.513	29.844	30.805	19.872	15.373	13.599	
616	30.469	29.797	30.759	19.848	15.366	13.567	
617	30.426	29.751	30.714	19.833	15.339	13.548	
618	30.383	29.704	30.67	19.81	15.324	13.544	
619	30.34	29.658	30.625	19.793	15.289	13.484	
620	30.297	29.612	30.58	19.769	15.26	13.464	
621	30.255	29.566	30.536	19.744	15.245	13.463	
622	30.213	29.52	30.492	19.758	15.223	13.435	
623	30.17	29.474	30.447	19.727	15.19	13.375	
624	30.129	29.429	30.403	19.705	15.17	13.372	
625	30.087	29.384	30.36	19.678	15.168	13.392	
626	30.045	29.339	30.316	19.681	15.12	13.311	
627	30.004	29.294	30.272	19.667	15.098	13.304	
628	29.963	29.249	30.229	19.638	15.06	13.283	
629	29.922	29.205	30.186	19.635	15.075	13.294	
630	29.881	29.16	30.143	19.57	15.013	13.233	
631	29.841	29.116	30.1	19.565	15.066	13.236	
632	29.8	29.072	30.057	19.575	15.011	13.141	
633	29.76	29.028	30.014	19.564	14.965	13.12	
634	29.72	28.984	29.972	19.51	14.954	13.069	
635	29.68	28.941	29.929	19.493	14.942	13.106	
636	29.641	28.897	29.887	19.49	14.951	13.106	
637	29.601	28.854	29.845	19.498	14.872	13.056	
638	29.562	28.811	29.803	19.454	14.846	13.046	
639	29.523	28.768	29.761	19.459	14.818	13.027	
640	29.484	28.725	29.719	19.425	14.799	13.018	
641	29.445	28.683	29.677	19.452	14.778	12.939	
642	29.406	28.64	29.636	19.402	14.772	12.986	
643	29.368	28.598	29.595	19.387	14.721	12.945	
644	29.33	28.556	29.553	19.404	14.727	12.899	
645	29.291	28.514	29.512	19.385	14.71	12.869	
646	29.253	28.472	29.471	19.341	14.67	12.857	
647	29.216	28.431	29.43	19.34	14.697	12.832	
648	29.178	28.389	29.39	19.298	14.644	12.833	
649	29.141	28.348	29.349	19.29	14.633	12.793	
650	29.103	28.307	29.309	19.268	14.571	12.757	
651	29.066	28.266	29.268	19.249	14.593	12.771	
652	29.029	28.225	29.228	19.245	14.544	12.718	
653	28.992	28.184	29.188	19.224	14.556	12.69	
654	28.956	28.143	29.148	19.213	14.505	12.636	
655	28.919	28.103	29.108	19.188	14.528	12.643	
656	28.883	28.062	29.068	19.173	14.551	12.655	
657	28.847	28.022	29.029	19.182	14.495	12.58	
658	28.811	27.982	28.989	19.145	14.451	12.585	
659	28.775	27.942	28.95	19.135	14.393	12.576	
660	28.739	27.902	28.911	19.131	14.406	12.557	
661	28.703	27.863	28.871	19.149	14.366	12.521	
662	28.668	27.823	28.832	19.141	14.38	12.487	
663	28.633	27.784	28.793	19.085	14.354	12.478	
664	28.598	27.745	28.755	19.067	14.358	12.46	
665	28.563	27.706	28.716	19.05	14.329	12.422	
666	28.528	27.667	28.677	19.037	14.283	12.4	
667	28.493	27.628	28.639	19.049	14.264	12.403	
668	28.458	27.589	28.601	19.03	14.28	12.379	
669	28.424	27.551	28.562	19.015	14.24	12.357	
670	28.39	27.512	28.524	18.996	14.227	12.341	
671	28.356	27.474	28.486	18.983	14.189	12.272	
672	28.322	27.436	28.448	18.968	14.151	12.307	
673	28.288	27.398	28.411	18.924	14.153	12.286	
674	28.254	27.36	28.373	18.939	14.161	12.278	
675	28.22	27.322	28.335	18.916	14.153	12.296	
676	28.187	27.284	28.298	18.918	14.072	12.203	
677	28.154	27.247	28.26	18.905	14.111	12.199	
678	28.12	27.209	28.223	18.877	14.073	12.219	
679	28.087	27.172	28.186	18.874	14.028	12.143	
680	28.054	27.135	28.149	18.865	14.013	12.153	
681	28.022	27.098	28.112	18.846	13.999	12.088	
682	27.989	27.061	28.075	18.845	14.005	12.109	
683	27.956	27.024	28.038	18.808	13.954	12.072	
684	27.924	26.987	28.002	18.784	13.945	12.093	
685	27.892	26.951	27.965	18.793	13.961	12.052	
686	27.86	26.914	27.929	18.775	13.924	12.002	
687	27.828	26.878	27.893	18.777	13.89	11.991	
688	27.796	26.842	27.856	18.772	13.868	11.962	
689	27.764	26.806	27.82	18.761	13.903	11.957	
690	27.732	26.77	27.784	18.716	13.875	11.965	
691	27.701	26.734	27.748	18.724	13.843	11.91	
692	27.669	26.698	27.712	18.709	13.782	11.94	
693	27.638	26.663	27.677	18.696	13.781	11.891	
694	27.607	26.627	27.641	18.682	13.775	11.898	
695	27.576	26.592	27.605	18.653	13.738	11.859	
696	27.545	26.556	27.57	18.654	13.704	11.854	
697	27.514	26.521	27.535	18.647	13.742	11.818	
698	27.484	26.486	27.499	18.656	13.697	11.76	
699	27.453	26.451	27.464	18.615	13.678	11.745	
700	27.423	26.416	27.429	18.603	13.714	11.763	
701	27.392	26.382	27.394	18.616	13.601	11.754	
702	27.362	26.347	27.359	18.605	13.677	11.742	
703	27.332	26.313	27.325	18.55	13.664	11.695	
704	27.302	26.278	27.29	18.548	13.616	11.689	
705	27.272	26.244	27.255	18.593	13.586	11.663	
706	27.242	26.21	27.221	18.539	13.595	11.627	
707	27.213	26.176	27.187	18.519	13.587	11.625	
708	27.183	26.142	27.152	18.499	13.513	11.634	
709	27.154	26.108	27.118	18.52	13.555	11.58	
710	27.124	26.074	27.084	18.509	13.487	11.628	
711	27.095	26.04	27.05	18.491	13.491	11.511	
712	27.066	26.007	27.016	18.46	13.43	11.505	
713	27.037	25.973	26.982	18.443	13.501	11.532	
714	27.008	25.94	26.948	18.434	13.419	11.487	
715	26.979	25.907	26.915	18.397	13.433	11.469	
716	26.951	25.873	26.881	18.418	13.356	11.374	
717	26.922	25.84	26.847	18.408	13.398	11.468	
718	26.894	25.807	26.814	18.389	13.347	11.371	
719	26.865	25.775	26.781	18.416	13.365	11.461	
720	26.837	25.742	26.748	18.332	13.336	11.414	
721	26.809	25.709	26.714	18.377	13.311	11.389	
722	26.781	25.677	26.681	18.373	13.341	11.365	
723	26.753	25.644	26.648	18.316	13.339	11.362	
724	26.725	25.612	26.615	18.348	13.267	11.357	
725	26.697	25.58	26.583	18.293	13.366	11.278	
726	26.67	25.547	26.55	18.343	13.2	11.279	
727	26.642	25.515	26.517	18.3	13.25	11.255	
728	26.615	25.483	26.485	18.318	13.194	11.255	
729	26.588	25.451	26.452	18.272	13.178	11.254	
730	26.56	25.42	26.42	18.26	13.183	11.173	
731	26.533	25.388	26.387	18.22	13.167	11.208	
732	26.506	25.356	26.355	18.247	13.116	11.197	
733	26.479	25.325	26.323	18.236	13.152	11.165	
734	26.452	25.293	26.291	18.263	13.117	11.143	
735	26.426	25.262	26.259	18.212	13.131	11.119	
736	26.399	25.231	26.227	18.211	13.114	11.12	
737	26.372	25.2	26.195	18.221	13.084	11.153	
738	26.346	25.169	26.164	18.175	13.091	11.076	
739	26.32	25.138	26.132	18.168	13.067	11.094	
740	26.293	25.107	26.1	18.198	13.06	11.074	
741	26.267	25.076	26.069	18.146	13.012	11.072	
742	26.241	25.046	26.037	18.159	13.021	11.016	
743	26.215	25.015	26.006	18.16	13.027	10.987	
744	26.189	24.984	25.975	18.128	13	11.023	
745	26.163	24.954	25.944	18.098	13.023	11.013	
746	26.138	24.924	25.912	18.113	12.97	10.981	
747	26.112	24.893	25.881	18.112	13.001	10.944	
748	26.086	24.863	25.85	18.09	12.967	10.93	
749	26.061	24.833	25.82	18.087	12.928	10.902	
750	26.036	24.803	25.789	18.026	12.909	10.938	
751	26.01	24.773	25.758	18.064	12.892	10.873	
752	25.985	24.743	25.727	18.016	12.923	10.846	
753	25.96	24.714	25.697	18.042	12.881	10.845	
754	25.935	24.684	25.666	18.033	12.862	10.87	
755	25.91	24.655	25.636	17.998	12.896	10.794	
756	25.885	24.625	25.605	18.017	12.83	10.84	
757	25.86	24.596	25.575	18.016	12.778	10.837	
758	25.836	24.566	25.545	17.993	12.814	10.794	
759	25.811	24.537	25.515	17.991	12.817	10.766	
760	25.787	24.508	25.485	17.965	12.743	10.723	
761	25.762	24.479	25.455	17.94	12.757	10.727	
762	25.738	24.45	25.425	17.968	12.744	10.685	
763	25.714	24.421	25.395	17.942	12.757	10.67	
764	25.689	24.392	25.365	17.942	12.75	10.703	
765	25.665	24.363	25.336	17.928	12.723	10.649	
766	25.641	24.335	25.306	17.945	12.732	10.659	
767	25.617	24.306	25.276	17.932	12.689	10.658	
768	25.593	24.278	25.247	17.898	12.676	10.604	
769	25.57	24.249	25.217	17.901	12.684	10.63	
770	25.546	24.221	25.188	17.88	12.632	10.573	
771	25.522	24.193	25.159	17.839	12.621	10.567	
772	25.499	24.164	25.13	17.837	12.664	10.567	
773	25.475	24.136	25.101	17.851	12.613	10.567	
774	25.452	24.108	25.071	17.831	12.605	10.51	
775	25.429	24.08	25.042	17.81	12.584	10.517	
776	25.405	24.052	25.014	17.872	12.563	10.49	
777	25.382	24.025	24.985	17.813	12.541	10.499	
778	25.359	23.997	24.956	17.814	12.507	10.516	
779	25.336	23.969	24.927	17.771	12.515	10.473	
780	25.313	23.942	24.898	17.769	12.529	10.484	
781	25.29	23.914	24.87	17.816	12.552	10.405	
782	25.268	23.887	24.841	17.788	12.453	10.414	
783	25.245	23.859	24.813	17.766	12.44	10.413	
784	25.222	23.832	24.784	17.747	12.468	10.369	
785	25.2	23.805	24.756	17.727	12.424	10.347	
786	25.177	23.778	24.728	17.72	12.435	10.349	
787	25.155	23.751	24.7	17.725	12.412	10.345	
788	25.133	23.724	24.672	17.722	12.394	10.324	
789	25.11	23.697	24.644	17.703	12.376	10.317	
790	25.088	23.67	24.616	17.705	12.403	10.277	
791	25.066	23.643	24.588	17.675	12.368	10.278	
792	25.044	23.616	24.56	17.689	12.361	10.267	
793	25.022	23.59	24.532	17.679	12.381	10.266	
794	25	23.563	24.504	17.66	12.327	10.239	
795	24.978	23.537	24.476	17.659	12.309	10.224	
796	24.956	23.51	24.449	17.662	12.313	10.213	
797	24.935	23.484	24.421	17.654	12.325	10.176	
798	24.913	23.458	24.394	17.666	12.323	10.181	
799	24.892	23.431	24.366	17.647	12.261	10.206	
800	24.87	23.405	24.339	17.62	12.266	10.135	
801	24.849	23.379	24.312	17.605	12.279	10.152	
802	24.827	23.353	24.285	17.648	12.257	10.122	
803	24.806	23.327	24.257	17.585	12.228	10.092	
804	24.785	23.301	24.23	17.575	12.219	10.133	
805	24.764	23.275	24.203	17.566	12.198	10.093	
806	24.743	23.25	24.176	17.583	12.17	10.084	
807	24.722	23.224	24.149	17.566	12.126	10.115	
808	24.701	23.198	24.122	17.569	12.174	10.024	
809	24.68	23.173	24.096	17.516	12.099	10.047	
810	24.659	23.147	24.069	17.556	12.165	10.014	
811	24.638	23.122	24.042	17.537	12.131	9.9973	
812	24.618	23.097	24.016	17.532	12.176	10.005	
813	24.597	23.071	23.989	17.542	12.077	9.9926	
814	24.577	23.046	23.963	17.52	12.11	10.013	
815	24.556	23.021	23.936	17.499	12.091	9.9656	
816	24.536	22.996	23.91	17.51	12.082	9.9131	
817	24.515	22.971	23.883	17.487	12.062	9.9298	
818	24.495	22.946	23.857	17.492	12.059	9.9034	
819	24.475	22.921	23.831	17.483	12.042	9.9129	
820	24.455	22.896	23.805	17.46	12.018	9.8719	
821	24.434	22.871	23.779	17.453	12.005	9.8656	
822	24.414	22.847	23.753	17.45	12.012	9.8616	
823	24.394	22.822	23.727	17.451	12.006	9.8525	
824	24.375	22.798	23.701	17.443	12.007	9.8497	
825	24.355	22.773	23.675	17.437	11.988	9.8449	
826	24.335	22.749	23.649	17.433	11.98	9.8362	
827	24.315	22.724	23.623	17.43	11.974	9.8144	
828	24.295	22.7	23.598	17.419	11.964	9.8087	
829	24.276	22.676	23.572	17.407	11.95	9.7941	
830	24.256	22.651	23.546	17.407	11.946	9.8031	
831	24.237	22.627	23.521	17.4	11.919	9.7859	
832	24.217	22.603	23.495	17.384	11.91	9.7662	
833	24.198	22.579	23.47	17.379	11.905	9.7353	
834	24.179	22.555	23.445	17.367	11.897	9.7158	
835	24.159	22.531	23.419	17.36	11.889	9.7177	
836	24.14	22.507	23.394	17.358	11.888	9.6974	
837	24.121	22.484	23.369	17.35	11.861	9.7024	
838	24.102	22.46	23.344	17.356	11.846	9.6741	
839	24.083	22.436	23.319	17.339	11.835	9.6728	
840	24.064	22.413	23.294	17.323	11.851	9.6213	
841	24.045	22.389	23.269	17.338	11.799	9.6059	
842	24.026	22.366	23.244	17.35	11.812	9.6524	
843	24.007	22.342	23.219	17.333	11.79	9.6237	
844	23.989	22.319	23.194	17.328	11.8	9.6135	
845	23.97	22.295	23.169	17.337	11.83	9.5864	
846	23.951	22.272	23.145	17.25	11.762	9.5728	
847	23.933	22.249	23.12	17.316	11.671	9.6306	
848	23.914	22.226	23.096	17.299	11.801	9.6341	
849	23.896	22.203	23.071	17.296	11.713	9.5251	
850	23.878	22.18	23.047	17.278	11.74	9.5683	
851	23.859	22.157	23.022	17.254	11.712	9.5872	
852	23.841	22.134	22.998	17.249	11.723	9.4661	
853	23.823	22.111	22.973	17.279	11.658	9.4759	
854	23.804	22.088	22.949	17.228	11.704	9.4325	
855	23.786	22.065	22.925	17.23	11.626	9.478	
856	23.768	22.043	22.901	17.202	11.678	9.4881	
857	23.75	22.02	22.877	17.234	11.659	9.4508	
858	23.732	21.997	22.853	17.248	11.682	9.4151	
859	23.714	21.975	22.829	17.26	11.629	9.461	
860	23.696	21.952	22.805	17.206	11.667	9.4684	
861	23.679	21.93	22.781	17.177	11.615	9.3825	
862	23.661	21.908	22.757	17.215	11.595	9.3837	
863	23.643	21.885	22.733	17.205	11.644	9.3907	
864	23.626	21.863	22.709	17.208	11.589	9.387	
865	23.608	21.841	22.685	17.157	11.577	9.3165	
866	23.59	21.819	22.662	17.167	11.563	9.3468	
867	23.573	21.797	22.638	17.147	11.513	9.3459	
868	23.555	21.775	22.615	17.118	11.543	9.3501	
869	23.538	21.753	22.591	17.15	11.508	9.2901	
870	23.521	21.731	22.568	17.159	11.516	9.3057	
871	23.503	21.709	22.544	17.146	11.508	9.2767	
872	23.486	21.687	22.521	17.131	11.512	9.3136	
873	23.469	21.665	22.498	17.157	11.469	9.267	
874	23.452	21.643	22.474	17.129	11.488	9.2504	
875	23.435	21.622	22.451	17.111	11.474	9.2559	
876	23.418	21.6	22.428	17.115	11.465	9.2204	
877	23.401	21.579	22.405	17.112	11.46	9.2537	
878	23.384	21.557	22.382	17.083	11.444	9.2191	
879	23.367	21.535	22.359	17.079	11.432	9.1998	
880	23.35	21.514	22.336	17.071	11.421	9.1926	
881	23.333	21.493	22.313	17.069	11.417	9.1849	
882	23.316	21.471	22.29	17.067	11.412	9.1889	
883	23.3	21.45	22.267	17.063	11.408	9.1794	
884	23.283	21.429	22.244	17.061	11.404	9.1718	
885	23.266	21.408	22.222	17.061	11.396	9.1709	
886	23.25	21.387	22.199	17.056	11.388	9.1566	
887	23.233	21.365	22.176	17.046	11.371	9.1428	
888	23.217	21.344	22.154	17.044	11.364	9.1243	
889	23.201	21.324	22.131	17.031	11.351	9.1119	
890	23.184	21.303	22.109	17.018	11.337	9.0964	
891	23.168	21.282	22.086	17.012	11.328	9.0812	
892	23.152	21.261	22.064	17.01	11.316	9.0788	
893	23.135	21.24	22.041	17.003	11.31	9.0602	
894	23.119	21.219	22.019	16.991	11.308	9.0486	
895	23.103	21.199	21.997	16.999	11.303	9.0533	
896	23.087	21.178	21.974	16.989	11.29	9.0498	
897	23.071	21.157	21.952	16.989	11.285	9.0476	
898	23.055	21.137	21.93	16.987	11.282	9.0195	
899	23.039	21.116	21.908	16.979	11.268	9.0175	
900	23.023	21.096	21.886	16.966	11.258	8.9949	
901	23.007	21.076	21.864	16.947	11.247	8.9733	
902	22.991	21.055	21.842	16.948	11.229	8.9685	
903	22.975	21.035	21.82	16.945	11.226	8.9618	
904	22.96	21.015	21.798	16.94	11.217	8.9595	
905	22.944	20.994	21.776	16.932	11.215	8.9576	
906	22.928	20.974	21.755	16.934	11.21	8.9517	
907	22.913	20.954	21.733	16.929	11.206	8.9528	
908	22.897	20.934	21.711	16.931	11.194	8.9288	
909	22.882	20.914	21.69	16.916	11.183	8.9209	
910	22.866	20.894	21.668	16.902	11.167	8.91	
911	22.851	20.874	21.646	16.906	11.155	8.9055	
912	22.835	20.854	21.625	16.894	11.128	8.8691	
913	22.82	20.834	21.603	16.881	11.137	8.8493	
914	22.805	20.815	21.582	16.883	11.127	8.8511	
915	22.789	20.795	21.561	16.876	11.114	8.8449	
916	22.774	20.775	21.539	16.869	11.119	8.8435	
917	22.759	20.755	21.518	16.869	11.116	8.8377	
918	22.744	20.736	21.497	16.872	11.111	8.8326	
919	22.729	20.716	21.475	16.868	11.102	8.8198	
920	22.714	20.697	21.454	16.862	11.094	8.8106	
921	22.699	20.677	21.433	16.852	11.081	8.8013	
922	22.684	20.658	21.412	16.848	11.073	8.8045	
923	22.669	20.638	21.391	16.851	11.066	8.7956	
924	22.654	20.619	21.37	16.835	11.037	8.7695	
925	22.639	20.6	21.349	16.832	11.054	8.7564	
926	22.624	20.58	21.328	16.815	11.035	8.7417	
927	22.61	20.561	21.307	16.816	11.041	8.7315	
928	22.595	20.542	21.286	16.814	11.034	8.7362	
929	22.58	20.523	21.266	16.797	10.994	8.7477	
930	22.566	20.504	21.245	16.793	10.972	8.7269	
931	22.551	20.485	21.224	16.805	11.016	8.7154	
932	22.536	20.466	21.203	16.812	10.951	8.6826	
933	22.522	20.447	21.183	16.782	11.008	8.6791	
934	22.507	20.428	21.162	16.775	10.976	8.695	
935	22.493	20.409	21.142	16.773	10.978	8.6554	
936	22.478	20.39	21.121	16.753	10.941	8.6501	
937	22.464	20.371	21.101	16.753	10.935	8.6851	
938	22.45	20.353	21.08	16.783	10.944	8.6069	
939	22.435	20.334	21.06	16.761	10.933	8.6336	
940	22.421	20.315	21.039	16.766	10.894	8.6504	
941	22.407	20.297	21.019	16.76	10.92	8.6114	
942	22.393	20.278	20.999	16.739	10.886	8.5574	
943	22.379	20.259	20.979	16.715	10.91	8.5951	
944	22.365	20.241	20.958	16.717	10.929	8.5787	
945	22.351	20.222	20.938	16.744	10.893	8.5827	
946	22.336	20.204	20.918	16.743	10.888	8.5713	
947	22.322	20.186	20.898	16.722	10.888	8.5569	
948	22.309	20.167	20.878	16.718	10.861	8.5456	
949	22.295	20.149	20.858	16.708	10.84	8.5238	
950	22.281	20.131	20.838	16.702	10.832	8.5213	
951	22.267	20.113	20.818	16.691	10.851	8.5259	
952	22.253	20.094	20.798	16.683	10.844	8.5209	
953	22.239	20.076	20.778	16.694	10.825	8.4986	
954	22.226	20.058	20.759	16.695	10.819	8.5124	
955	22.212	20.04	20.739	16.682	10.807	8.4784	
956	22.198	20.022	20.719	16.663	10.812	8.4848	
957	22.185	20.004	20.699	16.664	10.803	8.5324	
958	22.171	19.986	20.68	16.644	10.785	8.4534	
959	22.158	19.968	20.66	16.666	10.771	8.4791	
960	22.144	19.95	20.641	16.678	10.753	8.4078	
961	22.13	19.932	20.621	16.673	10.778	8.3952	
962	22.117	19.915	20.602	16.661	10.689	8.3687	
963	22.104	19.897	20.582	16.62	10.712	8.4149	
964	22.09	19.879	20.563	16.649	10.748	8.3485	
965	22.077	19.861	20.543	16.617	10.733	8.3817	
966	22.064	19.844	20.524	16.628	10.753	8.359	
967	22.05	19.826	20.505	16.623	10.733	8.3919	
968	22.037	19.809	20.485	16.627	10.745	8.3832	
969	22.024	19.791	20.466	16.611	10.709	8.3707	
970	22.011	19.774	20.447	16.625	10.692	8.3925	
971	21.998	19.756	20.428	16.613	10.68	8.3706	
972	21.985	19.739	20.409	16.61	10.702	8.3492	
973	21.972	19.721	20.389	16.61	10.685	8.3224	
974	21.959	19.704	20.37	16.594	10.661	8.3374	
975	21.946	19.687	20.351	16.588	10.668	8.2816	
976	21.933	19.669	20.332	16.58	10.653	8.2972	
977	21.92	19.652	20.313	16.575	10.641	8.2843	
978	21.907	19.635	20.295	16.572	10.632	8.2858	
979	21.894	19.618	20.276	16.57	10.638	8.2719	
980	21.881	19.601	20.257	16.575	10.628	8.2724	
981	21.868	19.584	20.238	16.572	10.626	8.2804	
982	21.856	19.567	20.219	16.566	10.621	8.2707	
983	21.843	19.55	20.2	16.562	10.623	8.2828	
984	21.83	19.533	20.182	16.548	10.613	8.2676	
985	21.817	19.516	20.163	16.546	10.617	8.2362	
986	21.805	19.499	20.144	16.573	10.595	8.2584	
987	21.792	19.482	20.126	16.537	10.591	8.2149	
988	21.78	19.465	20.107	16.532	10.56	8.1936	
989	21.767	19.448	20.089	16.524	10.566	8.1933	
990	21.755	19.432	20.07	16.52	10.547	8.1876	
991	21.742	19.415	20.052	16.519	10.55	8.1676	
992	21.73	19.398	20.033	16.52	10.545	8.1802	
993	21.717	19.381	20.015	16.509	10.544	8.1739	
994	21.705	19.365	19.997	16.517	10.548	8.1768	
995	21.693	19.348	19.978	16.503	10.54	8.1619	
996	21.68	19.332	19.96	16.496	10.533	8.1554	
997	21.668	19.315	19.942	16.504	10.529	8.1444	
998	21.656	19.299	19.924	16.493	10.516	8.1417	
999	21.644	19.282	19.905	16.483	10.502	8.1776	
1000	21.631	19.266	19.887	16.5	10.478	8.1157	
1001	21.619	19.25	19.869	16.464	10.53	8.0949	
1002	21.607	19.233	19.851	16.485	10.51	8.0982	
1003	21.595	19.217	19.833	16.476	10.477	8.0989	
1004	21.583	19.201	19.815	16.475	10.443	8.0759	
1005	21.571	19.184	19.797	16.439	10.542	8.1117	
1006	21.559	19.168	19.779	16.467	10.428	8.1096	
1007	21.547	19.152	19.761	16.465	10.492	8.0327	
1008	21.535	19.136	19.743	16.449	10.484	8.0563	
1009	21.523	19.12	19.725	16.429	10.432	8.0496	
1010	21.511	19.104	19.708	16.466	10.451	8.0414	
1011	21.5	19.088	19.69	16.433	10.444	8.0428	
1012	21.488	19.072	19.672	16.438	10.431	8.0143	
1013	21.476	19.056	19.654	16.434	10.414	8.0082	
1014	21.464	19.04	19.637	16.435	10.394	8.0042	
1015	21.452	19.024	19.619	16.437	10.4	7.9932	
1016	21.441	19.008	19.601	16.413	10.402	8.087	
1017	21.429	18.992	19.584	16.395	10.365	7.9546	
1018	21.417	18.976	19.566	16.391	10.366	7.9748	
1019	21.406	18.96	19.549	16.377	10.349	7.938	
1020	21.394	18.945	19.531	16.428	10.409	7.9076	
1021	21.383	18.929	19.514	16.344	10.406	7.9482	
1022	21.371	18.913	19.496	16.399	10.335	7.9468	
1023	21.36	18.898	19.479	16.418	10.322	7.9437	
1024	21.348	18.882	19.461	16.374	10.301	7.9785	
1025	21.337	18.866	19.444	16.416	10.31	7.9159	
1026	21.325	18.851	19.427	16.38	10.359	7.8728	
1027	21.314	18.835	19.41	16.414	10.241	7.8987	
1028	21.303	18.82	19.392	16.371	10.339	7.8451	
1029	21.291	18.805	19.375	16.355	10.283	7.8299	
1030	21.28	18.789	19.358	16.359	10.328	7.903	
1031	21.269	18.774	19.341	16.422	10.333	7.9249	
1032	21.258	18.758	19.324	16.316	10.327	7.8632	
1033	21.246	18.743	19.307	16.382	10.287	7.887	
1034	21.235	18.728	19.289	16.356	10.309	7.8533	
1035	21.224	18.712	19.272	16.379	10.251	7.9231	
1036	21.213	18.697	19.255	16.253	10.285	7.8388	
1037	21.202	18.682	19.239	16.397	10.175	7.8035	
1038	21.191	18.667	19.222	16.319	10.24	7.9786	
1039	21.18	18.652	19.205	16.361	10.29	7.9209	
1040	21.169	18.637	19.188	16.298	10.088	7.8087	
1041	21.158	18.621	19.171	16.335	10.216	7.8567	
1042	21.147	18.606	19.154	16.445	10.238	7.6434	
1043	21.136	18.591	19.137	16.412	10.176	7.6925	
1044	21.125	18.576	19.121	16.267	10.268	7.7417	
1045	21.114	18.561	19.104	16.308	10.204	7.7873	
1046	21.103	18.546	19.087	16.204	10.35	7.5825	
1047	21.092	18.532	19.071	16.266	10.039	7.7932	
1048	21.081	18.517	19.054	16.229	10.157	7.8069	
1049	21.071	18.502	19.037	16.299	10.171	7.7236	
1050	21.06	18.487	19.021	16.276	10.083	7.8107	
1051	21.049	18.472	19.004	16.278	10.17	7.7396	
1052	21.039	18.457	18.988	16.273	10.161	7.7044	
1053	21.028	18.443	18.971	16.277	10.167	7.7231	
1054	21.017	18.428	18.955	16.277	10.148	7.7089	
1055	21.007	18.413	18.938	16.277	10.167	7.6972	
1056	20.996	18.399	18.922	16.273	10.135	7.687	
1057	20.985	18.384	18.906	16.269	10.153	7.6997	
1058	20.975	18.37	18.889	16.262	10.142	7.6709	
1059	20.964	18.355	18.873	16.247	10.134	7.6933	
1060	20.954	18.34	18.857	16.254	10.134	7.6648	
1061	20.943	18.326	18.84	16.263	10.116	7.6747	
1062	20.933	18.312	18.824	16.239	10.115	7.6648	
1063	20.923	18.297	18.808	16.235	10.098	7.6667	
1064	20.912	18.283	18.792	16.233	10.093	7.6472	
1065	20.902	18.268	18.776	16.225	10.087	7.629	
1066	20.891	18.254	18.759	16.232	10.086	7.618	
1067	20.881	18.24	18.743	16.223	10.089	7.6219	
1068	20.871	18.225	18.727	16.218	10.078	7.6284	
1069	20.861	18.211	18.711	16.223	10.054	7.6005	
1070	20.85	18.197	18.695	16.22	10.079	7.5985	
1071	20.84	18.183	18.679	16.218	10.063	7.599	
1072	20.83	18.169	18.663	16.202	10.065	7.5925	
1073	20.82	18.154	18.647	16.215	10.029	7.5661	
1074	20.81	18.14	18.632	16.199	10.044	7.5808	
1075	20.8	18.126	18.616	16.193	10.033	7.5517	
1076	20.789	18.112	18.6	16.201	10.022	7.5548	
1077	20.779	18.098	18.584	16.189	10.024	7.5511	
1078	20.769	18.084	18.568	16.185	10.008	7.5417	
1079	20.759	18.07	18.553	16.186	10.022	7.5314	
1080	20.749	18.056	18.537	16.186	10.011	7.5387	
1081	20.739	18.042	18.521	16.179	10.01	7.5348	
1082	20.729	18.028	18.505	16.172	10.007	7.5257	
1083	20.719	18.014	18.49	16.18	9.9947	7.5117	
1084	20.71	18.001	18.474	16.172	9.995	7.5129	
1085	20.7	17.987	18.459	16.166	9.9914	7.5014	
1086	20.69	17.973	18.443	16.171	9.9923	7.5038	
1087	20.68	17.959	18.428	16.156	9.9873	7.4945	
1088	20.67	17.945	18.412	16.166	9.9817	7.4997	
1089	20.66	17.932	18.397	16.159	9.9779	7.4821	
1090	20.651	17.918	18.381	16.158	9.9803	7.4881	
1091	20.641	17.904	18.366	16.153	9.9785	7.4853	
1092	20.631	17.891	18.35	16.144	9.9565	7.4715	
1093	20.621	17.877	18.335	16.148	9.9506	7.4729	
1094	20.612	17.863	18.32	16.141	9.9601	7.4722	
1095	20.602	17.85	18.304	16.15	9.9318	7.4483	
1096	20.592	17.836	18.289	16.144	9.9407	7.4519	
1097	20.583	17.823	18.274	16.13	9.9283	7.4383	
1098	20.573	17.809	18.258	16.124	9.9234	7.4168	
1099	20.564	17.796	18.243	16.123	9.9232	7.4195	
1100	20.554	17.783	18.228	16.113	9.9178	7.4139	
1101	20.545	17.769	18.213	16.124	9.9056	7.3964	
1102	20.535	17.756	18.198	16.116	9.8945	7.3888	
1103	20.526	17.742	18.183	16.109	9.8791	7.3797	
1104	20.516	17.729	18.167	16.105	9.888	7.3786	
1105	20.507	17.716	18.152	16.097	9.8862	7.3711	
1106	20.497	17.702	18.137	16.101	9.8753	7.3644	
1107	20.488	17.689	18.122	16.09	9.8672	7.3615	
1108	20.479	17.676	18.107	16.098	9.873	7.3533	
1109	20.469	17.663	18.092	16.089	9.8628	7.35	
1110	20.46	17.65	18.077	16.087	9.8562	7.3493	
1111	20.451	17.636	18.063	16.086	9.8575	7.3426	
1112	20.441	17.623	18.048	16.085	9.8439	7.3361	
1113	20.432	17.61	18.033	16.085	9.8491	7.3346	
1114	20.423	17.597	18.018	16.08	9.8466	7.3305	
1115	20.414	17.584	18.003	16.077	9.8484	7.3291	
1116	20.405	17.571	17.988	16.078	9.8409	7.3321	
1117	20.395	17.558	17.974	16.079	9.8416	7.3209	
1118	20.386	17.545	17.959	16.072	9.8334	7.3214	
1119	20.377	17.532	17.944	16.06	9.8347	7.3015	
1120	20.368	17.519	17.929	16.068	9.8313	7.2924	
1121	20.359	17.506	17.915	16.067	9.8176	7.2878	
1122	20.35	17.493	17.9	16.06	9.8063	7.2978	
1123	20.341	17.481	17.886	16.048	9.8069	7.2903	
1124	20.332	17.468	17.871	16.063	9.8076	7.2673	
1125	20.323	17.455	17.856	16.054	9.7979	7.2623	
1126	20.314	17.442	17.842	16.058	9.8085	7.2676	
1127	20.305	17.429	17.827	16.033	9.7894	7.2435	
1128	20.296	17.417	17.813	16.033	9.7801	7.246	
1129	20.287	17.404	17.798	16.039	9.78	7.2589	
1130	20.278	17.391	17.784	16.029	9.784	7.2303	
1131	20.269	17.379	17.769	16.028	9.7661	7.2327	
1132	20.26	17.366	17.755	16.029	9.7641	7.2224	
1133	20.252	17.353	17.741	16.022	9.7746	7.22	
1134	20.243	17.341	17.726	16.013	9.7404	7.2208	
1135	20.234	17.328	17.712	16.016	9.7516	7.1929	
1136	20.225	17.316	17.698	16.019	9.733	7.2045	
1137	20.216	17.303	17.683	16.012	9.7186	7.2018	
1138	20.208	17.291	17.669	16.011	9.7314	7.1817	
1139	20.199	17.278	17.655	16.007	9.7294	7.188	
1140	20.19	17.266	17.641	16	9.711	7.1734	
1141	20.182	17.253	17.627	16.013	9.7229	7.1701	
1142	20.173	17.241	17.612	16.009	9.7157	7.1425	
1143	20.164	17.229	17.598	15.991	9.7047	7.1754	
1144	20.156	17.216	17.584	15.991	9.6948	7.1627	
1145	20.147	17.204	17.57	15.994	9.7082	7.1617	
1146	20.139	17.192	17.556	15.991	9.6734	7.1488	
1147	20.13	17.179	17.542	15.987	9.6773	7.1375	
1148	20.121	17.167	17.528	15.993	9.6824	7.1398	
1149	20.113	17.155	17.514	15.982	9.6859	7.1336	
1150	20.104	17.142	17.5	15.971	9.6696	7.1285	
1151	20.096	17.13	17.486	15.973	9.6557	7.1144	
1152	20.088	17.118	17.472	15.974	9.6664	7.1066	
1153	20.079	17.106	17.458	15.967	9.6521	7.0941	
1154	20.071	17.094	17.444	15.961	9.6519	7.0958	
1155	20.062	17.082	17.43	15.966	9.6506	7.0979	
1156	20.054	17.07	17.416	15.955	9.6498	7.0837	
1157	20.045	17.058	17.403	15.955	9.6421	7.0727	
1158	20.037	17.045	17.389	15.956	9.6421	7.0731	
1159	20.029	17.033	17.375	15.96	9.6267	7.0708	
1160	20.02	17.021	17.361	15.957	9.628	7.0722	
1161	20.012	17.009	17.348	15.947	9.6061	7.0769	
1162	20.004	16.998	17.334	15.943	9.6372	7.0503	
1163	19.996	16.986	17.32	15.932	9.6109	7.0423	
1164	19.987	16.974	17.307	15.933	9.5892	7.0355	
1165	19.979	16.962	17.293	15.926	9.6021	7.0251	
1166	19.971	16.95	17.279	15.934	9.5923	7.0232	
1167	19.963	16.938	17.266	15.935	9.6092	7.0307	
1168	19.955	16.926	17.252	15.925	9.5875	7.0159	
1169	19.946	16.914	17.239	15.919	9.579	7.0094	
1170	19.938	16.903	17.225	15.923	9.5874	6.9969	
1171	19.93	16.891	17.211	15.918	9.5745	6.9927	
1172	19.922	16.879	17.198	15.915	9.5753	6.9904	
1173	19.914	16.867	17.185	15.913	9.572	6.9898	
1174	19.906	16.856	17.171	15.912	9.5717	6.9855	
1175	19.898	16.844	17.158	15.911	9.5671	6.9893	
1176	19.89	16.832	17.144	15.909	9.5553	6.9753	
1177	19.882	16.821	17.131	15.913	9.5548	6.9734	
1178	19.874	16.809	17.117	15.902	9.5491	6.9642	
1179	19.866	16.797	17.104	15.902	9.5544	6.9693	
1180	19.858	16.786	17.091	15.901	9.5467	6.9584	
1181	19.85	16.774	17.077	15.901	9.5467	6.9598	
1182	19.842	16.763	17.064	15.894	9.5385	6.9547	
1183	19.834	16.751	17.051	15.897	9.537	6.95	
1184	19.826	16.74	17.038	15.892	9.532	6.9421	
1185	19.819	16.728	17.025	15.883	9.531	6.946	
1186	19.811	16.717	17.011	15.885	9.5219	6.9289	
1187	19.803	16.705	16.998	15.884	9.5224	6.9354	
1188	19.795	16.694	16.985	15.877	9.523	6.9241	
1189	19.787	16.683	16.972	15.882	9.5084	6.9071	
1190	19.779	16.671	16.959	15.876	9.5137	6.9197	
1191	19.772	16.66	16.946	15.87	9.5099	6.9094	
1192	19.764	16.649	16.933	15.871	9.4961	6.8957	
1193	19.756	16.637	16.92	15.868	9.4961	6.8932	
1194	19.748	16.626	16.907	15.862	9.5027	6.9035	
1195	19.741	16.615	16.893	15.874	9.474	6.8908	
1196	19.733	16.604	16.881	15.86	9.4905	6.8699	
1197	19.725	16.592	16.868	15.862	9.4762	6.8911	
1198	19.718	16.581	16.855	15.852	9.4631	6.8864	
1199	19.71	16.57	16.842	15.851	9.477	6.8633	
1200	19.703	16.559	16.829	15.858	9.4625	6.8505	
1201	19.695	16.548	16.816	15.861	9.4796	6.8706	
1202	19.687	16.536	16.803	15.841	9.4636	6.8566	
1203	19.68	16.525	16.79	15.848	9.4582	6.8337	
1204	19.672	16.514	16.777	15.851	9.4464	6.8183	
1205	19.665	16.503	16.765	15.832	9.4472	6.8323	
1206	19.657	16.492	16.752	15.836	9.466	6.8321	
1207	19.65	16.481	16.739	15.846	9.4633	6.8204	
1208	19.642	16.47	16.726	15.832	9.4402	6.8124	
1209	19.635	16.459	16.713	15.836	9.4279	6.8174	
1210	19.627	16.448	16.701	15.829	9.4198	6.7981	
1211	19.62	16.437	16.688	15.824	9.4014	6.7811	
1212	19.612	16.426	16.675	15.822	9.4159	6.7865	
1213	19.605	16.415	16.663	15.831	9.4125	6.7945	
1214	19.598	16.404	16.65	15.818	9.422	6.771	
1215	19.59	16.393	16.638	15.827	9.4065	6.7776	
1216	19.583	16.383	16.625	15.816	9.3902	6.7962	
1217	19.576	16.372	16.612	15.82	9.3945	6.7799	
1218	19.568	16.361	16.6	15.792	9.3676	6.7812	
1219	19.561	16.35	16.587	15.814	9.3787	6.7488	
1220	19.554	16.339	16.575	15.812	9.3724	6.7566	
1221	19.546	16.329	16.562	15.792	9.3678	6.7577	
1222	19.539	16.318	16.55	15.806	9.4041	6.7482	
1223	19.532	16.307	16.537	15.808	9.3612	6.7497	
1224	19.525	16.296	16.525	15.802	9.3661	6.7322	
1225	19.517	16.286	16.512	15.793	9.3623	6.7376	
1226	19.51	16.275	16.5	15.803	9.3763	6.7294	
1227	19.503	16.264	16.488	15.81	9.3589	6.7325	
1228	19.496	16.254	16.475	15.774	9.3448	6.7237	
1229	19.489	16.243	16.463	15.767	9.3236	6.7278	
1230	19.482	16.232	16.451	15.774	9.3573	6.7086	
1231	19.474	16.222	16.438	15.796	9.3605	6.676	
1232	19.467	16.211	16.426	15.789	9.3331	6.7336	
1233	19.46	16.201	16.414	15.803	9.3612	6.6865	
1234	19.453	16.19	16.402	15.779	9.3636	6.7088	
1235	19.446	16.18	16.389	15.762	9.3504	6.6856	
1236	19.439	16.169	16.377	15.776	9.3508	6.7156	
1237	19.432	16.159	16.365	15.771	9.3581	6.6932	
1238	19.425	16.148	16.353	15.803	9.3178	6.7029	
1239	19.418	16.138	16.341	15.735	9.3726	6.7182	
1240	19.411	16.127	16.328	15.732	9.2717	6.6779	
1241	19.404	16.117	16.316	15.745	9.341	6.6356	
1242	19.397	16.107	16.304	15.735	9.3044	6.6996	
1243	19.39	16.096	16.292	15.764	9.3127	6.761	
1244	19.383	16.086	16.28	15.782	9.3076	6.6586	
1245	19.376	16.076	16.268	15.721	9.362	6.5928	
1246	19.369	16.065	16.256	15.748	9.298	6.6041	
1247	19.362	16.055	16.244	15.731	9.2333	6.6094	
1248	19.355	16.045	16.232	15.743	9.2731	6.5843	
1249	19.349	16.035	16.22	15.775	9.2931	6.6536	
1250	19.342	16.024	16.208	15.753	9.3398	6.5861	
1251	19.335	16.014	16.196	15.739	9.2561	6.6486	
1252	19.328	16.004	16.184	15.709	9.2021	6.5795	
1253	19.321	15.994	16.172	15.708	9.3079	6.5872	
1254	19.314	15.983	16.16	15.716	9.2289	6.5936	
1255	19.308	15.973	16.149	15.74	9.2415	6.623	
1256	19.301	15.963	16.137	15.719	9.2629	6.5966	
1257	19.294	15.953	16.125	15.717	9.2216	6.5567	
1258	19.287	15.943	16.113	15.725	9.2458	6.548	
1259	19.281	15.933	16.101	15.694	9.2312	6.5771	
1260	19.274	15.923	16.09	15.709	9.2387	6.553	
1261	19.267	15.913	16.078	15.706	9.2178	6.5473	
1262	19.261	15.903	16.066	15.689	9.2162	6.5425	
1263	19.254	15.893	16.054	15.706	9.2186	6.5313	
1264	19.247	15.883	16.043	15.682	9.2026	6.5444	
1265	19.241	15.873	16.031	15.708	9.2245	6.5324	
1266	19.234	15.863	16.019	15.696	9.2306	6.5176	
1267	19.227	15.853	16.008	15.709	9.2023	6.5414	
1268	19.221	15.843	15.996	15.714	9.2095	6.5453	
1269	19.214	15.833	15.984	15.701	9.2186	6.5538	
1270	19.208	15.823	15.973	15.696	9.198	6.5367	
1271	19.201	15.813	15.961	15.683	9.2039	6.5136	
1272	19.195	15.803	15.95	15.688	9.2189	6.5472	
1273	19.188	15.793	15.938	15.705	9.2243	6.5247	
1274	19.182	15.784	15.927	15.701	9.2005	6.5306	
1275	19.175	15.774	15.915	15.686	9.1823	6.4939	
1276	19.169	15.764	15.904	15.699	9.2087	6.5205	
1277	19.162	15.754	15.892	15.663	9.1993	6.5191	
1278	19.156	15.744	15.881	15.665	9.1892	6.5112	
1279	19.149	15.735	15.869	15.681	9.1589	6.4593	
1280	19.143	15.725	15.858	15.675	9.156	6.4798	
1281	19.136	15.715	15.846	15.682	9.1567	6.4748	
1282	19.13	15.705	15.835	15.676	9.169	6.4949	
1283	19.124	15.696	15.824	15.656	9.1537	6.4527	
1284	19.117	15.686	15.812	15.632	9.1916	6.4591	
1285	19.111	15.676	15.801	15.644	9.1608	6.4782	
1286	19.104	15.667	15.789	15.669	9.1557	6.4463	
1287	19.098	15.657	15.778	15.652	9.1412	6.4697	
1288	19.092	15.648	15.767	15.663	9.1606	6.4591	
1289	19.085	15.638	15.756	15.652	9.1422	6.4344	
1290	19.079	15.628	15.744	15.657	9.1551	6.4376	
1291	19.073	15.619	15.733	15.64	9.1345	6.4164	
1292	19.066	15.609	15.722	15.656	9.1345	6.4736	
1293	19.06	15.6	15.711	15.647	9.1239	6.4379	
1294	19.054	15.59	15.699	15.668	9.1578	6.4281	
1295	19.048	15.581	15.688	15.646	9.1369	6.3954	
1296	19.041	15.571	15.677	15.653	9.1292	6.3926	
1297	19.035	15.562	15.666	15.651	9.0942	6.4387	
1298	19.029	15.552	15.655	15.631	9.1357	6.4042	
1299	19.023	15.543	15.644	15.641	9.0837	6.373	
1300	19.017	15.533	15.633	15.624	9.1037	6.3995	
1301	19.01	15.524	15.622	15.641	9.126	6.3705	
1302	19.004	15.515	15.61	15.611	9.0799	6.4187	
1303	18.998	15.505	15.599	15.637	9.1245	6.3851	
1304	18.992	15.496	15.588	15.648	9.1135	6.3952	
1305	18.986	15.487	15.577	15.652	9.0861	6.3467	
1306	18.98	15.477	15.566	15.629	9.1235	6.3831	
1307	18.974	15.468	15.555	15.62	9.108	6.3954	
1308	18.968	15.459	15.544	15.613	9.0891	6.388	
1309	18.962	15.449	15.533	15.62	9.0991	6.3783	
1310	18.956	15.44	15.522	15.612	9.0767	6.3653	
1311	18.949	15.431	15.512	15.62	9.0461	6.3913	
1312	18.943	15.422	15.501	15.608	9.0606	6.3221	
1313	18.937	15.412	15.49	15.613	9.0866	6.3847	
1314	18.931	15.403	15.479	15.607	9.0596	6.3495	
1315	18.925	15.394	15.468	15.602	9.0327	6.3262	
1316	18.919	15.385	15.457	15.629	8.9941	6.3194	
1317	18.913	15.376	15.446	15.605	9.0557	6.3822	
1318	18.907	15.367	15.436	15.589	9.0545	6.3601	
1319	18.901	15.357	15.425	15.631	9.0479	6.354	
1320	18.896	15.348	15.414	15.574	9.0367	6.3584	
1321	18.89	15.339	15.403	15.612	9.0226	6.3347	
1322	18.884	15.33	15.392	15.601	8.9983	6.2378	
1323	18.878	15.321	15.382	15.554	9.0135	6.278	
1324	18.872	15.312	15.371	15.608	9.0519	6.2872	
1325	18.866	15.303	15.36	15.621	8.9865	6.3038	
1326	18.86	15.294	15.35	15.629	8.988	6.2721	
1327	18.854	15.285	15.339	15.6	9.0561	6.2622	
1328	18.848	15.276	15.328	15.561	8.9618	6.3632	
1329	18.843	15.267	15.318	15.563	8.9748	6.2771	
1330	18.837	15.258	15.307	15.621	9.0407	6.2531	
1331	18.831	15.249	15.296	15.566	9.0607	6.3246	
1332	18.825	15.24	15.286	15.561	8.9719	6.418	
1333	18.819	15.231	15.275	15.578	9.0236	6.2824	
1334	18.814	15.222	15.265	15.6	8.9906	6.2743	
1335	18.808	15.213	15.254	15.55	9.0051	6.153	
1336	18.802	15.204	15.244	15.537	9.0374	6.3185	
1337	18.796	15.196	15.233	15.618	8.9803	6.1591	
1338	18.791	15.187	15.222	15.535	9.048	6.2468	
1339	18.785	15.178	15.212	15.561	9.032	6.2708	
1340	18.779	15.169	15.202	15.593	9.0077	6.1586	
1341	18.773	15.16	15.191	15.666	8.8259	6.2786	
1342	18.768	15.151	15.181	15.575	8.9248	6.4947	
1343	18.762	15.143	15.17	15.64	9.0003	6.4568	
1344	18.756	15.134	15.16	15.52	9.0383	6.2736	
1345	18.751	15.125	15.149	15.567	9.1261	6.2256	
1346	18.745	15.116	15.139	15.405	8.8527	6.0078	
1347	18.739	15.108	15.129	15.559	9.1196	5.8337	
1348	18.734	15.099	15.118	15.504	9.1334	6.1728	
1349	18.728	15.09	15.108	15.419	9.278	6.2167	
1350	18.723	15.081	15.098	15.265	9.0644	6.2217	
1351	18.717	15.073	15.087	15.503	8.9301	5.9253	
1352	18.711	15.064	15.077	15.455	8.8241	6.3825	
1353	18.706	15.056	15.067	15.547	8.3823	6.2501	
1354	18.7	15.047	15.056	15.469	9.3073	6.3855	
1355	18.695	15.038	15.046	15.712	8.773	5.6078	
1356	18.689	15.03	15.036	15.648	9.1567	6.0752	
1357	18.684	15.021	15.026	15.444	9.0441	6.2724	
1358	18.678	15.013	15.015	16.248	9.371	6.3795	
1359	18.673	15.004	15.005	16.262	8.6908	6.918	
1426	18.327	14.46	14.353	15.655	9.2987	6.337	
1427	18.322	14.452	14.343	15.544	8.6458	6.0444	
1428	18.317	14.444	14.334	15.394	8.841	5.6434	
1429	18.312	14.437	14.325	15.638	8.6618	5.8162	
1430	18.308	14.429	14.316	15.645	8.8034	5.8313	
1431	18.303	14.421	14.306	15.324	8.9254	6.1083	
1432	18.298	14.414	14.297	15.558	8.5618	5.8907	
1433	18.293	14.406	14.288	15.35	8.5981	5.8503	
1434	18.288	14.398	14.279	15.504	8.9164	6.1849	
1435	18.284	14.391	14.27	15.523	8.856	5.7635	
1436	18.279	14.383	14.26	15.531	8.646	5.9371	
1437	18.274	14.376	14.251	15.437	8.9074	5.8618	
1438	18.269	14.368	14.242	15.329	8.6594	5.9473	
1439	18.265	14.36	14.233	15.448	8.7878	5.9026	
1440	18.26	14.353	14.224	15.332	8.7869	5.8234	
1441	18.255	14.345	14.215	15.418	8.6815	6.0523	
1442	18.25	14.338	14.206	15.471	8.6178	5.804	
1443	18.246	14.33	14.196	15.352	8.745	5.9607	
1444	18.241	14.323	14.187	15.461	8.7728	5.754	
1445	18.236	14.315	14.178	15.33	8.7337	5.8418	
1446	18.232	14.308	14.169	15.463	8.6349	5.8148	
1447	18.227	14.3	14.16	15.435	8.7027	5.7187	
1448	18.222	14.293	14.151	15.418	8.6759	5.8657	
1449	18.218	14.285	14.142	15.369	8.7286	5.8616	
1450	18.213	14.278	14.133	15.389	8.7223	5.7667	
1451	18.208	14.271	14.124	15.439	8.6835	5.8613	
1452	18.204	14.263	14.115	15.461	8.7416	5.9121	
1453	18.199	14.256	14.106	15.432	8.7434	5.9344	
1454	18.195	14.248	14.097	15.347	8.6775	5.7013	
1455	18.19	14.241	14.088	15.416	8.7501	5.778	
1456	18.185	14.234	14.079	15.442	8.7139	5.8162	
1457	18.181	14.226	14.07	15.384	8.5911	5.8161	
1458	18.176	14.219	14.061	15.382	8.7003	5.8269	
1459	18.172	14.211	14.053	15.364	8.5653	5.7475	
1460	18.167	14.204	14.044	15.406	8.6329	5.8577	
1461	18.163	14.197	14.035	15.425	8.6263	5.8131	
1462	18.158	14.189	14.026	15.392	8.6402	5.8205	
1463	18.154	14.182	14.017	15.378	8.6426	5.7707	
1464	18.149	14.175	14.008	15.356	8.6674	5.7556	
1465	18.145	14.168	13.999	15.367	8.7009	5.7782	
1466	18.14	14.16	13.991	15.362	8.5979	5.8152	
1467	18.136	14.153	13.982	15.382	8.6242	5.8072	
1468	18.131	14.146	13.973	15.351	8.6378	5.7845	
1469	18.127	14.139	13.964	15.375	8.6157	5.7777	
1470	18.122	14.131	13.955	15.368	8.6027	5.7829	
1471	18.118	14.124	13.947	15.371	8.6274	5.7814	
1472	18.113	14.117	13.938	15.372	8.6286	5.7604	
1473	18.109	14.11	13.929	15.361	8.64	5.7729	
1474	18.104	14.103	13.92	15.364	8.6233	5.7729	
1475	18.1	14.095	13.912	15.367	8.6216	5.7631	
1476	18.095	14.088	13.903	15.361	8.6167	5.7547	
1477	18.091	14.081	13.894	15.367	8.6407	5.7684	
1478	18.087	14.074	13.886	15.372	8.6251	5.7501	
1479	18.082	14.067	13.877	15.364	8.6199	5.7574	
1480	18.078	14.06	13.868	15.365	8.6238	5.7479	
1481	18.073	14.053	13.86	15.366	8.6113	5.7261	
1482	18.069	14.046	13.851	15.361	8.6283	5.7517	
1483	18.065	14.039	13.842	15.362	8.62	5.7472	
1484	18.06	14.031	13.834	15.378	8.6195	5.7384	
1485	18.056	14.024	13.825	15.355	8.6304	5.737	
1486	18.052	14.017	13.816	15.356	8.5946	5.6973	
1487	18.047	14.01	13.808	15.348	8.6228	5.7008	
1488	18.043	14.003	13.799	15.36	8.6145	5.7232	
1489	18.039	13.996	13.791	15.361	8.6151	5.7038	
1490	18.034	13.989	13.782	15.362	8.5895	5.747	
1491	18.03	13.982	13.774	15.345	8.6053	5.698	
1492	18.026	13.975	13.765	15.351	8.5961	5.7165	
1493	18.021	13.968	13.757	15.341	8.5614	5.7088	
1494	18.017	13.961	13.748	15.341	8.5719	5.697	
1495	18.013	13.954	13.74	15.332	8.5697	5.6877	
1496	18.009	13.947	13.731	15.36	8.6007	5.7053	
1497	18.004	13.94	13.723	15.331	8.5842	5.694	
1498	18	13.933	13.714	15.364	8.5808	5.6957	
1499	17.996	13.927	13.706	15.346	8.5729	5.7135	
1500	17.992	13.92	13.697	15.338	8.5688	5.6944	
1501	17.987	13.913	13.689	15.324	8.5615	5.6481	
1502	17.983	13.906	13.68	15.341	8.5663	5.6767	
1503	17.979	13.899	13.672	15.337	8.5858	5.6658	
1504	17.975	13.892	13.664	15.331	8.5525	5.6375	
1505	17.97	13.885	13.655	15.336	8.5556	5.6753	
1506	17.966	13.878	13.647	15.327	8.5511	5.6423	
1507	17.962	13.872	13.638	15.311	8.5398	5.6658	
1508	17.958	13.865	13.63	15.308	8.5416	5.6703	
1509	17.954	13.858	13.622	15.345	8.5427	5.6533	
1510	17.95	13.851	13.613	15.333	8.5601	5.6374	
1511	17.945	13.844	13.605	15.339	8.555	5.6471	
1512	17.941	13.837	13.597	15.33	8.5822	5.6517	
1513	17.937	13.831	13.588	15.364	8.5032	5.6648	
1514	17.933	13.824	13.58	15.322	8.5396	5.6835	
1515	17.929	13.817	13.572	15.295	8.5603	5.6483	
1516	17.925	13.81	13.564	15.318	8.5056	5.6522	
1517	17.921	13.804	13.555	15.315	8.5658	5.6102	
1518	17.917	13.797	13.547	15.295	8.5482	5.6359	
1519	17.912	13.79	13.539	15.297	8.5464	5.6432	
1520	17.908	13.784	13.531	15.291	8.534	5.6375	
1521	17.904	13.777	13.522	15.314	8.4871	5.5673	
1522	17.9	13.77	13.514	15.294	8.5187	5.5965	
1523	17.896	13.763	13.506	15.298	8.5355	5.6022	
1524	17.892	13.757	13.498	15.33	8.5488	5.6586	
1525	17.888	13.75	13.49	15.314	8.5414	5.6269	
1526	17.884	13.743	13.482	15.292	8.5151	5.6013	
1527	17.88	13.737	13.473	15.3	8.528	5.6024	
1528	17.876	13.73	13.465	15.288	8.5465	5.6141	
1529	17.872	13.724	13.457	15.293	8.4942	5.5902	
1530	17.868	13.717	13.449	15.303	8.5058	5.6026	
1531	17.864	13.71	13.441	15.28	8.4914	5.604	
1532	17.86	13.704	13.433	15.308	8.4916	5.603	
1533	17.856	13.697	13.425	15.284	8.4702	5.5967	
1534	17.852	13.691	13.417	15.305	8.4793	5.6376	
1535	17.848	13.684	13.408	15.298	8.4926	5.5712	
1536	17.844	13.677	13.4	15.276	8.4891	5.5791	
1537	17.84	13.671	13.392	15.283	8.4941	5.5846	
1538	17.836	13.664	13.384	15.277	8.5252	5.5789	
1539	17.832	13.658	13.376	15.294	8.4816	5.577	
1540	17.828	13.651	13.368	15.287	8.4628	5.578	
1541	17.824	13.645	13.36	15.275	8.4525	5.5494	
1542	17.82	13.638	13.352	15.281	8.4651	5.5754	
1543	17.816	13.632	13.344	15.279	8.4722	5.544	
1544	17.812	13.625	13.336	15.282	8.4897	5.5788	
1545	17.808	13.619	13.328	15.263	8.493	5.5536	
1546	17.804	13.612	13.32	15.278	8.4662	5.5539	
1547	17.801	13.606	13.312	15.274	8.4734	5.5453	
1548	17.797	13.599	13.304	15.277	8.4642	5.5399	
1549	17.793	13.593	13.296	15.277	8.4838	5.5347	
1550	17.789	13.587	13.289	15.282	8.4621	5.5433	
1551	17.785	13.58	13.281	15.26	8.4848	5.5405	
1552	17.781	13.574	13.273	15.272	8.4641	5.5476	
1553	17.777	13.567	13.265	15.253	8.4528	5.5522	
1554	17.773	13.561	13.257	15.262	8.4672	5.5335	
1555	17.77	13.555	13.249	15.281	8.442	5.52	
1556	17.766	13.548	13.241	15.259	8.4567	5.5561	
1557	17.762	13.542	13.233	15.253	8.4481	5.5181	
1558	17.758	13.536	13.226	15.256	8.4504	5.5207	
1559	17.754	13.529	13.218	15.276	8.4324	5.4932	
1560	17.75	13.523	13.21	15.271	8.4614	5.517	
1561	17.747	13.517	13.202	15.28	8.463	5.5073	
1562	17.743	13.51	13.194	15.286	8.4263	5.5184	
1563	17.739	13.504	13.186	15.246	8.4494	5.5213	
1564	17.735	13.498	13.179	15.253	8.4738	5.4959	
1565	17.731	13.491	13.171	15.26	8.475	5.4892	
1566	17.728	13.485	13.163	15.25	8.4211	5.471	
1567	17.724	13.479	13.155	15.272	8.4036	5.5013	
1568	17.72	13.472	13.148	15.254	8.4459	5.5132	
1569	17.716	13.466	13.14	15.273	8.4673	5.5183	
1570	17.713	13.46	13.132	15.258	8.4541	5.5109	
1571	17.709	13.454	13.124	15.251	8.43	5.5032	
1572	17.705	13.447	13.117	15.247	8.4216	5.516	
1573	17.701	13.441	13.109	15.253	8.4038	5.4898	
1574	17.698	13.435	13.101	15.271	8.4254	5.4739	
1575	17.694	13.429	13.094	15.231	8.4078	5.4942	
1576	17.69	13.423	13.086	15.249	8.3978	5.4296	
1577	17.686	13.416	13.078	15.217	8.3749	5.4756	
1578	17.683	13.41	13.071	15.237	8.4288	5.4607	
1579	17.679	13.404	13.063	15.228	8.4205	5.4795	
1580	17.675	13.398	13.055	15.239	8.3869	5.4487	
1581	17.672	13.392	13.048	15.234	8.4189	5.4105	
1582	17.668	13.386	13.04	15.257	8.4008	5.48	
1583	17.664	13.38	13.032	15.226	8.4345	5.4544	
1584	17.661	13.373	13.025	15.259	8.3606	5.4227	
1585	17.657	13.367	13.017	15.244	8.4289	5.4566	
1586	17.653	13.361	13.01	15.233	8.3734	5.502	
1587	17.65	13.355	13.002	15.238	8.4237	5.4611	
1588	17.646	13.349	12.995	15.245	8.3774	5.3926	
1589	17.642	13.343	12.987	15.215	8.3875	5.4566	
1590	17.639	13.337	12.979	15.228	8.3519	5.4219	
1591	17.635	13.331	12.972	15.219	8.3652	5.442	
1592	17.632	13.325	12.964	15.22	8.4063	5.4059	
1593	17.628	13.319	12.957	15.242	8.3902	5.4055	
1594	17.624	13.313	12.949	15.227	8.3533	5.4718	
1595	17.621	13.307	12.942	15.251	8.3693	5.388	
1596	17.617	13.301	12.934	15.218	8.396	5.4089	
1597	17.614	13.295	12.927	15.224	8.3787	5.4234	
1598	17.61	13.289	12.919	15.233	8.3674	5.3693	
1599	17.606	13.283	12.912	15.229	8.3583	5.4027	
1600	17.603	13.277	12.905	15.215	8.372	5.3582	
1601	17.599	13.271	12.897	15.245	8.3609	5.4297	
1602	17.596	13.265	12.89	15.238	8.3485	5.3855	
1603	17.592	13.259	12.882	15.243	8.3307	5.3756	
1604	17.589	13.253	12.875	15.231	8.3665	5.3766	
1605	17.585	13.247	12.867	15.219	8.355	5.4195	
1606	17.582	13.241	12.86	15.218	8.3515	5.381	
1607	17.578	13.235	12.853	15.236	8.3546	5.3807	
1608	17.575	13.229	12.845	15.198	8.3743	5.3834	
1609	17.571	13.223	12.838	15.209	8.3542	5.3865	
1610	17.568	13.217	12.831	15.217	8.3669	5.3679	
1611	17.564	13.211	12.823	15.223	8.3448	5.3933	
1612	17.561	13.205	12.816	15.243	8.3307	5.3638	
1613	17.557	13.199	12.809	15.178	8.3644	5.3728	
1614	17.554	13.193	12.801	15.202	8.361	5.4227	
1615	17.55	13.188	12.794	15.227	8.3397	5.3958	
1616	17.547	13.182	12.787	15.22	8.3127	5.3666	
1617	17.543	13.176	12.779	15.246	8.3553	5.3936	
1618	17.54	13.17	12.772	15.226	8.3236	5.3726	
1619	17.536	13.164	12.765	15.199	8.3466	5.3731	
1620	17.533	13.158	12.757	15.181	8.3603	5.3781	
1621	17.529	13.153	12.75	15.208	8.3253	5.3494	
1622	17.526	13.147	12.743	15.178	8.3112	5.3902	
1623	17.522	13.141	12.736	15.171	8.3181	5.3343	
1624	17.519	13.135	12.728	15.213	8.3478	5.3601	
1625	17.516	13.129	12.721	15.221	8.3268	5.3138	
1626	17.512	13.124	12.714	15.189	8.3195	5.3457	
1627	17.509	13.118	12.707	15.194	8.2845	5.3273	
1628	17.505	13.112	12.7	15.187	8.3499	5.3401	
1629	17.502	13.106	12.692	15.19	8.342	5.3735	
1630	17.499	13.101	12.685	15.179	8.3391	5.3371	
1631	17.495	13.095	12.678	15.173	8.3154	5.3855	
1632	17.492	13.089	12.671	15.186	8.35	5.3166	
1633	17.488	13.083	12.664	15.203	8.3497	5.3381	
1634	17.485	13.078	12.657	15.171	8.297	5.3258	
1635	17.482	13.072	12.649	15.194	8.3312	5.3287	
1636	17.478	13.066	12.642	15.188	8.3212	5.3036	
1637	17.475	13.061	12.635	15.199	8.3059	5.3668	
1638	17.472	13.055	12.628	15.222	8.2801	5.3259	
1639	17.468	13.049	12.621	15.182	8.3194	5.2974	
1640	17.465	13.043	12.614	15.173	8.2818	5.3281	
1641	17.462	13.038	12.607	15.175	8.354	5.2891	
1642	17.458	13.032	12.6	15.205	8.2703	5.335	
1643	17.455	13.027	12.593	15.19	8.3112	5.2849	
1644	17.452	13.021	12.585	15.187	8.2906	5.3078	
1645	17.448	13.015	12.578	15.188	8.2927	5.329	
1646	17.445	13.01	12.571	15.208	8.31	5.2496	
1647	17.442	13.004	12.564	15.15	8.3281	5.3322	
1648	17.438	12.998	12.557	15.196	8.214	5.2562	
1649	17.435	12.993	12.55	15.203	8.3041	5.32	
1650	17.432	12.987	12.543	15.183	8.3097	5.3172	
1651	17.429	12.982	12.536	15.183	8.2823	5.2789	
1652	17.425	12.976	12.529	15.167	8.2903	5.2806	
1653	17.422	12.97	12.522	15.222	8.273	5.3132	
1654	17.419	12.965	12.515	15.187	8.2721	5.3	
1655	17.416	12.959	12.508	15.181	8.3124	5.2674	
1656	17.412	12.954	12.501	15.178	8.2858	5.2886	
1657	17.409	12.948	12.494	15.182	8.2736	5.2715	
1658	17.406	12.943	12.487	15.168	8.2909	5.2684	
1659	17.403	12.937	12.48	15.198	8.2389	5.2994	
1660	17.399	12.932	12.474	15.134	8.2013	5.3163	
1661	17.396	12.926	12.467	15.18	8.22	5.277	
1662	17.393	12.921	12.46	15.141	8.2754	5.2561	
1663	17.39	12.915	12.453	15.16	8.3068	5.3083	
1664	17.387	12.91	12.446	15.139	8.2076	5.1903	
1665	17.383	12.904	12.439	15.134	8.2768	5.2901	
1666	17.38	12.899	12.432	15.203	8.2376	5.2267	
1667	17.377	12.893	12.425	15.116	8.178	5.2636	
1668	17.374	12.888	12.418	15.094	8.2587	5.2816	
1669	17.371	12.882	12.411	15.177	8.2221	5.1642	
1670	17.367	12.877	12.405	15.177	8.3188	5.28	
1671	17.364	12.871	12.398	15.144	8.2985	5.1962	
1672	17.361	12.866	12.391	15.205	8.2434	5.1552	
1673	17.358	12.861	12.384	15.194	8.2671	5.2595	
1674	17.355	12.855	12.377	15.196	8.273	5.2443	
1675	17.352	12.85	12.37	15.123	8.1082	5.2754	
1676	17.348	12.844	12.364	15.177	8.2951	5.2414	
1677	17.345	12.839	12.357	15.141	8.2686	5.3115	
1678	17.342	12.834	12.35	15.131	8.1656	5.2901	
1679	17.339	12.828	12.343	15.153	8.2106	5.2576	
1680	17.336	12.823	12.337	15.136	8.2649	5.3272	
1681	17.333	12.817	12.33	15.15	8.3289	5.2473	
1682	17.33	12.812	12.323	15.105	8.2398	5.2015	
1683	17.327	12.807	12.316	15.132	8.2922	5.1972	
1684	17.323	12.801	12.31	15.112	8.2552	5.3479	
1685	17.32	12.796	12.303	15.14	8.0623	5.0309	
1686	17.317	12.791	12.296	15.254	8.287	5.2897	
1687	17.314	12.785	12.289	15.066	8.3556	5.4453	
1688	17.311	12.78	12.283	15.075	8.27	5.2045	
1689	17.308	12.775	12.276	15.151	8.2085	5.0922	
1690	17.305	12.769	12.269	15.044	8.425	5.2279	
1691	17.302	12.764	12.263	15.226	8.1621	5.1941	
1692	17.299	12.759	12.256	15.228	8.4692	5.2754	
1693	17.296	12.754	12.249	14.99	8.3545	5.5722	
1694	17.293	12.748	12.243	14.9	8.082	5.2263	
1695	17.29	12.743	12.236	15.192	8.4939	5.4261	
1696	17.287	12.738	12.229	15.082	8.2301	5.4347	
1697	17.283	12.732	12.223	15.142	8.3357	5.437	
1698	17.28	12.727	12.216	14.719	8.2576	4.9981	
1699	17.277	12.722	12.209	14.916	8.6842	5.3629	
1700	17.274	12.717	12.203	14.932	8.1696	5.1826	
