	65	70	75	65	70	75	
300	33.02	30.237	27.684	37.511	37.209	37.514	
301	32.885	30.147	27.746	37.295	36.907	37.453	
302	32.767	30.08	27.831	37.087	36.772	37.279	
303	32.663	30.032	27.933	37.019	36.553	37.024	
304	32.574	30.002	28.053	36.99	36.489	37.052	
305	32.5	29.99	28.188	36.884	36.423	36.867	
306	32.438	29.993	28.336	36.614	36.185	36.77	
307	32.387	30.011	28.496	36.511	36.277	36.641	
308	32.348	30.042	28.667	36.334	36.128	36.541	
309	32.32	30.086	28.846	36.365	35.959	36.377	
310	32.3	30.14	29.032	36.171	35.873	36.379	
311	32.29	30.205	29.225	36.159	35.715	36.319	
312	32.288	30.279	29.423	36.209	35.719	36.207	
313	32.294	30.361	29.625	35.89	35.526	36.139	
314	32.307	30.451	29.831	35.955	35.547	35.953	
315	32.327	30.548	30.04	35.892	35.364	35.909	
316	32.354	30.652	30.251	35.798	35.418	35.815	
317	32.386	30.761	30.464	35.661	35.298	35.754	
318	32.424	30.875	30.677	35.561	35.153	35.59	
319	32.468	30.995	30.892	35.518	35.053	35.611	
320	32.516	31.119	31.107	35.535	35.035	35.459	
321	32.569	31.246	31.322	35.427	34.977	35.375	
322	32.626	31.378	31.537	35.393	34.901	35.332	
323	32.688	31.512	31.751	35.355	34.78	35.278	
324	32.754	31.65	31.965	35.23	34.786	35.152	
325	32.824	31.791	32.178	35.241	34.578	35.091	
326	32.897	31.934	32.39	35.155	34.568	35.032	
327	32.974	32.08	32.601	35.062	34.546	34.927	
328	33.055	32.228	32.812	35.028	34.498	34.847	
329	33.139	32.378	33.021	34.999	34.432	34.774	
330	33.226	32.531	33.229	35.011	34.459	34.767	
331	33.317	32.685	33.436	34.888	34.365	34.712	
332	33.411	32.841	33.642	34.842	34.23	34.555	
333	33.508	32.999	33.848	34.885	34.182	34.577	
334	33.609	33.159	34.052	34.798	34.161	34.525	
335	33.712	33.321	34.256	34.731	34.097	34.447	
336	33.819	33.485	34.459	34.609	34.041	34.358	
337	33.929	33.65	34.661	34.687	34.006	34.353	
338	34.042	33.818	34.863	34.632	33.962	34.303	
339	34.159	33.987	35.065	34.529	33.832	34.23	
340	34.278	34.159	35.267	34.579	33.724	34.179	
341	34.402	34.332	35.468	34.486	33.766	34.165	
342	34.528	34.508	35.67	34.466	33.725	34.1	
343	34.658	34.686	35.872	34.549	33.733	34.023	
344	34.792	34.866	36.074	34.521	33.702	33.95	
345	34.929	35.048	36.277	34.424	33.661	33.933	
346	35.07	35.234	36.48	34.455	33.622	33.892	
347	35.215	35.421	36.685	34.458	33.593	33.865	
348	35.364	35.612	36.891	34.377	33.616	33.812	
349	35.517	35.806	37.098	34.389	33.625	33.81	
350	35.675	36.004	37.307	34.388	33.625	33.767	
351	35.838	36.205	37.519	34.35	33.524	33.743	
352	36.007	36.412	37.733	34.396	33.574	33.8	
353	36.182	36.623	37.952	34.351	33.52	33.614	
354	36.364	36.84	38.174	34.458	33.583	33.722	
355	36.553	37.064	38.401	34.599	33.444	33.575	
356	36.75	37.295	38.634	34.579	33.535	33.58	
357	36.954	37.532	38.872	34.514	33.694	33.653	
358	37.166	37.777	39.117	34.45	33.599	33.561	
359	37.384	38.029	39.368	34.557	33.626	33.604	
360	37.607	38.285	39.623	34.568	33.602	33.533	
361	37.832	38.545	39.883	34.519	33.534	33.614	
362	38.057	38.805	40.144	34.468	33.471	33.318	
363	38.28	39.065	40.406	34.502	33.373	33.27	
364	38.498	39.322	40.666	34.485	33.406	33.141	
365	38.71	39.574	40.925	34.48	33.239	33.257	
366	38.914	39.821	41.18	34.43	33.18	32.916	
367	39.111	40.062	41.433	34.217	33.026	32.627	
368	39.3	40.297	41.682	34.2	33.006	32.484	
369	39.481	40.525	41.927	34.034	32.568	32.257	
370	39.654	40.748	42.17	33.841	32.395	31.955	
371	39.822	40.968	42.411	33.737	32.227	31.762	
372	39.987	41.185	42.651	33.555	32.089	31.437	
373	40.149	41.401	42.892	33.39	31.779	31.262	
374	40.311	41.617	43.135	33.076	31.523	30.992	
375	40.472	41.834	43.379	32.972	31.289	30.557	
376	40.635	42.053	43.627	32.744	31.026	30.281	
377	40.799	42.274	43.877	32.512	30.758	29.935	
378	40.966	42.498	44.131	32.361	30.452	29.755	
379	41.135	42.725	44.388	32.152	30.302	29.525	
380	41.308	42.956	44.65	31.847	30.094	29.22	
381	41.485	43.192	44.917	31.78	29.805	28.874	
382	41.667	43.433	45.189	31.618	29.702	28.718	
383	41.853	43.678	45.467	31.407	29.37	28.494	
384	42.043	43.929	45.75	31.178	29.194	28.195	
385	42.238	44.185	46.038	31.074	29.021	28.069	
386	42.437	44.444	46.33	30.864	28.789	27.848	
387	42.641	44.71	46.628	30.652	28.633	27.637	
388	42.85	44.98	46.932	30.583	28.41	27.476	
389	43.064	45.256	47.242	30.461	28.307	27.256	
390	43.283	45.538	47.557	30.26	28.108	27.05	
391	43.506	45.824	47.877	30.191	27.915	26.895	
392	43.734	46.115	48.202	29.981	27.735	26.665	
393	43.968	46.412	48.534	29.878	27.587	26.582	
394	44.206	46.715	48.872	29.682	27.397	26.4	
395	44.449	47.024	49.216	29.63	27.355	26.298	
396	44.698	47.338	49.565	29.422	27.142	26.077	
397	44.951	47.658	49.921	29.335	27.036	25.925	
398	45.21	47.984	50.284	29.275	26.882	25.776	
399	45.474	48.316	50.653	29.093	26.69	25.637	
400	45.744	48.655	51.029	29.072	26.6	25.423	
401	46.018	48.999	51.412	28.922	26.451	25.337	
402	46.299	49.35	51.802	28.768	26.379	25.181	
403	46.585	49.708	52.2	28.682	26.196	25.041	
404	46.876	50.073	52.605	28.573	26.143	24.894	
405	47.173	50.444	53.018	28.511	25.929	24.83	
406	47.475	50.822	53.438	28.418	25.831	24.647	
407	47.783	51.207	53.866	28.306	25.691	24.585	
408	48.097	51.599	54.302	28.204	25.67	24.441	
409	48.416	51.998	54.746	28.091	25.533	24.21	
410	48.74	52.404	55.198	28.031	25.423	24.179	
411	49.07	52.817	55.658	27.868	25.362	24.088	
412	49.405	53.237	56.125	27.819	25.199	23.977	
413	49.746	53.664	56.601	27.751	25.068	23.815	
414	50.092	54.098	57.084	27.647	25.046	23.779	
415	50.444	54.539	57.575	27.567	24.906	23.666	
416	50.801	54.987	58.073	27.436	24.81	23.564	
417	51.163	55.441	58.579	27.395	24.667	23.442	
418	51.53	55.903	59.093	27.242	24.576	23.314	
419	51.902	56.371	59.614	27.24	24.539	23.278	
420	52.279	56.846	60.142	27.177	24.391	23.051	
421	52.661	57.328	60.678	26.993	24.277	23.05	
422	53.049	57.817	61.22	27.016	24.164	22.99	
423	53.441	58.312	61.769	26.934	24.088	22.879	
424	53.837	58.813	62.325	26.867	24.049	22.714	
425	54.238	59.321	62.887	26.755	23.89	22.644	
426	54.644	59.835	63.455	26.651	23.86	22.58	
427	55.054	60.355	64.029	26.553	23.755	22.538	
428	55.469	60.881	64.609	26.479	23.663	22.372	
429	55.888	61.413	65.194	26.519	23.569	22.282	
430	56.311	61.951	65.785	26.369	23.426	22.284	
431	56.738	62.495	66.38	26.264	23.503	22.162	
432	57.169	63.044	66.98	26.276	23.311	21.984	
433	57.603	63.598	67.583	26.141	23.339	21.941	
434	58.041	64.158	68.191	26.086	23.175	21.795	
435	58.482	64.722	68.802	26.006	23.033	21.804	
436	58.926	65.292	69.416	25.973	22.899	21.543	
437	59.374	65.866	70.032	25.893	22.922	21.617	
438	59.824	66.444	70.65	25.872	22.893	21.469	
439	60.277	67.026	71.27	25.71	22.818	21.435	
440	60.732	67.613	71.891	25.695	22.639	21.343	
441	61.189	68.203	72.512	25.63	22.648	21.261	
442	61.648	68.797	73.132	25.588	22.648	21.104	
443	62.109	69.394	73.751	25.507	22.442	21.184	
444	62.571	69.993	74.369	25.556	22.424	20.985	
445	63.034	70.595	74.983	25.392	22.277	20.91	
446	63.498	71.2	75.594	25.234	22.293	20.863	
447	63.962	71.806	76.2	25.292	22.112	20.749	
448	64.426	72.415	76.8	25.195	22.141	20.723	
449	64.891	73.024	77.393	25.183	22.026	20.627	
450	65.354	73.634	77.976	25.118	21.916	20.654	
451	65.817	74.245	78.549	25.118	21.857	20.554	
452	66.277	74.855	79.11	25.026	21.784	20.444	
453	66.737	75.465	79.656	24.922	21.755	20.443	
454	67.194	76.074	80.183	24.835	21.684	20.273	
455	67.647	76.682	80.691	24.769	21.671	20.279	
456	68.098	77.287	81.174	24.72	21.58	20.095	
457	68.545	77.888	81.629	24.709	21.546	20.092	
458	68.987	78.487	82.051	24.66	21.441	20.062	
459	69.425	79.08	82.435	24.663	21.481	19.975	
460	69.856	79.667	82.776	24.545	21.331	19.906	
461	70.282	80.248	83.067	24.62	21.233	19.818	
462	70.7	80.819	83.304	24.431	21.183	19.772	
463	71.112	81.38	83.479	24.46	21.21	19.722	
464	71.514	81.927	83.591	24.327	21.031	19.609	
465	71.907	82.46	83.637	24.36	21.017	19.608	
466	72.291	82.974	83.615	24.267	20.954	19.454	
467	72.663	83.464	83.529	24.206	20.854	19.484	
468	73.024	83.926	83.381	24.17	20.799	19.396	
469	73.371	84.353	83.179	24.092	20.77	19.34	
470	73.706	84.737	82.926	24.061	20.699	19.193	
471	74.025	85.069	82.63	24.012	20.652	19.217	
472	74.33	85.339	82.298	23.934	20.679	19.142	
473	74.618	85.536	81.934	23.947	20.517	19.035	
474	74.888	85.652	81.545	23.908	20.509	19.076	
475	75.141	85.682	81.134	23.846	20.472	18.955	
476	75.374	85.625	80.706	23.824	20.439	18.928	
477	75.587	85.486	80.264	23.74	20.279	18.806	
478	75.779	85.272	79.812	23.684	20.28	18.775	
479	75.95	84.997	79.351	23.667	20.197	18.72	
480	76.098	84.67	78.884	23.599	20.142	18.638	
481	76.224	84.302	78.412	23.572	20.093	18.615	
482	76.326	83.901	77.937	23.495	20.1	18.561	
483	76.405	83.475	77.46	23.543	20.037	18.524	
484	76.46	83.029	76.982	23.447	19.952	18.437	
485	76.492	82.568	76.505	23.405	19.904	18.479	
486	76.5	82.096	76.027	23.388	19.787	18.36	
487	76.485	81.616	75.552	23.308	19.783	18.254	
488	76.447	81.13	75.079	23.318	19.714	18.213	
489	76.387	80.64	74.608	23.228	19.691	18.178	
490	76.305	80.148	74.14	23.239	19.606	18.185	
491	76.203	79.654	73.675	23.162	19.598	18.078	
492	76.081	79.16	73.214	23.125	19.513	18.036	
493	75.939	78.666	72.757	23.098	19.505	17.975	
494	75.78	78.174	72.304	23.049	19.475	17.976	
495	75.603	77.683	71.856	23.039	19.452	17.877	
496	75.411	77.195	71.411	22.991	19.38	17.876	
497	75.203	76.709	70.972	22.952	19.303	17.874	
498	74.982	76.226	70.537	22.922	19.281	17.787	
499	74.747	75.747	70.106	22.888	19.204	17.73	
500	74.501	75.271	69.681	22.873	19.164	17.653	
501	74.244	74.799	69.261	22.799	19.155	17.607	
502	73.977	74.331	68.845	22.748	19.072	17.553	
503	73.701	73.867	68.435	22.745	19.08	17.515	
504	73.417	73.407	68.029	22.67	18.989	17.461	
505	73.125	72.952	67.629	22.66	18.966	17.426	
506	72.827	72.501	67.233	22.59	18.9	17.357	
507	72.523	72.054	66.843	22.573	18.858	17.36	
508	72.214	71.612	66.458	22.544	18.831	17.264	
509	71.899	71.175	66.077	22.54	18.784	17.234	
510	71.581	70.742	65.702	22.464	18.744	17.185	
511	71.26	70.314	65.332	22.441	18.672	17.172	
512	70.936	69.891	64.966	22.411	18.653	17.095	
513	70.609	69.472	64.606	22.38	18.604	17.039	
514	70.28	69.058	64.25	22.329	18.581	17.008	
515	69.949	68.649	63.899	22.323	18.521	16.956	
516	69.617	68.245	63.553	22.272	18.488	16.925	
517	69.285	67.845	63.211	22.233	18.453	16.889	
518	68.951	67.45	62.875	22.213	18.429	16.8	
519	68.618	67.06	62.543	22.156	18.383	16.8	
520	68.284	66.674	62.215	22.155	18.329	16.783	
521	67.951	66.293	61.892	22.107	18.281	16.705	
522	67.618	65.916	61.573	22.082	18.236	16.682	
523	67.286	65.545	61.259	22.044	18.197	16.633	
524	66.955	65.177	60.949	22.008	18.175	16.576	
525	66.625	64.814	60.644	21.973	18.11	16.541	
526	66.296	64.456	60.343	21.948	18.101	16.479	
527	65.968	64.102	60.045	21.919	18.041	16.467	
528	65.642	63.753	59.752	21.871	18.015	16.444	
529	65.318	63.407	59.463	21.848	17.935	16.346	
530	64.995	63.067	59.178	21.807	17.963	16.332	
531	64.675	62.73	58.897	21.787	17.894	16.282	
532	64.356	62.398	58.62	21.792	17.872	16.249	
533	64.039	62.069	58.347	21.715	17.836	16.21	
534	63.725	61.745	58.077	21.688	17.765	16.173	
535	63.413	61.425	57.811	21.675	17.736	16.118	
536	63.103	61.109	57.549	21.642	17.728	16.071	
537	62.795	60.797	57.291	21.635	17.67	16.051	
538	62.49	60.489	57.035	21.595	17.649	16.008	
539	62.187	60.185	56.784	21.569	17.626	15.99	
540	61.886	59.884	56.536	21.55	17.587	15.938	
541	61.589	59.588	56.291	21.51	17.537	15.923	
542	61.293	59.295	56.049	21.482	17.509	15.858	
543	61	59.005	55.811	21.476	17.461	15.814	
544	60.71	58.72	55.576	21.431	17.422	15.773	
545	60.422	58.438	55.344	21.41	17.437	15.761	
546	60.137	58.159	55.115	21.352	17.352	15.71	
547	59.855	57.884	54.889	21.367	17.317	15.707	
548	59.575	57.613	54.666	21.329	17.285	15.648	
549	59.297	57.344	54.446	21.326	17.238	15.622	
550	59.023	57.079	54.229	21.261	17.228	15.591	
551	58.751	56.818	54.015	21.239	17.193	15.54	
552	58.481	56.56	53.804	21.241	17.157	15.508	
553	58.214	56.304	53.595	21.207	17.129	15.477	
554	57.95	56.052	53.389	21.168	17.077	15.44	
555	57.688	55.803	53.186	21.16	17.056	15.395	
556	57.429	55.558	52.985	21.131	17.016	15.362	
557	57.173	55.315	52.787	21.103	16.947	15.317	
558	56.919	55.075	52.591	21.084	16.962	15.3	
559	56.668	54.838	52.398	21.046	16.928	15.278	
560	56.419	54.604	52.208	21.019	16.886	15.228	
561	56.172	54.373	52.019	21.007	16.84	15.186	
562	55.929	54.144	51.833	21	16.812	15.184	
563	55.687	53.918	51.65	20.961	16.801	15.133	
564	55.448	53.695	51.468	20.944	16.75	15.126	
565	55.212	53.475	51.289	20.9	16.721	15.064	
566	54.978	53.257	51.112	20.879	16.684	15.074	
567	54.746	53.042	50.937	20.845	16.66	15.01	
568	54.517	52.829	50.765	20.818	16.626	14.969	
569	54.29	52.619	50.594	20.805	16.591	14.939	
570	54.066	52.412	50.426	20.791	16.566	14.891	
571	53.844	52.207	50.259	20.756	16.54	14.877	
572	53.624	52.004	50.095	20.734	16.528	14.866	
573	53.406	51.803	49.932	20.719	16.489	14.815	
574	53.191	51.605	49.771	20.685	16.473	14.755	
575	52.977	51.409	49.613	20.662	16.434	14.74	
576	52.766	51.216	49.456	20.631	16.404	14.719	
577	52.558	51.024	49.3	20.644	16.385	14.694	
578	52.351	50.835	49.147	20.618	16.331	14.681	
579	52.147	50.648	48.995	20.576	16.316	14.62	
580	51.944	50.463	48.846	20.577	16.277	14.621	
581	51.744	50.28	48.697	20.535	16.251	14.584	
582	51.546	50.099	48.551	20.524	16.22	14.522	
583	51.349	49.92	48.406	20.504	16.18	14.507	
584	51.155	49.743	48.263	20.492	16.17	14.517	
585	50.963	49.568	48.121	20.442	16.155	14.449	
586	50.773	49.395	47.981	20.431	16.123	14.417	
587	50.585	49.224	47.842	20.436	16.098	14.362	
588	50.398	49.055	47.705	20.408	16.07	14.357	
589	50.214	48.887	47.57	20.364	16.041	14.332	
590	50.031	48.722	47.436	20.345	16.005	14.287	
591	49.85	48.558	47.303	20.333	15.99	14.25	
592	49.672	48.396	47.172	20.31	15.918	14.221	
593	49.494	48.235	47.042	20.296	15.969	14.198	
594	49.319	48.077	46.913	20.283	15.892	14.209	
595	49.146	47.92	46.786	20.24	15.88	14.155	
596	48.974	47.764	46.66	20.22	15.879	14.124	
597	48.804	47.61	46.536	20.21	15.839	14.089	
598	48.635	47.458	46.412	20.202	15.8	14.07	
599	48.469	47.308	46.29	20.184	15.748	14.033	
600	48.303	47.159	46.169	20.146	15.774	14.024	
601	48.14	47.011	46.05	20.111	15.734	13.982	
602	47.978	46.865	45.931	20.089	15.676	13.946	
603	47.818	46.72	45.814	20.073	15.681	13.918	
604	47.659	46.577	45.698	20.062	15.645	13.915	
605	47.502	46.436	45.583	20.041	15.608	13.859	
606	47.347	46.295	45.47	20.03	15.616	13.815	
607	47.193	46.156	45.357	19.998	15.592	13.779	
608	47.04	46.019	45.245	20.014	15.535	13.804	
609	46.889	45.883	45.135	19.982	15.547	13.748	
610	46.739	45.748	45.025	19.959	15.505	13.733	
611	46.591	45.614	44.917	19.939	15.468	13.708	
612	46.444	45.482	44.81	19.937	15.48	13.705	
613	46.299	45.351	44.703	19.905	15.44	13.625	
614	46.155	45.222	44.598	19.873	15.416	13.633	
615	46.012	45.093	44.493	19.872	15.373	13.599	
616	45.871	44.966	44.39	19.848	15.366	13.567	
617	45.731	44.84	44.287	19.833	15.339	13.548	
618	45.592	44.715	44.186	19.81	15.324	13.544	
619	45.455	44.591	44.085	19.793	15.289	13.484	
620	45.319	44.469	43.985	19.769	15.26	13.464	
621	45.184	44.347	43.886	19.744	15.245	13.463	
622	45.051	44.227	43.788	19.758	15.223	13.435	
623	44.918	44.108	43.691	19.727	15.19	13.375	
624	44.787	43.99	43.595	19.705	15.17	13.372	
625	44.657	43.873	43.5	19.678	15.168	13.392	
626	44.528	43.757	43.405	19.681	15.12	13.311	
627	44.401	43.642	43.311	19.667	15.098	13.304	
628	44.274	43.528	43.218	19.638	15.06	13.283	
629	44.149	43.415	43.126	19.635	15.075	13.294	
630	44.025	43.303	43.035	19.57	15.013	13.233	
631	43.902	43.192	42.944	19.565	15.066	13.236	
632	43.78	43.082	42.854	19.575	15.011	13.141	
633	43.659	42.973	42.765	19.564	14.965	13.12	
634	43.539	42.865	42.676	19.51	14.954	13.069	
635	43.42	42.757	42.589	19.493	14.942	13.106	
636	43.303	42.651	42.502	19.49	14.951	13.106	
637	43.186	42.546	42.415	19.498	14.872	13.056	
638	43.07	42.441	42.33	19.454	14.846	13.046	
639	42.956	42.338	42.245	19.459	14.818	13.027	
640	42.842	42.235	42.161	19.425	14.799	13.018	
641	42.729	42.133	42.077	19.452	14.778	12.939	
642	42.617	42.032	41.994	19.402	14.772	12.986	
643	42.507	41.932	41.912	19.387	14.721	12.945	
644	42.397	41.832	41.83	19.404	14.727	12.899	
645	42.288	41.734	41.749	19.385	14.71	12.869	
646	42.18	41.636	41.669	19.341	14.67	12.857	
647	42.073	41.539	41.589	19.34	14.697	12.832	
648	41.966	41.443	41.51	19.298	14.644	12.833	
649	41.861	41.347	41.431	19.29	14.633	12.793	
650	41.757	41.252	41.353	19.268	14.571	12.757	
651	41.653	41.158	41.276	19.249	14.593	12.771	
652	41.55	41.065	41.199	19.245	14.544	12.718	
653	41.448	40.973	41.123	19.224	14.556	12.69	
654	41.347	40.881	41.047	19.213	14.505	12.636	
655	41.247	40.79	40.972	19.188	14.528	12.643	
656	41.147	40.699	40.897	19.173	14.551	12.655	
657	41.049	40.61	40.823	19.182	14.495	12.58	
658	40.951	40.521	40.749	19.145	14.451	12.585	
659	40.854	40.432	40.676	19.135	14.393	12.576	
660	40.758	40.345	40.604	19.131	14.406	12.557	
661	40.662	40.258	40.532	19.149	14.366	12.521	
662	40.567	40.171	40.46	19.141	14.38	12.487	
663	40.473	40.085	40.389	19.085	14.354	12.478	
664	40.38	40	40.319	19.067	14.358	12.46	
665	40.287	39.916	40.248	19.05	14.329	12.422	
666	40.195	39.832	40.179	19.037	14.283	12.4	
667	40.104	39.749	40.11	19.049	14.264	12.403	
668	40.014	39.666	40.041	19.03	14.28	12.379	
669	39.924	39.584	39.973	19.015	14.24	12.357	
670	39.835	39.502	39.905	18.996	14.227	12.341	
671	39.746	39.422	39.838	18.983	14.189	12.272	
672	39.659	39.341	39.771	18.968	14.151	12.307	
673	39.572	39.261	39.704	18.924	14.153	12.286	
674	39.485	39.182	39.638	18.939	14.161	12.278	
675	39.399	39.104	39.573	18.916	14.153	12.296	
676	39.314	39.025	39.507	18.918	14.072	12.203	
677	39.23	38.948	39.443	18.905	14.111	12.199	
678	39.146	38.871	39.378	18.877	14.073	12.219	
679	39.062	38.794	39.314	18.874	14.028	12.143	
680	38.98	38.718	39.251	18.865	14.013	12.153	
681	38.898	38.643	39.188	18.846	13.999	12.088	
682	38.816	38.568	39.125	18.845	14.005	12.109	
683	38.735	38.493	39.062	18.808	13.954	12.072	
684	38.655	38.419	39	18.784	13.945	12.093	
685	38.575	38.345	38.939	18.793	13.961	12.052	
686	38.496	38.272	38.877	18.775	13.924	12.002	
687	38.418	38.2	38.816	18.777	13.89	11.991	
688	38.34	38.128	38.756	18.772	13.868	11.962	
689	38.262	38.056	38.696	18.761	13.903	11.957	
690	38.185	37.985	38.636	18.716	13.875	11.965	
691	38.109	37.914	38.576	18.724	13.843	11.91	
692	38.033	37.844	38.517	18.709	13.782	11.94	
693	37.957	37.774	38.458	18.696	13.781	11.891	
694	37.883	37.705	38.4	18.682	13.775	11.898	
695	37.808	37.636	38.342	18.653	13.738	11.859	
696	37.734	37.567	38.284	18.654	13.704	11.854	
697	37.661	37.499	38.226	18.647	13.742	11.818	
698	37.588	37.431	38.169	18.656	13.697	11.76	
699	37.516	37.364	38.112	18.615	13.678	11.745	
700	37.444	37.297	38.056	18.603	13.714	11.763	
701	37.373	37.231	38	18.616	13.601	11.754	
702	37.302	37.165	37.944	18.605	13.677	11.742	
703	37.232	37.099	37.888	18.55	13.664	11.695	
704	37.162	37.034	37.833	18.548	13.616	11.689	
705	37.092	36.969	37.778	18.593	13.586	11.663	
706	37.023	36.905	37.723	18.539	13.595	11.627	
707	36.955	36.84	37.668	18.519	13.587	11.625	
708	36.886	36.777	37.614	18.499	13.513	11.634	
709	36.819	36.713	37.56	18.52	13.555	11.58	
710	36.752	36.65	37.507	18.509	13.487	11.628	
711	36.685	36.588	37.454	18.491	13.491	11.511	
712	36.618	36.525	37.4	18.46	13.43	11.505	
713	36.552	36.463	37.348	18.443	13.501	11.532	
714	36.487	36.402	37.295	18.434	13.419	11.487	
715	36.422	36.341	37.243	18.397	13.433	11.469	
716	36.357	36.28	37.191	18.418	13.356	11.374	
717	36.293	36.219	37.139	18.408	13.398	11.468	
718	36.229	36.159	37.088	18.389	13.347	11.371	
719	36.165	36.099	37.037	18.416	13.365	11.461	
720	36.102	36.04	36.986	18.332	13.336	11.414	
721	36.039	35.981	36.935	18.377	13.311	11.389	
722	35.977	35.922	36.885	18.373	13.341	11.365	
723	35.915	35.863	36.834	18.316	13.339	11.362	
724	35.854	35.805	36.784	18.348	13.267	11.357	
725	35.792	35.747	36.735	18.293	13.366	11.278	
726	35.732	35.689	36.685	18.343	13.2	11.279	
727	35.671	35.632	36.636	18.3	13.25	11.255	
728	35.611	35.575	36.587	18.318	13.194	11.255	
729	35.551	35.518	36.538	18.272	13.178	11.254	
730	35.492	35.462	36.49	18.26	13.183	11.173	
731	35.433	35.406	36.441	18.22	13.167	11.208	
732	35.374	35.35	36.393	18.247	13.116	11.197	
733	35.316	35.295	36.345	18.236	13.152	11.165	
734	35.258	35.239	36.298	18.263	13.117	11.143	
735	35.2	35.185	36.25	18.212	13.131	11.119	
736	35.143	35.13	36.203	18.211	13.114	11.12	
737	35.086	35.075	36.156	18.221	13.084	11.153	
738	35.03	35.021	36.109	18.175	13.091	11.076	
739	34.973	34.968	36.063	18.168	13.067	11.094	
740	34.917	34.914	36.016	18.198	13.06	11.074	
741	34.862	34.861	35.97	18.146	13.012	11.072	
742	34.806	34.808	35.924	18.159	13.021	11.016	
743	34.751	34.755	35.878	18.16	13.027	10.987	
744	34.696	34.702	35.833	18.128	13	11.023	
745	34.642	34.65	35.787	18.098	13.023	11.013	
746	34.588	34.598	35.742	18.113	12.97	10.981	
747	34.534	34.546	35.697	18.112	13.001	10.944	
748	34.481	34.495	35.652	18.09	12.967	10.93	
749	34.427	34.444	35.608	18.087	12.928	10.902	
750	34.375	34.393	35.563	18.026	12.909	10.938	
751	34.322	34.342	35.519	18.064	12.892	10.873	
752	34.27	34.292	35.475	18.016	12.923	10.846	
753	34.218	34.241	35.431	18.042	12.881	10.845	
754	34.166	34.191	35.388	18.033	12.862	10.87	
755	34.114	34.142	35.344	17.998	12.896	10.794	
756	34.063	34.092	35.301	18.017	12.83	10.84	
757	34.012	34.043	35.258	18.016	12.778	10.837	
758	33.962	33.994	35.215	17.993	12.814	10.794	
759	33.911	33.945	35.172	17.991	12.817	10.766	
760	33.861	33.896	35.129	17.965	12.743	10.723	
761	33.811	33.848	35.087	17.94	12.757	10.727	
762	33.762	33.799	35.044	17.968	12.744	10.685	
763	33.712	33.752	35.002	17.942	12.757	10.67	
764	33.663	33.704	34.96	17.942	12.75	10.703	
765	33.615	33.656	34.918	17.928	12.723	10.649	
766	33.566	33.609	34.877	17.945	12.732	10.659	
767	33.518	33.562	34.835	17.932	12.689	10.658	
768	33.47	33.515	34.794	17.898	12.676	10.604	
769	33.422	33.468	34.753	17.901	12.684	10.63	
770	33.374	33.422	34.712	17.88	12.632	10.573	
771	33.327	33.375	34.671	17.839	12.621	10.567	
772	33.28	33.329	34.63	17.837	12.664	10.567	
773	33.233	33.283	34.59	17.851	12.613	10.567	
774	33.187	33.238	34.549	17.831	12.605	10.51	
775	33.14	33.192	34.509	17.81	12.584	10.517	
776	33.094	33.147	34.469	17.872	12.563	10.49	
777	33.048	33.102	34.429	17.813	12.541	10.499	
778	33.003	33.057	34.389	17.814	12.507	10.516	
779	32.957	33.012	34.35	17.771	12.515	10.473	
780	32.912	32.968	34.31	17.769	12.529	10.484	
781	32.867	32.923	34.271	17.816	12.552	10.405	
782	32.822	32.879	34.232	17.788	12.453	10.414	
783	32.778	32.835	34.192	17.766	12.44	10.413	
784	32.733	32.791	34.153	17.747	12.468	10.369	
785	32.689	32.748	34.115	17.727	12.424	10.347	
786	32.646	32.704	34.076	17.72	12.435	10.349	
787	32.602	32.661	34.038	17.725	12.412	10.345	
788	32.558	32.618	33.999	17.722	12.394	10.324	
789	32.515	32.575	33.961	17.703	12.376	10.317	
790	32.472	32.533	33.923	17.705	12.403	10.277	
791	32.429	32.49	33.885	17.675	12.368	10.278	
792	32.387	32.448	33.847	17.689	12.361	10.267	
793	32.344	32.405	33.809	17.679	12.381	10.266	
794	32.302	32.363	33.772	17.66	12.327	10.239	
795	32.26	32.321	33.734	17.659	12.309	10.224	
796	32.218	32.28	33.697	17.662	12.313	10.213	
797	32.177	32.238	33.66	17.654	12.325	10.176	
798	32.135	32.197	33.622	17.666	12.323	10.181	
799	32.094	32.156	33.585	17.647	12.261	10.206	
800	32.053	32.115	33.549	17.62	12.266	10.135	
801	32.012	32.074	33.512	17.605	12.279	10.152	
802	31.971	32.033	33.475	17.648	12.257	10.122	
803	31.931	31.992	33.439	17.585	12.228	10.092	
804	31.891	31.952	33.402	17.575	12.219	10.133	
805	31.851	31.912	33.366	17.566	12.198	10.093	
806	31.811	31.872	33.33	17.583	12.17	10.084	
807	31.771	31.832	33.294	17.566	12.126	10.115	
808	31.731	31.792	33.258	17.569	12.174	10.024	
809	31.692	31.752	33.222	17.516	12.099	10.047	
810	31.653	31.713	33.187	17.556	12.165	10.014	
811	31.614	31.673	33.151	17.537	12.131	9.9973	
812	31.575	31.634	33.116	17.532	12.176	10.005	
813	31.536	31.595	33.08	17.542	12.077	9.9926	
814	31.498	31.556	33.045	17.52	12.11	10.013	
815	31.459	31.517	33.01	17.499	12.091	9.9656	
816	31.421	31.479	32.975	17.51	12.082	9.9131	
817	31.383	31.44	32.94	17.487	12.062	9.9298	
818	31.345	31.402	32.905	17.492	12.059	9.9034	
819	31.308	31.364	32.871	17.483	12.042	9.9129	
820	31.27	31.326	32.836	17.46	12.018	9.8719	
821	31.233	31.288	32.802	17.453	12.005	9.8656	
822	31.196	31.25	32.767	17.45	12.012	9.8616	
823	31.159	31.212	32.733	17.451	12.006	9.8525	
824	31.122	31.175	32.699	17.443	12.007	9.8497	
825	31.085	31.137	32.665	17.437	11.988	9.8449	
826	31.049	31.1	32.631	17.433	11.98	9.8362	
827	31.012	31.063	32.597	17.43	11.974	9.8144	
828	30.976	31.026	32.563	17.419	11.964	9.8087	
829	30.94	30.989	32.53	17.407	11.95	9.7941	
830	30.904	30.953	32.496	17.407	11.946	9.8031	
831	30.868	30.916	32.463	17.4	11.919	9.7859	
832	30.833	30.879	32.429	17.384	11.91	9.7662	
833	30.797	30.843	32.396	17.379	11.905	9.7353	
834	30.762	30.807	32.363	17.367	11.897	9.7158	
835	30.727	30.771	32.33	17.36	11.889	9.7177	
836	30.692	30.735	32.297	17.358	11.888	9.6974	
837	30.657	30.699	32.264	17.35	11.861	9.7024	
838	30.622	30.663	32.231	17.356	11.846	9.6741	
839	30.587	30.628	32.199	17.339	11.835	9.6728	
840	30.553	30.592	32.166	17.323	11.851	9.6213	
841	30.519	30.557	32.133	17.338	11.799	9.6059	
842	30.484	30.521	32.101	17.35	11.812	9.6524	
843	30.45	30.486	32.069	17.333	11.79	9.6237	
844	30.417	30.451	32.036	17.328	11.8	9.6135	
845	30.383	30.416	32.004	17.337	11.83	9.5864	
846	30.349	30.382	31.972	17.25	11.762	9.5728	
847	30.316	30.347	31.94	17.316	11.671	9.6306	
848	30.282	30.312	31.909	17.299	11.801	9.6341	
849	30.249	30.278	31.877	17.296	11.713	9.5251	
850	30.216	30.244	31.845	17.278	11.74	9.5683	
851	30.183	30.209	31.813	17.254	11.712	9.5872	
852	30.15	30.175	31.782	17.249	11.723	9.4661	
853	30.118	30.141	31.75	17.279	11.658	9.4759	
854	30.085	30.107	31.719	17.228	11.704	9.4325	
855	30.053	30.074	31.688	17.23	11.626	9.478	
856	30.02	30.04	31.657	17.202	11.678	9.4881	
857	29.988	30.006	31.626	17.234	11.659	9.4508	
858	29.956	29.973	31.595	17.248	11.682	9.4151	
859	29.924	29.94	31.564	17.26	11.629	9.461	
860	29.892	29.906	31.533	17.206	11.667	9.4684	
861	29.861	29.873	31.502	17.177	11.615	9.3825	
862	29.829	29.84	31.471	17.215	11.595	9.3837	
863	29.798	29.807	31.441	17.205	11.644	9.3907	
864	29.766	29.774	31.41	17.208	11.589	9.387	
865	29.735	29.742	31.38	17.157	11.577	9.3165	
866	29.704	29.709	31.349	17.167	11.563	9.3468	
867	29.673	29.677	31.319	17.147	11.513	9.3459	
868	29.642	29.644	31.289	17.118	11.543	9.3501	
869	29.612	29.612	31.259	17.15	11.508	9.2901	
870	29.581	29.58	31.229	17.159	11.516	9.3057	
871	29.551	29.548	31.199	17.146	11.508	9.2767	
872	29.52	29.515	31.169	17.131	11.512	9.3136	
873	29.49	29.484	31.139	17.157	11.469	9.267	
874	29.46	29.452	31.109	17.129	11.488	9.2504	
875	29.43	29.42	31.079	17.111	11.474	9.2559	
876	29.4	29.388	31.05	17.115	11.465	9.2204	
877	29.37	29.357	31.02	17.112	11.46	9.2537	
878	29.34	29.325	30.991	17.083	11.444	9.2191	
879	29.311	29.294	30.961	17.079	11.432	9.1998	
880	29.281	29.263	30.932	17.071	11.421	9.1926	
881	29.252	29.232	30.903	17.069	11.417	9.1849	
882	29.223	29.201	30.874	17.067	11.412	9.1889	
883	29.194	29.17	30.845	17.063	11.408	9.1794	
884	29.165	29.139	30.816	17.061	11.404	9.1718	
885	29.136	29.108	30.787	17.061	11.396	9.1709	
886	29.107	29.077	30.758	17.056	11.388	9.1566	
887	29.078	29.047	30.729	17.046	11.371	9.1428	
888	29.049	29.016	30.7	17.044	11.364	9.1243	
889	29.021	28.986	30.672	17.031	11.351	9.1119	
890	28.993	28.955	30.643	17.018	11.337	9.0964	
891	28.964	28.925	30.614	17.012	11.328	9.0812	
892	28.936	28.895	30.586	17.01	11.316	9.0788	
893	28.908	28.865	30.558	17.003	11.31	9.0602	
894	28.88	28.835	30.529	16.991	11.308	9.0486	
895	28.852	28.805	30.501	16.999	11.303	9.0533	
896	28.824	28.775	30.473	16.989	11.29	9.0498	
897	28.796	28.745	30.445	16.989	11.285	9.0476	
898	28.769	28.716	30.417	16.987	11.282	9.0195	
899	28.741	28.686	30.389	16.979	11.268	9.0175	
900	28.714	28.657	30.361	16.966	11.258	8.9949	
901	28.687	28.627	30.333	16.947	11.247	8.9733	
902	28.659	28.598	30.305	16.948	11.229	8.9685	
903	28.632	28.569	30.277	16.945	11.226	8.9618	
904	28.605	28.539	30.249	16.94	11.217	8.9595	
905	28.578	28.51	30.222	16.932	11.215	8.9576	
906	28.551	28.481	30.194	16.934	11.21	8.9517	
907	28.525	28.452	30.167	16.929	11.206	8.9528	
908	28.498	28.424	30.139	16.931	11.194	8.9288	
909	28.471	28.395	30.112	16.916	11.183	8.9209	
910	28.445	28.366	30.085	16.902	11.167	8.91	
911	28.418	28.337	30.057	16.906	11.155	8.9055	
912	28.392	28.309	30.03	16.894	11.128	8.8691	
913	28.366	28.28	30.003	16.881	11.137	8.8493	
914	28.34	28.252	29.976	16.883	11.127	8.8511	
915	28.314	28.224	29.949	16.876	11.114	8.8449	
916	28.288	28.196	29.922	16.869	11.119	8.8435	
917	28.262	28.167	29.895	16.869	11.116	8.8377	
918	28.236	28.139	29.868	16.872	11.111	8.8326	
919	28.21	28.111	29.842	16.868	11.102	8.8198	
920	28.185	28.083	29.815	16.862	11.094	8.8106	
921	28.159	28.056	29.788	16.852	11.081	8.8013	
922	28.134	28.028	29.762	16.848	11.073	8.8045	
923	28.109	28	29.735	16.851	11.066	8.7956	
924	28.083	27.973	29.709	16.835	11.037	8.7695	
925	28.058	27.945	29.682	16.832	11.054	8.7564	
926	28.033	27.918	29.656	16.815	11.035	8.7417	
927	28.008	27.89	29.63	16.816	11.041	8.7315	
928	27.983	27.863	29.604	16.814	11.034	8.7362	
929	27.958	27.836	29.577	16.797	10.994	8.7477	
930	27.933	27.808	29.551	16.793	10.972	8.7269	
931	27.909	27.781	29.525	16.805	11.016	8.7154	
932	27.884	27.754	29.499	16.812	10.951	8.6826	
933	27.86	27.727	29.473	16.782	11.008	8.6791	
934	27.835	27.7	29.447	16.775	10.976	8.695	
935	27.811	27.674	29.421	16.773	10.978	8.6554	
936	27.786	27.647	29.396	16.753	10.941	8.6501	
937	27.762	27.62	29.37	16.753	10.935	8.6851	
938	27.738	27.593	29.344	16.783	10.944	8.6069	
939	27.714	27.567	29.319	16.761	10.933	8.6336	
940	27.69	27.54	29.293	16.766	10.894	8.6504	
941	27.666	27.514	29.268	16.76	10.92	8.6114	
942	27.642	27.488	29.242	16.739	10.886	8.5574	
943	27.619	27.461	29.217	16.715	10.91	8.5951	
944	27.595	27.435	29.191	16.717	10.929	8.5787	
945	27.571	27.409	29.166	16.744	10.893	8.5827	
946	27.548	27.383	29.141	16.743	10.888	8.5713	
947	27.524	27.357	29.115	16.722	10.888	8.5569	
948	27.501	27.331	29.09	16.718	10.861	8.5456	
949	27.478	27.305	29.065	16.708	10.84	8.5238	
950	27.455	27.279	29.04	16.702	10.832	8.5213	
951	27.431	27.253	29.015	16.691	10.851	8.5259	
952	27.408	27.228	28.99	16.683	10.844	8.5209	
953	27.385	27.202	28.965	16.694	10.825	8.4986	
954	27.362	27.176	28.94	16.695	10.819	8.5124	
955	27.339	27.151	28.916	16.682	10.807	8.4784	
956	27.317	27.125	28.891	16.663	10.812	8.4848	
957	27.294	27.1	28.866	16.664	10.803	8.5324	
958	27.271	27.075	28.842	16.644	10.785	8.4534	
959	27.249	27.049	28.817	16.666	10.771	8.4791	
960	27.226	27.024	28.792	16.678	10.753	8.4078	
961	27.204	26.999	28.768	16.673	10.778	8.3952	
962	27.181	26.974	28.744	16.661	10.689	8.3687	
963	27.159	26.949	28.719	16.62	10.712	8.4149	
964	27.137	26.924	28.695	16.649	10.748	8.3485	
965	27.115	26.899	28.67	16.617	10.733	8.3817	
966	27.093	26.874	28.646	16.628	10.753	8.359	
967	27.07	26.849	28.622	16.623	10.733	8.3919	
968	27.049	26.825	28.598	16.627	10.745	8.3832	
969	27.027	26.8	28.574	16.611	10.709	8.3707	
970	27.005	26.775	28.55	16.625	10.692	8.3925	
971	26.983	26.751	28.526	16.613	10.68	8.3706	
972	26.961	26.726	28.502	16.61	10.702	8.3492	
973	26.94	26.702	28.478	16.61	10.685	8.3224	
974	26.918	26.678	28.454	16.594	10.661	8.3374	
975	26.897	26.653	28.43	16.588	10.668	8.2816	
976	26.875	26.629	28.406	16.58	10.653	8.2972	
977	26.854	26.605	28.382	16.575	10.641	8.2843	
978	26.832	26.581	28.359	16.572	10.632	8.2858	
979	26.811	26.557	28.335	16.57	10.638	8.2719	
980	26.79	26.533	28.312	16.575	10.628	8.2724	
981	26.769	26.509	28.288	16.572	10.626	8.2804	
982	26.748	26.485	28.264	16.566	10.621	8.2707	
983	26.727	26.461	28.241	16.562	10.623	8.2828	
984	26.706	26.437	28.218	16.548	10.613	8.2676	
985	26.685	26.413	28.194	16.546	10.617	8.2362	
986	26.664	26.39	28.171	16.573	10.595	8.2584	
987	26.643	26.366	28.148	16.537	10.591	8.2149	
988	26.623	26.342	28.124	16.532	10.56	8.1936	
989	26.602	26.319	28.101	16.524	10.566	8.1933	
990	26.581	26.295	28.078	16.52	10.547	8.1876	
991	26.561	26.272	28.055	16.519	10.55	8.1676	
992	26.54	26.249	28.032	16.52	10.545	8.1802	
993	26.52	26.225	28.009	16.509	10.544	8.1739	
994	26.5	26.202	27.986	16.517	10.548	8.1768	
995	26.48	26.179	27.963	16.503	10.54	8.1619	
996	26.459	26.156	27.94	16.496	10.533	8.1554	
997	26.439	26.133	27.917	16.504	10.529	8.1444	
998	26.419	26.109	27.894	16.493	10.516	8.1417	
999	26.399	26.086	27.871	16.483	10.502	8.1776	
1000	26.379	26.063	27.849	16.5	10.478	8.1157	
1001	26.359	26.041	27.826	16.464	10.53	8.0949	
1002	26.339	26.018	27.803	16.485	10.51	8.0982	
1003	26.319	25.995	27.781	16.476	10.477	8.0989	
1004	26.3	25.972	27.758	16.475	10.443	8.0759	
1005	26.28	25.95	27.736	16.439	10.542	8.1117	
1006	26.26	25.927	27.713	16.467	10.428	8.1096	
1007	26.241	25.904	27.691	16.465	10.492	8.0327	
1008	26.221	25.882	27.668	16.449	10.484	8.0563	
1009	26.202	25.859	27.646	16.429	10.432	8.0496	
1010	26.182	25.837	27.624	16.466	10.451	8.0414	
1011	26.163	25.814	27.601	16.433	10.444	8.0428	
1012	26.143	25.792	27.579	16.438	10.431	8.0143	
1013	26.124	25.77	27.557	16.434	10.414	8.0082	
1014	26.105	25.748	27.535	16.435	10.394	8.0042	
1015	26.086	25.725	27.513	16.437	10.4	7.9932	
1016	26.067	25.703	27.491	16.413	10.402	8.087	
1017	26.048	25.681	27.469	16.395	10.365	7.9546	
1018	26.029	25.659	27.447	16.391	10.366	7.9748	
1019	26.01	25.637	27.425	16.377	10.349	7.938	
1020	25.991	25.615	27.403	16.428	10.409	7.9076	
1021	25.972	25.593	27.381	16.344	10.406	7.9482	
1022	25.953	25.571	27.359	16.399	10.335	7.9468	
1023	25.934	25.549	27.337	16.418	10.322	7.9437	
1024	25.916	25.528	27.315	16.374	10.301	7.9785	
1025	25.897	25.506	27.294	16.416	10.31	7.9159	
1026	25.878	25.484	27.272	16.38	10.359	7.8728	
1027	25.86	25.463	27.25	16.414	10.241	7.8987	
1028	25.841	25.441	27.229	16.371	10.339	7.8451	
1029	25.823	25.42	27.207	16.355	10.283	7.8299	
1030	25.805	25.398	27.186	16.359	10.328	7.903	
1031	25.786	25.377	27.164	16.422	10.333	7.9249	
1032	25.768	25.355	27.143	16.316	10.327	7.8632	
1033	25.75	25.334	27.121	16.382	10.287	7.887	
1034	25.732	25.312	27.1	16.356	10.309	7.8533	
1035	25.713	25.291	27.078	16.379	10.251	7.9231	
1036	25.695	25.27	27.057	16.253	10.285	7.8388	
1037	25.677	25.249	27.036	16.397	10.175	7.8035	
1038	25.659	25.228	27.015	16.319	10.24	7.9786	
1039	25.641	25.207	26.993	16.361	10.29	7.9209	
1040	25.624	25.186	26.972	16.298	10.088	7.8087	
1041	25.606	25.165	26.951	16.335	10.216	7.8567	
1042	25.588	25.144	26.93	16.445	10.238	7.6434	
1043	25.57	25.123	26.909	16.412	10.176	7.6925	
1044	25.552	25.102	26.888	16.267	10.268	7.7417	
1045	25.535	25.081	26.867	16.308	10.204	7.7873	
1046	25.517	25.06	26.846	16.204	10.35	7.5825	
1047	25.5	25.039	26.825	16.266	10.039	7.7932	
1048	25.482	25.019	26.804	16.229	10.157	7.8069	
1049	25.465	24.998	26.783	16.299	10.171	7.7236	
1050	25.447	24.978	26.763	16.276	10.083	7.8107	
1051	25.43	24.957	26.742	16.278	10.17	7.7396	
1052	25.412	24.936	26.721	16.273	10.161	7.7044	
1053	25.395	24.916	26.7	16.277	10.167	7.7231	
1054	25.378	24.896	26.68	16.277	10.148	7.7089	
1055	25.361	24.875	26.659	16.277	10.167	7.6972	
1056	25.344	24.855	26.638	16.273	10.135	7.687	
1057	25.326	24.834	26.618	16.269	10.153	7.6997	
1058	25.309	24.814	26.597	16.262	10.142	7.6709	
1059	25.292	24.794	26.577	16.247	10.134	7.6933	
1060	25.275	24.774	26.556	16.254	10.134	7.6648	
1061	25.258	24.754	26.536	16.263	10.116	7.6747	
1062	25.242	24.733	26.516	16.239	10.115	7.6648	
1063	25.225	24.713	26.495	16.235	10.098	7.6667	
1064	25.208	24.693	26.475	16.233	10.093	7.6472	
1065	25.191	24.673	26.455	16.225	10.087	7.629	
1066	25.174	24.653	26.434	16.232	10.086	7.618	
1067	25.158	24.634	26.414	16.223	10.089	7.6219	
1068	25.141	24.614	26.394	16.218	10.078	7.6284	
1069	25.125	24.594	26.374	16.223	10.054	7.6005	
1070	25.108	24.574	26.354	16.22	10.079	7.5985	
1071	25.092	24.554	26.334	16.218	10.063	7.599	
1072	25.075	24.535	26.313	16.202	10.065	7.5925	
1073	25.059	24.515	26.293	16.215	10.029	7.5661	
1074	25.042	24.495	26.273	16.199	10.044	7.5808	
1075	25.026	24.476	26.253	16.193	10.033	7.5517	
1076	25.01	24.456	26.234	16.201	10.022	7.5548	
1077	24.993	24.437	26.214	16.189	10.024	7.5511	
1078	24.977	24.417	26.194	16.185	10.008	7.5417	
1079	24.961	24.398	26.174	16.186	10.022	7.5314	
1080	24.945	24.378	26.154	16.186	10.011	7.5387	
1081	24.929	24.359	26.134	16.179	10.01	7.5348	
1082	24.913	24.34	26.115	16.172	10.007	7.5257	
1083	24.897	24.32	26.095	16.18	9.9947	7.5117	
1084	24.881	24.301	26.075	16.172	9.995	7.5129	
1085	24.865	24.282	26.056	16.166	9.9914	7.5014	
1086	24.849	24.263	26.036	16.171	9.9923	7.5038	
1087	24.833	24.244	26.016	16.156	9.9873	7.4945	
1088	24.817	24.224	25.997	16.166	9.9817	7.4997	
1089	24.802	24.205	25.977	16.159	9.9779	7.4821	
1090	24.786	24.186	25.958	16.158	9.9803	7.4881	
1091	24.77	24.167	25.938	16.153	9.9785	7.4853	
1092	24.755	24.148	25.919	16.144	9.9565	7.4715	
1093	24.739	24.129	25.9	16.148	9.9506	7.4729	
1094	24.723	24.111	25.88	16.141	9.9601	7.4722	
1095	24.708	24.092	25.861	16.15	9.9318	7.4483	
1096	24.692	24.073	25.842	16.144	9.9407	7.4519	
1097	24.677	24.054	25.822	16.13	9.9283	7.4383	
1098	24.661	24.035	25.803	16.124	9.9234	7.4168	
1099	24.646	24.017	25.784	16.123	9.9232	7.4195	
1100	24.631	23.998	25.765	16.113	9.9178	7.4139	
1101	24.616	23.979	25.746	16.124	9.9056	7.3964	
1102	24.6	23.961	25.726	16.116	9.8945	7.3888	
1103	24.585	23.942	25.707	16.109	9.8791	7.3797	
1104	24.57	23.924	25.688	16.105	9.888	7.3786	
1105	24.555	23.905	25.669	16.097	9.8862	7.3711	
1106	24.54	23.887	25.65	16.101	9.8753	7.3644	
1107	24.524	23.868	25.631	16.09	9.8672	7.3615	
1108	24.509	23.85	25.612	16.098	9.873	7.3533	
1109	24.494	23.832	25.593	16.089	9.8628	7.35	
1110	24.479	23.813	25.575	16.087	9.8562	7.3493	
1111	24.465	23.795	25.556	16.086	9.8575	7.3426	
1112	24.45	23.777	25.537	16.085	9.8439	7.3361	
1113	24.435	23.759	25.518	16.085	9.8491	7.3346	
1114	24.42	23.74	25.499	16.08	9.8466	7.3305	
1115	24.405	23.722	25.481	16.077	9.8484	7.3291	
1116	24.39	23.704	25.462	16.078	9.8409	7.3321	
1117	24.376	23.686	25.443	16.079	9.8416	7.3209	
1118	24.361	23.668	25.425	16.072	9.8334	7.3214	
1119	24.346	23.65	25.406	16.06	9.8347	7.3015	
1120	24.332	23.632	25.387	16.068	9.8313	7.2924	
1121	24.317	23.614	25.369	16.067	9.8176	7.2878	
1122	24.303	23.596	25.35	16.06	9.8063	7.2978	
1123	24.288	23.578	25.332	16.048	9.8069	7.2903	
1124	24.274	23.561	25.313	16.063	9.8076	7.2673	
1125	24.259	23.543	25.295	16.054	9.7979	7.2623	
1126	24.245	23.525	25.276	16.058	9.8085	7.2676	
1127	24.23	23.507	25.258	16.033	9.7894	7.2435	
1128	24.216	23.49	25.24	16.033	9.7801	7.246	
1129	24.202	23.472	25.221	16.039	9.78	7.2589	
1130	24.187	23.454	25.203	16.029	9.784	7.2303	
1131	24.173	23.437	25.185	16.028	9.7661	7.2327	
1132	24.159	23.419	25.166	16.029	9.7641	7.2224	
1133	24.145	23.402	25.148	16.022	9.7746	7.22	
1134	24.131	23.384	25.13	16.013	9.7404	7.2208	
1135	24.117	23.367	25.112	16.016	9.7516	7.1929	
1136	24.103	23.349	25.094	16.019	9.733	7.2045	
1137	24.088	23.332	25.076	16.012	9.7186	7.2018	
1138	24.074	23.314	25.058	16.011	9.7314	7.1817	
1139	24.061	23.297	25.039	16.007	9.7294	7.188	
1140	24.047	23.28	25.021	16	9.711	7.1734	
1141	24.033	23.262	25.003	16.013	9.7229	7.1701	
1142	24.019	23.245	24.985	16.009	9.7157	7.1425	
1143	24.005	23.228	24.967	15.991	9.7047	7.1754	
1144	23.991	23.211	24.95	15.991	9.6948	7.1627	
1145	23.977	23.193	24.932	15.994	9.7082	7.1617	
1146	23.964	23.176	24.914	15.991	9.6734	7.1488	
1147	23.95	23.159	24.896	15.987	9.6773	7.1375	
1148	23.936	23.142	24.878	15.993	9.6824	7.1398	
1149	23.923	23.125	24.86	15.982	9.6859	7.1336	
1150	23.909	23.108	24.843	15.971	9.6696	7.1285	
1151	23.895	23.091	24.825	15.973	9.6557	7.1144	
1152	23.882	23.074	24.807	15.974	9.6664	7.1066	
1153	23.868	23.057	24.789	15.967	9.6521	7.0941	
1154	23.855	23.04	24.772	15.961	9.6519	7.0958	
1155	23.841	23.023	24.754	15.966	9.6506	7.0979	
1156	23.828	23.007	24.736	15.955	9.6498	7.0837	
1157	23.815	22.99	24.719	15.955	9.6421	7.0727	
1158	23.801	22.973	24.701	15.956	9.6421	7.0731	
1159	23.788	22.956	24.684	15.96	9.6267	7.0708	
1160	23.774	22.94	24.666	15.957	9.628	7.0722	
1161	23.761	22.923	24.649	15.947	9.6061	7.0769	
1162	23.748	22.906	24.631	15.943	9.6372	7.0503	
1163	23.735	22.89	24.614	15.932	9.6109	7.0423	
1164	23.722	22.873	24.596	15.933	9.5892	7.0355	
1165	23.708	22.856	24.579	15.926	9.6021	7.0251	
1166	23.695	22.84	24.562	15.934	9.5923	7.0232	
1167	23.682	22.823	24.544	15.935	9.6092	7.0307	
1168	23.669	22.807	24.527	15.925	9.5875	7.0159	
1169	23.656	22.79	24.51	15.919	9.579	7.0094	
1170	23.643	22.774	24.492	15.923	9.5874	6.9969	
1171	23.63	22.758	24.475	15.918	9.5745	6.9927	
1172	23.617	22.741	24.458	15.915	9.5753	6.9904	
1173	23.604	22.725	24.441	15.913	9.572	6.9898	
1174	23.591	22.709	24.424	15.912	9.5717	6.9855	
1175	23.578	22.692	24.407	15.911	9.5671	6.9893	
1176	23.566	22.676	24.389	15.909	9.5553	6.9753	
1177	23.553	22.66	24.372	15.913	9.5548	6.9734	
1178	23.54	22.644	24.355	15.902	9.5491	6.9642	
1179	23.527	22.627	24.338	15.902	9.5544	6.9693	
1180	23.514	22.611	24.321	15.901	9.5467	6.9584	
1181	23.502	22.595	24.304	15.901	9.5467	6.9598	
1182	23.489	22.579	24.287	15.894	9.5385	6.9547	
1183	23.476	22.563	24.27	15.897	9.537	6.95	
1184	23.464	22.547	24.253	15.892	9.532	6.9421	
1185	23.451	22.531	24.237	15.883	9.531	6.946	
1186	23.439	22.515	24.22	15.885	9.5219	6.9289	
1187	23.426	22.499	24.203	15.884	9.5224	6.9354	
1188	23.414	22.483	24.186	15.877	9.523	6.9241	
1189	23.401	22.467	24.169	15.882	9.5084	6.9071	
1190	23.389	22.451	24.152	15.876	9.5137	6.9197	
1191	23.376	22.436	24.136	15.87	9.5099	6.9094	
1192	23.364	22.42	24.119	15.871	9.4961	6.8957	
1193	23.352	22.404	24.102	15.868	9.4961	6.8932	
1194	23.339	22.388	24.086	15.862	9.5027	6.9035	
1195	23.327	22.373	24.069	15.874	9.474	6.8908	
1196	23.315	22.357	24.052	15.86	9.4905	6.8699	
1197	23.302	22.341	24.036	15.862	9.4762	6.8911	
1198	23.29	22.325	24.019	15.852	9.4631	6.8864	
1199	23.278	22.31	24.003	15.851	9.477	6.8633	
1200	23.266	22.294	23.986	15.858	9.4625	6.8505	
1201	23.254	22.279	23.97	15.861	9.4796	6.8706	
1202	23.242	22.263	23.953	15.841	9.4636	6.8566	
1203	23.229	22.248	23.937	15.848	9.4582	6.8337	
1204	23.217	22.232	23.92	15.851	9.4464	6.8183	
1205	23.205	22.217	23.904	15.832	9.4472	6.8323	
1206	23.193	22.201	23.887	15.836	9.466	6.8321	
1207	23.181	22.186	23.871	15.846	9.4633	6.8204	
1208	23.169	22.17	23.855	15.832	9.4402	6.8124	
1209	23.157	22.155	23.838	15.836	9.4279	6.8174	
1210	23.146	22.14	23.822	15.829	9.4198	6.7981	
1211	23.134	22.124	23.806	15.824	9.4014	6.7811	
1212	23.122	22.109	23.789	15.822	9.4159	6.7865	
1213	23.11	22.094	23.773	15.831	9.4125	6.7945	
1214	23.098	22.079	23.757	15.818	9.422	6.771	
1215	23.086	22.063	23.741	15.827	9.4065	6.7776	
1216	23.074	22.048	23.724	15.816	9.3902	6.7962	
1217	23.063	22.033	23.708	15.82	9.3945	6.7799	
1218	23.051	22.018	23.692	15.792	9.3676	6.7812	
1219	23.039	22.003	23.676	15.814	9.3787	6.7488	
1220	23.028	21.988	23.66	15.812	9.3724	6.7566	
1221	23.016	21.973	23.644	15.792	9.3678	6.7577	
1222	23.004	21.958	23.628	15.806	9.4041	6.7482	
1223	22.993	21.943	23.612	15.808	9.3612	6.7497	
1224	22.981	21.928	23.596	15.802	9.3661	6.7322	
1225	22.97	21.913	23.58	15.793	9.3623	6.7376	
1226	22.958	21.898	23.564	15.803	9.3763	6.7294	
1227	22.947	21.883	23.548	15.81	9.3589	6.7325	
1228	22.935	21.868	23.532	15.774	9.3448	6.7237	
1229	22.924	21.853	23.516	15.767	9.3236	6.7278	
1230	22.912	21.838	23.5	15.774	9.3573	6.7086	
1231	22.901	21.823	23.485	15.796	9.3605	6.676	
1232	22.89	21.809	23.469	15.789	9.3331	6.7336	
1233	22.878	21.794	23.453	15.803	9.3612	6.6865	
1234	22.867	21.779	23.437	15.779	9.3636	6.7088	
1235	22.856	21.764	23.421	15.762	9.3504	6.6856	
1236	22.844	21.75	23.406	15.776	9.3508	6.7156	
1237	22.833	21.735	23.39	15.771	9.3581	6.6932	
1238	22.822	21.72	23.374	15.803	9.3178	6.7029	
1239	22.811	21.706	23.359	15.735	9.3726	6.7182	
1240	22.8	21.691	23.343	15.732	9.2717	6.6779	
1241	22.788	21.676	23.327	15.745	9.341	6.6356	
1242	22.777	21.662	23.312	15.735	9.3044	6.6996	
1243	22.766	21.647	23.296	15.764	9.3127	6.761	
1244	22.755	21.633	23.28	15.782	9.3076	6.6586	
1245	22.744	21.618	23.265	15.721	9.362	6.5928	
1246	22.733	21.604	23.249	15.748	9.298	6.6041	
1247	22.722	21.589	23.234	15.731	9.2333	6.6094	
1248	22.711	21.575	23.218	15.743	9.2731	6.5843	
1249	22.7	21.561	23.203	15.775	9.2931	6.6536	
1250	22.689	21.546	23.187	15.753	9.3398	6.5861	
1251	22.678	21.532	23.172	15.739	9.2561	6.6486	
1252	22.667	21.518	23.157	15.709	9.2021	6.5795	
1253	22.656	21.503	23.141	15.708	9.3079	6.5872	
1254	22.645	21.489	23.126	15.716	9.2289	6.5936	
1255	22.635	21.475	23.111	15.74	9.2415	6.623	
1256	22.624	21.461	23.095	15.719	9.2629	6.5966	
1257	22.613	21.446	23.08	15.717	9.2216	6.5567	
1258	22.602	21.432	23.065	15.725	9.2458	6.548	
1259	22.591	21.418	23.049	15.694	9.2312	6.5771	
1260	22.581	21.404	23.034	15.709	9.2387	6.553	
1261	22.57	21.39	23.019	15.706	9.2178	6.5473	
1262	22.559	21.376	23.004	15.689	9.2162	6.5425	
1263	22.549	21.362	22.989	15.706	9.2186	6.5313	
1264	22.538	21.347	22.973	15.682	9.2026	6.5444	
1265	22.527	21.333	22.958	15.708	9.2245	6.5324	
1266	22.517	21.319	22.943	15.696	9.2306	6.5176	
1267	22.506	21.305	22.928	15.709	9.2023	6.5414	
1268	22.496	21.292	22.913	15.714	9.2095	6.5453	
1269	22.485	21.278	22.898	15.701	9.2186	6.5538	
1270	22.475	21.264	22.883	15.696	9.198	6.5367	
1271	22.464	21.25	22.868	15.683	9.2039	6.5136	
1272	22.454	21.236	22.853	15.688	9.2189	6.5472	
1273	22.443	21.222	22.838	15.705	9.2243	6.5247	
1274	22.433	21.208	22.823	15.701	9.2005	6.5306	
1275	22.422	21.194	22.808	15.686	9.1823	6.4939	
1276	22.412	21.181	22.793	15.699	9.2087	6.5205	
1277	22.402	21.167	22.778	15.663	9.1993	6.5191	
1278	22.391	21.153	22.763	15.665	9.1892	6.5112	
1279	22.381	21.139	22.748	15.681	9.1589	6.4593	
1280	22.371	21.126	22.733	15.675	9.156	6.4798	
1281	22.36	21.112	22.719	15.682	9.1567	6.4748	
1282	22.35	21.098	22.704	15.676	9.169	6.4949	
1283	22.34	21.085	22.689	15.656	9.1537	6.4527	
1284	22.33	21.071	22.674	15.632	9.1916	6.4591	
1285	22.319	21.057	22.66	15.644	9.1608	6.4782	
1286	22.309	21.044	22.645	15.669	9.1557	6.4463	
1287	22.299	21.03	22.63	15.652	9.1412	6.4697	
1288	22.289	21.017	22.615	15.663	9.1606	6.4591	
1289	22.279	21.003	22.601	15.652	9.1422	6.4344	
1290	22.269	20.99	22.586	15.657	9.1551	6.4376	
1291	22.259	20.976	22.571	15.64	9.1345	6.4164	
1292	22.249	20.963	22.557	15.656	9.1345	6.4736	
1293	22.239	20.949	22.542	15.647	9.1239	6.4379	
1294	22.229	20.936	22.528	15.668	9.1578	6.4281	
1295	22.219	20.923	22.513	15.646	9.1369	6.3954	
1296	22.209	20.909	22.499	15.653	9.1292	6.3926	
1297	22.199	20.896	22.484	15.651	9.0942	6.4387	
1298	22.189	20.883	22.47	15.631	9.1357	6.4042	
1299	22.179	20.869	22.455	15.641	9.0837	6.373	
1300	22.169	20.856	22.441	15.624	9.1037	6.3995	
1301	22.159	20.843	22.426	15.641	9.126	6.3705	
1302	22.149	20.829	22.412	15.611	9.0799	6.4187	
1303	22.139	20.816	22.397	15.637	9.1245	6.3851	
1304	22.129	20.803	22.383	15.648	9.1135	6.3952	
1305	22.12	20.79	22.368	15.652	9.0861	6.3467	
1306	22.11	20.777	22.354	15.629	9.1235	6.3831	
1307	22.1	20.764	22.34	15.62	9.108	6.3954	
1308	22.09	20.75	22.325	15.613	9.0891	6.388	
1309	22.081	20.737	22.311	15.62	9.0991	6.3783	
1310	22.071	20.724	22.297	15.612	9.0767	6.3653	
1311	22.061	20.711	22.283	15.62	9.0461	6.3913	
1312	22.052	20.698	22.268	15.608	9.0606	6.3221	
1313	22.042	20.685	22.254	15.613	9.0866	6.3847	
1314	22.032	20.672	22.24	15.607	9.0596	6.3495	
1315	22.023	20.659	22.226	15.602	9.0327	6.3262	
1316	22.013	20.646	22.212	15.629	8.9941	6.3194	
1317	22.003	20.633	22.197	15.605	9.0557	6.3822	
1318	21.994	20.62	22.183	15.589	9.0545	6.3601	
1319	21.984	20.607	22.169	15.631	9.0479	6.354	
1320	21.975	20.594	22.155	15.574	9.0367	6.3584	
1321	21.965	20.582	22.141	15.612	9.0226	6.3347	
1322	21.956	20.569	22.127	15.601	8.9983	6.2378	
1323	21.946	20.556	22.113	15.554	9.0135	6.278	
1324	21.937	20.543	22.099	15.608	9.0519	6.2872	
1325	21.928	20.53	22.085	15.621	8.9865	6.3038	
1326	21.918	20.518	22.071	15.629	8.988	6.2721	
1327	21.909	20.505	22.057	15.6	9.0561	6.2622	
1328	21.899	20.492	22.043	15.561	8.9618	6.3632	
1329	21.89	20.479	22.029	15.563	8.9748	6.2771	
1330	21.881	20.467	22.015	15.621	9.0407	6.2531	
1331	21.871	20.454	22.001	15.566	9.0607	6.3246	
1332	21.862	20.441	21.987	15.561	8.9719	6.418	
1333	21.853	20.429	21.973	15.578	9.0236	6.2824	
1334	21.843	20.416	21.959	15.6	8.9906	6.2743	
1335	21.834	20.403	21.946	15.55	9.0051	6.153	
1336	21.825	20.391	21.932	15.537	9.0374	6.3185	
1337	21.816	20.378	21.918	15.618	8.9803	6.1591	
1338	21.807	20.366	21.904	15.535	9.048	6.2468	
1339	21.797	20.353	21.89	15.561	9.032	6.2708	
1340	21.788	20.341	21.877	15.593	9.0077	6.1586	
1341	21.779	20.328	21.863	15.666	8.8259	6.2786	
1342	21.77	20.316	21.849	15.575	8.9248	6.4947	
1343	21.761	20.303	21.836	15.64	9.0003	6.4568	
1344	21.752	20.291	21.822	15.52	9.0383	6.2736	
1345	21.743	20.278	21.808	15.567	9.1261	6.2256	
1346	21.734	20.266	21.795	15.405	8.8527	6.0078	
1347	21.725	20.254	21.781	15.559	9.1196	5.8337	
1348	21.716	20.241	21.767	15.504	9.1334	6.1728	
1349	21.707	20.229	21.754	15.419	9.278	6.2167	
1350	21.698	20.217	21.74	15.265	9.0644	6.2217	
1351	21.689	20.204	21.727	15.503	8.9301	5.9253	
1352	21.68	20.192	21.713	15.455	8.8241	6.3825	
1353	21.671	20.18	21.699	15.547	8.3823	6.2501	
1354	21.662	20.168	21.686	15.469	9.3073	6.3855	
1355	21.653	20.155	21.672	15.712	8.773	5.6078	
1356	21.644	20.143	21.659	15.648	9.1567	6.0752	
1357	21.635	20.131	21.646	15.444	9.0441	6.2724	
1358	21.626	20.119	21.632	16.248	9.371	6.3795	
1359	21.617	20.107	21.619	16.262	8.6908	6.918	
1426	21.061	19.33	20.755	15.655	9.2987	6.337	
1427	21.053	19.319	20.742	15.544	8.6458	6.0444	
1428	21.046	19.308	20.73	15.394	8.841	5.6434	
1429	21.038	19.297	20.718	15.638	8.6618	5.8162	
1430	21.03	19.286	20.705	15.645	8.8034	5.8313	
1431	21.022	19.275	20.693	15.324	8.9254	6.1083	
1432	21.015	19.264	20.681	15.558	8.5618	5.8907	
1433	21.007	19.253	20.668	15.35	8.5981	5.8503	
1434	20.999	19.242	20.656	15.504	8.9164	6.1849	
1435	20.991	19.231	20.644	15.523	8.856	5.7635	
1436	20.984	19.22	20.632	15.531	8.646	5.9371	
1437	20.976	19.21	20.619	15.437	8.9074	5.8618	
1438	20.968	19.199	20.607	15.329	8.6594	5.9473	
1439	20.961	19.188	20.595	15.448	8.7878	5.9026	
1440	20.953	19.177	20.583	15.332	8.7869	5.8234	
1441	20.946	19.166	20.571	15.418	8.6815	6.0523	
1442	20.938	19.155	20.559	15.471	8.6178	5.804	
1443	20.93	19.145	20.546	15.352	8.745	5.9607	
1444	20.923	19.134	20.534	15.461	8.7728	5.754	
1445	20.915	19.123	20.522	15.33	8.7337	5.8418	
1446	20.908	19.112	20.51	15.463	8.6349	5.8148	
1447	20.9	19.101	20.498	15.435	8.7027	5.7187	
1448	20.893	19.091	20.486	15.418	8.6759	5.8657	
1449	20.885	19.08	20.474	15.369	8.7286	5.8616	
1450	20.878	19.069	20.462	15.389	8.7223	5.7667	
1451	20.87	19.059	20.45	15.439	8.6835	5.8613	
1452	20.863	19.048	20.438	15.461	8.7416	5.9121	
1453	20.855	19.037	20.426	15.432	8.7434	5.9344	
1454	20.848	19.027	20.414	15.347	8.6775	5.7013	
1455	20.84	19.016	20.402	15.416	8.7501	5.778	
1456	20.833	19.005	20.39	15.442	8.7139	5.8162	
1457	20.826	18.995	20.378	15.384	8.5911	5.8161	
1458	20.818	18.984	20.366	15.382	8.7003	5.8269	
1459	20.811	18.974	20.354	15.364	8.5653	5.7475	
1460	20.803	18.963	20.342	15.406	8.6329	5.8577	
1461	20.796	18.953	20.33	15.425	8.6263	5.8131	
1462	20.789	18.942	20.318	15.392	8.6402	5.8205	
1463	20.781	18.932	20.306	15.378	8.6426	5.7707	
1464	20.774	18.921	20.295	15.356	8.6674	5.7556	
1465	20.767	18.911	20.283	15.367	8.7009	5.7782	
1466	20.76	18.9	20.271	15.362	8.5979	5.8152	
1467	20.752	18.89	20.259	15.382	8.6242	5.8072	
1468	20.745	18.879	20.247	15.351	8.6378	5.7845	
1469	20.738	18.869	20.235	15.375	8.6157	5.7777	
1470	20.731	18.859	20.224	15.368	8.6027	5.7829	
1471	20.723	18.848	20.212	15.371	8.6274	5.7814	
1472	20.716	18.838	20.2	15.372	8.6286	5.7604	
1473	20.709	18.827	20.188	15.361	8.64	5.7729	
1474	20.702	18.817	20.177	15.364	8.6233	5.7729	
1475	20.695	18.807	20.165	15.367	8.6216	5.7631	
1476	20.687	18.796	20.153	15.361	8.6167	5.7547	
1477	20.68	18.786	20.142	15.367	8.6407	5.7684	
1478	20.673	18.776	20.13	15.372	8.6251	5.7501	
1479	20.666	18.765	20.118	15.364	8.6199	5.7574	
1480	20.659	18.755	20.107	15.365	8.6238	5.7479	
1481	20.652	18.745	20.095	15.366	8.6113	5.7261	
1482	20.645	18.735	20.083	15.361	8.6283	5.7517	
1483	20.638	18.724	20.072	15.362	8.62	5.7472	
1484	20.631	18.714	20.06	15.378	8.6195	5.7384	
1485	20.624	18.704	20.049	15.355	8.6304	5.737	
1486	20.617	18.694	20.037	15.356	8.5946	5.6973	
1487	20.61	18.684	20.026	15.348	8.6228	5.7008	
1488	20.603	18.674	20.014	15.36	8.6145	5.7232	
1489	20.596	18.663	20.003	15.361	8.6151	5.7038	
1490	20.589	18.653	19.991	15.362	8.5895	5.747	
1491	20.582	18.643	19.98	15.345	8.6053	5.698	
1492	20.575	18.633	19.968	15.351	8.5961	5.7165	
1493	20.568	18.623	19.957	15.341	8.5614	5.7088	
1494	20.561	18.613	19.945	15.341	8.5719	5.697	
1495	20.554	18.603	19.934	15.332	8.5697	5.6877	
1496	20.547	18.593	19.922	15.36	8.6007	5.7053	
1497	20.54	18.583	19.911	15.331	8.5842	5.694	
1498	20.533	18.573	19.899	15.364	8.5808	5.6957	
1499	20.526	18.563	19.888	15.346	8.5729	5.7135	
1500	20.519	18.553	19.877	15.338	8.5688	5.6944	
1501	20.512	18.543	19.865	15.324	8.5615	5.6481	
1502	20.506	18.533	19.854	15.341	8.5663	5.6767	
1503	20.499	18.523	19.843	15.337	8.5858	5.6658	
1504	20.492	18.513	19.831	15.331	8.5525	5.6375	
1505	20.485	18.503	19.82	15.336	8.5556	5.6753	
1506	20.478	18.493	19.809	15.327	8.5511	5.6423	
1507	20.472	18.483	19.797	15.311	8.5398	5.6658	
1508	20.465	18.473	19.786	15.308	8.5416	5.6703	
1509	20.458	18.463	19.775	15.345	8.5427	5.6533	
1510	20.451	18.453	19.764	15.333	8.5601	5.6374	
1511	20.444	18.444	19.752	15.339	8.555	5.6471	
1512	20.438	18.434	19.741	15.33	8.5822	5.6517	
1513	20.431	18.424	19.73	15.364	8.5032	5.6648	
1514	20.424	18.414	19.719	15.322	8.5396	5.6835	
1515	20.418	18.404	19.708	15.295	8.5603	5.6483	
1516	20.411	18.395	19.696	15.318	8.5056	5.6522	
1517	20.404	18.385	19.685	15.315	8.5658	5.6102	
1518	20.398	18.375	19.674	15.295	8.5482	5.6359	
1519	20.391	18.365	19.663	15.297	8.5464	5.6432	
1520	20.384	18.356	19.652	15.291	8.534	5.6375	
1521	20.378	18.346	19.641	15.314	8.4871	5.5673	
1522	20.371	18.336	19.63	15.294	8.5187	5.5965	
1523	20.364	18.326	19.619	15.298	8.5355	5.6022	
1524	20.358	18.317	19.608	15.33	8.5488	5.6586	
1525	20.351	18.307	19.596	15.314	8.5414	5.6269	
1526	20.345	18.297	19.585	15.292	8.5151	5.6013	
1527	20.338	18.288	19.574	15.3	8.528	5.6024	
1528	20.332	18.278	19.563	15.288	8.5465	5.6141	
1529	20.325	18.268	19.552	15.293	8.4942	5.5902	
1530	20.319	18.259	19.541	15.303	8.5058	5.6026	
1531	20.312	18.249	19.53	15.28	8.4914	5.604	
1532	20.305	18.24	19.519	15.308	8.4916	5.603	
1533	20.299	18.23	19.508	15.284	8.4702	5.5967	
1534	20.293	18.221	19.497	15.305	8.4793	5.6376	
1535	20.286	18.211	19.487	15.298	8.4926	5.5712	
1536	20.28	18.201	19.476	15.276	8.4891	5.5791	
1537	20.273	18.192	19.465	15.283	8.4941	5.5846	
1538	20.267	18.182	19.454	15.277	8.5252	5.5789	
1539	20.26	18.173	19.443	15.294	8.4816	5.577	
1540	20.254	18.163	19.432	15.287	8.4628	5.578	
1541	20.247	18.154	19.421	15.275	8.4525	5.5494	
1542	20.241	18.145	19.41	15.281	8.4651	5.5754	
1543	20.235	18.135	19.399	15.279	8.4722	5.544	
1544	20.228	18.126	19.389	15.282	8.4897	5.5788	
1545	20.222	18.116	19.378	15.263	8.493	5.5536	
1546	20.215	18.107	19.367	15.278	8.4662	5.5539	
1547	20.209	18.097	19.356	15.274	8.4734	5.5453	
1548	20.203	18.088	19.345	15.277	8.4642	5.5399	
1549	20.196	18.079	19.335	15.277	8.4838	5.5347	
1550	20.19	18.069	19.324	15.282	8.4621	5.5433	
1551	20.184	18.06	19.313	15.26	8.4848	5.5405	
1552	20.178	18.051	19.302	15.272	8.4641	5.5476	
1553	20.171	18.041	19.292	15.253	8.4528	5.5522	
1554	20.165	18.032	19.281	15.262	8.4672	5.5335	
1555	20.159	18.023	19.27	15.281	8.442	5.52	
1556	20.152	18.013	19.26	15.259	8.4567	5.5561	
1557	20.146	18.004	19.249	15.253	8.4481	5.5181	
1558	20.14	17.995	19.238	15.256	8.4504	5.5207	
1559	20.134	17.986	19.228	15.276	8.4324	5.4932	
1560	20.128	17.976	19.217	15.271	8.4614	5.517	
1561	20.121	17.967	19.206	15.28	8.463	5.5073	
1562	20.115	17.958	19.196	15.286	8.4263	5.5184	
1563	20.109	17.949	19.185	15.246	8.4494	5.5213	
1564	20.103	17.939	19.174	15.253	8.4738	5.4959	
1565	20.097	17.93	19.164	15.26	8.475	5.4892	
1566	20.09	17.921	19.153	15.25	8.4211	5.471	
1567	20.084	17.912	19.143	15.272	8.4036	5.5013	
1568	20.078	17.903	19.132	15.254	8.4459	5.5132	
1569	20.072	17.894	19.122	15.273	8.4673	5.5183	
1570	20.066	17.884	19.111	15.258	8.4541	5.5109	
1571	20.06	17.875	19.101	15.251	8.43	5.5032	
1572	20.054	17.866	19.09	15.247	8.4216	5.516	
1573	20.048	17.857	19.08	15.253	8.4038	5.4898	
1574	20.042	17.848	19.069	15.271	8.4254	5.4739	
1575	20.036	17.839	19.059	15.231	8.4078	5.4942	
1576	20.029	17.83	19.048	15.249	8.3978	5.4296	
1577	20.023	17.821	19.038	15.217	8.3749	5.4756	
1578	20.017	17.812	19.027	15.237	8.4288	5.4607	
1579	20.011	17.803	19.017	15.228	8.4205	5.4795	
1580	20.005	17.794	19.007	15.239	8.3869	5.4487	
1581	19.999	17.785	18.996	15.234	8.4189	5.4105	
1582	19.993	17.776	18.986	15.257	8.4008	5.48	
1583	19.987	17.767	18.975	15.226	8.4345	5.4544	
1584	19.981	17.758	18.965	15.259	8.3606	5.4227	
1585	19.975	17.749	18.955	15.244	8.4289	5.4566	
1586	19.969	17.74	18.944	15.233	8.3734	5.502	
1587	19.964	17.731	18.934	15.238	8.4237	5.4611	
1588	19.958	17.722	18.924	15.245	8.3774	5.3926	
1589	19.952	17.713	18.913	15.215	8.3875	5.4566	
1590	19.946	17.704	18.903	15.228	8.3519	5.4219	
1591	19.94	17.695	18.893	15.219	8.3652	5.442	
1592	19.934	17.687	18.882	15.22	8.4063	5.4059	
1593	19.928	17.678	18.872	15.242	8.3902	5.4055	
1594	19.922	17.669	18.862	15.227	8.3533	5.4718	
1595	19.916	17.66	18.852	15.251	8.3693	5.388	
1596	19.91	17.651	18.841	15.218	8.396	5.4089	
1597	19.905	17.642	18.831	15.224	8.3787	5.4234	
1598	19.899	17.634	18.821	15.233	8.3674	5.3693	
1599	19.893	17.625	18.811	15.229	8.3583	5.4027	
1600	19.887	17.616	18.801	15.215	8.372	5.3582	
1601	19.881	17.607	18.79	15.245	8.3609	5.4297	
1602	19.875	17.598	18.78	15.238	8.3485	5.3855	
1603	19.87	17.59	18.77	15.243	8.3307	5.3756	
1604	19.864	17.581	18.76	15.231	8.3665	5.3766	
1605	19.858	17.572	18.75	15.219	8.355	5.4195	
1606	19.852	17.564	18.74	15.218	8.3515	5.381	
1607	19.847	17.555	18.73	15.236	8.3546	5.3807	
1608	19.841	17.546	18.719	15.198	8.3743	5.3834	
1609	19.835	17.537	18.709	15.209	8.3542	5.3865	
1610	19.829	17.529	18.699	15.217	8.3669	5.3679	
1611	19.824	17.52	18.689	15.223	8.3448	5.3933	
1612	19.818	17.511	18.679	15.243	8.3307	5.3638	
1613	19.812	17.503	18.669	15.178	8.3644	5.3728	
1614	19.806	17.494	18.659	15.202	8.361	5.4227	
1615	19.801	17.486	18.649	15.227	8.3397	5.3958	
1616	19.795	17.477	18.639	15.22	8.3127	5.3666	
1617	19.789	17.468	18.629	15.246	8.3553	5.3936	
1618	19.784	17.46	18.619	15.226	8.3236	5.3726	
1619	19.778	17.451	18.609	15.199	8.3466	5.3731	
1620	19.773	17.443	18.599	15.181	8.3603	5.3781	
1621	19.767	17.434	18.589	15.208	8.3253	5.3494	
1622	19.761	17.425	18.579	15.178	8.3112	5.3902	
1623	19.756	17.417	18.569	15.171	8.3181	5.3343	
1624	19.75	17.408	18.559	15.213	8.3478	5.3601	
1625	19.744	17.4	18.549	15.221	8.3268	5.3138	
1626	19.739	17.391	18.539	15.189	8.3195	5.3457	
1627	19.733	17.383	18.53	15.194	8.2845	5.3273	
1628	19.728	17.374	18.52	15.187	8.3499	5.3401	
1629	19.722	17.366	18.51	15.19	8.342	5.3735	
1630	19.717	17.357	18.5	15.179	8.3391	5.3371	
1631	19.711	17.349	18.49	15.173	8.3154	5.3855	
1632	19.705	17.341	18.48	15.186	8.35	5.3166	
1633	19.7	17.332	18.47	15.203	8.3497	5.3381	
1634	19.694	17.324	18.461	15.171	8.297	5.3258	
1635	19.689	17.315	18.451	15.194	8.3312	5.3287	
1636	19.683	17.307	18.441	15.188	8.3212	5.3036	
1637	19.678	17.298	18.431	15.199	8.3059	5.3668	
1638	19.672	17.29	18.421	15.222	8.2801	5.3259	
1639	19.667	17.282	18.412	15.182	8.3194	5.2974	
1640	19.661	17.273	18.402	15.173	8.2818	5.3281	
1641	19.656	17.265	18.392	15.175	8.354	5.2891	
1642	19.651	17.257	18.382	15.205	8.2703	5.335	
1643	19.645	17.248	18.373	15.19	8.3112	5.2849	
1644	19.64	17.24	18.363	15.187	8.2906	5.3078	
1645	19.634	17.232	18.353	15.188	8.2927	5.329	
1646	19.629	17.223	18.343	15.208	8.31	5.2496	
1647	19.623	17.215	18.334	15.15	8.3281	5.3322	
1648	19.618	17.207	18.324	15.196	8.214	5.2562	
1649	19.613	17.199	18.314	15.203	8.3041	5.32	
1650	19.607	17.19	18.305	15.183	8.3097	5.3172	
1651	19.602	17.182	18.295	15.183	8.2823	5.2789	
1652	19.597	17.174	18.285	15.167	8.2903	5.2806	
1653	19.591	17.166	18.276	15.222	8.273	5.3132	
1654	19.586	17.157	18.266	15.187	8.2721	5.3	
1655	19.58	17.149	18.256	15.181	8.3124	5.2674	
1656	19.575	17.141	18.247	15.178	8.2858	5.2886	
1657	19.57	17.133	18.237	15.182	8.2736	5.2715	
1658	19.565	17.125	18.228	15.168	8.2909	5.2684	
1659	19.559	17.116	18.218	15.198	8.2389	5.2994	
1660	19.554	17.108	18.209	15.134	8.2013	5.3163	
1661	19.549	17.1	18.199	15.18	8.22	5.277	
1662	19.543	17.092	18.189	15.141	8.2754	5.2561	
1663	19.538	17.084	18.18	15.16	8.3068	5.3083	
1664	19.533	17.076	18.17	15.139	8.2076	5.1903	
1665	19.528	17.068	18.161	15.134	8.2768	5.2901	
1666	19.522	17.06	18.151	15.203	8.2376	5.2267	
1667	19.517	17.051	18.142	15.116	8.178	5.2636	
1668	19.512	17.043	18.132	15.094	8.2587	5.2816	
1669	19.507	17.035	18.123	15.177	8.2221	5.1642	
1670	19.501	17.027	18.113	15.177	8.3188	5.28	
1671	19.496	17.019	18.104	15.144	8.2985	5.1962	
1672	19.491	17.011	18.095	15.205	8.2434	5.1552	
1673	19.486	17.003	18.085	15.194	8.2671	5.2595	
1674	19.481	16.995	18.076	15.196	8.273	5.2443	
1675	19.475	16.987	18.066	15.123	8.1082	5.2754	
1676	19.47	16.979	18.057	15.177	8.2951	5.2414	
1677	19.465	16.971	18.047	15.141	8.2686	5.3115	
1678	19.46	16.963	18.038	15.131	8.1656	5.2901	
1679	19.455	16.955	18.029	15.153	8.2106	5.2576	
1680	19.45	16.947	18.019	15.136	8.2649	5.3272	
1681	19.444	16.939	18.01	15.15	8.3289	5.2473	
1682	19.439	16.931	18.001	15.105	8.2398	5.2015	
1683	19.434	16.923	17.991	15.132	8.2922	5.1972	
1684	19.429	16.915	17.982	15.112	8.2552	5.3479	
1685	19.424	16.907	17.973	15.14	8.0623	5.0309	
1686	19.419	16.9	17.963	15.254	8.287	5.2897	
1687	19.414	16.892	17.954	15.066	8.3556	5.4453	
1688	19.409	16.884	17.945	15.075	8.27	5.2045	
1689	19.404	16.876	17.935	15.151	8.2085	5.0922	
1690	19.399	16.868	17.926	15.044	8.425	5.2279	
1691	19.394	16.86	17.917	15.226	8.1621	5.1941	
1692	19.389	16.852	17.908	15.228	8.4692	5.2754	
1693	19.383	16.844	17.898	14.99	8.3545	5.5722	
1694	19.378	16.837	17.889	14.9	8.082	5.2263	
1695	19.373	16.829	17.88	15.192	8.4939	5.4261	
1696	19.368	16.821	17.871	15.082	8.2301	5.4347	
1697	19.363	16.813	17.862	15.142	8.3357	5.437	
1698	19.358	16.805	17.852	14.719	8.2576	4.9981	
1699	19.353	16.798	17.843	14.916	8.6842	5.3629	
1700	19.348	16.79	17.834	14.932	8.1696	5.1826	
