	65	70	75	65	70	75	
300	34.198	32.889	32.776	37.511	37.209	37.514	
301	34.13	32.894	32.889	37.295	36.907	37.453	
302	34.078	32.915	33.012	37.087	36.772	37.279	
303	34.039	32.95	33.145	37.019	36.553	37.024	
304	34.014	32.998	33.285	36.99	36.489	37.052	
305	34.002	33.06	33.434	36.884	36.423	36.867	
306	34.001	33.131	33.59	36.614	36.185	36.77	
307	34.011	33.214	33.751	36.511	36.277	36.641	
308	34.031	33.306	33.917	36.334	36.128	36.541	
309	34.061	33.405	34.087	36.365	35.959	36.377	
310	34.098	33.513	34.261	36.171	35.873	36.379	
311	34.144	33.627	34.439	36.159	35.715	36.319	
312	34.197	33.748	34.619	36.209	35.719	36.207	
313	34.256	33.874	34.801	35.89	35.526	36.139	
314	34.322	34.005	34.985	35.955	35.547	35.953	
315	34.394	34.141	35.171	35.892	35.364	35.909	
316	34.471	34.281	35.358	35.798	35.418	35.815	
317	34.553	34.424	35.546	35.661	35.298	35.754	
318	34.639	34.571	35.735	35.561	35.153	35.59	
319	34.731	34.721	35.924	35.518	35.053	35.611	
320	34.826	34.874	36.114	35.535	35.035	35.459	
321	34.925	35.03	36.304	35.427	34.977	35.375	
322	35.028	35.188	36.495	35.393	34.901	35.332	
323	35.134	35.348	36.686	35.355	34.78	35.278	
324	35.244	35.51	36.878	35.23	34.786	35.152	
325	35.356	35.674	37.07	35.241	34.578	35.091	
326	35.472	35.84	37.262	35.155	34.568	35.032	
327	35.59	36.008	37.454	35.062	34.546	34.927	
328	35.712	36.177	37.647	35.028	34.498	34.847	
329	35.836	36.348	37.84	34.999	34.432	34.774	
330	35.962	36.521	38.034	35.011	34.459	34.767	
331	36.092	36.696	38.229	34.888	34.365	34.712	
332	36.224	36.872	38.424	34.842	34.23	34.555	
333	36.358	37.05	38.62	34.885	34.182	34.577	
334	36.495	37.229	38.817	34.798	34.161	34.525	
335	36.634	37.41	39.015	34.731	34.097	34.447	
336	36.776	37.593	39.214	34.609	34.041	34.358	
337	36.92	37.777	39.414	34.687	34.006	34.353	
338	37.067	37.964	39.615	34.632	33.962	34.303	
339	37.217	38.152	39.818	34.529	33.832	34.23	
340	37.369	38.342	40.023	34.579	33.724	34.179	
341	37.523	38.535	40.229	34.486	33.766	34.165	
342	37.68	38.729	40.437	34.466	33.725	34.1	
343	37.84	38.925	40.647	34.549	33.733	34.023	
344	38.002	39.123	40.859	34.521	33.702	33.95	
345	38.167	39.324	41.073	34.424	33.661	33.933	
346	38.334	39.527	41.289	34.455	33.622	33.892	
347	38.505	39.732	41.508	34.458	33.593	33.865	
348	38.678	39.94	41.729	34.377	33.616	33.812	
349	38.854	40.151	41.953	34.389	33.625	33.81	
350	39.034	40.364	42.18	34.388	33.625	33.767	
351	39.217	40.58	42.411	34.35	33.524	33.743	
352	39.403	40.8	42.644	34.396	33.574	33.8	
353	39.594	41.023	42.882	34.351	33.52	33.614	
354	39.79	41.251	43.124	34.458	33.583	33.722	
355	39.99	41.483	43.371	34.599	33.444	33.575	
356	40.195	41.721	43.623	34.579	33.535	33.58	
357	40.406	41.964	43.882	34.514	33.694	33.653	
358	40.623	42.212	44.149	34.45	33.599	33.561	
359	40.844	42.467	44.423	34.557	33.626	33.604	
360	41.07	42.729	44.706	34.568	33.602	33.533	
361	41.299	42.995	44.999	34.519	33.534	33.614	
362	41.53	43.268	45.302	34.468	33.471	33.318	
363	41.762	43.545	45.616	34.502	33.373	33.27	
364	41.994	43.827	45.941	34.485	33.406	33.141	
365	42.226	44.113	46.278	34.48	33.239	33.257	
366	42.456	44.404	46.627	34.43	33.18	32.916	
367	42.684	44.699	46.99	34.217	33.026	32.627	
368	42.912	44.999	47.365	34.2	33.006	32.484	
369	43.137	45.303	47.755	34.034	32.568	32.257	
370	43.362	45.612	48.158	33.841	32.395	31.955	
371	43.586	45.926	48.574	33.737	32.227	31.762	
372	43.811	46.246	49.002	33.555	32.089	31.437	
373	44.038	46.57	49.443	33.39	31.779	31.262	
374	44.265	46.9	49.897	33.076	31.523	30.992	
375	44.495	47.236	50.361	32.972	31.289	30.557	
376	44.727	47.577	50.837	32.744	31.026	30.281	
377	44.961	47.923	51.324	32.512	30.758	29.935	
378	45.198	48.274	51.821	32.361	30.452	29.755	
379	45.436	48.628	52.325	32.152	30.302	29.525	
380	45.678	48.988	52.84	31.847	30.094	29.22	
381	45.922	49.352	53.364	31.78	29.805	28.874	
382	46.169	49.722	53.897	31.618	29.702	28.718	
383	46.42	50.095	54.438	31.407	29.37	28.494	
384	46.673	50.473	54.988	31.178	29.194	28.195	
385	46.928	50.854	55.545	31.074	29.021	28.069	
386	47.185	51.238	56.107	30.864	28.789	27.848	
387	47.444	51.625	56.676	30.652	28.633	27.637	
388	47.705	52.015	57.252	30.583	28.41	27.476	
389	47.969	52.408	57.834	30.461	28.307	27.256	
390	48.234	52.803	58.422	30.26	28.108	27.05	
391	48.5	53.199	59.012	30.191	27.915	26.895	
392	48.767	53.596	59.605	29.981	27.735	26.665	
393	49.035	53.994	60.203	29.878	27.587	26.582	
394	49.304	54.394	60.805	29.682	27.397	26.4	
395	49.574	54.794	61.409	29.63	27.355	26.298	
396	49.844	55.194	62.014	29.422	27.142	26.077	
397	50.114	55.593	62.62	29.335	27.036	25.925	
398	50.385	55.992	63.228	29.275	26.882	25.776	
399	50.656	56.391	63.837	29.093	26.69	25.637	
400	50.927	56.79	64.446	29.072	26.6	25.423	
401	51.198	57.186	65.053	28.922	26.451	25.337	
402	51.468	57.58	65.659	28.768	26.379	25.181	
403	51.738	57.974	66.264	28.682	26.196	25.041	
404	52.007	58.365	66.867	28.573	26.143	24.894	
405	52.275	58.754	67.465	28.511	25.929	24.83	
406	52.542	59.139	68.058	28.418	25.831	24.647	
407	52.808	59.522	68.646	28.306	25.691	24.585	
408	53.073	59.901	69.227	28.204	25.67	24.441	
409	53.336	60.275	69.8	28.091	25.533	24.21	
410	53.598	60.644	70.363	28.031	25.423	24.179	
411	53.857	61.009	70.915	27.868	25.362	24.088	
412	54.114	61.369	71.455	27.819	25.199	23.977	
413	54.369	61.721	71.98	27.751	25.068	23.815	
414	54.62	62.067	72.488	27.647	25.046	23.779	
415	54.869	62.406	72.979	27.567	24.906	23.666	
416	55.115	62.736	73.449	27.436	24.81	23.564	
417	55.357	63.058	73.896	27.395	24.667	23.442	
418	55.595	63.372	74.319	27.242	24.576	23.314	
419	55.83	63.676	74.716	27.24	24.539	23.278	
420	56.06	63.969	75.083	27.177	24.391	23.051	
421	56.285	64.251	75.418	26.993	24.277	23.05	
422	56.506	64.523	75.721	27.016	24.164	22.99	
423	56.722	64.783	75.988	26.934	24.088	22.879	
424	56.933	65.03	76.217	26.867	24.049	22.714	
425	57.138	65.265	76.409	26.755	23.89	22.644	
426	57.337	65.486	76.561	26.651	23.86	22.58	
427	57.531	65.694	76.672	26.553	23.755	22.538	
428	57.718	65.887	76.742	26.479	23.663	22.372	
429	57.9	66.067	76.773	26.519	23.569	22.282	
430	58.074	66.231	76.762	26.369	23.426	22.284	
431	58.242	66.381	76.713	26.264	23.503	22.162	
432	58.404	66.516	76.627	26.276	23.311	21.984	
433	58.557	66.635	76.504	26.141	23.339	21.941	
434	58.704	66.739	76.348	26.086	23.175	21.795	
435	58.844	66.827	76.16	26.006	23.033	21.804	
436	58.976	66.9	75.942	25.973	22.899	21.543	
437	59.1	66.957	75.698	25.893	22.922	21.617	
438	59.217	66.999	75.429	25.872	22.893	21.469	
439	59.326	67.026	75.139	25.71	22.818	21.435	
440	59.428	67.038	74.828	25.695	22.639	21.343	
441	59.521	67.035	74.501	25.63	22.648	21.261	
442	59.607	67.017	74.157	25.588	22.648	21.104	
443	59.684	66.986	73.801	25.507	22.442	21.184	
444	59.754	66.94	73.433	25.556	22.424	20.985	
445	59.815	66.881	73.056	25.392	22.277	20.91	
446	59.869	66.81	72.67	25.234	22.293	20.863	
447	59.915	66.725	72.277	25.292	22.112	20.749	
448	59.953	66.629	71.879	25.195	22.141	20.723	
449	59.983	66.521	71.476	25.183	22.026	20.627	
450	60.005	66.401	71.07	25.118	21.916	20.654	
451	60.02	66.272	70.662	25.118	21.857	20.554	
452	60.027	66.132	70.252	25.026	21.784	20.444	
453	60.026	65.983	69.842	24.922	21.755	20.443	
454	60.019	65.824	69.431	24.835	21.684	20.273	
455	60.003	65.657	69.021	24.769	21.671	20.279	
456	59.981	65.483	68.613	24.72	21.58	20.095	
457	59.952	65.301	68.206	24.709	21.546	20.092	
458	59.916	65.111	67.8	24.66	21.441	20.062	
459	59.874	64.916	67.398	24.663	21.481	19.975	
460	59.825	64.714	66.998	24.545	21.331	19.906	
461	59.77	64.507	66.601	24.62	21.233	19.818	
462	59.708	64.295	66.207	24.431	21.183	19.772	
463	59.641	64.078	65.817	24.46	21.21	19.722	
464	59.568	63.856	65.431	24.327	21.031	19.609	
465	59.489	63.631	65.048	24.36	21.017	19.608	
466	59.405	63.403	64.67	24.267	20.954	19.454	
467	59.315	63.171	64.296	24.206	20.854	19.484	
468	59.221	62.936	63.926	24.17	20.799	19.396	
469	59.122	62.699	63.56	24.092	20.77	19.34	
470	59.018	62.46	63.198	24.061	20.699	19.193	
471	58.91	62.219	62.842	24.012	20.652	19.217	
472	58.798	61.976	62.489	23.934	20.679	19.142	
473	58.681	61.732	62.141	23.947	20.517	19.035	
474	58.561	61.487	61.798	23.908	20.509	19.076	
475	58.437	61.242	61.459	23.846	20.472	18.955	
476	58.31	60.995	61.124	23.824	20.439	18.928	
477	58.179	60.748	60.794	23.74	20.279	18.806	
478	58.045	60.501	60.469	23.684	20.28	18.775	
479	57.909	60.254	60.148	23.667	20.197	18.72	
480	57.769	60.007	59.832	23.599	20.142	18.638	
481	57.627	59.76	59.52	23.572	20.093	18.615	
482	57.482	59.513	59.212	23.495	20.1	18.561	
483	57.335	59.268	58.908	23.543	20.037	18.524	
484	57.186	59.022	58.609	23.447	19.952	18.437	
485	57.035	58.778	58.315	23.405	19.904	18.479	
486	56.882	58.535	58.024	23.388	19.787	18.36	
487	56.727	58.292	57.737	23.308	19.783	18.254	
488	56.571	58.051	57.455	23.318	19.714	18.213	
489	56.413	57.811	57.177	23.228	19.691	18.178	
490	56.254	57.572	56.902	23.239	19.606	18.185	
491	56.094	57.334	56.632	23.162	19.598	18.078	
492	55.932	57.098	56.365	23.125	19.513	18.036	
493	55.77	56.864	56.103	23.098	19.505	17.975	
494	55.607	56.631	55.844	23.049	19.475	17.976	
495	55.443	56.399	55.588	23.039	19.452	17.877	
496	55.278	56.169	55.337	22.991	19.38	17.876	
497	55.112	55.941	55.089	22.952	19.303	17.874	
498	54.947	55.714	54.844	22.922	19.281	17.787	
499	54.78	55.489	54.603	22.888	19.204	17.73	
500	54.614	55.266	54.365	22.873	19.164	17.653	
501	54.447	55.044	54.131	22.799	19.155	17.607	
502	54.28	54.825	53.9	22.748	19.072	17.553	
503	54.113	54.607	53.672	22.745	19.08	17.515	
504	53.946	54.391	53.448	22.67	18.989	17.461	
505	53.779	54.177	53.226	22.66	18.966	17.426	
506	53.612	53.964	53.008	22.59	18.9	17.357	
507	53.445	53.754	52.792	22.573	18.858	17.36	
508	53.279	53.545	52.58	22.544	18.831	17.264	
509	53.112	53.338	52.37	22.54	18.784	17.234	
510	52.946	53.134	52.164	22.464	18.744	17.185	
511	52.78	52.93	51.96	22.441	18.672	17.172	
512	52.615	52.729	51.759	22.411	18.653	17.095	
513	52.45	52.53	51.56	22.38	18.604	17.039	
514	52.286	52.332	51.365	22.329	18.581	17.008	
515	52.122	52.137	51.171	22.323	18.521	16.956	
516	51.959	51.943	50.981	22.272	18.488	16.925	
517	51.797	51.751	50.793	22.233	18.453	16.889	
518	51.635	51.561	50.607	22.213	18.429	16.8	
519	51.473	51.372	50.424	22.156	18.383	16.8	
520	51.313	51.186	50.243	22.155	18.329	16.783	
521	51.153	51.001	50.065	22.107	18.281	16.705	
522	50.993	50.818	49.888	22.082	18.236	16.682	
523	50.835	50.637	49.714	22.044	18.197	16.633	
524	50.677	50.457	49.543	22.008	18.175	16.576	
525	50.52	50.279	49.373	21.973	18.11	16.541	
526	50.364	50.103	49.206	21.948	18.101	16.479	
527	50.209	49.929	49.04	21.919	18.041	16.467	
528	50.055	49.756	48.877	21.871	18.015	16.444	
529	49.901	49.585	48.716	21.848	17.935	16.346	
530	49.749	49.416	48.556	21.807	17.963	16.332	
531	49.597	49.248	48.399	21.787	17.894	16.282	
532	49.446	49.082	48.243	21.792	17.872	16.249	
533	49.296	48.918	48.09	21.715	17.836	16.21	
534	49.147	48.755	47.938	21.688	17.765	16.173	
535	48.999	48.594	47.788	21.675	17.736	16.118	
536	48.852	48.434	47.64	21.642	17.728	16.071	
537	48.706	48.276	47.493	21.635	17.67	16.051	
538	48.56	48.119	47.348	21.595	17.649	16.008	
539	48.416	47.964	47.205	21.569	17.626	15.99	
540	48.272	47.81	47.064	21.55	17.587	15.938	
541	48.13	47.658	46.924	21.51	17.537	15.923	
542	47.989	47.507	46.785	21.482	17.509	15.858	
543	47.848	47.358	46.649	21.476	17.461	15.814	
544	47.708	47.21	46.514	21.431	17.422	15.773	
545	47.57	47.064	46.38	21.41	17.437	15.761	
546	47.432	46.918	46.248	21.352	17.352	15.71	
547	47.295	46.775	46.117	21.367	17.317	15.707	
548	47.159	46.632	45.988	21.329	17.285	15.648	
549	47.025	46.491	45.86	21.326	17.238	15.622	
550	46.891	46.352	45.733	21.261	17.228	15.591	
551	46.758	46.213	45.608	21.239	17.193	15.54	
552	46.626	46.076	45.484	21.241	17.157	15.508	
553	46.495	45.94	45.361	21.207	17.129	15.477	
554	46.365	45.806	45.24	21.168	17.077	15.44	
555	46.235	45.672	45.12	21.16	17.056	15.395	
556	46.107	45.54	45.001	21.131	17.016	15.362	
557	45.98	45.409	44.884	21.103	16.947	15.317	
558	45.853	45.279	44.767	21.084	16.962	15.3	
559	45.728	45.151	44.652	21.046	16.928	15.278	
560	45.603	45.023	44.538	21.019	16.886	15.228	
561	45.48	44.897	44.425	21.007	16.84	15.186	
562	45.357	44.772	44.313	21	16.812	15.184	
563	45.235	44.648	44.202	20.961	16.801	15.133	
564	45.114	44.525	44.093	20.944	16.75	15.126	
565	44.994	44.403	43.984	20.9	16.721	15.064	
566	44.875	44.283	43.877	20.879	16.684	15.074	
567	44.757	44.163	43.77	20.845	16.66	15.01	
568	44.639	44.044	43.665	20.818	16.626	14.969	
569	44.523	43.927	43.56	20.805	16.591	14.939	
570	44.407	43.81	43.457	20.791	16.566	14.891	
571	44.292	43.695	43.354	20.756	16.54	14.877	
572	44.178	43.58	43.253	20.734	16.528	14.866	
573	44.065	43.466	43.152	20.719	16.489	14.815	
574	43.952	43.354	43.052	20.685	16.473	14.755	
575	43.841	43.242	42.953	20.662	16.434	14.74	
576	43.73	43.131	42.855	20.631	16.404	14.719	
577	43.62	43.022	42.758	20.644	16.385	14.694	
578	43.511	42.913	42.662	20.618	16.331	14.681	
579	43.403	42.805	42.567	20.576	16.316	14.62	
580	43.296	42.698	42.472	20.577	16.277	14.621	
581	43.189	42.592	42.379	20.535	16.251	14.584	
582	43.083	42.486	42.286	20.524	16.22	14.522	
583	42.978	42.382	42.194	20.504	16.18	14.507	
584	42.873	42.278	42.102	20.492	16.17	14.517	
585	42.77	42.175	42.012	20.442	16.155	14.449	
586	42.667	42.073	41.922	20.431	16.123	14.417	
587	42.565	41.972	41.833	20.436	16.098	14.362	
588	42.463	41.872	41.744	20.408	16.07	14.357	
589	42.363	41.772	41.657	20.364	16.041	14.332	
590	42.263	41.674	41.57	20.345	16.005	14.287	
591	42.164	41.576	41.484	20.333	15.99	14.25	
592	42.065	41.478	41.398	20.31	15.918	14.221	
593	41.967	41.382	41.313	20.296	15.969	14.198	
594	41.87	41.286	41.229	20.283	15.892	14.209	
595	41.774	41.191	41.146	20.24	15.88	14.155	
596	41.678	41.097	41.063	20.22	15.879	14.124	
597	41.583	41.003	40.981	20.21	15.839	14.089	
598	41.489	40.911	40.899	20.202	15.8	14.07	
599	41.395	40.818	40.818	20.184	15.748	14.033	
600	41.302	40.727	40.738	20.146	15.774	14.024	
601	41.21	40.636	40.658	20.111	15.734	13.982	
602	41.118	40.546	40.579	20.089	15.676	13.946	
603	41.027	40.457	40.501	20.073	15.681	13.918	
604	40.937	40.368	40.423	20.062	15.645	13.915	
605	40.847	40.28	40.345	20.041	15.608	13.859	
606	40.758	40.192	40.268	20.03	15.616	13.815	
607	40.669	40.106	40.192	19.998	15.592	13.779	
608	40.581	40.019	40.116	20.014	15.535	13.804	
609	40.494	39.934	40.041	19.982	15.547	13.748	
610	40.407	39.849	39.967	19.959	15.505	13.733	
611	40.321	39.764	39.893	19.939	15.468	13.708	
612	40.235	39.681	39.819	19.937	15.48	13.705	
613	40.15	39.597	39.746	19.905	15.44	13.625	
614	40.066	39.515	39.673	19.873	15.416	13.633	
615	39.982	39.433	39.601	19.872	15.373	13.599	
616	39.899	39.351	39.53	19.848	15.366	13.567	
617	39.816	39.27	39.459	19.833	15.339	13.548	
618	39.734	39.19	39.388	19.81	15.324	13.544	
619	39.652	39.11	39.318	19.793	15.289	13.484	
620	39.571	39.031	39.248	19.769	15.26	13.464	
621	39.491	38.952	39.179	19.744	15.245	13.463	
622	39.411	38.874	39.11	19.758	15.223	13.435	
623	39.331	38.796	39.042	19.727	15.19	13.375	
624	39.252	38.719	38.974	19.705	15.17	13.372	
625	39.174	38.642	38.906	19.678	15.168	13.392	
626	39.096	38.566	38.839	19.681	15.12	13.311	
627	39.019	38.49	38.773	19.667	15.098	13.304	
628	38.942	38.415	38.707	19.638	15.06	13.283	
629	38.865	38.34	38.641	19.635	15.075	13.294	
630	38.79	38.266	38.575	19.57	15.013	13.233	
631	38.714	38.192	38.51	19.565	15.066	13.236	
632	38.639	38.119	38.446	19.575	15.011	13.141	
633	38.565	38.046	38.382	19.564	14.965	13.12	
634	38.491	37.974	38.318	19.51	14.954	13.069	
635	38.417	37.902	38.255	19.493	14.942	13.106	
636	38.344	37.83	38.192	19.49	14.951	13.106	
637	38.272	37.759	38.129	19.498	14.872	13.056	
638	38.2	37.689	38.067	19.454	14.846	13.046	
639	38.128	37.618	38.005	19.459	14.818	13.027	
640	38.057	37.549	37.943	19.425	14.799	13.018	
641	37.986	37.479	37.882	19.452	14.778	12.939	
642	37.916	37.411	37.821	19.402	14.772	12.986	
643	37.846	37.342	37.761	19.387	14.721	12.945	
644	37.776	37.274	37.7	19.404	14.727	12.899	
645	37.707	37.206	37.641	19.385	14.71	12.869	
646	37.638	37.139	37.581	19.341	14.67	12.857	
647	37.57	37.072	37.522	19.34	14.697	12.832	
648	37.502	37.006	37.463	19.298	14.644	12.833	
649	37.435	36.94	37.405	19.29	14.633	12.793	
650	37.368	36.874	37.347	19.268	14.571	12.757	
651	37.302	36.808	37.289	19.249	14.593	12.771	
652	37.235	36.744	37.231	19.245	14.544	12.718	
653	37.17	36.679	37.174	19.224	14.556	12.69	
654	37.104	36.615	37.117	19.213	14.505	12.636	
655	37.039	36.551	37.06	19.188	14.528	12.643	
656	36.975	36.487	37.004	19.173	14.551	12.655	
657	36.91	36.424	36.948	19.182	14.495	12.58	
658	36.846	36.361	36.892	19.145	14.451	12.585	
659	36.783	36.299	36.837	19.135	14.393	12.576	
660	36.72	36.237	36.781	19.131	14.406	12.557	
661	36.657	36.175	36.727	19.149	14.366	12.521	
662	36.595	36.114	36.672	19.141	14.38	12.487	
663	36.533	36.052	36.618	19.085	14.354	12.478	
664	36.471	35.992	36.564	19.067	14.358	12.46	
665	36.41	35.931	36.51	19.05	14.329	12.422	
666	36.349	35.871	36.456	19.037	14.283	12.4	
667	36.288	35.811	36.403	19.049	14.264	12.403	
668	36.228	35.752	36.35	19.03	14.28	12.379	
669	36.168	35.693	36.297	19.015	14.24	12.357	
670	36.108	35.634	36.245	18.996	14.227	12.341	
671	36.049	35.575	36.192	18.983	14.189	12.272	
672	35.99	35.517	36.14	18.968	14.151	12.307	
673	35.931	35.459	36.089	18.924	14.153	12.286	
674	35.873	35.401	36.037	18.939	14.161	12.278	
675	35.815	35.344	35.986	18.916	14.153	12.296	
676	35.757	35.287	35.935	18.918	14.072	12.203	
677	35.7	35.23	35.884	18.905	14.111	12.199	
678	35.643	35.174	35.834	18.877	14.073	12.219	
679	35.586	35.118	35.783	18.874	14.028	12.143	
680	35.53	35.062	35.733	18.865	14.013	12.153	
681	35.474	35.006	35.683	18.846	13.999	12.088	
682	35.418	34.951	35.634	18.845	14.005	12.109	
683	35.362	34.896	35.584	18.808	13.954	12.072	
684	35.307	34.841	35.535	18.784	13.945	12.093	
685	35.252	34.786	35.486	18.793	13.961	12.052	
686	35.198	34.732	35.437	18.775	13.924	12.002	
687	35.143	34.678	35.389	18.777	13.89	11.991	
688	35.089	34.624	35.34	18.772	13.868	11.962	
689	35.035	34.571	35.292	18.761	13.903	11.957	
690	34.982	34.517	35.244	18.716	13.875	11.965	
691	34.929	34.464	35.197	18.724	13.843	11.91	
692	34.876	34.412	35.149	18.709	13.782	11.94	
693	34.823	34.359	35.102	18.696	13.781	11.891	
694	34.771	34.307	35.055	18.682	13.775	11.898	
695	34.719	34.255	35.008	18.653	13.738	11.859	
696	34.667	34.203	34.961	18.654	13.704	11.854	
697	34.615	34.152	34.915	18.647	13.742	11.818	
698	34.564	34.1	34.869	18.656	13.697	11.76	
699	34.513	34.049	34.822	18.615	13.678	11.745	
700	34.462	33.999	34.776	18.603	13.714	11.763	
701	34.412	33.948	34.731	18.616	13.601	11.754	
702	34.361	33.898	34.685	18.605	13.677	11.742	
703	34.311	33.847	34.64	18.55	13.664	11.695	
704	34.261	33.798	34.595	18.548	13.616	11.689	
705	34.212	33.748	34.55	18.593	13.586	11.663	
706	34.163	33.698	34.505	18.539	13.595	11.627	
707	34.114	33.649	34.46	18.519	13.587	11.625	
708	34.065	33.6	34.416	18.499	13.513	11.634	
709	34.016	33.551	34.371	18.52	13.555	11.58	
710	33.968	33.503	34.327	18.509	13.487	11.628	
711	33.92	33.454	34.283	18.491	13.491	11.511	
712	33.872	33.406	34.239	18.46	13.43	11.505	
713	33.824	33.358	34.196	18.443	13.501	11.532	
714	33.777	33.31	34.152	18.434	13.419	11.487	
715	33.73	33.263	34.109	18.397	13.433	11.469	
716	33.683	33.216	34.066	18.418	13.356	11.374	
717	33.636	33.168	34.023	18.408	13.398	11.468	
718	33.59	33.121	33.98	18.389	13.347	11.371	
719	33.543	33.075	33.938	18.416	13.365	11.461	
720	33.497	33.028	33.895	18.332	13.336	11.414	
721	33.451	32.982	33.853	18.377	13.311	11.389	
722	33.406	32.936	33.811	18.373	13.341	11.365	
723	33.36	32.89	33.769	18.316	13.339	11.362	
724	33.315	32.844	33.727	18.348	13.267	11.357	
725	33.27	32.798	33.685	18.293	13.366	11.278	
726	33.225	32.753	33.643	18.343	13.2	11.279	
727	33.181	32.708	33.602	18.3	13.25	11.255	
728	33.137	32.663	33.561	18.318	13.194	11.255	
729	33.092	32.618	33.52	18.272	13.178	11.254	
730	33.048	32.573	33.479	18.26	13.183	11.173	
731	33.005	32.529	33.438	18.22	13.167	11.208	
732	32.961	32.484	33.397	18.247	13.116	11.197	
733	32.918	32.44	33.357	18.236	13.152	11.165	
734	32.875	32.396	33.316	18.263	13.117	11.143	
735	32.832	32.352	33.276	18.212	13.131	11.119	
736	32.789	32.309	33.236	18.211	13.114	11.12	
737	32.746	32.265	33.196	18.221	13.084	11.153	
738	32.704	32.222	33.156	18.175	13.091	11.076	
739	32.662	32.179	33.116	18.168	13.067	11.094	
740	32.62	32.136	33.077	18.198	13.06	11.074	
741	32.578	32.093	33.037	18.146	13.012	11.072	
742	32.536	32.05	32.998	18.159	13.021	11.016	
743	32.495	32.008	32.959	18.16	13.027	10.987	
744	32.453	31.966	32.92	18.128	13	11.023	
745	32.412	31.924	32.881	18.098	13.023	11.013	
746	32.371	31.882	32.842	18.113	12.97	10.981	
747	32.331	31.84	32.804	18.112	13.001	10.944	
748	32.29	31.798	32.765	18.09	12.967	10.93	
749	32.25	31.757	32.727	18.087	12.928	10.902	
750	32.209	31.715	32.688	18.026	12.909	10.938	
751	32.169	31.674	32.65	18.064	12.892	10.873	
752	32.13	31.633	32.612	18.016	12.923	10.846	
753	32.09	31.592	32.574	18.042	12.881	10.845	
754	32.05	31.551	32.537	18.033	12.862	10.87	
755	32.011	31.511	32.499	17.998	12.896	10.794	
756	31.972	31.47	32.461	18.017	12.83	10.84	
757	31.933	31.43	32.424	18.016	12.778	10.837	
758	31.894	31.39	32.387	17.993	12.814	10.794	
759	31.855	31.35	32.349	17.991	12.817	10.766	
760	31.817	31.31	32.312	17.965	12.743	10.723	
761	31.778	31.27	32.275	17.94	12.757	10.727	
762	31.74	31.231	32.238	17.968	12.744	10.685	
763	31.702	31.191	32.202	17.942	12.757	10.67	
764	31.664	31.152	32.165	17.942	12.75	10.703	
765	31.626	31.113	32.129	17.928	12.723	10.649	
766	31.589	31.074	32.092	17.945	12.732	10.659	
767	31.551	31.035	32.056	17.932	12.689	10.658	
768	31.514	30.996	32.02	17.898	12.676	10.604	
769	31.477	30.958	31.984	17.901	12.684	10.63	
770	31.44	30.919	31.948	17.88	12.632	10.573	
771	31.403	30.881	31.912	17.839	12.621	10.567	
772	31.366	30.843	31.876	17.837	12.664	10.567	
773	31.33	30.805	31.841	17.851	12.613	10.567	
774	31.293	30.767	31.805	17.831	12.605	10.51	
775	31.257	30.729	31.77	17.81	12.584	10.517	
776	31.221	30.691	31.734	17.872	12.563	10.49	
777	31.185	30.654	31.699	17.813	12.541	10.499	
778	31.149	30.616	31.664	17.814	12.507	10.516	
779	31.114	30.579	31.629	17.771	12.515	10.473	
780	31.078	30.542	31.594	17.769	12.529	10.484	
781	31.043	30.505	31.559	17.816	12.552	10.405	
782	31.007	30.468	31.524	17.788	12.453	10.414	
783	30.972	30.431	31.49	17.766	12.44	10.413	
784	30.937	30.394	31.455	17.747	12.468	10.369	
785	30.902	30.358	31.421	17.727	12.424	10.347	
786	30.868	30.321	31.387	17.72	12.435	10.349	
787	30.833	30.285	31.352	17.725	12.412	10.345	
788	30.799	30.249	31.318	17.722	12.394	10.324	
789	30.764	30.213	31.284	17.703	12.376	10.317	
790	30.73	30.177	31.25	17.705	12.403	10.277	
791	30.696	30.141	31.216	17.675	12.368	10.278	
792	30.662	30.105	31.183	17.689	12.361	10.267	
793	30.629	30.069	31.149	17.679	12.381	10.266	
794	30.595	30.034	31.115	17.66	12.327	10.239	
795	30.561	29.998	31.082	17.659	12.309	10.224	
796	30.528	29.963	31.049	17.662	12.313	10.213	
797	30.495	29.928	31.015	17.654	12.325	10.176	
798	30.462	29.893	30.982	17.666	12.323	10.181	
799	30.428	29.858	30.949	17.647	12.261	10.206	
800	30.396	29.823	30.916	17.62	12.266	10.135	
801	30.363	29.788	30.883	17.605	12.279	10.152	
802	30.33	29.754	30.85	17.648	12.257	10.122	
803	30.298	29.719	30.817	17.585	12.228	10.092	
804	30.265	29.685	30.785	17.575	12.219	10.133	
805	30.233	29.651	30.752	17.566	12.198	10.093	
806	30.201	29.616	30.72	17.583	12.17	10.084	
807	30.169	29.582	30.687	17.566	12.126	10.115	
808	30.137	29.548	30.655	17.569	12.174	10.024	
809	30.105	29.514	30.623	17.516	12.099	10.047	
810	30.073	29.481	30.591	17.556	12.165	10.014	
811	30.042	29.447	30.558	17.537	12.131	9.9973	
812	30.01	29.413	30.526	17.532	12.176	10.005	
813	29.979	29.38	30.495	17.542	12.077	9.9926	
814	29.948	29.347	30.463	17.52	12.11	10.013	
815	29.916	29.313	30.431	17.499	12.091	9.9656	
816	29.885	29.28	30.399	17.51	12.082	9.9131	
817	29.855	29.247	30.368	17.487	12.062	9.9298	
818	29.824	29.214	30.336	17.492	12.059	9.9034	
819	29.793	29.181	30.305	17.483	12.042	9.9129	
820	29.762	29.149	30.274	17.46	12.018	9.8719	
821	29.732	29.116	30.242	17.453	12.005	9.8656	
822	29.702	29.083	30.211	17.45	12.012	9.8616	
823	29.671	29.051	30.18	17.451	12.006	9.8525	
824	29.641	29.018	30.149	17.443	12.007	9.8497	
825	29.611	28.986	30.118	17.437	11.988	9.8449	
826	29.581	28.954	30.087	17.433	11.98	9.8362	
827	29.551	28.922	30.056	17.43	11.974	9.8144	
828	29.522	28.89	30.026	17.419	11.964	9.8087	
829	29.492	28.858	29.995	17.407	11.95	9.7941	
830	29.463	28.826	29.964	17.407	11.946	9.8031	
831	29.433	28.794	29.934	17.4	11.919	9.7859	
832	29.404	28.763	29.904	17.384	11.91	9.7662	
833	29.375	28.731	29.873	17.379	11.905	9.7353	
834	29.346	28.7	29.843	17.367	11.897	9.7158	
835	29.317	28.668	29.813	17.36	11.889	9.7177	
836	29.288	28.637	29.783	17.358	11.888	9.6974	
837	29.259	28.606	29.753	17.35	11.861	9.7024	
838	29.23	28.575	29.723	17.356	11.846	9.6741	
839	29.201	28.544	29.693	17.339	11.835	9.6728	
840	29.173	28.513	29.663	17.323	11.851	9.6213	
841	29.145	28.482	29.633	17.338	11.799	9.6059	
842	29.116	28.451	29.603	17.35	11.812	9.6524	
843	29.088	28.421	29.574	17.333	11.79	9.6237	
844	29.06	28.39	29.544	17.328	11.8	9.6135	
845	29.032	28.36	29.515	17.337	11.83	9.5864	
846	29.004	28.329	29.485	17.25	11.762	9.5728	
847	28.976	28.299	29.456	17.316	11.671	9.6306	
848	28.948	28.269	29.427	17.299	11.801	9.6341	
849	28.921	28.238	29.398	17.296	11.713	9.5251	
850	28.893	28.208	29.368	17.278	11.74	9.5683	
851	28.866	28.178	29.339	17.254	11.712	9.5872	
852	28.838	28.149	29.31	17.249	11.723	9.4661	
853	28.811	28.119	29.282	17.279	11.658	9.4759	
854	28.784	28.089	29.253	17.228	11.704	9.4325	
855	28.756	28.059	29.224	17.23	11.626	9.478	
856	28.729	28.03	29.195	17.202	11.678	9.4881	
857	28.703	28	29.166	17.234	11.659	9.4508	
858	28.676	27.971	29.138	17.248	11.682	9.4151	
859	28.649	27.941	29.109	17.26	11.629	9.461	
860	28.622	27.912	29.081	17.206	11.667	9.4684	
861	28.596	27.883	29.052	17.177	11.615	9.3825	
862	28.569	27.854	29.024	17.215	11.595	9.3837	
863	28.543	27.825	28.996	17.205	11.644	9.3907	
864	28.516	27.796	28.968	17.208	11.589	9.387	
865	28.49	27.767	28.939	17.157	11.577	9.3165	
866	28.464	27.738	28.911	17.167	11.563	9.3468	
867	28.438	27.709	28.883	17.147	11.513	9.3459	
868	28.412	27.681	28.855	17.118	11.543	9.3501	
869	28.386	27.652	28.828	17.15	11.508	9.2901	
870	28.36	27.624	28.8	17.159	11.516	9.3057	
871	28.334	27.595	28.772	17.146	11.508	9.2767	
872	28.309	27.567	28.744	17.131	11.512	9.3136	
873	28.283	27.539	28.717	17.157	11.469	9.267	
874	28.258	27.511	28.689	17.129	11.488	9.2504	
875	28.232	27.482	28.661	17.111	11.474	9.2559	
876	28.207	27.454	28.634	17.115	11.465	9.2204	
877	28.182	27.426	28.607	17.112	11.46	9.2537	
878	28.156	27.398	28.579	17.083	11.444	9.2191	
879	28.131	27.371	28.552	17.079	11.432	9.1998	
880	28.106	27.343	28.525	17.071	11.421	9.1926	
881	28.081	27.315	28.498	17.069	11.417	9.1849	
882	28.056	27.288	28.47	17.067	11.412	9.1889	
883	28.032	27.26	28.443	17.063	11.408	9.1794	
884	28.007	27.233	28.416	17.061	11.404	9.1718	
885	27.982	27.205	28.389	17.061	11.396	9.1709	
886	27.958	27.178	28.363	17.056	11.388	9.1566	
887	27.933	27.15	28.336	17.046	11.371	9.1428	
888	27.909	27.123	28.309	17.044	11.364	9.1243	
889	27.884	27.096	28.282	17.031	11.351	9.1119	
890	27.86	27.069	28.256	17.018	11.337	9.0964	
891	27.836	27.042	28.229	17.012	11.328	9.0812	
892	27.812	27.015	28.202	17.01	11.316	9.0788	
893	27.788	26.988	28.176	17.003	11.31	9.0602	
894	27.764	26.961	28.15	16.991	11.308	9.0486	
895	27.74	26.935	28.123	16.999	11.303	9.0533	
896	27.716	26.908	28.097	16.989	11.29	9.0498	
897	27.692	26.881	28.071	16.989	11.285	9.0476	
898	27.669	26.855	28.044	16.987	11.282	9.0195	
899	27.645	26.828	28.018	16.979	11.268	9.0175	
900	27.622	26.802	27.992	16.966	11.258	8.9949	
901	27.598	26.776	27.966	16.947	11.247	8.9733	
902	27.575	26.749	27.94	16.948	11.229	8.9685	
903	27.551	26.723	27.914	16.945	11.226	8.9618	
904	27.528	26.697	27.888	16.94	11.217	8.9595	
905	27.505	26.671	27.862	16.932	11.215	8.9576	
906	27.482	26.645	27.837	16.934	11.21	8.9517	
907	27.459	26.619	27.811	16.929	11.206	8.9528	
908	27.436	26.593	27.785	16.931	11.194	8.9288	
909	27.413	26.567	27.76	16.916	11.183	8.9209	
910	27.39	26.541	27.734	16.902	11.167	8.91	
911	27.367	26.516	27.709	16.906	11.155	8.9055	
912	27.345	26.49	27.683	16.894	11.128	8.8691	
913	27.322	26.465	27.658	16.881	11.137	8.8493	
914	27.299	26.439	27.632	16.883	11.127	8.8511	
915	27.277	26.414	27.607	16.876	11.114	8.8449	
916	27.254	26.388	27.582	16.869	11.119	8.8435	
917	27.232	26.363	27.557	16.869	11.116	8.8377	
918	27.21	26.337	27.532	16.872	11.111	8.8326	
919	27.187	26.312	27.506	16.868	11.102	8.8198	
920	27.165	26.287	27.481	16.862	11.094	8.8106	
921	27.143	26.262	27.456	16.852	11.081	8.8013	
922	27.121	26.237	27.431	16.848	11.073	8.8045	
923	27.099	26.212	27.407	16.851	11.066	8.7956	
924	27.077	26.187	27.382	16.835	11.037	8.7695	
925	27.055	26.162	27.357	16.832	11.054	8.7564	
926	27.033	26.137	27.332	16.815	11.035	8.7417	
927	27.012	26.113	27.307	16.816	11.041	8.7315	
928	26.99	26.088	27.283	16.814	11.034	8.7362	
929	26.968	26.063	27.258	16.797	10.994	8.7477	
930	26.947	26.039	27.234	16.793	10.972	8.7269	
931	26.925	26.014	27.209	16.805	11.016	8.7154	
932	26.904	25.99	27.185	16.812	10.951	8.6826	
933	26.883	25.965	27.16	16.782	11.008	8.6791	
934	26.861	25.941	27.136	16.775	10.976	8.695	
935	26.84	25.917	27.112	16.773	10.978	8.6554	
936	26.819	25.892	27.087	16.753	10.941	8.6501	
937	26.798	25.868	27.063	16.753	10.935	8.6851	
938	26.777	25.844	27.039	16.783	10.944	8.6069	
939	26.756	25.82	27.015	16.761	10.933	8.6336	
940	26.735	25.796	26.991	16.766	10.894	8.6504	
941	26.714	25.772	26.967	16.76	10.92	8.6114	
942	26.693	25.748	26.943	16.739	10.886	8.5574	
943	26.672	25.724	26.919	16.715	10.91	8.5951	
944	26.651	25.701	26.895	16.717	10.929	8.5787	
945	26.631	25.677	26.871	16.744	10.893	8.5827	
946	26.61	25.653	26.847	16.743	10.888	8.5713	
947	26.59	25.629	26.823	16.722	10.888	8.5569	
948	26.569	25.606	26.8	16.718	10.861	8.5456	
949	26.549	25.582	26.776	16.708	10.84	8.5238	
950	26.528	25.559	26.752	16.702	10.832	8.5213	
951	26.508	25.535	26.729	16.691	10.851	8.5259	
952	26.488	25.512	26.705	16.683	10.844	8.5209	
953	26.468	25.489	26.682	16.694	10.825	8.4986	
954	26.447	25.465	26.658	16.695	10.819	8.5124	
955	26.427	25.442	26.635	16.682	10.807	8.4784	
956	26.407	25.419	26.612	16.663	10.812	8.4848	
957	26.387	25.396	26.588	16.664	10.803	8.5324	
958	26.367	25.373	26.565	16.644	10.785	8.4534	
959	26.348	25.35	26.542	16.666	10.771	8.4791	
960	26.328	25.327	26.519	16.678	10.753	8.4078	
961	26.308	25.304	26.495	16.673	10.778	8.3952	
962	26.288	25.281	26.472	16.661	10.689	8.3687	
963	26.269	25.258	26.449	16.62	10.712	8.4149	
964	26.249	25.236	26.426	16.649	10.748	8.3485	
965	26.229	25.213	26.403	16.617	10.733	8.3817	
966	26.21	25.19	26.38	16.628	10.753	8.359	
967	26.19	25.168	26.357	16.623	10.733	8.3919	
968	26.171	25.145	26.335	16.627	10.745	8.3832	
969	26.152	25.122	26.312	16.611	10.709	8.3707	
970	26.132	25.1	26.289	16.625	10.692	8.3925	
971	26.113	25.078	26.266	16.613	10.68	8.3706	
972	26.094	25.055	26.244	16.61	10.702	8.3492	
973	26.075	25.033	26.221	16.61	10.685	8.3224	
974	26.056	25.011	26.198	16.594	10.661	8.3374	
975	26.037	24.988	26.176	16.588	10.668	8.2816	
976	26.018	24.966	26.153	16.58	10.653	8.2972	
977	25.999	24.944	26.131	16.575	10.641	8.2843	
978	25.98	24.922	26.108	16.572	10.632	8.2858	
979	25.961	24.9	26.086	16.57	10.638	8.2719	
980	25.942	24.878	26.064	16.575	10.628	8.2724	
981	25.924	24.856	26.041	16.572	10.626	8.2804	
982	25.905	24.834	26.019	16.566	10.621	8.2707	
983	25.886	24.812	25.997	16.562	10.623	8.2828	
984	25.868	24.79	25.975	16.548	10.613	8.2676	
985	25.849	24.769	25.953	16.546	10.617	8.2362	
986	25.831	24.747	25.931	16.573	10.595	8.2584	
987	25.812	24.725	25.908	16.537	10.591	8.2149	
988	25.794	24.704	25.886	16.532	10.56	8.1936	
989	25.775	24.682	25.864	16.524	10.566	8.1933	
990	25.757	24.661	25.843	16.52	10.547	8.1876	
991	25.739	24.639	25.821	16.519	10.55	8.1676	
992	25.721	24.618	25.799	16.52	10.545	8.1802	
993	25.702	24.596	25.777	16.509	10.544	8.1739	
994	25.684	24.575	25.755	16.517	10.548	8.1768	
995	25.666	24.554	25.733	16.503	10.54	8.1619	
996	25.648	24.533	25.712	16.496	10.533	8.1554	
997	25.63	24.511	25.69	16.504	10.529	8.1444	
998	25.612	24.49	25.668	16.493	10.516	8.1417	
999	25.595	24.469	25.647	16.483	10.502	8.1776	
1000	25.577	24.448	25.625	16.5	10.478	8.1157	
1001	25.559	24.427	25.604	16.464	10.53	8.0949	
1002	25.541	24.406	25.582	16.485	10.51	8.0982	
1003	25.524	24.385	25.561	16.476	10.477	8.0989	
1004	25.506	24.364	25.539	16.475	10.443	8.0759	
1005	25.488	24.343	25.518	16.439	10.542	8.1117	
1006	25.471	24.322	25.497	16.467	10.428	8.1096	
1007	25.453	24.302	25.475	16.465	10.492	8.0327	
1008	25.436	24.281	25.454	16.449	10.484	8.0563	
1009	25.418	24.26	25.433	16.429	10.432	8.0496	
1010	25.401	24.24	25.412	16.466	10.451	8.0414	
1011	25.384	24.219	25.391	16.433	10.444	8.0428	
1012	25.366	24.198	25.369	16.438	10.431	8.0143	
1013	25.349	24.178	25.348	16.434	10.414	8.0082	
1014	25.332	24.157	25.327	16.435	10.394	8.0042	
1015	25.315	24.137	25.306	16.437	10.4	7.9932	
1016	25.298	24.116	25.285	16.413	10.402	8.087	
1017	25.28	24.096	25.264	16.395	10.365	7.9546	
1018	25.263	24.076	25.244	16.391	10.366	7.9748	
1019	25.246	24.056	25.223	16.377	10.349	7.938	
1020	25.23	24.035	25.202	16.428	10.409	7.9076	
1021	25.213	24.015	25.181	16.344	10.406	7.9482	
1022	25.196	23.995	25.16	16.399	10.335	7.9468	
1023	25.179	23.975	25.14	16.418	10.322	7.9437	
1024	25.162	23.955	25.119	16.374	10.301	7.9785	
1025	25.145	23.935	25.098	16.416	10.31	7.9159	
1026	25.129	23.915	25.078	16.38	10.359	7.8728	
1027	25.112	23.895	25.057	16.414	10.241	7.8987	
1028	25.095	23.875	25.037	16.371	10.339	7.8451	
1029	25.079	23.855	25.016	16.355	10.283	7.8299	
1030	25.062	23.835	24.996	16.359	10.328	7.903	
1031	25.046	23.815	24.975	16.422	10.333	7.9249	
1032	25.029	23.796	24.955	16.316	10.327	7.8632	
1033	25.013	23.776	24.934	16.382	10.287	7.887	
1034	24.997	23.756	24.914	16.356	10.309	7.8533	
1035	24.98	23.737	24.894	16.379	10.251	7.9231	
1036	24.964	23.717	24.874	16.253	10.285	7.8388	
1037	24.948	23.698	24.853	16.397	10.175	7.8035	
1038	24.932	23.678	24.833	16.319	10.24	7.9786	
1039	24.915	23.659	24.813	16.361	10.29	7.9209	
1040	24.899	23.639	24.793	16.298	10.088	7.8087	
1041	24.883	23.62	24.773	16.335	10.216	7.8567	
1042	24.867	23.6	24.753	16.445	10.238	7.6434	
1043	24.851	23.581	24.733	16.412	10.176	7.6925	
1044	24.835	23.562	24.713	16.267	10.268	7.7417	
1045	24.819	23.543	24.693	16.308	10.204	7.7873	
1046	24.803	23.523	24.673	16.204	10.35	7.5825	
1047	24.788	23.504	24.653	16.266	10.039	7.7932	
1048	24.772	23.485	24.633	16.229	10.157	7.8069	
1049	24.756	23.466	24.613	16.299	10.171	7.7236	
1050	24.74	23.447	24.594	16.276	10.083	7.8107	
1051	24.724	23.428	24.574	16.278	10.17	7.7396	
1052	24.709	23.409	24.554	16.273	10.161	7.7044	
1053	24.693	23.39	24.534	16.277	10.167	7.7231	
1054	24.678	23.371	24.515	16.277	10.148	7.7089	
1055	24.662	23.352	24.495	16.277	10.167	7.6972	
1056	24.647	23.333	24.476	16.273	10.135	7.687	
1057	24.631	23.314	24.456	16.269	10.153	7.6997	
1058	24.616	23.296	24.436	16.262	10.142	7.6709	
1059	24.6	23.277	24.417	16.247	10.134	7.6933	
1060	24.585	23.258	24.397	16.254	10.134	7.6648	
1061	24.57	23.24	24.378	16.263	10.116	7.6747	
1062	24.554	23.221	24.359	16.239	10.115	7.6648	
1063	24.539	23.202	24.339	16.235	10.098	7.6667	
1064	24.524	23.184	24.32	16.233	10.093	7.6472	
1065	24.509	23.165	24.301	16.225	10.087	7.629	
1066	24.493	23.147	24.281	16.232	10.086	7.618	
1067	24.478	23.128	24.262	16.223	10.089	7.6219	
1068	24.463	23.11	24.243	16.218	10.078	7.6284	
1069	24.448	23.092	24.224	16.223	10.054	7.6005	
1070	24.433	23.073	24.205	16.22	10.079	7.5985	
1071	24.418	23.055	24.185	16.218	10.063	7.599	
1072	24.403	23.037	24.166	16.202	10.065	7.5925	
1073	24.388	23.018	24.147	16.215	10.029	7.5661	
1074	24.374	23	24.128	16.199	10.044	7.5808	
1075	24.359	22.982	24.109	16.193	10.033	7.5517	
1076	24.344	22.964	24.09	16.201	10.022	7.5548	
1077	24.329	22.946	24.071	16.189	10.024	7.5511	
1078	24.314	22.928	24.052	16.185	10.008	7.5417	
1079	24.3	22.91	24.034	16.186	10.022	7.5314	
1080	24.285	22.892	24.015	16.186	10.011	7.5387	
1081	24.271	22.874	23.996	16.179	10.01	7.5348	
1082	24.256	22.856	23.977	16.172	10.007	7.5257	
1083	24.241	22.838	23.958	16.18	9.9947	7.5117	
1084	24.227	22.82	23.94	16.172	9.995	7.5129	
1085	24.212	22.802	23.921	16.166	9.9914	7.5014	
1086	24.198	22.784	23.902	16.171	9.9923	7.5038	
1087	24.183	22.767	23.884	16.156	9.9873	7.4945	
1088	24.169	22.749	23.865	16.166	9.9817	7.4997	
1089	24.155	22.731	23.847	16.159	9.9779	7.4821	
1090	24.14	22.714	23.828	16.158	9.9803	7.4881	
1091	24.126	22.696	23.81	16.153	9.9785	7.4853	
1092	24.112	22.678	23.791	16.144	9.9565	7.4715	
1093	24.098	22.661	23.773	16.148	9.9506	7.4729	
1094	24.084	22.643	23.754	16.141	9.9601	7.4722	
1095	24.069	22.626	23.736	16.15	9.9318	7.4483	
1096	24.055	22.608	23.717	16.144	9.9407	7.4519	
1097	24.041	22.591	23.699	16.13	9.9283	7.4383	
1098	24.027	22.573	23.681	16.124	9.9234	7.4168	
1099	24.013	22.556	23.662	16.123	9.9232	7.4195	
1100	23.999	22.539	23.644	16.113	9.9178	7.4139	
1101	23.985	22.521	23.626	16.124	9.9056	7.3964	
1102	23.971	22.504	23.608	16.116	9.8945	7.3888	
1103	23.957	22.487	23.59	16.109	9.8791	7.3797	
1104	23.943	22.47	23.572	16.105	9.888	7.3786	
1105	23.93	22.453	23.553	16.097	9.8862	7.3711	
1106	23.916	22.435	23.535	16.101	9.8753	7.3644	
1107	23.902	22.418	23.517	16.09	9.8672	7.3615	
1108	23.888	22.401	23.499	16.098	9.873	7.3533	
1109	23.875	22.384	23.481	16.089	9.8628	7.35	
1110	23.861	22.367	23.463	16.087	9.8562	7.3493	
1111	23.847	22.35	23.445	16.086	9.8575	7.3426	
1112	23.834	22.333	23.427	16.085	9.8439	7.3361	
1113	23.82	22.316	23.41	16.085	9.8491	7.3346	
1114	23.807	22.299	23.392	16.08	9.8466	7.3305	
1115	23.793	22.282	23.374	16.077	9.8484	7.3291	
1116	23.779	22.266	23.356	16.078	9.8409	7.3321	
1117	23.766	22.249	23.338	16.079	9.8416	7.3209	
1118	23.753	22.232	23.321	16.072	9.8334	7.3214	
1119	23.739	22.215	23.303	16.06	9.8347	7.3015	
1120	23.726	22.199	23.285	16.068	9.8313	7.2924	
1121	23.712	22.182	23.267	16.067	9.8176	7.2878	
1122	23.699	22.165	23.25	16.06	9.8063	7.2978	
1123	23.686	22.149	23.232	16.048	9.8069	7.2903	
1124	23.673	22.132	23.215	16.063	9.8076	7.2673	
1125	23.659	22.115	23.197	16.054	9.7979	7.2623	
1126	23.646	22.099	23.18	16.058	9.8085	7.2676	
1127	23.633	22.082	23.162	16.033	9.7894	7.2435	
1128	23.62	22.066	23.145	16.033	9.7801	7.246	
1129	23.607	22.049	23.127	16.039	9.78	7.2589	
1130	23.594	22.033	23.11	16.029	9.784	7.2303	
1131	23.581	22.017	23.092	16.028	9.7661	7.2327	
1132	23.568	22	23.075	16.029	9.7641	7.2224	
1133	23.555	21.984	23.058	16.022	9.7746	7.22	
1134	23.542	21.968	23.04	16.013	9.7404	7.2208	
1135	23.529	21.951	23.023	16.016	9.7516	7.1929	
1136	23.516	21.935	23.006	16.019	9.733	7.2045	
1137	23.503	21.919	22.988	16.012	9.7186	7.2018	
1138	23.49	21.903	22.971	16.011	9.7314	7.1817	
1139	23.477	21.886	22.954	16.007	9.7294	7.188	
1140	23.465	21.87	22.937	16	9.711	7.1734	
1141	23.452	21.854	22.92	16.013	9.7229	7.1701	
1142	23.439	21.838	22.903	16.009	9.7157	7.1425	
1143	23.426	21.822	22.886	15.991	9.7047	7.1754	
1144	23.414	21.806	22.869	15.991	9.6948	7.1627	
1145	23.401	21.79	22.852	15.994	9.7082	7.1617	
1146	23.388	21.774	22.835	15.991	9.6734	7.1488	
1147	23.376	21.758	22.818	15.987	9.6773	7.1375	
1148	23.363	21.742	22.801	15.993	9.6824	7.1398	
1149	23.351	21.726	22.784	15.982	9.6859	7.1336	
1150	23.338	21.71	22.767	15.971	9.6696	7.1285	
1151	23.326	21.695	22.75	15.973	9.6557	7.1144	
1152	23.313	21.679	22.733	15.974	9.6664	7.1066	
1153	23.301	21.663	22.716	15.967	9.6521	7.0941	
1154	23.288	21.647	22.699	15.961	9.6519	7.0958	
1155	23.276	21.632	22.683	15.966	9.6506	7.0979	
1156	23.264	21.616	22.666	15.955	9.6498	7.0837	
1157	23.251	21.6	22.649	15.955	9.6421	7.0727	
1158	23.239	21.585	22.632	15.956	9.6421	7.0731	
1159	23.227	21.569	22.616	15.96	9.6267	7.0708	
1160	23.214	21.553	22.599	15.957	9.628	7.0722	
1161	23.202	21.538	22.582	15.947	9.6061	7.0769	
1162	23.19	21.522	22.566	15.943	9.6372	7.0503	
1163	23.178	21.507	22.549	15.932	9.6109	7.0423	
1164	23.166	21.491	22.533	15.933	9.5892	7.0355	
1165	23.154	21.476	22.516	15.926	9.6021	7.0251	
1166	23.142	21.46	22.5	15.934	9.5923	7.0232	
1167	23.129	21.445	22.483	15.935	9.6092	7.0307	
1168	23.117	21.43	22.467	15.925	9.5875	7.0159	
1169	23.105	21.414	22.45	15.919	9.579	7.0094	
1170	23.093	21.399	22.434	15.923	9.5874	6.9969	
1171	23.081	21.384	22.417	15.918	9.5745	6.9927	
1172	23.069	21.368	22.401	15.915	9.5753	6.9904	
1173	23.058	21.353	22.385	15.913	9.572	6.9898	
1174	23.046	21.338	22.368	15.912	9.5717	6.9855	
1175	23.034	21.323	22.352	15.911	9.5671	6.9893	
1176	23.022	21.308	22.336	15.909	9.5553	6.9753	
1177	23.01	21.293	22.32	15.913	9.5548	6.9734	
1178	22.998	21.277	22.303	15.902	9.5491	6.9642	
1179	22.987	21.262	22.287	15.902	9.5544	6.9693	
1180	22.975	21.247	22.271	15.901	9.5467	6.9584	
1181	22.963	21.232	22.255	15.901	9.5467	6.9598	
1182	22.951	21.217	22.239	15.894	9.5385	6.9547	
1183	22.94	21.202	22.223	15.897	9.537	6.95	
1184	22.928	21.187	22.207	15.892	9.532	6.9421	
1185	22.917	21.172	22.191	15.883	9.531	6.946	
1186	22.905	21.157	22.175	15.885	9.5219	6.9289	
1187	22.893	21.143	22.159	15.884	9.5224	6.9354	
1188	22.882	21.128	22.143	15.877	9.523	6.9241	
1189	22.87	21.113	22.127	15.882	9.5084	6.9071	
1190	22.859	21.098	22.111	15.876	9.5137	6.9197	
1191	22.847	21.083	22.095	15.87	9.5099	6.9094	
1192	22.836	21.069	22.079	15.871	9.4961	6.8957	
1193	22.824	21.054	22.063	15.868	9.4961	6.8932	
1194	22.813	21.039	22.047	15.862	9.5027	6.9035	
1195	22.802	21.024	22.031	15.874	9.474	6.8908	
1196	22.79	21.01	22.015	15.86	9.4905	6.8699	
1197	22.779	20.995	22	15.862	9.4762	6.8911	
1198	22.768	20.98	21.984	15.852	9.4631	6.8864	
1199	22.756	20.966	21.968	15.851	9.477	6.8633	
1200	22.745	20.951	21.952	15.858	9.4625	6.8505	
1201	22.734	20.937	21.937	15.861	9.4796	6.8706	
1202	22.723	20.922	21.921	15.841	9.4636	6.8566	
1203	22.712	20.908	21.905	15.848	9.4582	6.8337	
1204	22.7	20.893	21.89	15.851	9.4464	6.8183	
1205	22.689	20.879	21.874	15.832	9.4472	6.8323	
1206	22.678	20.864	21.859	15.836	9.466	6.8321	
1207	22.667	20.85	21.843	15.846	9.4633	6.8204	
1208	22.656	20.836	21.828	15.832	9.4402	6.8124	
1209	22.645	20.821	21.812	15.836	9.4279	6.8174	
1210	22.634	20.807	21.797	15.829	9.4198	6.7981	
1211	22.623	20.793	21.781	15.824	9.4014	6.7811	
1212	22.612	20.778	21.766	15.822	9.4159	6.7865	
1213	22.601	20.764	21.75	15.831	9.4125	6.7945	
1214	22.59	20.75	21.735	15.818	9.422	6.771	
1215	22.579	20.736	21.719	15.827	9.4065	6.7776	
1216	22.568	20.722	21.704	15.816	9.3902	6.7962	
1217	22.557	20.707	21.689	15.82	9.3945	6.7799	
1218	22.546	20.693	21.673	15.792	9.3676	6.7812	
1219	22.536	20.679	21.658	15.814	9.3787	6.7488	
1220	22.525	20.665	21.643	15.812	9.3724	6.7566	
1221	22.514	20.651	21.628	15.792	9.3678	6.7577	
1222	22.503	20.637	21.612	15.806	9.4041	6.7482	
1223	22.493	20.623	21.597	15.808	9.3612	6.7497	
1224	22.482	20.609	21.582	15.802	9.3661	6.7322	
1225	22.471	20.595	21.567	15.793	9.3623	6.7376	
1226	22.46	20.581	21.552	15.803	9.3763	6.7294	
1227	22.45	20.567	21.537	15.81	9.3589	6.7325	
1228	22.439	20.553	21.521	15.774	9.3448	6.7237	
1229	22.429	20.539	21.506	15.767	9.3236	6.7278	
1230	22.418	20.525	21.491	15.774	9.3573	6.7086	
1231	22.407	20.512	21.476	15.796	9.3605	6.676	
1232	22.397	20.498	21.461	15.789	9.3331	6.7336	
1233	22.386	20.484	21.446	15.803	9.3612	6.6865	
1234	22.376	20.47	21.431	15.779	9.3636	6.7088	
1235	22.365	20.456	21.416	15.762	9.3504	6.6856	
1236	22.355	20.443	21.401	15.776	9.3508	6.7156	
1237	22.344	20.429	21.386	15.771	9.3581	6.6932	
1238	22.334	20.415	21.372	15.803	9.3178	6.7029	
1239	22.324	20.402	21.357	15.735	9.3726	6.7182	
1240	22.313	20.388	21.342	15.732	9.2717	6.6779	
1241	22.303	20.374	21.327	15.745	9.341	6.6356	
1242	22.293	20.361	21.312	15.735	9.3044	6.6996	
1243	22.282	20.347	21.297	15.764	9.3127	6.761	
1244	22.272	20.334	21.283	15.782	9.3076	6.6586	
1245	22.262	20.32	21.268	15.721	9.362	6.5928	
1246	22.251	20.307	21.253	15.748	9.298	6.6041	
1247	22.241	20.293	21.238	15.731	9.2333	6.6094	
1248	22.231	20.28	21.224	15.743	9.2731	6.5843	
1249	22.221	20.266	21.209	15.775	9.2931	6.6536	
1250	22.211	20.253	21.194	15.753	9.3398	6.5861	
1251	22.2	20.239	21.18	15.739	9.2561	6.6486	
1252	22.19	20.226	21.165	15.709	9.2021	6.5795	
1253	22.18	20.212	21.151	15.708	9.3079	6.5872	
1254	22.17	20.199	21.136	15.716	9.2289	6.5936	
1255	22.16	20.186	21.122	15.74	9.2415	6.623	
1256	22.15	20.173	21.107	15.719	9.2629	6.5966	
1257	22.14	20.159	21.092	15.717	9.2216	6.5567	
1258	22.13	20.146	21.078	15.725	9.2458	6.548	
1259	22.12	20.133	21.064	15.694	9.2312	6.5771	
1260	22.11	20.12	21.049	15.709	9.2387	6.553	
1261	22.1	20.106	21.035	15.706	9.2178	6.5473	
1262	22.09	20.093	21.02	15.689	9.2162	6.5425	
1263	22.08	20.08	21.006	15.706	9.2186	6.5313	
1264	22.07	20.067	20.991	15.682	9.2026	6.5444	
1265	22.06	20.054	20.977	15.708	9.2245	6.5324	
1266	22.05	20.041	20.963	15.696	9.2306	6.5176	
1267	22.041	20.028	20.948	15.709	9.2023	6.5414	
1268	22.031	20.015	20.934	15.714	9.2095	6.5453	
1269	22.021	20.002	20.92	15.701	9.2186	6.5538	
1270	22.011	19.989	20.906	15.696	9.198	6.5367	
1271	22.002	19.976	20.891	15.683	9.2039	6.5136	
1272	21.992	19.963	20.877	15.688	9.2189	6.5472	
1273	21.982	19.95	20.863	15.705	9.2243	6.5247	
1274	21.972	19.937	20.849	15.701	9.2005	6.5306	
1275	21.963	19.924	20.835	15.686	9.1823	6.4939	
1276	21.953	19.911	20.821	15.699	9.2087	6.5205	
1277	21.943	19.898	20.806	15.663	9.1993	6.5191	
1278	21.934	19.885	20.792	15.665	9.1892	6.5112	
1279	21.924	19.872	20.778	15.681	9.1589	6.4593	
1280	21.914	19.859	20.764	15.675	9.156	6.4798	
1281	21.905	19.847	20.75	15.682	9.1567	6.4748	
1282	21.895	19.834	20.736	15.676	9.169	6.4949	
1283	21.886	19.821	20.722	15.656	9.1537	6.4527	
1284	21.876	19.808	20.708	15.632	9.1916	6.4591	
1285	21.867	19.796	20.694	15.644	9.1608	6.4782	
1286	21.857	19.783	20.68	15.669	9.1557	6.4463	
1287	21.848	19.77	20.666	15.652	9.1412	6.4697	
1288	21.838	19.758	20.652	15.663	9.1606	6.4591	
1289	21.829	19.745	20.638	15.652	9.1422	6.4344	
1290	21.82	19.732	20.625	15.657	9.1551	6.4376	
1291	21.81	19.72	20.611	15.64	9.1345	6.4164	
1292	21.801	19.707	20.597	15.656	9.1345	6.4736	
1293	21.791	19.695	20.583	15.647	9.1239	6.4379	
1294	21.782	19.682	20.569	15.668	9.1578	6.4281	
1295	21.773	19.67	20.555	15.646	9.1369	6.3954	
1296	21.764	19.657	20.542	15.653	9.1292	6.3926	
1297	21.754	19.645	20.528	15.651	9.0942	6.4387	
1298	21.745	19.632	20.514	15.631	9.1357	6.4042	
1299	21.736	19.62	20.501	15.641	9.0837	6.373	
1300	21.727	19.607	20.487	15.624	9.1037	6.3995	
1301	21.717	19.595	20.473	15.641	9.126	6.3705	
1302	21.708	19.583	20.46	15.611	9.0799	6.4187	
1303	21.699	19.57	20.446	15.637	9.1245	6.3851	
1304	21.69	19.558	20.432	15.648	9.1135	6.3952	
1305	21.681	19.546	20.419	15.652	9.0861	6.3467	
1306	21.671	19.533	20.405	15.629	9.1235	6.3831	
1307	21.662	19.521	20.392	15.62	9.108	6.3954	
1308	21.653	19.509	20.378	15.613	9.0891	6.388	
1309	21.644	19.496	20.364	15.62	9.0991	6.3783	
1310	21.635	19.484	20.351	15.612	9.0767	6.3653	
1311	21.626	19.472	20.337	15.62	9.0461	6.3913	
1312	21.617	19.46	20.324	15.608	9.0606	6.3221	
1313	21.608	19.448	20.311	15.613	9.0866	6.3847	
1314	21.599	19.436	20.297	15.607	9.0596	6.3495	
1315	21.59	19.423	20.284	15.602	9.0327	6.3262	
1316	21.581	19.411	20.27	15.629	8.9941	6.3194	
1317	21.572	19.399	20.257	15.605	9.0557	6.3822	
1318	21.563	19.387	20.243	15.589	9.0545	6.3601	
1319	21.554	19.375	20.23	15.631	9.0479	6.354	
1320	21.545	19.363	20.217	15.574	9.0367	6.3584	
1321	21.537	19.351	20.203	15.612	9.0226	6.3347	
1322	21.528	19.339	20.19	15.601	8.9983	6.2378	
1323	21.519	19.327	20.177	15.554	9.0135	6.278	
1324	21.51	19.315	20.164	15.608	9.0519	6.2872	
1325	21.501	19.303	20.15	15.621	8.9865	6.3038	
1326	21.493	19.291	20.137	15.629	8.988	6.2721	
1327	21.484	19.279	20.124	15.6	9.0561	6.2622	
1328	21.475	19.267	20.111	15.561	8.9618	6.3632	
1329	21.466	19.255	20.098	15.563	8.9748	6.2771	
1330	21.458	19.243	20.084	15.621	9.0407	6.2531	
1331	21.449	19.232	20.071	15.566	9.0607	6.3246	
1332	21.44	19.22	20.058	15.561	8.9719	6.418	
1333	21.431	19.208	20.045	15.578	9.0236	6.2824	
1334	21.423	19.196	20.032	15.6	8.9906	6.2743	
1335	21.414	19.184	20.019	15.55	9.0051	6.153	
1336	21.406	19.173	20.006	15.537	9.0374	6.3185	
1337	21.397	19.161	19.993	15.618	8.9803	6.1591	
1338	21.388	19.149	19.98	15.535	9.048	6.2468	
1339	21.38	19.137	19.967	15.561	9.032	6.2708	
1340	21.371	19.126	19.954	15.593	9.0077	6.1586	
1341	21.363	19.114	19.941	15.666	8.8259	6.2786	
1342	21.354	19.102	19.928	15.575	8.9248	6.4947	
1343	21.346	19.091	19.915	15.64	9.0003	6.4568	
1344	21.337	19.079	19.902	15.52	9.0383	6.2736	
1345	21.329	19.068	19.889	15.567	9.1261	6.2256	
1346	21.32	19.056	19.876	15.405	8.8527	6.0078	
1347	21.312	19.044	19.863	15.559	9.1196	5.8337	
1348	21.303	19.033	19.85	15.504	9.1334	6.1728	
1349	21.295	19.021	19.838	15.419	9.278	6.2167	
1350	21.286	19.01	19.825	15.265	9.0644	6.2217	
1351	21.278	18.998	19.812	15.503	8.9301	5.9253	
1352	21.27	18.987	19.799	15.455	8.8241	6.3825	
1353	21.261	18.975	19.786	15.547	8.3823	6.2501	
1354	21.253	18.964	19.774	15.469	9.3073	6.3855	
1355	21.245	18.952	19.761	15.712	8.773	5.6078	
1356	21.236	18.941	19.748	15.648	9.1567	6.0752	
1357	21.228	18.93	19.735	15.444	9.0441	6.2724	
1358	21.22	18.918	19.723	16.248	9.371	6.3795	
1359	21.211	18.907	19.71	16.262	8.6908	6.918	
1426	20.69	18.181	18.896	15.655	9.2987	6.337	
1427	20.683	18.171	18.884	15.544	8.6458	6.0444	
1428	20.675	18.161	18.873	15.394	8.841	5.6434	
1429	20.668	18.151	18.861	15.638	8.6618	5.8162	
1430	20.661	18.14	18.85	15.645	8.8034	5.8313	
1431	20.654	18.13	18.838	15.324	8.9254	6.1083	
1432	20.646	18.12	18.826	15.558	8.5618	5.8907	
1433	20.639	18.11	18.815	15.35	8.5981	5.8503	
1434	20.632	18.099	18.803	15.504	8.9164	6.1849	
1435	20.625	18.089	18.792	15.523	8.856	5.7635	
1436	20.617	18.079	18.78	15.531	8.646	5.9371	
1437	20.61	18.069	18.769	15.437	8.9074	5.8618	
1438	20.603	18.059	18.757	15.329	8.6594	5.9473	
1439	20.596	18.049	18.746	15.448	8.7878	5.9026	
1440	20.589	18.038	18.734	15.332	8.7869	5.8234	
1441	20.582	18.028	18.723	15.418	8.6815	6.0523	
1442	20.574	18.018	18.711	15.471	8.6178	5.804	
1443	20.567	18.008	18.7	15.352	8.745	5.9607	
1444	20.56	17.998	18.689	15.461	8.7728	5.754	
1445	20.553	17.988	18.677	15.33	8.7337	5.8418	
1446	20.546	17.978	18.666	15.463	8.6349	5.8148	
1447	20.539	17.968	18.655	15.435	8.7027	5.7187	
1448	20.532	17.958	18.643	15.418	8.6759	5.8657	
1449	20.525	17.948	18.632	15.369	8.7286	5.8616	
1450	20.518	17.938	18.621	15.389	8.7223	5.7667	
1451	20.511	17.928	18.609	15.439	8.6835	5.8613	
1452	20.504	17.918	18.598	15.461	8.7416	5.9121	
1453	20.497	17.908	18.587	15.432	8.7434	5.9344	
1454	20.49	17.898	18.575	15.347	8.6775	5.7013	
1455	20.483	17.888	18.564	15.416	8.7501	5.778	
1456	20.476	17.878	18.553	15.442	8.7139	5.8162	
1457	20.469	17.868	18.542	15.384	8.5911	5.8161	
1458	20.462	17.859	18.53	15.382	8.7003	5.8269	
1459	20.455	17.849	18.519	15.364	8.5653	5.7475	
1460	20.448	17.839	18.508	15.406	8.6329	5.8577	
1461	20.441	17.829	18.497	15.425	8.6263	5.8131	
1462	20.434	17.819	18.486	15.392	8.6402	5.8205	
1463	20.428	17.809	18.475	15.378	8.6426	5.7707	
1464	20.421	17.8	18.463	15.356	8.6674	5.7556	
1465	20.414	17.79	18.452	15.367	8.7009	5.7782	
1466	20.407	17.78	18.441	15.362	8.5979	5.8152	
1467	20.4	17.77	18.43	15.382	8.6242	5.8072	
1468	20.393	17.761	18.419	15.351	8.6378	5.7845	
1469	20.386	17.751	18.408	15.375	8.6157	5.7777	
1470	20.38	17.741	18.397	15.368	8.6027	5.7829	
1471	20.373	17.731	18.386	15.371	8.6274	5.7814	
1472	20.366	17.722	18.375	15.372	8.6286	5.7604	
1473	20.359	17.712	18.364	15.361	8.64	5.7729	
1474	20.353	17.702	18.353	15.364	8.6233	5.7729	
1475	20.346	17.693	18.342	15.367	8.6216	5.7631	
1476	20.339	17.683	18.331	15.361	8.6167	5.7547	
1477	20.332	17.673	18.32	15.367	8.6407	5.7684	
1478	20.326	17.664	18.309	15.372	8.6251	5.7501	
1479	20.319	17.654	18.298	15.364	8.6199	5.7574	
1480	20.312	17.645	18.287	15.365	8.6238	5.7479	
1481	20.306	17.635	18.276	15.366	8.6113	5.7261	
1482	20.299	17.626	18.265	15.361	8.6283	5.7517	
1483	20.292	17.616	18.254	15.362	8.62	5.7472	
1484	20.286	17.607	18.244	15.378	8.6195	5.7384	
1485	20.279	17.597	18.233	15.355	8.6304	5.737	
1486	20.272	17.587	18.222	15.356	8.5946	5.6973	
1487	20.266	17.578	18.211	15.348	8.6228	5.7008	
1488	20.259	17.569	18.2	15.36	8.6145	5.7232	
1489	20.253	17.559	18.189	15.361	8.6151	5.7038	
1490	20.246	17.55	18.179	15.362	8.5895	5.747	
1491	20.24	17.54	18.168	15.345	8.6053	5.698	
1492	20.233	17.531	18.157	15.351	8.5961	5.7165	
1493	20.226	17.521	18.146	15.341	8.5614	5.7088	
1494	20.22	17.512	18.136	15.341	8.5719	5.697	
1495	20.213	17.503	18.125	15.332	8.5697	5.6877	
1496	20.207	17.493	18.114	15.36	8.6007	5.7053	
1497	20.2	17.484	18.103	15.331	8.5842	5.694	
1498	20.194	17.474	18.093	15.364	8.5808	5.6957	
1499	20.187	17.465	18.082	15.346	8.5729	5.7135	
1500	20.181	17.456	18.071	15.338	8.5688	5.6944	
1501	20.175	17.446	18.061	15.324	8.5615	5.6481	
1502	20.168	17.437	18.05	15.341	8.5663	5.6767	
1503	20.162	17.428	18.04	15.337	8.5858	5.6658	
1504	20.155	17.419	18.029	15.331	8.5525	5.6375	
1505	20.149	17.409	18.018	15.336	8.5556	5.6753	
1506	20.142	17.4	18.008	15.327	8.5511	5.6423	
1507	20.136	17.391	17.997	15.311	8.5398	5.6658	
1508	20.13	17.382	17.987	15.308	8.5416	5.6703	
1509	20.123	17.372	17.976	15.345	8.5427	5.6533	
1510	20.117	17.363	17.965	15.333	8.5601	5.6374	
1511	20.111	17.354	17.955	15.339	8.555	5.6471	
1512	20.104	17.345	17.944	15.33	8.5822	5.6517	
1513	20.098	17.336	17.934	15.364	8.5032	5.6648	
1514	20.092	17.327	17.923	15.322	8.5396	5.6835	
1515	20.085	17.317	17.913	15.295	8.5603	5.6483	
1516	20.079	17.308	17.903	15.318	8.5056	5.6522	
1517	20.073	17.299	17.892	15.315	8.5658	5.6102	
1518	20.067	17.29	17.882	15.295	8.5482	5.6359	
1519	20.06	17.281	17.871	15.297	8.5464	5.6432	
1520	20.054	17.272	17.861	15.291	8.534	5.6375	
1521	20.048	17.263	17.85	15.314	8.4871	5.5673	
1522	20.042	17.254	17.84	15.294	8.5187	5.5965	
1523	20.035	17.245	17.83	15.298	8.5355	5.6022	
1524	20.029	17.236	17.819	15.33	8.5488	5.6586	
1525	20.023	17.227	17.809	15.314	8.5414	5.6269	
1526	20.017	17.218	17.799	15.292	8.5151	5.6013	
1527	20.011	17.209	17.788	15.3	8.528	5.6024	
1528	20.004	17.2	17.778	15.288	8.5465	5.6141	
1529	19.998	17.191	17.768	15.293	8.4942	5.5902	
1530	19.992	17.182	17.757	15.303	8.5058	5.6026	
1531	19.986	17.173	17.747	15.28	8.4914	5.604	
1532	19.98	17.164	17.737	15.308	8.4916	5.603	
1533	19.974	17.155	17.726	15.284	8.4702	5.5967	
1534	19.968	17.146	17.716	15.305	8.4793	5.6376	
1535	19.961	17.137	17.706	15.298	8.4926	5.5712	
1536	19.955	17.128	17.696	15.276	8.4891	5.5791	
1537	19.949	17.119	17.686	15.283	8.4941	5.5846	
1538	19.943	17.111	17.675	15.277	8.5252	5.5789	
1539	19.937	17.102	17.665	15.294	8.4816	5.577	
1540	19.931	17.093	17.655	15.287	8.4628	5.578	
1541	19.925	17.084	17.645	15.275	8.4525	5.5494	
1542	19.919	17.075	17.635	15.281	8.4651	5.5754	
1543	19.913	17.066	17.624	15.279	8.4722	5.544	
1544	19.907	17.058	17.614	15.282	8.4897	5.5788	
1545	19.901	17.049	17.604	15.263	8.493	5.5536	
1546	19.895	17.04	17.594	15.278	8.4662	5.5539	
1547	19.889	17.031	17.584	15.274	8.4734	5.5453	
1548	19.883	17.023	17.574	15.277	8.4642	5.5399	
1549	19.877	17.014	17.564	15.277	8.4838	5.5347	
1550	19.871	17.005	17.554	15.282	8.4621	5.5433	
1551	19.865	16.996	17.544	15.26	8.4848	5.5405	
1552	19.859	16.988	17.534	15.272	8.4641	5.5476	
1553	19.853	16.979	17.524	15.253	8.4528	5.5522	
1554	19.847	16.97	17.514	15.262	8.4672	5.5335	
1555	19.842	16.962	17.504	15.281	8.442	5.52	
1556	19.836	16.953	17.494	15.259	8.4567	5.5561	
1557	19.83	16.944	17.484	15.253	8.4481	5.5181	
1558	19.824	16.936	17.474	15.256	8.4504	5.5207	
1559	19.818	16.927	17.464	15.276	8.4324	5.4932	
1560	19.812	16.918	17.454	15.271	8.4614	5.517	
1561	19.806	16.91	17.444	15.28	8.463	5.5073	
1562	19.801	16.901	17.434	15.286	8.4263	5.5184	
1563	19.795	16.893	17.424	15.246	8.4494	5.5213	
1564	19.789	16.884	17.414	15.253	8.4738	5.4959	
1565	19.783	16.876	17.404	15.26	8.475	5.4892	
1566	19.777	16.867	17.394	15.25	8.4211	5.471	
1567	19.771	16.858	17.384	15.272	8.4036	5.5013	
1568	19.766	16.85	17.375	15.254	8.4459	5.5132	
1569	19.76	16.841	17.365	15.273	8.4673	5.5183	
1570	19.754	16.833	17.355	15.258	8.4541	5.5109	
1571	19.748	16.824	17.345	15.251	8.43	5.5032	
1572	19.743	16.816	17.335	15.247	8.4216	5.516	
1573	19.737	16.807	17.326	15.253	8.4038	5.4898	
1574	19.731	16.799	17.316	15.271	8.4254	5.4739	
1575	19.726	16.791	17.306	15.231	8.4078	5.4942	
1576	19.72	16.782	17.296	15.249	8.3978	5.4296	
1577	19.714	16.774	17.286	15.217	8.3749	5.4756	
1578	19.708	16.765	17.277	15.237	8.4288	5.4607	
1579	19.703	16.757	17.267	15.228	8.4205	5.4795	
1580	19.697	16.749	17.257	15.239	8.3869	5.4487	
1581	19.691	16.74	17.248	15.234	8.4189	5.4105	
1582	19.686	16.732	17.238	15.257	8.4008	5.48	
1583	19.68	16.723	17.228	15.226	8.4345	5.4544	
1584	19.674	16.715	17.218	15.259	8.3606	5.4227	
1585	19.669	16.707	17.209	15.244	8.4289	5.4566	
1586	19.663	16.698	17.199	15.233	8.3734	5.502	
1587	19.658	16.69	17.189	15.238	8.4237	5.4611	
1588	19.652	16.682	17.18	15.245	8.3774	5.3926	
1589	19.646	16.673	17.17	15.215	8.3875	5.4566	
1590	19.641	16.665	17.161	15.228	8.3519	5.4219	
1591	19.635	16.657	17.151	15.219	8.3652	5.442	
1592	19.63	16.649	17.141	15.22	8.4063	5.4059	
1593	19.624	16.64	17.132	15.242	8.3902	5.4055	
1594	19.619	16.632	17.122	15.227	8.3533	5.4718	
1595	19.613	16.624	17.113	15.251	8.3693	5.388	
1596	19.608	16.616	17.103	15.218	8.396	5.4089	
1597	19.602	16.607	17.094	15.224	8.3787	5.4234	
1598	19.597	16.599	17.084	15.233	8.3674	5.3693	
1599	19.591	16.591	17.075	15.229	8.3583	5.4027	
1600	19.586	16.583	17.065	15.215	8.372	5.3582	
1601	19.58	16.575	17.056	15.245	8.3609	5.4297	
1602	19.575	16.567	17.046	15.238	8.3485	5.3855	
1603	19.569	16.558	17.037	15.243	8.3307	5.3756	
1604	19.564	16.55	17.027	15.231	8.3665	5.3766	
1605	19.558	16.542	17.018	15.219	8.355	5.4195	
1606	19.553	16.534	17.008	15.218	8.3515	5.381	
1607	19.547	16.526	16.999	15.236	8.3546	5.3807	
1608	19.542	16.518	16.989	15.198	8.3743	5.3834	
1609	19.536	16.51	16.98	15.209	8.3542	5.3865	
1610	19.531	16.502	16.971	15.217	8.3669	5.3679	
1611	19.526	16.494	16.961	15.223	8.3448	5.3933	
1612	19.52	16.486	16.952	15.243	8.3307	5.3638	
1613	19.515	16.478	16.942	15.178	8.3644	5.3728	
1614	19.51	16.469	16.933	15.202	8.361	5.4227	
1615	19.504	16.461	16.924	15.227	8.3397	5.3958	
1616	19.499	16.453	16.914	15.22	8.3127	5.3666	
1617	19.494	16.445	16.905	15.246	8.3553	5.3936	
1618	19.488	16.437	16.896	15.226	8.3236	5.3726	
1619	19.483	16.429	16.886	15.199	8.3466	5.3731	
1620	19.478	16.421	16.877	15.181	8.3603	5.3781	
1621	19.472	16.414	16.868	15.208	8.3253	5.3494	
1622	19.467	16.406	16.859	15.178	8.3112	5.3902	
1623	19.462	16.398	16.849	15.171	8.3181	5.3343	
1624	19.456	16.39	16.84	15.213	8.3478	5.3601	
1625	19.451	16.382	16.831	15.221	8.3268	5.3138	
1626	19.446	16.374	16.821	15.189	8.3195	5.3457	
1627	19.44	16.366	16.812	15.194	8.2845	5.3273	
1628	19.435	16.358	16.803	15.187	8.3499	5.3401	
1629	19.43	16.35	16.794	15.19	8.342	5.3735	
1630	19.425	16.342	16.785	15.179	8.3391	5.3371	
1631	19.419	16.334	16.775	15.173	8.3154	5.3855	
1632	19.414	16.327	16.766	15.186	8.35	5.3166	
1633	19.409	16.319	16.757	15.203	8.3497	5.3381	
1634	19.404	16.311	16.748	15.171	8.297	5.3258	
1635	19.399	16.303	16.739	15.194	8.3312	5.3287	
1636	19.393	16.295	16.73	15.188	8.3212	5.3036	
1637	19.388	16.287	16.721	15.199	8.3059	5.3668	
1638	19.383	16.28	16.711	15.222	8.2801	5.3259	
1639	19.378	16.272	16.702	15.182	8.3194	5.2974	
1640	19.373	16.264	16.693	15.173	8.2818	5.3281	
1641	19.368	16.256	16.684	15.175	8.354	5.2891	
1642	19.363	16.249	16.675	15.205	8.2703	5.335	
1643	19.357	16.241	16.666	15.19	8.3112	5.2849	
1644	19.352	16.233	16.657	15.187	8.2906	5.3078	
1645	19.347	16.225	16.648	15.188	8.2927	5.329	
1646	19.342	16.218	16.639	15.208	8.31	5.2496	
1647	19.337	16.21	16.63	15.15	8.3281	5.3322	
1648	19.332	16.202	16.621	15.196	8.214	5.2562	
1649	19.327	16.195	16.612	15.203	8.3041	5.32	
1650	19.322	16.187	16.603	15.183	8.3097	5.3172	
1651	19.317	16.179	16.594	15.183	8.2823	5.2789	
1652	19.311	16.172	16.585	15.167	8.2903	5.2806	
1653	19.306	16.164	16.576	15.222	8.273	5.3132	
1654	19.301	16.156	16.567	15.187	8.2721	5.3	
1655	19.296	16.149	16.558	15.181	8.3124	5.2674	
1656	19.291	16.141	16.549	15.178	8.2858	5.2886	
1657	19.286	16.133	16.54	15.182	8.2736	5.2715	
1658	19.281	16.126	16.531	15.168	8.2909	5.2684	
1659	19.276	16.118	16.522	15.198	8.2389	5.2994	
1660	19.271	16.111	16.513	15.134	8.2013	5.3163	
1661	19.266	16.103	16.504	15.18	8.22	5.277	
1662	19.261	16.095	16.496	15.141	8.2754	5.2561	
1663	19.256	16.088	16.487	15.16	8.3068	5.3083	
1664	19.251	16.08	16.478	15.139	8.2076	5.1903	
1665	19.246	16.073	16.469	15.134	8.2768	5.2901	
1666	19.241	16.065	16.46	15.203	8.2376	5.2267	
1667	19.236	16.058	16.451	15.116	8.178	5.2636	
1668	19.232	16.05	16.443	15.094	8.2587	5.2816	
1669	19.227	16.043	16.434	15.177	8.2221	5.1642	
1670	19.222	16.035	16.425	15.177	8.3188	5.28	
1671	19.217	16.028	16.416	15.144	8.2985	5.1962	
1672	19.212	16.02	16.407	15.205	8.2434	5.1552	
1673	19.207	16.013	16.399	15.194	8.2671	5.2595	
1674	19.202	16.005	16.39	15.196	8.273	5.2443	
1675	19.197	15.998	16.381	15.123	8.1082	5.2754	
1676	19.192	15.99	16.372	15.177	8.2951	5.2414	
1677	19.187	15.983	16.364	15.141	8.2686	5.3115	
1678	19.183	15.976	16.355	15.131	8.1656	5.2901	
1679	19.178	15.968	16.346	15.153	8.2106	5.2576	
1680	19.173	15.961	16.337	15.136	8.2649	5.3272	
1681	19.168	15.953	16.329	15.15	8.3289	5.2473	
1682	19.163	15.946	16.32	15.105	8.2398	5.2015	
1683	19.158	15.939	16.311	15.132	8.2922	5.1972	
1684	19.154	15.931	16.303	15.112	8.2552	5.3479	
1685	19.149	15.924	16.294	15.14	8.0623	5.0309	
1686	19.144	15.917	16.285	15.254	8.287	5.2897	
1687	19.139	15.909	16.277	15.066	8.3556	5.4453	
1688	19.134	15.902	16.268	15.075	8.27	5.2045	
1689	19.13	15.895	16.259	15.151	8.2085	5.0922	
1690	19.125	15.887	16.251	15.044	8.425	5.2279	
1691	19.12	15.88	16.242	15.226	8.1621	5.1941	
1692	19.115	15.873	16.234	15.228	8.4692	5.2754	
1693	19.11	15.865	16.225	14.99	8.3545	5.5722	
1694	19.106	15.858	16.216	14.9	8.082	5.2263	
1695	19.101	15.851	16.208	15.192	8.4939	5.4261	
1696	19.096	15.844	16.199	15.082	8.2301	5.4347	
1697	19.091	15.836	16.191	15.142	8.3357	5.437	
1698	19.087	15.829	16.182	14.719	8.2576	4.9981	
1699	19.082	15.822	16.174	14.916	8.6842	5.3629	
1700	19.077	15.815	16.165	14.932	8.1696	5.1826	
