	65	70	75	65	70	75	
300	32.69	29.442	25.892	37.511	37.209	37.514	
301	32.532	29.315	25.924	37.295	36.907	37.453	
302	32.393	29.214	25.985	37.087	36.772	37.279	
303	32.268	29.135	26.07	37.019	36.553	37.024	
304	32.159	29.076	26.178	36.99	36.489	37.052	
305	32.066	29.038	26.308	36.884	36.423	36.867	
306	31.985	29.017	26.455	36.614	36.185	36.77	
307	31.917	29.013	26.617	36.511	36.277	36.641	
308	31.861	29.025	26.794	36.334	36.128	36.541	
309	31.816	29.051	26.983	36.365	35.959	36.377	
310	31.78	29.089	27.181	36.171	35.873	36.379	
311	31.755	29.14	27.389	36.159	35.715	36.319	
312	31.739	29.202	27.604	36.209	35.719	36.207	
313	31.731	29.273	27.825	35.89	35.526	36.139	
314	31.731	29.354	28.051	35.955	35.547	35.953	
315	31.739	29.444	28.281	35.892	35.364	35.909	
316	31.753	29.541	28.514	35.798	35.418	35.815	
317	31.774	29.644	28.749	35.661	35.298	35.754	
318	31.801	29.754	28.986	35.561	35.153	35.59	
319	31.834	29.871	29.225	35.518	35.053	35.611	
320	31.872	29.992	29.464	35.535	35.035	35.459	
321	31.915	30.118	29.703	35.427	34.977	35.375	
322	31.963	30.248	29.941	35.393	34.901	35.332	
323	32.016	30.383	30.18	35.355	34.78	35.278	
324	32.073	30.521	30.417	35.23	34.786	35.152	
325	32.134	30.662	30.653	35.241	34.578	35.091	
326	32.2	30.807	30.888	35.155	34.568	35.032	
327	32.269	30.954	31.122	35.062	34.546	34.927	
328	32.342	31.104	31.354	35.028	34.498	34.847	
329	32.419	31.256	31.585	34.999	34.432	34.774	
330	32.499	31.41	31.814	35.011	34.459	34.767	
331	32.582	31.567	32.041	34.888	34.365	34.712	
332	32.669	31.726	32.267	34.842	34.23	34.555	
333	32.76	31.887	32.492	34.885	34.182	34.577	
334	32.854	32.049	32.714	34.798	34.161	34.525	
335	32.95	32.213	32.936	34.731	34.097	34.447	
336	33.051	32.38	33.156	34.609	34.041	34.358	
337	33.154	32.548	33.375	34.687	34.006	34.353	
338	33.261	32.718	33.593	34.632	33.962	34.303	
339	33.371	32.89	33.809	34.529	33.832	34.23	
340	33.485	33.063	34.025	34.579	33.724	34.179	
341	33.602	33.239	34.241	34.486	33.766	34.165	
342	33.722	33.417	34.455	34.466	33.725	34.1	
343	33.845	33.596	34.669	34.549	33.733	34.023	
344	33.973	33.778	34.883	34.521	33.702	33.95	
345	34.103	33.962	35.097	34.424	33.661	33.933	
346	34.238	34.148	35.311	34.455	33.622	33.892	
347	34.376	34.337	35.525	34.458	33.593	33.865	
348	34.519	34.528	35.74	34.377	33.616	33.812	
349	34.665	34.723	35.956	34.389	33.625	33.81	
350	34.817	34.92	36.173	34.388	33.625	33.767	
351	34.973	35.122	36.392	34.35	33.524	33.743	
352	35.135	35.328	36.614	34.396	33.574	33.8	
353	35.304	35.539	36.838	34.351	33.52	33.614	
354	35.479	35.756	37.066	34.458	33.583	33.722	
355	35.661	35.979	37.299	34.599	33.444	33.575	
356	35.851	36.208	37.536	34.579	33.535	33.58	
357	36.048	36.445	37.779	34.514	33.694	33.653	
358	36.251	36.688	38.027	34.45	33.599	33.561	
359	36.461	36.936	38.28	34.557	33.626	33.604	
360	36.673	37.188	38.536	34.568	33.602	33.533	
361	36.887	37.441	38.794	34.519	33.534	33.614	
362	37.099	37.694	39.052	34.468	33.471	33.318	
363	37.307	37.942	39.307	34.502	33.373	33.27	
364	37.507	38.185	39.558	34.485	33.406	33.141	
365	37.698	38.419	39.802	34.48	33.239	33.257	
366	37.878	38.644	40.04	34.43	33.18	32.916	
367	38.048	38.859	40.27	34.217	33.026	32.627	
368	38.206	39.065	40.493	34.2	33.006	32.484	
369	38.353	39.26	40.708	34.034	32.568	32.257	
370	38.49	39.446	40.916	33.841	32.395	31.955	
371	38.618	39.625	41.119	33.737	32.227	31.762	
372	38.741	39.799	41.318	33.555	32.089	31.437	
373	38.859	39.969	41.515	33.39	31.779	31.262	
374	38.974	40.136	41.711	33.076	31.523	30.992	
375	39.088	40.302	41.906	32.972	31.289	30.557	
376	39.201	40.468	42.102	32.744	31.026	30.281	
377	39.315	40.635	42.299	32.512	30.758	29.935	
378	39.429	40.803	42.498	32.361	30.452	29.755	
379	39.545	40.972	42.699	32.152	30.302	29.525	
380	39.664	41.145	42.903	31.847	30.094	29.22	
381	39.786	41.32	43.11	31.78	29.805	28.874	
382	39.911	41.5	43.322	31.618	29.702	28.718	
383	40.04	41.683	43.538	31.407	29.37	28.494	
384	40.173	41.87	43.757	31.178	29.194	28.195	
385	40.309	42.06	43.981	31.074	29.021	28.069	
386	40.449	42.255	44.208	30.864	28.789	27.848	
387	40.593	42.454	44.441	30.652	28.633	27.637	
388	40.741	42.657	44.678	30.583	28.41	27.476	
389	40.893	42.864	44.919	30.461	28.307	27.256	
390	41.049	43.076	45.166	30.26	28.108	27.05	
391	41.209	43.292	45.417	30.191	27.915	26.895	
392	41.374	43.513	45.672	29.981	27.735	26.665	
393	41.543	43.738	45.933	29.878	27.587	26.582	
394	41.716	43.968	46.199	29.682	27.397	26.4	
395	41.894	44.203	46.47	29.63	27.355	26.298	
396	42.076	44.443	46.747	29.422	27.142	26.077	
397	42.263	44.687	47.028	29.335	27.036	25.925	
398	42.453	44.937	47.316	29.275	26.882	25.776	
399	42.649	45.191	47.609	29.093	26.69	25.637	
400	42.849	45.451	47.909	29.072	26.6	25.423	
401	43.053	45.716	48.214	28.922	26.451	25.337	
402	43.262	45.986	48.525	28.768	26.379	25.181	
403	43.475	46.262	48.843	28.682	26.196	25.041	
404	43.693	46.543	49.168	28.573	26.143	24.894	
405	43.915	46.829	49.499	28.511	25.929	24.83	
406	44.142	47.121	49.836	28.418	25.831	24.647	
407	44.373	47.419	50.181	28.306	25.691	24.585	
408	44.608	47.722	50.532	28.204	25.67	24.441	
409	44.848	48.031	50.89	28.091	25.533	24.21	
410	45.092	48.345	51.255	28.031	25.423	24.179	
411	45.34	48.664	51.628	27.868	25.362	24.088	
412	45.593	48.99	52.007	27.819	25.199	23.977	
413	45.85	49.321	52.394	27.751	25.068	23.815	
414	46.111	49.658	52.787	27.647	25.046	23.779	
415	46.376	50	53.189	27.567	24.906	23.666	
416	46.646	50.348	53.597	27.436	24.81	23.564	
417	46.919	50.701	54.013	27.395	24.667	23.442	
418	47.196	51.06	54.436	27.242	24.576	23.314	
419	47.478	51.425	54.866	27.24	24.539	23.278	
420	47.763	51.795	55.304	27.177	24.391	23.051	
421	48.052	52.171	55.749	26.993	24.277	23.05	
422	48.346	52.552	56.201	27.016	24.164	22.99	
423	48.643	52.939	56.661	26.934	24.088	22.879	
424	48.944	53.331	57.128	26.867	24.049	22.714	
425	49.248	53.729	57.602	26.755	23.89	22.644	
426	49.557	54.132	58.083	26.651	23.86	22.58	
427	49.868	54.54	58.572	26.553	23.755	22.538	
428	50.184	54.954	59.068	26.479	23.663	22.372	
429	50.503	55.373	59.571	26.519	23.569	22.282	
430	50.826	55.797	60.081	26.369	23.426	22.284	
431	51.152	56.226	60.598	26.264	23.503	22.162	
432	51.481	56.66	61.122	26.276	23.311	21.984	
433	51.813	57.099	61.652	26.141	23.339	21.941	
434	52.149	57.543	62.19	26.086	23.175	21.795	
435	52.488	57.992	62.734	26.006	23.033	21.804	
436	52.83	58.445	63.284	25.973	22.899	21.543	
437	53.174	58.903	63.841	25.893	22.922	21.617	
438	53.522	59.366	64.404	25.872	22.893	21.469	
439	53.872	59.832	64.973	25.71	22.818	21.435	
440	54.225	60.303	65.548	25.695	22.639	21.343	
441	54.58	60.778	66.128	25.63	22.648	21.261	
442	54.937	61.257	66.714	25.588	22.648	21.104	
443	55.297	61.739	67.306	25.507	22.442	21.184	
444	55.659	62.225	67.903	25.556	22.424	20.985	
445	56.023	62.714	68.505	25.392	22.277	20.91	
446	56.389	63.207	69.111	25.234	22.293	20.863	
447	56.756	63.702	69.722	25.292	22.112	20.749	
448	57.124	64.2	70.338	25.195	22.141	20.723	
449	57.494	64.701	70.957	25.183	22.026	20.627	
450	57.865	65.203	71.58	25.118	21.916	20.654	
451	58.237	65.708	72.207	25.118	21.857	20.554	
452	58.61	66.213	72.837	25.026	21.784	20.444	
453	58.983	66.721	73.471	24.922	21.755	20.443	
454	59.356	67.229	74.107	24.835	21.684	20.273	
455	59.73	67.738	74.745	24.769	21.671	20.279	
456	60.103	68.248	75.386	24.72	21.58	20.095	
457	60.476	68.757	76.028	24.709	21.546	20.092	
458	60.849	69.266	76.672	24.66	21.441	20.062	
459	61.22	69.773	77.317	24.663	21.481	19.975	
460	61.59	70.28	77.964	24.545	21.331	19.906	
461	61.959	70.784	78.61	24.62	21.233	19.818	
462	62.326	71.286	79.257	24.431	21.183	19.772	
463	62.691	71.785	79.904	24.46	21.21	19.722	
464	63.053	72.28	80.549	24.327	21.031	19.609	
465	63.413	72.771	81.194	24.36	21.017	19.608	
466	63.77	73.257	81.837	24.267	20.954	19.454	
467	64.123	73.737	82.478	24.206	20.854	19.484	
468	64.474	74.211	83.115	24.17	20.799	19.396	
469	64.819	74.677	83.749	24.092	20.77	19.34	
470	65.16	75.135	84.377	24.061	20.699	19.193	
471	65.497	75.584	84.998	24.012	20.652	19.217	
472	65.828	76.021	85.611	23.934	20.679	19.142	
473	66.154	76.448	86.21	23.947	20.517	19.035	
474	66.473	76.86	86.789	23.908	20.509	19.076	
475	66.787	77.259	87.339	23.846	20.472	18.955	
476	67.093	77.642	87.836	23.824	20.439	18.928	
477	67.392	78.007	88.241	23.74	20.279	18.806	
478	67.683	78.353	88.48	23.684	20.28	18.775	
479	67.966	78.679	88.478	23.667	20.197	18.72	
480	68.241	78.981	88.241	23.599	20.142	18.638	
481	68.507	79.26	87.846	23.572	20.093	18.615	
482	68.763	79.512	87.368	23.495	20.1	18.561	
483	69.009	79.736	86.846	23.543	20.037	18.524	
484	69.245	79.931	86.301	23.447	19.952	18.437	
485	69.471	80.095	85.744	23.405	19.904	18.479	
486	69.685	80.227	85.18	23.388	19.787	18.36	
487	69.888	80.325	84.615	23.308	19.783	18.254	
488	70.08	80.39	84.049	23.318	19.714	18.213	
489	70.259	80.421	83.484	23.228	19.691	18.178	
490	70.426	80.418	82.921	23.239	19.606	18.185	
491	70.579	80.382	82.362	23.162	19.598	18.078	
492	70.72	80.314	81.807	23.125	19.513	18.036	
493	70.848	80.214	81.255	23.098	19.505	17.975	
494	70.962	80.085	80.708	23.049	19.475	17.976	
495	71.063	79.927	80.166	23.039	19.452	17.877	
496	71.15	79.744	79.628	22.991	19.38	17.876	
497	71.223	79.537	79.096	22.952	19.303	17.874	
498	71.282	79.308	78.568	22.922	19.281	17.787	
499	71.327	79.058	78.047	22.888	19.204	17.73	
500	71.36	78.791	77.53	22.873	19.164	17.653	
501	71.377	78.506	77.019	22.799	19.155	17.607	
502	71.382	78.208	76.514	22.748	19.072	17.553	
503	71.373	77.897	76.014	22.745	19.08	17.515	
504	71.351	77.574	75.52	22.67	18.989	17.461	
505	71.315	77.242	75.032	22.66	18.966	17.426	
506	71.268	76.901	74.55	22.59	18.9	17.357	
507	71.208	76.552	74.073	22.573	18.858	17.36	
508	71.135	76.197	73.602	22.544	18.831	17.264	
509	71.051	75.836	73.137	22.54	18.784	17.234	
510	70.956	75.472	72.678	22.464	18.744	17.185	
511	70.85	75.103	72.224	22.441	18.672	17.172	
512	70.733	74.731	71.776	22.411	18.653	17.095	
513	70.606	74.358	71.334	22.38	18.604	17.039	
514	70.47	73.982	70.897	22.329	18.581	17.008	
515	70.324	73.605	70.466	22.323	18.521	16.956	
516	70.17	73.228	70.041	22.272	18.488	16.925	
517	70.007	72.85	69.622	22.233	18.453	16.889	
518	69.836	72.472	69.208	22.213	18.429	16.8	
519	69.658	72.095	68.799	22.156	18.383	16.8	
520	69.473	71.719	68.396	22.155	18.329	16.783	
521	69.281	71.343	67.998	22.107	18.281	16.705	
522	69.083	70.969	67.606	22.082	18.236	16.682	
523	68.879	70.597	67.219	22.044	18.197	16.633	
524	68.67	70.226	66.837	22.008	18.175	16.576	
525	68.456	69.858	66.46	21.973	18.11	16.541	
526	68.237	69.491	66.089	21.948	18.101	16.479	
527	68.014	69.127	65.722	21.919	18.041	16.467	
528	67.787	68.765	65.361	21.871	18.015	16.444	
529	67.556	68.405	65.005	21.848	17.935	16.346	
530	67.322	68.049	64.653	21.807	17.963	16.332	
531	67.085	67.694	64.307	21.787	17.894	16.282	
532	66.845	67.343	63.965	21.792	17.872	16.249	
533	66.603	66.995	63.628	21.715	17.836	16.21	
534	66.359	66.649	63.295	21.688	17.765	16.173	
535	66.113	66.307	62.967	21.675	17.736	16.118	
536	65.865	65.967	62.644	21.642	17.728	16.071	
537	65.615	65.631	62.325	21.635	17.67	16.051	
538	65.365	65.298	62.011	21.595	17.649	16.008	
539	65.113	64.968	61.701	21.569	17.626	15.99	
540	64.861	64.641	61.395	21.55	17.587	15.938	
541	64.608	64.317	61.093	21.51	17.537	15.923	
542	64.354	63.997	60.796	21.482	17.509	15.858	
543	64.1	63.679	60.502	21.476	17.461	15.814	
544	63.846	63.365	60.213	21.431	17.422	15.773	
545	63.592	63.054	59.928	21.41	17.437	15.761	
546	63.338	62.747	59.646	21.352	17.352	15.71	
547	63.084	62.442	59.369	21.367	17.317	15.707	
548	62.83	62.141	59.095	21.329	17.285	15.648	
549	62.578	61.843	58.825	21.326	17.238	15.622	
550	62.325	61.548	58.558	21.261	17.228	15.591	
551	62.073	61.256	58.296	21.239	17.193	15.54	
552	61.822	60.967	58.036	21.241	17.157	15.508	
553	61.572	60.682	57.781	21.207	17.129	15.477	
554	61.323	60.399	57.528	21.168	17.077	15.44	
555	61.075	60.12	57.279	21.16	17.056	15.395	
556	60.828	59.844	57.034	21.131	17.016	15.362	
557	60.581	59.57	56.791	21.103	16.947	15.317	
558	60.337	59.3	56.552	21.084	16.962	15.3	
559	60.093	59.033	56.316	21.046	16.928	15.278	
560	59.851	58.768	56.084	21.019	16.886	15.228	
561	59.61	58.507	55.854	21.007	16.84	15.186	
562	59.37	58.248	55.627	21	16.812	15.184	
563	59.132	57.993	55.403	20.961	16.801	15.133	
564	58.895	57.74	55.182	20.944	16.75	15.126	
565	58.66	57.49	54.964	20.9	16.721	15.064	
566	58.426	57.243	54.749	20.879	16.684	15.074	
567	58.194	56.998	54.537	20.845	16.66	15.01	
568	57.964	56.757	54.327	20.818	16.626	14.969	
569	57.735	56.518	54.12	20.805	16.591	14.939	
570	57.507	56.281	53.916	20.791	16.566	14.891	
571	57.281	56.047	53.714	20.756	16.54	14.877	
572	57.057	55.816	53.515	20.734	16.528	14.866	
573	56.835	55.588	53.318	20.719	16.489	14.815	
574	56.614	55.362	53.124	20.685	16.473	14.755	
575	56.395	55.138	52.932	20.662	16.434	14.74	
576	56.177	54.917	52.742	20.631	16.404	14.719	
577	55.962	54.698	52.555	20.644	16.385	14.694	
578	55.748	54.482	52.37	20.618	16.331	14.681	
579	55.535	54.268	52.187	20.576	16.316	14.62	
580	55.325	54.057	52.007	20.577	16.277	14.621	
581	55.116	53.848	51.829	20.535	16.251	14.584	
582	54.909	53.641	51.653	20.524	16.22	14.522	
583	54.703	53.436	51.479	20.504	16.18	14.507	
584	54.499	53.234	51.307	20.492	16.17	14.517	
585	54.297	53.033	51.137	20.442	16.155	14.449	
586	54.097	52.835	50.969	20.431	16.123	14.417	
587	53.898	52.64	50.803	20.436	16.098	14.362	
588	53.701	52.446	50.639	20.408	16.07	14.357	
589	53.505	52.254	50.477	20.364	16.041	14.332	
590	53.312	52.064	50.317	20.345	16.005	14.287	
591	53.12	51.877	50.159	20.333	15.99	14.25	
592	52.929	51.691	50.002	20.31	15.918	14.221	
593	52.74	51.508	49.847	20.296	15.969	14.198	
594	52.553	51.326	49.694	20.283	15.892	14.209	
595	52.368	51.146	49.543	20.24	15.88	14.155	
596	52.184	50.968	49.393	20.22	15.879	14.124	
597	52.002	50.792	49.245	20.21	15.839	14.089	
598	51.821	50.618	49.099	20.202	15.8	14.07	
599	51.642	50.446	48.955	20.184	15.748	14.033	
600	51.464	50.275	48.811	20.146	15.774	14.024	
601	51.288	50.106	48.67	20.111	15.734	13.982	
602	51.114	49.939	48.53	20.089	15.676	13.946	
603	50.941	49.774	48.391	20.073	15.681	13.918	
604	50.769	49.61	48.254	20.062	15.645	13.915	
605	50.599	49.448	48.119	20.041	15.608	13.859	
606	50.431	49.288	47.985	20.03	15.616	13.815	
607	50.264	49.129	47.852	19.998	15.592	13.779	
608	50.099	48.972	47.721	20.014	15.535	13.804	
609	49.935	48.816	47.591	19.982	15.547	13.748	
610	49.772	48.662	47.462	19.959	15.505	13.733	
611	49.611	48.51	47.335	19.939	15.468	13.708	
612	49.451	48.359	47.209	19.937	15.48	13.705	
613	49.293	48.209	47.084	19.905	15.44	13.625	
614	49.136	48.061	46.961	19.873	15.416	13.633	
615	48.981	47.915	46.839	19.872	15.373	13.599	
616	48.826	47.769	46.718	19.848	15.366	13.567	
617	48.674	47.626	46.598	19.833	15.339	13.548	
618	48.522	47.483	46.479	19.81	15.324	13.544	
619	48.372	47.342	46.362	19.793	15.289	13.484	
620	48.223	47.203	46.246	19.769	15.26	13.464	
621	48.076	47.064	46.131	19.744	15.245	13.463	
622	47.929	46.927	46.017	19.758	15.223	13.435	
623	47.784	46.792	45.904	19.727	15.19	13.375	
624	47.641	46.657	45.792	19.705	15.17	13.372	
625	47.498	46.524	45.681	19.678	15.168	13.392	
626	47.357	46.392	45.571	19.681	15.12	13.311	
627	47.217	46.261	45.463	19.667	15.098	13.304	
628	47.078	46.132	45.355	19.638	15.06	13.283	
629	46.94	46.003	45.248	19.635	15.075	13.294	
630	46.804	45.876	45.143	19.57	15.013	13.233	
631	46.669	45.75	45.038	19.565	15.066	13.236	
632	46.535	45.625	44.934	19.575	15.011	13.141	
633	46.402	45.502	44.831	19.564	14.965	13.12	
634	46.27	45.379	44.729	19.51	14.954	13.069	
635	46.139	45.258	44.628	19.493	14.942	13.106	
636	46.009	45.137	44.528	19.49	14.951	13.106	
637	45.881	45.018	44.429	19.498	14.872	13.056	
638	45.753	44.899	44.331	19.454	14.846	13.046	
639	45.627	44.782	44.233	19.459	14.818	13.027	
640	45.502	44.666	44.137	19.425	14.799	13.018	
641	45.377	44.551	44.041	19.452	14.778	12.939	
642	45.254	44.436	43.946	19.402	14.772	12.986	
643	45.132	44.323	43.852	19.387	14.721	12.945	
644	45.01	44.211	43.758	19.404	14.727	12.899	
645	44.89	44.099	43.666	19.385	14.71	12.869	
646	44.771	43.989	43.574	19.341	14.67	12.857	
647	44.653	43.879	43.483	19.34	14.697	12.832	
648	44.535	43.771	43.393	19.298	14.644	12.833	
649	44.419	43.663	43.303	19.29	14.633	12.793	
650	44.304	43.556	43.214	19.268	14.571	12.757	
651	44.189	43.451	43.126	19.249	14.593	12.771	
652	44.076	43.346	43.039	19.245	14.544	12.718	
653	43.963	43.241	42.952	19.224	14.556	12.69	
654	43.851	43.138	42.866	19.213	14.505	12.636	
655	43.741	43.036	42.781	19.188	14.528	12.643	
656	43.631	42.934	42.696	19.173	14.551	12.655	
657	43.522	42.833	42.612	19.182	14.495	12.58	
658	43.413	42.733	42.529	19.145	14.451	12.585	
659	43.306	42.634	42.446	19.135	14.393	12.576	
660	43.2	42.535	42.364	19.131	14.406	12.557	
661	43.094	42.438	42.283	19.149	14.366	12.521	
662	42.989	42.341	42.202	19.141	14.38	12.487	
663	42.885	42.245	42.122	19.085	14.354	12.478	
664	42.782	42.149	42.043	19.067	14.358	12.46	
665	42.679	42.055	41.964	19.05	14.329	12.422	
666	42.578	41.961	41.885	19.037	14.283	12.4	
667	42.477	41.868	41.807	19.049	14.264	12.403	
668	42.377	41.775	41.73	19.03	14.28	12.379	
669	42.278	41.683	41.654	19.015	14.24	12.357	
670	42.179	41.592	41.577	18.996	14.227	12.341	
671	42.081	41.502	41.502	18.983	14.189	12.272	
672	41.984	41.412	41.427	18.968	14.151	12.307	
673	41.888	41.323	41.352	18.924	14.153	12.286	
674	41.792	41.234	41.278	18.939	14.161	12.278	
675	41.697	41.147	41.205	18.916	14.153	12.296	
676	41.603	41.059	41.132	18.918	14.072	12.203	
677	41.51	40.973	41.06	18.905	14.111	12.199	
678	41.417	40.887	40.988	18.877	14.073	12.219	
679	41.325	40.802	40.916	18.874	14.028	12.143	
680	41.233	40.717	40.845	18.865	14.013	12.153	
681	41.143	40.633	40.775	18.846	13.999	12.088	
682	41.052	40.549	40.705	18.845	14.005	12.109	
683	40.963	40.467	40.636	18.808	13.954	12.072	
684	40.874	40.384	40.567	18.784	13.945	12.093	
685	40.786	40.303	40.498	18.793	13.961	12.052	
686	40.699	40.221	40.43	18.775	13.924	12.002	
687	40.612	40.141	40.362	18.777	13.89	11.991	
688	40.525	40.061	40.295	18.772	13.868	11.962	
689	40.44	39.981	40.228	18.761	13.903	11.957	
690	40.355	39.902	40.162	18.716	13.875	11.965	
691	40.27	39.824	40.096	18.724	13.843	11.91	
692	40.186	39.746	40.03	18.709	13.782	11.94	
693	40.103	39.669	39.965	18.696	13.781	11.891	
694	40.02	39.592	39.901	18.682	13.775	11.898	
695	39.938	39.516	39.836	18.653	13.738	11.859	
696	39.857	39.44	39.772	18.654	13.704	11.854	
697	39.776	39.364	39.709	18.647	13.742	11.818	
698	39.695	39.29	39.646	18.656	13.697	11.76	
699	39.615	39.215	39.583	18.615	13.678	11.745	
700	39.536	39.141	39.521	18.603	13.714	11.763	
701	39.457	39.068	39.459	18.616	13.601	11.754	
702	39.379	38.995	39.397	18.605	13.677	11.742	
703	39.301	38.923	39.336	18.55	13.664	11.695	
704	39.224	38.851	39.275	18.548	13.616	11.689	
705	39.147	38.779	39.215	18.593	13.586	11.663	
706	39.071	38.708	39.155	18.539	13.595	11.627	
707	38.995	38.637	39.095	18.519	13.587	11.625	
708	38.92	38.567	39.035	18.499	13.513	11.634	
709	38.846	38.497	38.976	18.52	13.555	11.58	
710	38.771	38.428	38.918	18.509	13.487	11.628	
711	38.698	38.359	38.859	18.491	13.491	11.511	
712	38.624	38.291	38.801	18.46	13.43	11.505	
713	38.552	38.223	38.743	18.443	13.501	11.532	
714	38.479	38.155	38.686	18.434	13.419	11.487	
715	38.408	38.088	38.629	18.397	13.433	11.469	
716	38.336	38.021	38.572	18.418	13.356	11.374	
717	38.265	37.954	38.516	18.408	13.398	11.468	
718	38.195	37.888	38.459	18.389	13.347	11.371	
719	38.125	37.823	38.404	18.416	13.365	11.461	
720	38.055	37.758	38.348	18.332	13.336	11.414	
721	37.986	37.693	38.293	18.377	13.311	11.389	
722	37.918	37.628	38.238	18.373	13.341	11.365	
723	37.849	37.564	38.183	18.316	13.339	11.362	
724	37.782	37.5	38.129	18.348	13.267	11.357	
725	37.714	37.437	38.075	18.293	13.366	11.278	
726	37.647	37.374	38.021	18.343	13.2	11.279	
727	37.581	37.311	37.967	18.3	13.25	11.255	
728	37.514	37.249	37.914	18.318	13.194	11.255	
729	37.449	37.187	37.861	18.272	13.178	11.254	
730	37.383	37.125	37.808	18.26	13.183	11.173	
731	37.318	37.064	37.756	18.22	13.167	11.208	
732	37.254	37.003	37.704	18.247	13.116	11.197	
733	37.19	36.942	37.652	18.236	13.152	11.165	
734	37.126	36.882	37.6	18.263	13.117	11.143	
735	37.062	36.822	37.549	18.212	13.131	11.119	
736	36.999	36.763	37.498	18.211	13.114	11.12	
737	36.937	36.703	37.447	18.221	13.084	11.153	
738	36.875	36.644	37.396	18.175	13.091	11.076	
739	36.813	36.586	37.346	18.168	13.067	11.094	
740	36.751	36.527	37.296	18.198	13.06	11.074	
741	36.69	36.469	37.246	18.146	13.012	11.072	
742	36.629	36.412	37.196	18.159	13.021	11.016	
743	36.569	36.354	37.147	18.16	13.027	10.987	
744	36.508	36.297	37.098	18.128	13	11.023	
745	36.449	36.24	37.049	18.098	13.023	11.013	
746	36.389	36.184	37	18.113	12.97	10.981	
747	36.33	36.128	36.952	18.112	13.001	10.944	
748	36.271	36.072	36.903	18.09	12.967	10.93	
749	36.213	36.016	36.855	18.087	12.928	10.902	
750	36.155	35.961	36.807	18.026	12.909	10.938	
751	36.097	35.906	36.76	18.064	12.892	10.873	
752	36.04	35.851	36.712	18.016	12.923	10.846	
753	35.983	35.796	36.665	18.042	12.881	10.845	
754	35.926	35.742	36.618	18.033	12.862	10.87	
755	35.869	35.688	36.572	17.998	12.896	10.794	
756	35.813	35.635	36.525	18.017	12.83	10.84	
757	35.757	35.581	36.479	18.016	12.778	10.837	
758	35.702	35.528	36.433	17.993	12.814	10.794	
759	35.647	35.475	36.387	17.991	12.817	10.766	
760	35.592	35.422	36.341	17.965	12.743	10.723	
761	35.537	35.37	36.296	17.94	12.757	10.727	
762	35.483	35.318	36.25	17.968	12.744	10.685	
763	35.429	35.266	36.205	17.942	12.757	10.67	
764	35.375	35.214	36.16	17.942	12.75	10.703	
765	35.321	35.163	36.115	17.928	12.723	10.649	
766	35.268	35.112	36.071	17.945	12.732	10.659	
767	35.215	35.061	36.027	17.932	12.689	10.658	
768	35.163	35.01	35.982	17.898	12.676	10.604	
769	35.11	34.96	35.938	17.901	12.684	10.63	
770	35.058	34.91	35.895	17.88	12.632	10.573	
771	35.007	34.86	35.851	17.839	12.621	10.567	
772	34.955	34.81	35.808	17.837	12.664	10.567	
773	34.904	34.761	35.764	17.851	12.613	10.567	
774	34.853	34.711	35.721	17.831	12.605	10.51	
775	34.802	34.662	35.678	17.81	12.584	10.517	
776	34.752	34.613	35.636	17.872	12.563	10.49	
777	34.701	34.565	35.593	17.813	12.541	10.499	
778	34.652	34.517	35.551	17.814	12.507	10.516	
779	34.602	34.468	35.508	17.771	12.515	10.473	
780	34.552	34.42	35.466	17.769	12.529	10.484	
781	34.503	34.373	35.425	17.816	12.552	10.405	
782	34.454	34.325	35.383	17.788	12.453	10.414	
783	34.406	34.278	35.341	17.766	12.44	10.413	
784	34.357	34.231	35.3	17.747	12.468	10.369	
785	34.309	34.184	35.259	17.727	12.424	10.347	
786	34.261	34.137	35.218	17.72	12.435	10.349	
787	34.213	34.091	35.177	17.725	12.412	10.345	
788	34.166	34.045	35.136	17.722	12.394	10.324	
789	34.119	33.999	35.095	17.703	12.376	10.317	
790	34.072	33.953	35.055	17.705	12.403	10.277	
791	34.025	33.907	35.015	17.675	12.368	10.278	
792	33.978	33.862	34.974	17.689	12.361	10.267	
793	33.932	33.816	34.934	17.679	12.381	10.266	
794	33.886	33.771	34.895	17.66	12.327	10.239	
795	33.84	33.726	34.855	17.659	12.309	10.224	
796	33.794	33.682	34.815	17.662	12.313	10.213	
797	33.749	33.637	34.776	17.654	12.325	10.176	
798	33.704	33.593	34.737	17.666	12.323	10.181	
799	33.659	33.549	34.697	17.647	12.261	10.206	
800	33.614	33.505	34.658	17.62	12.266	10.135	
801	33.57	33.461	34.62	17.605	12.279	10.152	
802	33.525	33.417	34.581	17.648	12.257	10.122	
803	33.481	33.374	34.542	17.585	12.228	10.092	
804	33.437	33.33	34.504	17.575	12.219	10.133	
805	33.393	33.287	34.466	17.566	12.198	10.093	
806	33.35	33.245	34.427	17.583	12.17	10.084	
807	33.307	33.202	34.389	17.566	12.126	10.115	
808	33.263	33.159	34.352	17.569	12.174	10.024	
809	33.221	33.117	34.314	17.516	12.099	10.047	
810	33.178	33.075	34.276	17.556	12.165	10.014	
811	33.135	33.033	34.239	17.537	12.131	9.9973	
812	33.093	32.991	34.201	17.532	12.176	10.005	
813	33.051	32.949	34.164	17.542	12.077	9.9926	
814	33.009	32.907	34.127	17.52	12.11	10.013	
815	32.967	32.866	34.09	17.499	12.091	9.9656	
816	32.926	32.825	34.053	17.51	12.082	9.9131	
817	32.884	32.784	34.016	17.487	12.062	9.9298	
818	32.843	32.743	33.98	17.492	12.059	9.9034	
819	32.802	32.702	33.943	17.483	12.042	9.9129	
820	32.761	32.661	33.907	17.46	12.018	9.8719	
821	32.721	32.621	33.87	17.453	12.005	9.8656	
822	32.68	32.581	33.834	17.45	12.012	9.8616	
823	32.64	32.541	33.798	17.451	12.006	9.8525	
824	32.6	32.501	33.762	17.443	12.007	9.8497	
825	32.56	32.461	33.727	17.437	11.988	9.8449	
826	32.52	32.421	33.691	17.433	11.98	9.8362	
827	32.48	32.381	33.655	17.43	11.974	9.8144	
828	32.441	32.342	33.62	17.419	11.964	9.8087	
829	32.402	32.303	33.585	17.407	11.95	9.7941	
830	32.363	32.264	33.549	17.407	11.946	9.8031	
831	32.324	32.225	33.514	17.4	11.919	9.7859	
832	32.285	32.186	33.479	17.384	11.91	9.7662	
833	32.247	32.147	33.444	17.379	11.905	9.7353	
834	32.208	32.109	33.41	17.367	11.897	9.7158	
835	32.17	32.07	33.375	17.36	11.889	9.7177	
836	32.132	32.032	33.34	17.358	11.888	9.6974	
837	32.094	31.994	33.306	17.35	11.861	9.7024	
838	32.056	31.956	33.271	17.356	11.846	9.6741	
839	32.019	31.918	33.237	17.339	11.835	9.6728	
840	31.981	31.88	33.203	17.323	11.851	9.6213	
841	31.944	31.843	33.169	17.338	11.799	9.6059	
842	31.907	31.805	33.135	17.35	11.812	9.6524	
843	31.87	31.768	33.101	17.333	11.79	9.6237	
844	31.833	31.731	33.068	17.328	11.8	9.6135	
845	31.797	31.694	33.034	17.337	11.83	9.5864	
846	31.76	31.657	33	17.25	11.762	9.5728	
847	31.724	31.62	32.967	17.316	11.671	9.6306	
848	31.687	31.583	32.934	17.299	11.801	9.6341	
849	31.651	31.547	32.9	17.296	11.713	9.5251	
850	31.616	31.51	32.867	17.278	11.74	9.5683	
851	31.58	31.474	32.834	17.254	11.712	9.5872	
852	31.544	31.438	32.801	17.249	11.723	9.4661	
853	31.509	31.402	32.768	17.279	11.658	9.4759	
854	31.473	31.366	32.736	17.228	11.704	9.4325	
855	31.438	31.33	32.703	17.23	11.626	9.478	
856	31.403	31.295	32.67	17.202	11.678	9.4881	
857	31.368	31.259	32.638	17.234	11.659	9.4508	
858	31.334	31.224	32.606	17.248	11.682	9.4151	
859	31.299	31.188	32.573	17.26	11.629	9.461	
860	31.264	31.153	32.541	17.206	11.667	9.4684	
861	31.23	31.118	32.509	17.177	11.615	9.3825	
862	31.196	31.083	32.477	17.215	11.595	9.3837	
863	31.162	31.048	32.445	17.205	11.644	9.3907	
864	31.128	31.013	32.413	17.208	11.589	9.387	
865	31.094	30.979	32.381	17.157	11.577	9.3165	
866	31.06	30.944	32.35	17.167	11.563	9.3468	
867	31.027	30.91	32.318	17.147	11.513	9.3459	
868	30.993	30.875	32.287	17.118	11.543	9.3501	
869	30.96	30.841	32.255	17.15	11.508	9.2901	
870	30.927	30.807	32.224	17.159	11.516	9.3057	
871	30.894	30.773	32.193	17.146	11.508	9.2767	
872	30.861	30.739	32.161	17.131	11.512	9.3136	
873	30.828	30.706	32.13	17.157	11.469	9.267	
874	30.796	30.672	32.099	17.129	11.488	9.2504	
875	30.763	30.638	32.069	17.111	11.474	9.2559	
876	30.731	30.605	32.038	17.115	11.465	9.2204	
877	30.698	30.572	32.007	17.112	11.46	9.2537	
878	30.666	30.538	31.976	17.083	11.444	9.2191	
879	30.634	30.505	31.946	17.079	11.432	9.1998	
880	30.602	30.472	31.915	17.071	11.421	9.1926	
881	30.571	30.439	31.885	17.069	11.417	9.1849	
882	30.539	30.407	31.855	17.067	11.412	9.1889	
883	30.507	30.374	31.824	17.063	11.408	9.1794	
884	30.476	30.341	31.794	17.061	11.404	9.1718	
885	30.445	30.309	31.764	17.061	11.396	9.1709	
886	30.413	30.276	31.734	17.056	11.388	9.1566	
887	30.382	30.244	31.704	17.046	11.371	9.1428	
888	30.351	30.212	31.674	17.044	11.364	9.1243	
889	30.32	30.18	31.644	17.031	11.351	9.1119	
890	30.29	30.148	31.615	17.018	11.337	9.0964	
891	30.259	30.116	31.585	17.012	11.328	9.0812	
892	30.228	30.084	31.555	17.01	11.316	9.0788	
893	30.198	30.052	31.526	17.003	11.31	9.0602	
894	30.168	30.021	31.496	16.991	11.308	9.0486	
895	30.138	29.989	31.467	16.999	11.303	9.0533	
896	30.108	29.958	31.438	16.989	11.29	9.0498	
897	30.078	29.926	31.409	16.989	11.285	9.0476	
898	30.048	29.895	31.38	16.987	11.282	9.0195	
899	30.018	29.864	31.35	16.979	11.268	9.0175	
900	29.988	29.833	31.321	16.966	11.258	8.9949	
901	29.959	29.802	31.293	16.947	11.247	8.9733	
902	29.929	29.771	31.264	16.948	11.229	8.9685	
903	29.9	29.74	31.235	16.945	11.226	8.9618	
904	29.871	29.709	31.206	16.94	11.217	8.9595	
905	29.842	29.679	31.178	16.932	11.215	8.9576	
906	29.813	29.648	31.149	16.934	11.21	8.9517	
907	29.784	29.618	31.121	16.929	11.206	8.9528	
908	29.755	29.587	31.092	16.931	11.194	8.9288	
909	29.726	29.557	31.064	16.916	11.183	8.9209	
910	29.697	29.527	31.035	16.902	11.167	8.91	
911	29.669	29.497	31.007	16.906	11.155	8.9055	
912	29.64	29.467	30.979	16.894	11.128	8.8691	
913	29.612	29.437	30.951	16.881	11.137	8.8493	
914	29.584	29.407	30.923	16.883	11.127	8.8511	
915	29.556	29.377	30.895	16.876	11.114	8.8449	
916	29.528	29.348	30.867	16.869	11.119	8.8435	
917	29.5	29.318	30.839	16.869	11.116	8.8377	
918	29.472	29.289	30.812	16.872	11.111	8.8326	
919	29.444	29.259	30.784	16.868	11.102	8.8198	
920	29.417	29.23	30.756	16.862	11.094	8.8106	
921	29.389	29.201	30.729	16.852	11.081	8.8013	
922	29.362	29.171	30.701	16.848	11.073	8.8045	
923	29.334	29.142	30.674	16.851	11.066	8.7956	
924	29.307	29.113	30.646	16.835	11.037	8.7695	
925	29.28	29.084	30.619	16.832	11.054	8.7564	
926	29.253	29.055	30.592	16.815	11.035	8.7417	
927	29.226	29.027	30.565	16.816	11.041	8.7315	
928	29.199	28.998	30.537	16.814	11.034	8.7362	
929	29.172	28.969	30.51	16.797	10.994	8.7477	
930	29.145	28.941	30.483	16.793	10.972	8.7269	
931	29.118	28.912	30.456	16.805	11.016	8.7154	
932	29.092	28.884	30.43	16.812	10.951	8.6826	
933	29.065	28.855	30.403	16.782	11.008	8.6791	
934	29.039	28.827	30.376	16.775	10.976	8.695	
935	29.013	28.799	30.349	16.773	10.978	8.6554	
936	28.987	28.771	30.323	16.753	10.941	8.6501	
937	28.96	28.743	30.296	16.753	10.935	8.6851	
938	28.934	28.715	30.269	16.783	10.944	8.6069	
939	28.908	28.687	30.243	16.761	10.933	8.6336	
940	28.882	28.659	30.217	16.766	10.894	8.6504	
941	28.857	28.632	30.19	16.76	10.92	8.6114	
942	28.831	28.604	30.164	16.739	10.886	8.5574	
943	28.805	28.576	30.138	16.715	10.91	8.5951	
944	28.78	28.549	30.111	16.717	10.929	8.5787	
945	28.754	28.521	30.085	16.744	10.893	8.5827	
946	28.729	28.494	30.059	16.743	10.888	8.5713	
947	28.704	28.467	30.033	16.722	10.888	8.5569	
948	28.679	28.439	30.007	16.718	10.861	8.5456	
949	28.653	28.412	29.981	16.708	10.84	8.5238	
950	28.628	28.385	29.956	16.702	10.832	8.5213	
951	28.603	28.358	29.93	16.691	10.851	8.5259	
952	28.578	28.331	29.904	16.683	10.844	8.5209	
953	28.554	28.304	29.878	16.694	10.825	8.4986	
954	28.529	28.277	29.853	16.695	10.819	8.5124	
955	28.504	28.251	29.827	16.682	10.807	8.4784	
956	28.48	28.224	29.802	16.663	10.812	8.4848	
957	28.455	28.197	29.776	16.664	10.803	8.5324	
958	28.431	28.171	29.751	16.644	10.785	8.4534	
959	28.406	28.144	29.725	16.666	10.771	8.4791	
960	28.382	28.118	29.7	16.678	10.753	8.4078	
961	28.358	28.092	29.675	16.673	10.778	8.3952	
962	28.334	28.065	29.65	16.661	10.689	8.3687	
963	28.31	28.039	29.624	16.62	10.712	8.4149	
964	28.286	28.013	29.599	16.649	10.748	8.3485	
965	28.262	27.987	29.574	16.617	10.733	8.3817	
966	28.238	27.961	29.549	16.628	10.753	8.359	
967	28.214	27.935	29.524	16.623	10.733	8.3919	
968	28.191	27.909	29.499	16.627	10.745	8.3832	
969	28.167	27.883	29.475	16.611	10.709	8.3707	
970	28.143	27.857	29.45	16.625	10.692	8.3925	
971	28.12	27.832	29.425	16.613	10.68	8.3706	
972	28.097	27.806	29.4	16.61	10.702	8.3492	
973	28.073	27.781	29.376	16.61	10.685	8.3224	
974	28.05	27.755	29.351	16.594	10.661	8.3374	
975	28.027	27.73	29.326	16.588	10.668	8.2816	
976	28.004	27.704	29.302	16.58	10.653	8.2972	
977	27.981	27.679	29.278	16.575	10.641	8.2843	
978	27.958	27.654	29.253	16.572	10.632	8.2858	
979	27.935	27.628	29.229	16.57	10.638	8.2719	
980	27.912	27.603	29.205	16.575	10.628	8.2724	
981	27.889	27.578	29.18	16.572	10.626	8.2804	
982	27.866	27.553	29.156	16.566	10.621	8.2707	
983	27.844	27.528	29.132	16.562	10.623	8.2828	
984	27.821	27.503	29.108	16.548	10.613	8.2676	
985	27.799	27.478	29.084	16.546	10.617	8.2362	
986	27.776	27.454	29.06	16.573	10.595	8.2584	
987	27.754	27.429	29.036	16.537	10.591	8.2149	
988	27.732	27.404	29.012	16.532	10.56	8.1936	
989	27.709	27.38	28.988	16.524	10.566	8.1933	
990	27.687	27.355	28.964	16.52	10.547	8.1876	
991	27.665	27.331	28.94	16.519	10.55	8.1676	
992	27.643	27.306	28.917	16.52	10.545	8.1802	
993	27.621	27.282	28.893	16.509	10.544	8.1739	
994	27.599	27.257	28.869	16.517	10.548	8.1768	
995	27.577	27.233	28.846	16.503	10.54	8.1619	
996	27.556	27.209	28.822	16.496	10.533	8.1554	
997	27.534	27.185	28.799	16.504	10.529	8.1444	
998	27.512	27.161	28.775	16.493	10.516	8.1417	
999	27.491	27.137	28.752	16.483	10.502	8.1776	
1000	27.469	27.113	28.728	16.5	10.478	8.1157	
1001	27.448	27.089	28.705	16.464	10.53	8.0949	
1002	27.426	27.065	28.682	16.485	10.51	8.0982	
1003	27.405	27.041	28.658	16.476	10.477	8.0989	
1004	27.384	27.017	28.635	16.475	10.443	8.0759	
1005	27.362	26.993	28.612	16.439	10.542	8.1117	
1006	27.341	26.97	28.589	16.467	10.428	8.1096	
1007	27.32	26.946	28.566	16.465	10.492	8.0327	
1008	27.299	26.923	28.543	16.449	10.484	8.0563	
1009	27.278	26.899	28.52	16.429	10.432	8.0496	
1010	27.257	26.876	28.497	16.466	10.451	8.0414	
1011	27.236	26.852	28.474	16.433	10.444	8.0428	
1012	27.215	26.829	28.451	16.438	10.431	8.0143	
1013	27.195	26.806	28.428	16.434	10.414	8.0082	
1014	27.174	26.782	28.406	16.435	10.394	8.0042	
1015	27.153	26.759	28.383	16.437	10.4	7.9932	
1016	27.133	26.736	28.36	16.413	10.402	8.087	
1017	27.112	26.713	28.337	16.395	10.365	7.9546	
1018	27.092	26.69	28.315	16.391	10.366	7.9748	
1019	27.071	26.667	28.292	16.377	10.349	7.938	
1020	27.051	26.644	28.27	16.428	10.409	7.9076	
1021	27.031	26.621	28.247	16.344	10.406	7.9482	
1022	27.011	26.598	28.225	16.399	10.335	7.9468	
1023	26.99	26.575	28.202	16.418	10.322	7.9437	
1024	26.97	26.553	28.18	16.374	10.301	7.9785	
1025	26.95	26.53	28.158	16.416	10.31	7.9159	
1026	26.93	26.507	28.135	16.38	10.359	7.8728	
1027	26.91	26.485	28.113	16.414	10.241	7.8987	
1028	26.89	26.462	28.091	16.371	10.339	7.8451	
1029	26.87	26.44	28.069	16.355	10.283	7.8299	
1030	26.851	26.417	28.047	16.359	10.328	7.903	
1031	26.831	26.395	28.025	16.422	10.333	7.9249	
1032	26.811	26.373	28.003	16.316	10.327	7.8632	
1033	26.792	26.35	27.981	16.382	10.287	7.887	
1034	26.772	26.328	27.959	16.356	10.309	7.8533	
1035	26.752	26.306	27.937	16.379	10.251	7.9231	
1036	26.733	26.284	27.915	16.253	10.285	7.8388	
1037	26.714	26.262	27.893	16.397	10.175	7.8035	
1038	26.694	26.24	27.871	16.319	10.24	7.9786	
1039	26.675	26.218	27.849	16.361	10.29	7.9209	
1040	26.656	26.196	27.828	16.298	10.088	7.8087	
1041	26.636	26.174	27.806	16.335	10.216	7.8567	
1042	26.617	26.152	27.784	16.445	10.238	7.6434	
1043	26.598	26.13	27.763	16.412	10.176	7.6925	
1044	26.579	26.108	27.741	16.267	10.268	7.7417	
1045	26.56	26.086	27.72	16.308	10.204	7.7873	
1046	26.541	26.065	27.698	16.204	10.35	7.5825	
1047	26.522	26.043	27.677	16.266	10.039	7.7932	
1048	26.503	26.022	27.655	16.229	10.157	7.8069	
1049	26.485	26	27.634	16.299	10.171	7.7236	
1050	26.466	25.978	27.612	16.276	10.083	7.8107	
1051	26.447	25.957	27.591	16.278	10.17	7.7396	
1052	26.428	25.936	27.57	16.273	10.161	7.7044	
1053	26.41	25.914	27.549	16.277	10.167	7.7231	
1054	26.391	25.893	27.527	16.277	10.148	7.7089	
1055	26.373	25.872	27.506	16.277	10.167	7.6972	
1056	26.354	25.85	27.485	16.273	10.135	7.687	
1057	26.336	25.829	27.464	16.269	10.153	7.6997	
1058	26.317	25.808	27.443	16.262	10.142	7.6709	
1059	26.299	25.787	27.422	16.247	10.134	7.6933	
1060	26.281	25.766	27.401	16.254	10.134	7.6648	
1061	26.263	25.745	27.38	16.263	10.116	7.6747	
1062	26.244	25.724	27.359	16.239	10.115	7.6648	
1063	26.226	25.703	27.338	16.235	10.098	7.6667	
1064	26.208	25.682	27.317	16.233	10.093	7.6472	
1065	26.19	25.661	27.297	16.225	10.087	7.629	
1066	26.172	25.64	27.276	16.232	10.086	7.618	
1067	26.154	25.62	27.255	16.223	10.089	7.6219	
1068	26.136	25.599	27.234	16.218	10.078	7.6284	
1069	26.119	25.578	27.214	16.223	10.054	7.6005	
1070	26.101	25.558	27.193	16.22	10.079	7.5985	
1071	26.083	25.537	27.172	16.218	10.063	7.599	
1072	26.065	25.517	27.152	16.202	10.065	7.5925	
1073	26.048	25.496	27.131	16.215	10.029	7.5661	
1074	26.03	25.476	27.111	16.199	10.044	7.5808	
1075	26.012	25.455	27.09	16.193	10.033	7.5517	
1076	25.995	25.435	27.07	16.201	10.022	7.5548	
1077	25.977	25.414	27.049	16.189	10.024	7.5511	
1078	25.96	25.394	27.029	16.185	10.008	7.5417	
1079	25.943	25.374	27.009	16.186	10.022	7.5314	
1080	25.925	25.354	26.988	16.186	10.011	7.5387	
1081	25.908	25.333	26.968	16.179	10.01	7.5348	
1082	25.891	25.313	26.948	16.172	10.007	7.5257	
1083	25.873	25.293	26.928	16.18	9.9947	7.5117	
1084	25.856	25.273	26.908	16.172	9.995	7.5129	
1085	25.839	25.253	26.887	16.166	9.9914	7.5014	
1086	25.822	25.233	26.867	16.171	9.9923	7.5038	
1087	25.805	25.213	26.847	16.156	9.9873	7.4945	
1088	25.788	25.193	26.827	16.166	9.9817	7.4997	
1089	25.771	25.173	26.807	16.159	9.9779	7.4821	
1090	25.754	25.153	26.787	16.158	9.9803	7.4881	
1091	25.737	25.134	26.767	16.153	9.9785	7.4853	
1092	25.72	25.114	26.747	16.144	9.9565	7.4715	
1093	25.703	25.094	26.728	16.148	9.9506	7.4729	
1094	25.687	25.075	26.708	16.141	9.9601	7.4722	
1095	25.67	25.055	26.688	16.15	9.9318	7.4483	
1096	25.653	25.035	26.668	16.144	9.9407	7.4519	
1097	25.637	25.016	26.648	16.13	9.9283	7.4383	
1098	25.62	24.996	26.629	16.124	9.9234	7.4168	
1099	25.604	24.977	26.609	16.123	9.9232	7.4195	
1100	25.587	24.957	26.589	16.113	9.9178	7.4139	
1101	25.571	24.938	26.57	16.124	9.9056	7.3964	
1102	25.554	24.919	26.55	16.116	9.8945	7.3888	
1103	25.538	24.899	26.53	16.109	9.8791	7.3797	
1104	25.521	24.88	26.511	16.105	9.888	7.3786	
1105	25.505	24.861	26.491	16.097	9.8862	7.3711	
1106	25.489	24.841	26.472	16.101	9.8753	7.3644	
1107	25.473	24.822	26.453	16.09	9.8672	7.3615	
1108	25.456	24.803	26.433	16.098	9.873	7.3533	
1109	25.44	24.784	26.414	16.089	9.8628	7.35	
1110	25.424	24.765	26.394	16.087	9.8562	7.3493	
1111	25.408	24.746	26.375	16.086	9.8575	7.3426	
1112	25.392	24.727	26.356	16.085	9.8439	7.3361	
1113	25.376	24.708	26.337	16.085	9.8491	7.3346	
1114	25.36	24.689	26.317	16.08	9.8466	7.3305	
1115	25.344	24.67	26.298	16.077	9.8484	7.3291	
1116	25.328	24.651	26.279	16.078	9.8409	7.3321	
1117	25.312	24.632	26.26	16.079	9.8416	7.3209	
1118	25.297	24.613	26.241	16.072	9.8334	7.3214	
1119	25.281	24.595	26.222	16.06	9.8347	7.3015	
1120	25.265	24.576	26.203	16.068	9.8313	7.2924	
1121	25.249	24.557	26.184	16.067	9.8176	7.2878	
1122	25.234	24.539	26.165	16.06	9.8063	7.2978	
1123	25.218	24.52	26.146	16.048	9.8069	7.2903	
1124	25.202	24.501	26.127	16.063	9.8076	7.2673	
1125	25.187	24.483	26.108	16.054	9.7979	7.2623	
1126	25.171	24.464	26.089	16.058	9.8085	7.2676	
1127	25.156	24.446	26.07	16.033	9.7894	7.2435	
1128	25.14	24.427	26.051	16.033	9.7801	7.246	
1129	25.125	24.409	26.032	16.039	9.78	7.2589	
1130	25.11	24.391	26.014	16.029	9.784	7.2303	
1131	25.094	24.372	25.995	16.028	9.7661	7.2327	
1132	25.079	24.354	25.976	16.029	9.7641	7.2224	
1133	25.064	24.336	25.958	16.022	9.7746	7.22	
1134	25.049	24.318	25.939	16.013	9.7404	7.2208	
1135	25.033	24.299	25.92	16.016	9.7516	7.1929	
1136	25.018	24.281	25.902	16.019	9.733	7.2045	
1137	25.003	24.263	25.883	16.012	9.7186	7.2018	
1138	24.988	24.245	25.865	16.011	9.7314	7.1817	
1139	24.973	24.227	25.846	16.007	9.7294	7.188	
1140	24.958	24.209	25.828	16	9.711	7.1734	
1141	24.943	24.191	25.809	16.013	9.7229	7.1701	
1142	24.928	24.173	25.791	16.009	9.7157	7.1425	
1143	24.913	24.155	25.772	15.991	9.7047	7.1754	
1144	24.898	24.137	25.754	15.991	9.6948	7.1627	
1145	24.884	24.119	25.736	15.994	9.7082	7.1617	
1146	24.869	24.101	25.717	15.991	9.6734	7.1488	
1147	24.854	24.083	25.699	15.987	9.6773	7.1375	
1148	24.839	24.066	25.681	15.993	9.6824	7.1398	
1149	24.825	24.048	25.663	15.982	9.6859	7.1336	
1150	24.81	24.03	25.644	15.971	9.6696	7.1285	
1151	24.795	24.012	25.626	15.973	9.6557	7.1144	
1152	24.781	23.995	25.608	15.974	9.6664	7.1066	
1153	24.766	23.977	25.59	15.967	9.6521	7.0941	
1154	24.752	23.96	25.572	15.961	9.6519	7.0958	
1155	24.737	23.942	25.554	15.966	9.6506	7.0979	
1156	24.723	23.924	25.536	15.955	9.6498	7.0837	
1157	24.708	23.907	25.518	15.955	9.6421	7.0727	
1158	24.694	23.889	25.5	15.956	9.6421	7.0731	
1159	24.679	23.872	25.482	15.96	9.6267	7.0708	
1160	24.665	23.855	25.464	15.957	9.628	7.0722	
1161	24.651	23.837	25.446	15.947	9.6061	7.0769	
1162	24.636	23.82	25.428	15.943	9.6372	7.0503	
1163	24.622	23.803	25.41	15.932	9.6109	7.0423	
1164	24.608	23.785	25.392	15.933	9.5892	7.0355	
1165	24.594	23.768	25.375	15.926	9.6021	7.0251	
1166	24.58	23.751	25.357	15.934	9.5923	7.0232	
1167	24.566	23.734	25.339	15.935	9.6092	7.0307	
1168	24.551	23.716	25.321	15.925	9.5875	7.0159	
1169	24.537	23.699	25.304	15.919	9.579	7.0094	
1170	24.523	23.682	25.286	15.923	9.5874	6.9969	
1171	24.509	23.665	25.268	15.918	9.5745	6.9927	
1172	24.495	23.648	25.251	15.915	9.5753	6.9904	
1173	24.482	23.631	25.233	15.913	9.572	6.9898	
1174	24.468	23.614	25.216	15.912	9.5717	6.9855	
1175	24.454	23.597	25.198	15.911	9.5671	6.9893	
1176	24.44	23.58	25.181	15.909	9.5553	6.9753	
1177	24.426	23.563	25.163	15.913	9.5548	6.9734	
1178	24.412	23.546	25.146	15.902	9.5491	6.9642	
1179	24.399	23.53	25.128	15.902	9.5544	6.9693	
1180	24.385	23.513	25.111	15.901	9.5467	6.9584	
1181	24.371	23.496	25.093	15.901	9.5467	6.9598	
1182	24.358	23.479	25.076	15.894	9.5385	6.9547	
1183	24.344	23.463	25.059	15.897	9.537	6.95	
1184	24.33	23.446	25.041	15.892	9.532	6.9421	
1185	24.317	23.429	25.024	15.883	9.531	6.946	
1186	24.303	23.413	25.007	15.885	9.5219	6.9289	
1187	24.29	23.396	24.989	15.884	9.5224	6.9354	
1188	24.276	23.379	24.972	15.877	9.523	6.9241	
1189	24.263	23.363	24.955	15.882	9.5084	6.9071	
1190	24.25	23.346	24.938	15.876	9.5137	6.9197	
1191	24.236	23.33	24.921	15.87	9.5099	6.9094	
1192	24.223	23.313	24.904	15.871	9.4961	6.8957	
1193	24.209	23.297	24.886	15.868	9.4961	6.8932	
1194	24.196	23.281	24.869	15.862	9.5027	6.9035	
1195	24.183	23.264	24.852	15.874	9.474	6.8908	
1196	24.17	23.248	24.835	15.86	9.4905	6.8699	
1197	24.156	23.231	24.818	15.862	9.4762	6.8911	
1198	24.143	23.215	24.801	15.852	9.4631	6.8864	
1199	24.13	23.199	24.784	15.851	9.477	6.8633	
1200	24.117	23.183	24.767	15.858	9.4625	6.8505	
1201	24.104	23.166	24.751	15.861	9.4796	6.8706	
1202	24.091	23.15	24.734	15.841	9.4636	6.8566	
1203	24.078	23.134	24.717	15.848	9.4582	6.8337	
1204	24.065	23.118	24.7	15.851	9.4464	6.8183	
1205	24.052	23.102	24.683	15.832	9.4472	6.8323	
1206	24.039	23.086	24.666	15.836	9.466	6.8321	
1207	24.026	23.07	24.65	15.846	9.4633	6.8204	
1208	24.013	23.054	24.633	15.832	9.4402	6.8124	
1209	24	23.038	24.616	15.836	9.4279	6.8174	
1210	23.987	23.022	24.599	15.829	9.4198	6.7981	
1211	23.975	23.006	24.583	15.824	9.4014	6.7811	
1212	23.962	22.99	24.566	15.822	9.4159	6.7865	
1213	23.949	22.974	24.549	15.831	9.4125	6.7945	
1214	23.936	22.958	24.533	15.818	9.422	6.771	
1215	23.923	22.942	24.516	15.827	9.4065	6.7776	
1216	23.911	22.926	24.5	15.816	9.3902	6.7962	
1217	23.898	22.911	24.483	15.82	9.3945	6.7799	
1218	23.886	22.895	24.467	15.792	9.3676	6.7812	
1219	23.873	22.879	24.45	15.814	9.3787	6.7488	
1220	23.86	22.863	24.434	15.812	9.3724	6.7566	
1221	23.848	22.848	24.417	15.792	9.3678	6.7577	
1222	23.835	22.832	24.401	15.806	9.4041	6.7482	
1223	23.823	22.816	24.384	15.808	9.3612	6.7497	
1224	23.81	22.801	24.368	15.802	9.3661	6.7322	
1225	23.798	22.785	24.352	15.793	9.3623	6.7376	
1226	23.785	22.77	24.335	15.803	9.3763	6.7294	
1227	23.773	22.754	24.319	15.81	9.3589	6.7325	
1228	23.761	22.739	24.303	15.774	9.3448	6.7237	
1229	23.748	22.723	24.286	15.767	9.3236	6.7278	
1230	23.736	22.708	24.27	15.774	9.3573	6.7086	
1231	23.724	22.692	24.254	15.796	9.3605	6.676	
1232	23.712	22.677	24.238	15.789	9.3331	6.7336	
1233	23.699	22.662	24.222	15.803	9.3612	6.6865	
1234	23.687	22.646	24.205	15.779	9.3636	6.7088	
1235	23.675	22.631	24.189	15.762	9.3504	6.6856	
1236	23.663	22.616	24.173	15.776	9.3508	6.7156	
1237	23.651	22.6	24.157	15.771	9.3581	6.6932	
1238	23.638	22.585	24.141	15.803	9.3178	6.7029	
1239	23.626	22.57	24.125	15.735	9.3726	6.7182	
1240	23.614	22.555	24.109	15.732	9.2717	6.6779	
1241	23.602	22.539	24.093	15.745	9.341	6.6356	
1242	23.59	22.524	24.077	15.735	9.3044	6.6996	
1243	23.578	22.509	24.061	15.764	9.3127	6.761	
1244	23.566	22.494	24.045	15.782	9.3076	6.6586	
1245	23.554	22.479	24.029	15.721	9.362	6.5928	
1246	23.543	22.464	24.013	15.748	9.298	6.6041	
1247	23.531	22.449	23.997	15.731	9.2333	6.6094	
1248	23.519	22.434	23.982	15.743	9.2731	6.5843	
1249	23.507	22.419	23.966	15.775	9.2931	6.6536	
1250	23.495	22.404	23.95	15.753	9.3398	6.5861	
1251	23.483	22.389	23.934	15.739	9.2561	6.6486	
1252	23.472	22.374	23.918	15.709	9.2021	6.5795	
1253	23.46	22.359	23.903	15.708	9.3079	6.5872	
1254	23.448	22.344	23.887	15.716	9.2289	6.5936	
1255	23.436	22.329	23.871	15.74	9.2415	6.623	
1256	23.425	22.315	23.855	15.719	9.2629	6.5966	
1257	23.413	22.3	23.84	15.717	9.2216	6.5567	
1258	23.401	22.285	23.824	15.725	9.2458	6.548	
1259	23.39	22.27	23.809	15.694	9.2312	6.5771	
1260	23.378	22.256	23.793	15.709	9.2387	6.553	
1261	23.367	22.241	23.777	15.706	9.2178	6.5473	
1262	23.355	22.226	23.762	15.689	9.2162	6.5425	
1263	23.344	22.211	23.746	15.706	9.2186	6.5313	
1264	23.332	22.197	23.731	15.682	9.2026	6.5444	
1265	23.321	22.182	23.715	15.708	9.2245	6.5324	
1266	23.309	22.168	23.7	15.696	9.2306	6.5176	
1267	23.298	22.153	23.684	15.709	9.2023	6.5414	
1268	23.287	22.139	23.669	15.714	9.2095	6.5453	
1269	23.275	22.124	23.653	15.701	9.2186	6.5538	
1270	23.264	22.11	23.638	15.696	9.198	6.5367	
1271	23.253	22.095	23.623	15.683	9.2039	6.5136	
1272	23.241	22.081	23.607	15.688	9.2189	6.5472	
1273	23.23	22.066	23.592	15.705	9.2243	6.5247	
1274	23.219	22.052	23.577	15.701	9.2005	6.5306	
1275	23.207	22.037	23.561	15.686	9.1823	6.4939	
1276	23.196	22.023	23.546	15.699	9.2087	6.5205	
1277	23.185	22.009	23.531	15.663	9.1993	6.5191	
1278	23.174	21.994	23.515	15.665	9.1892	6.5112	
1279	23.163	21.98	23.5	15.681	9.1589	6.4593	
1280	23.152	21.966	23.485	15.675	9.156	6.4798	
1281	23.141	21.952	23.47	15.682	9.1567	6.4748	
1282	23.129	21.937	23.455	15.676	9.169	6.4949	
1283	23.118	21.923	23.44	15.656	9.1537	6.4527	
1284	23.107	21.909	23.424	15.632	9.1916	6.4591	
1285	23.096	21.895	23.409	15.644	9.1608	6.4782	
1286	23.085	21.881	23.394	15.669	9.1557	6.4463	
1287	23.074	21.867	23.379	15.652	9.1412	6.4697	
1288	23.063	21.852	23.364	15.663	9.1606	6.4591	
1289	23.053	21.838	23.349	15.652	9.1422	6.4344	
1290	23.042	21.824	23.334	15.657	9.1551	6.4376	
1291	23.031	21.81	23.319	15.64	9.1345	6.4164	
1292	23.02	21.796	23.304	15.656	9.1345	6.4736	
1293	23.009	21.782	23.289	15.647	9.1239	6.4379	
1294	22.998	21.768	23.274	15.668	9.1578	6.4281	
1295	22.987	21.754	23.259	15.646	9.1369	6.3954	
1296	22.977	21.74	23.245	15.653	9.1292	6.3926	
1297	22.966	21.727	23.23	15.651	9.0942	6.4387	
1298	22.955	21.713	23.215	15.631	9.1357	6.4042	
1299	22.944	21.699	23.2	15.641	9.0837	6.373	
1300	22.934	21.685	23.185	15.624	9.1037	6.3995	
1301	22.923	21.671	23.17	15.641	9.126	6.3705	
1302	22.912	21.657	23.156	15.611	9.0799	6.4187	
1303	22.902	21.644	23.141	15.637	9.1245	6.3851	
1304	22.891	21.63	23.126	15.648	9.1135	6.3952	
1305	22.881	21.616	23.111	15.652	9.0861	6.3467	
1306	22.87	21.602	23.097	15.629	9.1235	6.3831	
1307	22.86	21.589	23.082	15.62	9.108	6.3954	
1308	22.849	21.575	23.067	15.613	9.0891	6.388	
1309	22.839	21.561	23.053	15.62	9.0991	6.3783	
1310	22.828	21.548	23.038	15.612	9.0767	6.3653	
1311	22.818	21.534	23.023	15.62	9.0461	6.3913	
1312	22.807	21.52	23.009	15.608	9.0606	6.3221	
1313	22.797	21.507	22.994	15.613	9.0866	6.3847	
1314	22.786	21.493	22.98	15.607	9.0596	6.3495	
1315	22.776	21.48	22.965	15.602	9.0327	6.3262	
1316	22.766	21.466	22.951	15.629	8.9941	6.3194	
1317	22.755	21.453	22.936	15.605	9.0557	6.3822	
1318	22.745	21.439	22.922	15.589	9.0545	6.3601	
1319	22.735	21.426	22.907	15.631	9.0479	6.354	
1320	22.724	21.412	22.893	15.574	9.0367	6.3584	
1321	22.714	21.399	22.878	15.612	9.0226	6.3347	
1322	22.704	21.386	22.864	15.601	8.9983	6.2378	
1323	22.694	21.372	22.85	15.554	9.0135	6.278	
1324	22.683	21.359	22.835	15.608	9.0519	6.2872	
1325	22.673	21.346	22.821	15.621	8.9865	6.3038	
1326	22.663	21.332	22.807	15.629	8.988	6.2721	
1327	22.653	21.319	22.792	15.6	9.0561	6.2622	
1328	22.643	21.306	22.778	15.561	8.9618	6.3632	
1329	22.633	21.293	22.764	15.563	8.9748	6.2771	
1330	22.623	21.279	22.749	15.621	9.0407	6.2531	
1331	22.612	21.266	22.735	15.566	9.0607	6.3246	
1332	22.602	21.253	22.721	15.561	8.9719	6.418	
1333	22.592	21.24	22.707	15.578	9.0236	6.2824	
1334	22.582	21.227	22.692	15.6	8.9906	6.2743	
1335	22.572	21.213	22.678	15.55	9.0051	6.153	
1336	22.562	21.2	22.664	15.537	9.0374	6.3185	
1337	22.552	21.187	22.65	15.618	8.9803	6.1591	
1338	22.542	21.174	22.636	15.535	9.048	6.2468	
1339	22.533	21.161	22.622	15.561	9.032	6.2708	
1340	22.523	21.148	22.608	15.593	9.0077	6.1586	
1341	22.513	21.135	22.594	15.666	8.8259	6.2786	
1342	22.503	21.122	22.58	15.575	8.9248	6.4947	
1343	22.493	21.109	22.566	15.64	9.0003	6.4568	
1344	22.483	21.096	22.552	15.52	9.0383	6.2736	
1345	22.473	21.083	22.538	15.567	9.1261	6.2256	
1346	22.464	21.07	22.524	15.405	8.8527	6.0078	
1347	22.454	21.057	22.51	15.559	9.1196	5.8337	
1348	22.444	21.045	22.496	15.504	9.1334	6.1728	
1349	22.434	21.032	22.482	15.419	9.278	6.2167	
1350	22.425	21.019	22.468	15.265	9.0644	6.2217	
1351	22.415	21.006	22.454	15.503	8.9301	5.9253	
1352	22.405	20.993	22.44	15.455	8.8241	6.3825	
1353	22.396	20.98	22.426	15.547	8.3823	6.2501	
1354	22.386	20.968	22.412	15.469	9.3073	6.3855	
1355	22.376	20.955	22.398	15.712	8.773	5.6078	
1356	22.367	20.942	22.385	15.648	9.1567	6.0752	
1357	22.357	20.929	22.371	15.444	9.0441	6.2724	
1358	22.348	20.917	22.357	16.248	9.371	6.3795	
1359	22.338	20.904	22.343	16.262	8.6908	6.918	
1426	21.736	20.095	21.458	15.655	9.2987	6.337	
1427	21.728	20.083	21.445	15.544	8.6458	6.0444	
1428	21.719	20.072	21.433	15.394	8.841	5.6434	
1429	21.711	20.06	21.42	15.638	8.6618	5.8162	
1430	21.702	20.049	21.407	15.645	8.8034	5.8313	
1431	21.694	20.037	21.395	15.324	8.9254	6.1083	
1432	21.686	20.026	21.382	15.558	8.5618	5.8907	
1433	21.677	20.014	21.37	15.35	8.5981	5.8503	
1434	21.669	20.003	21.357	15.504	8.9164	6.1849	
1435	21.661	19.992	21.344	15.523	8.856	5.7635	
1436	21.652	19.98	21.332	15.531	8.646	5.9371	
1437	21.644	19.969	21.319	15.437	8.9074	5.8618	
1438	21.636	19.958	21.307	15.329	8.6594	5.9473	
1439	21.627	19.946	21.294	15.448	8.7878	5.9026	
1440	21.619	19.935	21.282	15.332	8.7869	5.8234	
1441	21.611	19.924	21.269	15.418	8.6815	6.0523	
1442	21.603	19.912	21.257	15.471	8.6178	5.804	
1443	21.594	19.901	21.244	15.352	8.745	5.9607	
1444	21.586	19.89	21.232	15.461	8.7728	5.754	
1445	21.578	19.879	21.22	15.33	8.7337	5.8418	
1446	21.57	19.867	21.207	15.463	8.6349	5.8148	
1447	21.562	19.856	21.195	15.435	8.7027	5.7187	
1448	21.554	19.845	21.182	15.418	8.6759	5.8657	
1449	21.545	19.834	21.17	15.369	8.7286	5.8616	
1450	21.537	19.823	21.158	15.389	8.7223	5.7667	
1451	21.529	19.811	21.145	15.439	8.6835	5.8613	
1452	21.521	19.8	21.133	15.461	8.7416	5.9121	
1453	21.513	19.789	21.121	15.432	8.7434	5.9344	
1454	21.505	19.778	21.108	15.347	8.6775	5.7013	
1455	21.497	19.767	21.096	15.416	8.7501	5.778	
1456	21.489	19.756	21.084	15.442	8.7139	5.8162	
1457	21.481	19.745	21.072	15.384	8.5911	5.8161	
1458	21.473	19.734	21.059	15.382	8.7003	5.8269	
1459	21.465	19.723	21.047	15.364	8.5653	5.7475	
1460	21.457	19.712	21.035	15.406	8.6329	5.8577	
1461	21.449	19.701	21.023	15.425	8.6263	5.8131	
1462	21.441	19.69	21.011	15.392	8.6402	5.8205	
1463	21.433	19.679	20.998	15.378	8.6426	5.7707	
1464	21.425	19.668	20.986	15.356	8.6674	5.7556	
1465	21.417	19.657	20.974	15.367	8.7009	5.7782	
1466	21.409	19.646	20.962	15.362	8.5979	5.8152	
1467	21.401	19.635	20.95	15.382	8.6242	5.8072	
1468	21.394	19.624	20.938	15.351	8.6378	5.7845	
1469	21.386	19.613	20.926	15.375	8.6157	5.7777	
1470	21.378	19.603	20.914	15.368	8.6027	5.7829	
1471	21.37	19.592	20.902	15.371	8.6274	5.7814	
1472	21.362	19.581	20.89	15.372	8.6286	5.7604	
1473	21.354	19.57	20.877	15.361	8.64	5.7729	
1474	21.347	19.559	20.865	15.364	8.6233	5.7729	
1475	21.339	19.548	20.853	15.367	8.6216	5.7631	
1476	21.331	19.538	20.841	15.361	8.6167	5.7547	
1477	21.323	19.527	20.829	15.367	8.6407	5.7684	
1478	21.316	19.516	20.818	15.372	8.6251	5.7501	
1479	21.308	19.506	20.806	15.364	8.6199	5.7574	
1480	21.3	19.495	20.794	15.365	8.6238	5.7479	
1481	21.292	19.484	20.782	15.366	8.6113	5.7261	
1482	21.285	19.473	20.77	15.361	8.6283	5.7517	
1483	21.277	19.463	20.758	15.362	8.62	5.7472	
1484	21.269	19.452	20.746	15.378	8.6195	5.7384	
1485	21.262	19.441	20.734	15.355	8.6304	5.737	
1486	21.254	19.431	20.722	15.356	8.5946	5.6973	
1487	21.247	19.42	20.71	15.348	8.6228	5.7008	
1488	21.239	19.41	20.699	15.36	8.6145	5.7232	
1489	21.231	19.399	20.687	15.361	8.6151	5.7038	
1490	21.224	19.388	20.675	15.362	8.5895	5.747	
1491	21.216	19.378	20.663	15.345	8.6053	5.698	
1492	21.209	19.367	20.651	15.351	8.5961	5.7165	
1493	21.201	19.357	20.64	15.341	8.5614	5.7088	
1494	21.194	19.346	20.628	15.341	8.5719	5.697	
1495	21.186	19.336	20.616	15.332	8.5697	5.6877	
1496	21.179	19.325	20.604	15.36	8.6007	5.7053	
1497	21.171	19.315	20.593	15.331	8.5842	5.694	
1498	21.164	19.304	20.581	15.364	8.5808	5.6957	
1499	21.156	19.294	20.569	15.346	8.5729	5.7135	
1500	21.149	19.283	20.558	15.338	8.5688	5.6944	
1501	21.141	19.273	20.546	15.324	8.5615	5.6481	
1502	21.134	19.263	20.534	15.341	8.5663	5.6767	
1503	21.126	19.252	20.523	15.337	8.5858	5.6658	
1504	21.119	19.242	20.511	15.331	8.5525	5.6375	
1505	21.112	19.231	20.5	15.336	8.5556	5.6753	
1506	21.104	19.221	20.488	15.327	8.5511	5.6423	
1507	21.097	19.211	20.476	15.311	8.5398	5.6658	
1508	21.09	19.2	20.465	15.308	8.5416	5.6703	
1509	21.082	19.19	20.453	15.345	8.5427	5.6533	
1510	21.075	19.18	20.442	15.333	8.5601	5.6374	
1511	21.068	19.169	20.43	15.339	8.555	5.6471	
1512	21.06	19.159	20.419	15.33	8.5822	5.6517	
1513	21.053	19.149	20.407	15.364	8.5032	5.6648	
1514	21.046	19.139	20.396	15.322	8.5396	5.6835	
1515	21.038	19.128	20.384	15.295	8.5603	5.6483	
1516	21.031	19.118	20.373	15.318	8.5056	5.6522	
1517	21.024	19.108	20.361	15.315	8.5658	5.6102	
1518	21.017	19.098	20.35	15.295	8.5482	5.6359	
1519	21.009	19.088	20.338	15.297	8.5464	5.6432	
1520	21.002	19.078	20.327	15.291	8.534	5.6375	
1521	20.995	19.067	20.316	15.314	8.4871	5.5673	
1522	20.988	19.057	20.304	15.294	8.5187	5.5965	
1523	20.981	19.047	20.293	15.298	8.5355	5.6022	
1524	20.974	19.037	20.282	15.33	8.5488	5.6586	
1525	20.966	19.027	20.27	15.314	8.5414	5.6269	
1526	20.959	19.017	20.259	15.292	8.5151	5.6013	
1527	20.952	19.007	20.248	15.3	8.528	5.6024	
1528	20.945	18.997	20.236	15.288	8.5465	5.6141	
1529	20.938	18.987	20.225	15.293	8.4942	5.5902	
1530	20.931	18.977	20.214	15.303	8.5058	5.6026	
1531	20.924	18.967	20.202	15.28	8.4914	5.604	
1532	20.917	18.957	20.191	15.308	8.4916	5.603	
1533	20.91	18.947	20.18	15.284	8.4702	5.5967	
1534	20.903	18.937	20.169	15.305	8.4793	5.6376	
1535	20.895	18.927	20.157	15.298	8.4926	5.5712	
1536	20.888	18.917	20.146	15.276	8.4891	5.5791	
1537	20.881	18.907	20.135	15.283	8.4941	5.5846	
1538	20.874	18.897	20.124	15.277	8.5252	5.5789	
1539	20.867	18.887	20.113	15.294	8.4816	5.577	
1540	20.861	18.877	20.101	15.287	8.4628	5.578	
1541	20.854	18.867	20.09	15.275	8.4525	5.5494	
1542	20.847	18.857	20.079	15.281	8.4651	5.5754	
1543	20.84	18.847	20.068	15.279	8.4722	5.544	
1544	20.833	18.837	20.057	15.282	8.4897	5.5788	
1545	20.826	18.828	20.046	15.263	8.493	5.5536	
1546	20.819	18.818	20.035	15.278	8.4662	5.5539	
1547	20.812	18.808	20.024	15.274	8.4734	5.5453	
1548	20.805	18.798	20.013	15.277	8.4642	5.5399	
1549	20.798	18.788	20.001	15.277	8.4838	5.5347	
1550	20.791	18.779	19.99	15.282	8.4621	5.5433	
1551	20.784	18.769	19.979	15.26	8.4848	5.5405	
1552	20.778	18.759	19.968	15.272	8.4641	5.5476	
1553	20.771	18.749	19.957	15.253	8.4528	5.5522	
1554	20.764	18.74	19.946	15.262	8.4672	5.5335	
1555	20.757	18.73	19.935	15.281	8.442	5.52	
1556	20.75	18.72	19.924	15.259	8.4567	5.5561	
1557	20.744	18.71	19.913	15.253	8.4481	5.5181	
1558	20.737	18.701	19.903	15.256	8.4504	5.5207	
1559	20.73	18.691	19.892	15.276	8.4324	5.4932	
1560	20.723	18.681	19.881	15.271	8.4614	5.517	
1561	20.717	18.672	19.87	15.28	8.463	5.5073	
1562	20.71	18.662	19.859	15.286	8.4263	5.5184	
1563	20.703	18.652	19.848	15.246	8.4494	5.5213	
1564	20.696	18.643	19.837	15.253	8.4738	5.4959	
1565	20.69	18.633	19.826	15.26	8.475	5.4892	
1566	20.683	18.624	19.815	15.25	8.4211	5.471	
1567	20.676	18.614	19.805	15.272	8.4036	5.5013	
1568	20.67	18.605	19.794	15.254	8.4459	5.5132	
1569	20.663	18.595	19.783	15.273	8.4673	5.5183	
1570	20.656	18.585	19.772	15.258	8.4541	5.5109	
1571	20.65	18.576	19.761	15.251	8.43	5.5032	
1572	20.643	18.566	19.751	15.247	8.4216	5.516	
1573	20.637	18.557	19.74	15.253	8.4038	5.4898	
1574	20.63	18.547	19.729	15.271	8.4254	5.4739	
1575	20.623	18.538	19.718	15.231	8.4078	5.4942	
1576	20.617	18.528	19.708	15.249	8.3978	5.4296	
1577	20.61	18.519	19.697	15.217	8.3749	5.4756	
1578	20.604	18.51	19.686	15.237	8.4288	5.4607	
1579	20.597	18.5	19.675	15.228	8.4205	5.4795	
1580	20.591	18.491	19.665	15.239	8.3869	5.4487	
1581	20.584	18.481	19.654	15.234	8.4189	5.4105	
1582	20.577	18.472	19.643	15.257	8.4008	5.48	
1583	20.571	18.463	19.633	15.226	8.4345	5.4544	
1584	20.564	18.453	19.622	15.259	8.3606	5.4227	
1585	20.558	18.444	19.611	15.244	8.4289	5.4566	
1586	20.551	18.434	19.601	15.233	8.3734	5.502	
1587	20.545	18.425	19.59	15.238	8.4237	5.4611	
1588	20.539	18.416	19.58	15.245	8.3774	5.3926	
1589	20.532	18.406	19.569	15.215	8.3875	5.4566	
1590	20.526	18.397	19.558	15.228	8.3519	5.4219	
1591	20.519	18.388	19.548	15.219	8.3652	5.442	
1592	20.513	18.379	19.537	15.22	8.4063	5.4059	
1593	20.506	18.369	19.527	15.242	8.3902	5.4055	
1594	20.5	18.36	19.516	15.227	8.3533	5.4718	
1595	20.494	18.351	19.506	15.251	8.3693	5.388	
1596	20.487	18.342	19.495	15.218	8.396	5.4089	
1597	20.481	18.332	19.485	15.224	8.3787	5.4234	
1598	20.475	18.323	19.474	15.233	8.3674	5.3693	
1599	20.468	18.314	19.464	15.229	8.3583	5.4027	
1600	20.462	18.305	19.453	15.215	8.372	5.3582	
1601	20.456	18.296	19.443	15.245	8.3609	5.4297	
1602	20.449	18.286	19.432	15.238	8.3485	5.3855	
1603	20.443	18.277	19.422	15.243	8.3307	5.3756	
1604	20.437	18.268	19.411	15.231	8.3665	5.3766	
1605	20.43	18.259	19.401	15.219	8.355	5.4195	
1606	20.424	18.25	19.391	15.218	8.3515	5.381	
1607	20.418	18.241	19.38	15.236	8.3546	5.3807	
1608	20.412	18.232	19.37	15.198	8.3743	5.3834	
1609	20.405	18.223	19.36	15.209	8.3542	5.3865	
1610	20.399	18.214	19.349	15.217	8.3669	5.3679	
1611	20.393	18.204	19.339	15.223	8.3448	5.3933	
1612	20.387	18.195	19.329	15.243	8.3307	5.3638	
1613	20.38	18.186	19.318	15.178	8.3644	5.3728	
1614	20.374	18.177	19.308	15.202	8.361	5.4227	
1615	20.368	18.168	19.298	15.227	8.3397	5.3958	
1616	20.362	18.159	19.287	15.22	8.3127	5.3666	
1617	20.356	18.15	19.277	15.246	8.3553	5.3936	
1618	20.35	18.141	19.267	15.226	8.3236	5.3726	
1619	20.343	18.132	19.257	15.199	8.3466	5.3731	
1620	20.337	18.123	19.246	15.181	8.3603	5.3781	
1621	20.331	18.115	19.236	15.208	8.3253	5.3494	
1622	20.325	18.106	19.226	15.178	8.3112	5.3902	
1623	20.319	18.097	19.216	15.171	8.3181	5.3343	
1624	20.313	18.088	19.205	15.213	8.3478	5.3601	
1625	20.307	18.079	19.195	15.221	8.3268	5.3138	
1626	20.301	18.07	19.185	15.189	8.3195	5.3457	
1627	20.294	18.061	19.175	15.194	8.2845	5.3273	
1628	20.288	18.052	19.165	15.187	8.3499	5.3401	
1629	20.282	18.043	19.155	15.19	8.342	5.3735	
1630	20.276	18.034	19.144	15.179	8.3391	5.3371	
1631	20.27	18.026	19.134	15.173	8.3154	5.3855	
1632	20.264	18.017	19.124	15.186	8.35	5.3166	
1633	20.258	18.008	19.114	15.203	8.3497	5.3381	
1634	20.252	17.999	19.104	15.171	8.297	5.3258	
1635	20.246	17.99	19.094	15.194	8.3312	5.3287	
1636	20.24	17.982	19.084	15.188	8.3212	5.3036	
1637	20.234	17.973	19.074	15.199	8.3059	5.3668	
1638	20.228	17.964	19.064	15.222	8.2801	5.3259	
1639	20.222	17.955	19.054	15.182	8.3194	5.2974	
1640	20.216	17.946	19.044	15.173	8.2818	5.3281	
1641	20.21	17.938	19.034	15.175	8.354	5.2891	
1642	20.205	17.929	19.024	15.205	8.2703	5.335	
1643	20.199	17.92	19.014	15.19	8.3112	5.2849	
1644	20.193	17.912	19.004	15.187	8.2906	5.3078	
1645	20.187	17.903	18.994	15.188	8.2927	5.329	
1646	20.181	17.894	18.984	15.208	8.31	5.2496	
1647	20.175	17.886	18.974	15.15	8.3281	5.3322	
1648	20.169	17.877	18.964	15.196	8.214	5.2562	
1649	20.163	17.868	18.954	15.203	8.3041	5.32	
1650	20.157	17.86	18.944	15.183	8.3097	5.3172	
1651	20.151	17.851	18.934	15.183	8.2823	5.2789	
1652	20.146	17.842	18.924	15.167	8.2903	5.2806	
1653	20.14	17.834	18.914	15.222	8.273	5.3132	
1654	20.134	17.825	18.904	15.187	8.2721	5.3	
1655	20.128	17.817	18.894	15.181	8.3124	5.2674	
1656	20.122	17.808	18.884	15.178	8.2858	5.2886	
1657	20.117	17.799	18.875	15.182	8.2736	5.2715	
1658	20.111	17.791	18.865	15.168	8.2909	5.2684	
1659	20.105	17.782	18.855	15.198	8.2389	5.2994	
1660	20.099	17.774	18.845	15.134	8.2013	5.3163	
1661	20.093	17.765	18.835	15.18	8.22	5.277	
1662	20.088	17.757	18.825	15.141	8.2754	5.2561	
1663	20.082	17.748	18.816	15.16	8.3068	5.3083	
1664	20.076	17.74	18.806	15.139	8.2076	5.1903	
1665	20.07	17.731	18.796	15.134	8.2768	5.2901	
1666	20.065	17.723	18.786	15.203	8.2376	5.2267	
1667	20.059	17.714	18.777	15.116	8.178	5.2636	
1668	20.053	17.706	18.767	15.094	8.2587	5.2816	
1669	20.048	17.697	18.757	15.177	8.2221	5.1642	
1670	20.042	17.689	18.747	15.177	8.3188	5.28	
1671	20.036	17.68	18.738	15.144	8.2985	5.1962	
1672	20.031	17.672	18.728	15.205	8.2434	5.1552	
1673	20.025	17.664	18.718	15.194	8.2671	5.2595	
1674	20.019	17.655	18.709	15.196	8.273	5.2443	
1675	20.014	17.647	18.699	15.123	8.1082	5.2754	
1676	20.008	17.638	18.689	15.177	8.2951	5.2414	
1677	20.002	17.63	18.68	15.141	8.2686	5.3115	
1678	19.997	17.622	18.67	15.131	8.1656	5.2901	
1679	19.991	17.613	18.66	15.153	8.2106	5.2576	
1680	19.986	17.605	18.651	15.136	8.2649	5.3272	
1681	19.98	17.597	18.641	15.15	8.3289	5.2473	
1682	19.974	17.588	18.631	15.105	8.2398	5.2015	
1683	19.969	17.58	18.622	15.132	8.2922	5.1972	
1684	19.963	17.572	18.612	15.112	8.2552	5.3479	
1685	19.958	17.564	18.603	15.14	8.0623	5.0309	
1686	19.952	17.555	18.593	15.254	8.287	5.2897	
1687	19.947	17.547	18.583	15.066	8.3556	5.4453	
1688	19.941	17.539	18.574	15.075	8.27	5.2045	
1689	19.936	17.531	18.564	15.151	8.2085	5.0922	
1690	19.93	17.522	18.555	15.044	8.425	5.2279	
1691	19.924	17.514	18.545	15.226	8.1621	5.1941	
1692	19.919	17.506	18.536	15.228	8.4692	5.2754	
1693	19.913	17.498	18.526	14.99	8.3545	5.5722	
1694	19.908	17.489	18.517	14.9	8.082	5.2263	
1695	19.903	17.481	18.507	15.192	8.4939	5.4261	
1696	19.897	17.473	18.498	15.082	8.2301	5.4347	
1697	19.892	17.465	18.488	15.142	8.3357	5.437	
1698	19.886	17.457	18.479	14.719	8.2576	4.9981	
1699	19.881	17.449	18.47	14.916	8.6842	5.3629	
1700	19.875	17.44	18.46	14.932	8.1696	5.1826	
