	65	70	75	65	70	75	
300	35.489	34.013	32.998	37.511	37.209	37.514	
301	35.2	33.633	32.502	37.295	36.907	37.453	
302	34.923	33.265	32.013	37.087	36.772	37.279	
303	34.657	32.906	31.527	37.019	36.553	37.024	
304	34.402	32.555	31.044	36.99	36.489	37.052	
305	34.158	32.215	30.566	36.884	36.423	36.867	
306	33.923	31.883	30.089	36.614	36.185	36.77	
307	33.697	31.558	29.616	36.511	36.277	36.641	
308	33.48	31.243	29.145	36.334	36.128	36.541	
309	33.271	30.934	28.677	36.365	35.959	36.377	
310	33.069	30.632	28.21	36.171	35.873	36.379	
311	32.876	30.337	27.746	36.159	35.715	36.319	
312	32.689	30.05	27.284	36.209	35.719	36.207	
313	32.509	29.768	26.825	35.89	35.526	36.139	
314	32.336	29.494	26.368	35.955	35.547	35.953	
315	32.169	29.226	25.915	35.892	35.364	35.909	
316	32.008	28.965	25.465	35.798	35.418	35.815	
317	31.853	28.71	25.018	35.661	35.298	35.754	
318	31.703	28.461	24.577	35.561	35.153	35.59	
319	31.559	28.22	24.141	35.518	35.053	35.611	
320	31.421	27.986	23.71	35.535	35.035	35.459	
321	31.287	27.758	23.287	35.427	34.977	35.375	
322	31.159	27.537	22.871	35.393	34.901	35.332	
323	31.036	27.324	22.464	35.355	34.78	35.278	
324	30.918	27.118	22.067	35.23	34.786	35.152	
325	30.805	26.92	21.681	35.241	34.578	35.091	
326	30.697	26.73	21.307	35.155	34.568	35.032	
327	30.594	26.548	20.946	35.062	34.546	34.927	
328	30.496	26.375	20.6	35.028	34.498	34.847	
329	30.403	26.21	20.27	34.999	34.432	34.774	
330	30.315	26.054	19.957	35.011	34.459	34.767	
331	30.233	25.908	19.663	34.888	34.365	34.712	
332	30.155	25.77	19.388	34.842	34.23	34.555	
333	30.083	25.643	19.134	34.885	34.182	34.577	
334	30.016	25.525	18.902	34.798	34.161	34.525	
335	29.955	25.418	18.693	34.731	34.097	34.447	
336	29.899	25.321	18.509	34.609	34.041	34.358	
337	29.849	25.235	18.35	34.687	34.006	34.353	
338	29.805	25.16	18.218	34.632	33.962	34.303	
339	29.767	25.096	18.112	34.529	33.832	34.23	
340	29.734	25.043	18.034	34.579	33.724	34.179	
341	29.708	25.002	17.983	34.486	33.766	34.165	
342	29.688	24.972	17.961	34.466	33.725	34.1	
343	29.675	24.955	17.966	34.549	33.733	34.023	
344	29.668	24.949	18	34.521	33.702	33.95	
345	29.667	24.956	18.062	34.424	33.661	33.933	
346	29.674	24.976	18.152	34.455	33.622	33.892	
347	29.688	25.008	18.269	34.458	33.593	33.865	
348	29.71	25.054	18.414	34.377	33.616	33.812	
349	29.74	25.113	18.586	34.389	33.625	33.81	
350	29.778	25.187	18.785	34.388	33.625	33.767	
351	29.825	25.275	19.011	34.35	33.524	33.743	
352	29.882	25.379	19.265	34.396	33.574	33.8	
353	29.95	25.5	19.545	34.351	33.52	33.614	
354	30.029	25.638	19.854	34.458	33.583	33.722	
355	30.119	25.794	20.19	34.599	33.444	33.575	
356	30.221	25.967	20.554	34.579	33.535	33.58	
357	30.334	26.157	20.945	34.514	33.694	33.653	
358	30.455	26.363	21.359	34.45	33.599	33.561	
359	30.584	26.581	21.795	34.557	33.626	33.604	
360	30.715	26.807	22.246	34.568	33.602	33.533	
361	30.845	27.035	22.706	34.519	33.534	33.614	
362	30.968	27.26	23.167	34.468	33.471	33.318	
363	31.08	27.475	23.622	34.502	33.373	33.27	
364	31.176	27.675	24.062	34.485	33.406	33.141	
365	31.254	27.856	24.481	34.48	33.239	33.257	
366	31.31	28.014	24.874	34.43	33.18	32.916	
367	31.344	28.148	25.238	34.217	33.026	32.627	
368	31.355	28.257	25.572	34.2	33.006	32.484	
369	31.344	28.34	25.873	34.034	32.568	32.257	
370	31.311	28.399	26.141	33.841	32.395	31.955	
371	31.262	28.44	26.383	33.737	32.227	31.762	
372	31.201	28.465	26.601	33.555	32.089	31.437	
373	31.128	28.478	26.8	33.39	31.779	31.262	
374	31.049	28.482	26.981	33.076	31.523	30.992	
375	30.963	28.48	27.149	32.972	31.289	30.557	
376	30.875	28.473	27.305	32.744	31.026	30.281	
377	30.785	28.463	27.452	32.512	30.758	29.935	
378	30.695	28.452	27.59	32.361	30.452	29.755	
379	30.606	28.442	27.722	32.152	30.302	29.525	
380	30.52	28.433	27.851	31.847	30.094	29.22	
381	30.437	28.427	27.976	31.78	29.805	28.874	
382	30.357	28.423	28.099	31.618	29.702	28.718	
383	30.28	28.423	28.22	31.407	29.37	28.494	
384	30.207	28.426	28.339	31.178	29.194	28.195	
385	30.139	28.432	28.457	31.074	29.021	28.069	
386	30.075	28.442	28.574	30.864	28.789	27.848	
387	30.016	28.456	28.69	30.652	28.633	27.637	
388	29.962	28.473	28.806	30.583	28.41	27.476	
389	29.912	28.495	28.922	30.461	28.307	27.256	
390	29.866	28.52	29.038	30.26	28.108	27.05	
391	29.826	28.55	29.154	30.191	27.915	26.895	
392	29.792	28.584	29.272	29.981	27.735	26.665	
393	29.762	28.623	29.389	29.878	27.587	26.582	
394	29.737	28.665	29.508	29.682	27.397	26.4	
395	29.716	28.711	29.627	29.63	27.355	26.298	
396	29.701	28.762	29.748	29.422	27.142	26.077	
397	29.692	28.817	29.87	29.335	27.036	25.925	
398	29.686	28.875	29.992	29.275	26.882	25.776	
399	29.685	28.937	30.116	29.093	26.69	25.637	
400	29.688	29.003	30.241	29.072	26.6	25.423	
401	29.697	29.073	30.367	28.922	26.451	25.337	
402	29.709	29.146	30.494	28.768	26.379	25.181	
403	29.725	29.221	30.622	28.682	26.196	25.041	
404	29.744	29.3	30.75	28.573	26.143	24.894	
405	29.768	29.382	30.88	28.511	25.929	24.83	
406	29.795	29.466	31.01	28.418	25.831	24.647	
407	29.825	29.552	31.141	28.306	25.691	24.585	
408	29.857	29.641	31.272	28.204	25.67	24.441	
409	29.893	29.732	31.404	28.091	25.533	24.21	
410	29.932	29.825	31.536	28.031	25.423	24.179	
411	29.973	29.92	31.668	27.868	25.362	24.088	
412	30.017	30.016	31.8	27.819	25.199	23.977	
413	30.063	30.115	31.932	27.751	25.068	23.815	
414	30.112	30.214	32.065	27.647	25.046	23.779	
415	30.163	30.315	32.198	27.567	24.906	23.666	
416	30.216	30.418	32.33	27.436	24.81	23.564	
417	30.271	30.522	32.463	27.395	24.667	23.442	
418	30.328	30.627	32.596	27.242	24.576	23.314	
419	30.387	30.733	32.729	27.24	24.539	23.278	
420	30.448	30.841	32.862	27.177	24.391	23.051	
421	30.512	30.95	32.995	26.993	24.277	23.05	
422	30.576	31.06	33.128	27.016	24.164	22.99	
423	30.643	31.171	33.261	26.934	24.088	22.879	
424	30.712	31.283	33.394	26.867	24.049	22.714	
425	30.782	31.396	33.527	26.755	23.89	22.644	
426	30.854	31.51	33.66	26.651	23.86	22.58	
427	30.928	31.625	33.794	26.553	23.755	22.538	
428	31.004	31.742	33.928	26.479	23.663	22.372	
429	31.081	31.859	34.061	26.519	23.569	22.282	
430	31.16	31.977	34.195	26.369	23.426	22.284	
431	31.241	32.097	34.329	26.264	23.503	22.162	
432	31.323	32.217	34.464	26.276	23.311	21.984	
433	31.407	32.339	34.598	26.141	23.339	21.941	
434	31.493	32.461	34.733	26.086	23.175	21.795	
435	31.58	32.585	34.869	26.006	23.033	21.804	
436	31.669	32.709	35.004	25.973	22.899	21.543	
437	31.759	32.835	35.14	25.893	22.922	21.617	
438	31.851	32.961	35.277	25.872	22.893	21.469	
439	31.945	33.089	35.414	25.71	22.818	21.435	
440	32.04	33.218	35.551	25.695	22.639	21.343	
441	32.137	33.348	35.689	25.63	22.648	21.261	
442	32.236	33.479	35.827	25.588	22.648	21.104	
443	32.336	33.611	35.966	25.507	22.442	21.184	
444	32.438	33.744	36.105	25.556	22.424	20.985	
445	32.541	33.879	36.245	25.392	22.277	20.91	
446	32.646	34.014	36.386	25.234	22.293	20.863	
447	32.753	34.151	36.527	25.292	22.112	20.749	
448	32.861	34.289	36.669	25.195	22.141	20.723	
449	32.971	34.428	36.812	25.183	22.026	20.627	
450	33.083	34.568	36.956	25.118	21.916	20.654	
451	33.196	34.71	37.1	25.118	21.857	20.554	
452	33.311	34.853	37.245	25.026	21.784	20.444	
453	33.427	34.997	37.391	24.922	21.755	20.443	
454	33.545	35.142	37.538	24.835	21.684	20.273	
455	33.665	35.289	37.686	24.769	21.671	20.279	
456	33.787	35.437	37.834	24.72	21.58	20.095	
457	33.91	35.587	37.984	24.709	21.546	20.092	
458	34.035	35.737	38.134	24.66	21.441	20.062	
459	34.162	35.89	38.286	24.663	21.481	19.975	
460	34.291	36.043	38.439	24.545	21.331	19.906	
461	34.421	36.198	38.592	24.62	21.233	19.818	
462	34.553	36.355	38.747	24.431	21.183	19.772	
463	34.687	36.513	38.903	24.46	21.21	19.722	
464	34.822	36.673	39.06	24.327	21.031	19.609	
465	34.96	36.834	39.218	24.36	21.017	19.608	
466	35.099	36.997	39.378	24.267	20.954	19.454	
467	35.24	37.161	39.539	24.206	20.854	19.484	
468	35.383	37.327	39.701	24.17	20.799	19.396	
469	35.527	37.494	39.864	24.092	20.77	19.34	
470	35.674	37.663	40.028	24.061	20.699	19.193	
471	35.823	37.834	40.194	24.012	20.652	19.217	
472	35.973	38.007	40.362	23.934	20.679	19.142	
473	36.125	38.181	40.53	23.947	20.517	19.035	
474	36.28	38.357	40.7	23.908	20.509	19.076	
475	36.436	38.535	40.872	23.846	20.472	18.955	
476	36.594	38.714	41.045	23.824	20.439	18.928	
477	36.754	38.896	41.219	23.74	20.279	18.806	
478	36.917	39.079	41.395	23.684	20.28	18.775	
479	37.081	39.264	41.573	23.667	20.197	18.72	
480	37.247	39.451	41.752	23.599	20.142	18.638	
481	37.416	39.64	41.933	23.572	20.093	18.615	
482	37.586	39.831	42.115	23.495	20.1	18.561	
483	37.759	40.023	42.299	23.543	20.037	18.524	
484	37.934	40.218	42.485	23.447	19.952	18.437	
485	38.111	40.415	42.672	23.405	19.904	18.479	
486	38.29	40.614	42.861	23.388	19.787	18.36	
487	38.471	40.815	43.051	23.308	19.783	18.254	
488	38.654	41.018	43.244	23.318	19.714	18.213	
489	38.84	41.223	43.438	23.228	19.691	18.178	
490	39.028	41.43	43.633	23.239	19.606	18.185	
491	39.218	41.639	43.831	23.162	19.598	18.078	
492	39.411	41.851	44.03	23.125	19.513	18.036	
493	39.606	42.064	44.232	23.098	19.505	17.975	
494	39.803	42.28	44.435	23.049	19.475	17.976	
495	40.002	42.498	44.64	23.039	19.452	17.877	
496	40.204	42.719	44.846	22.991	19.38	17.876	
497	40.409	42.941	45.055	22.952	19.303	17.874	
498	40.615	43.166	45.265	22.922	19.281	17.787	
499	40.825	43.394	45.478	22.888	19.204	17.73	
500	41.036	43.623	45.692	22.873	19.164	17.653	
501	41.25	43.856	45.908	22.799	19.155	17.607	
502	41.467	44.09	46.126	22.748	19.072	17.553	
503	41.686	44.327	46.346	22.745	19.08	17.515	
504	41.908	44.566	46.568	22.67	18.989	17.461	
505	42.132	44.808	46.792	22.66	18.966	17.426	
506	42.359	45.052	47.017	22.59	18.9	17.357	
507	42.589	45.299	47.245	22.573	18.858	17.36	
508	42.821	45.548	47.475	22.544	18.831	17.264	
509	43.056	45.799	47.706	22.54	18.784	17.234	
510	43.293	46.054	47.94	22.464	18.744	17.185	
511	43.534	46.31	48.175	22.441	18.672	17.172	
512	43.777	46.57	48.412	22.411	18.653	17.095	
513	44.022	46.832	48.651	22.38	18.604	17.039	
514	44.271	47.096	48.892	22.329	18.581	17.008	
515	44.522	47.363	49.135	22.323	18.521	16.956	
516	44.776	47.633	49.38	22.272	18.488	16.925	
517	45.033	47.905	49.627	22.233	18.453	16.889	
518	45.293	48.18	49.875	22.213	18.429	16.8	
519	45.555	48.457	50.125	22.156	18.383	16.8	
520	45.821	48.737	50.377	22.155	18.329	16.783	
521	46.089	49.02	50.631	22.107	18.281	16.705	
522	46.361	49.306	50.887	22.082	18.236	16.682	
523	46.635	49.594	51.144	22.044	18.197	16.633	
524	46.912	49.884	51.403	22.008	18.175	16.576	
525	47.192	50.178	51.663	21.973	18.11	16.541	
526	47.476	50.474	51.925	21.948	18.101	16.479	
527	47.762	50.772	52.189	21.919	18.041	16.467	
528	48.051	51.074	52.454	21.871	18.015	16.444	
529	48.343	51.377	52.721	21.848	17.935	16.346	
530	48.639	51.684	52.989	21.807	17.963	16.332	
531	48.937	51.993	53.259	21.787	17.894	16.282	
532	49.238	52.305	53.529	21.792	17.872	16.249	
533	49.543	52.619	53.802	21.715	17.836	16.21	
534	49.85	52.936	54.075	21.688	17.765	16.173	
535	50.161	53.255	54.349	21.675	17.736	16.118	
536	50.475	53.577	54.625	21.642	17.728	16.071	
537	50.792	53.901	54.901	21.635	17.67	16.051	
538	51.112	54.228	55.179	21.595	17.649	16.008	
539	51.435	54.558	55.457	21.569	17.626	15.99	
540	51.761	54.889	55.736	21.55	17.587	15.938	
541	52.091	55.224	56.016	21.51	17.537	15.923	
542	52.423	55.56	56.296	21.482	17.509	15.858	
543	52.759	55.899	56.577	21.476	17.461	15.814	
544	53.098	56.24	56.858	21.431	17.422	15.773	
545	53.44	56.583	57.139	21.41	17.437	15.761	
546	53.785	56.929	57.421	21.352	17.352	15.71	
547	54.133	57.276	57.703	21.367	17.317	15.707	
548	54.485	57.626	57.985	21.329	17.285	15.648	
549	54.839	57.977	58.266	21.326	17.238	15.622	
550	55.197	58.331	58.548	21.261	17.228	15.591	
551	55.558	58.687	58.828	21.239	17.193	15.54	
552	55.921	59.044	59.109	21.241	17.157	15.508	
553	56.288	59.403	59.389	21.207	17.129	15.477	
554	56.658	59.764	59.668	21.168	17.077	15.44	
555	57.031	60.126	59.946	21.16	17.056	15.395	
556	57.407	60.49	60.222	21.131	17.016	15.362	
557	57.786	60.856	60.498	21.103	16.947	15.317	
558	58.168	61.222	60.773	21.084	16.962	15.3	
559	58.553	61.59	61.045	21.046	16.928	15.278	
560	58.941	61.959	61.316	21.019	16.886	15.228	
561	59.332	62.329	61.585	21.007	16.84	15.186	
562	59.726	62.7	61.852	21	16.812	15.184	
563	60.123	63.072	62.117	20.961	16.801	15.133	
564	60.522	63.444	62.379	20.944	16.75	15.126	
565	60.924	63.817	62.639	20.9	16.721	15.064	
566	61.329	64.191	62.896	20.879	16.684	15.074	
567	61.737	64.564	63.15	20.845	16.66	15.01	
568	62.147	64.938	63.4	20.818	16.626	14.969	
569	62.56	65.312	63.648	20.805	16.591	14.939	
570	62.976	65.685	63.892	20.791	16.566	14.891	
571	63.394	66.058	64.131	20.756	16.54	14.877	
572	63.815	66.431	64.367	20.734	16.528	14.866	
573	64.238	66.802	64.599	20.719	16.489	14.815	
574	64.663	67.173	64.826	20.685	16.473	14.755	
575	65.091	67.543	65.049	20.662	16.434	14.74	
576	65.521	67.911	65.267	20.631	16.404	14.719	
577	65.953	68.277	65.48	20.644	16.385	14.694	
578	66.388	68.642	65.687	20.618	16.331	14.681	
579	66.824	69.005	65.889	20.576	16.316	14.62	
580	67.263	69.365	66.086	20.577	16.277	14.621	
581	67.703	69.722	66.277	20.535	16.251	14.584	
582	68.146	70.077	66.461	20.524	16.22	14.522	
583	68.59	70.428	66.64	20.504	16.18	14.507	
584	69.035	70.776	66.812	20.492	16.17	14.517	
585	69.483	71.12	66.977	20.442	16.155	14.449	
586	69.932	71.46	67.136	20.431	16.123	14.417	
587	70.382	71.795	67.287	20.436	16.098	14.362	
588	70.834	72.125	67.432	20.408	16.07	14.357	
589	71.287	72.45	67.569	20.364	16.041	14.332	
590	71.741	72.769	67.699	20.345	16.005	14.287	
591	72.196	73.082	67.821	20.333	15.99	14.25	
592	72.652	73.388	67.936	20.31	15.918	14.221	
593	73.109	73.687	68.043	20.296	15.969	14.198	
594	73.566	73.978	68.142	20.283	15.892	14.209	
595	74.025	74.262	68.234	20.24	15.88	14.155	
596	74.483	74.537	68.317	20.22	15.879	14.124	
597	74.942	74.803	68.392	20.21	15.839	14.089	
598	75.401	75.059	68.459	20.202	15.8	14.07	
599	75.86	75.305	68.518	20.184	15.748	14.033	
600	76.318	75.54	68.568	20.146	15.774	14.024	
601	76.777	75.765	68.611	20.111	15.734	13.982	
602	77.234	75.977	68.645	20.089	15.676	13.946	
603	77.691	76.177	68.672	20.073	15.681	13.918	
604	78.147	76.365	68.69	20.062	15.645	13.915	
605	78.601	76.539	68.7	20.041	15.608	13.859	
606	79.054	76.699	68.702	20.03	15.616	13.815	
607	79.505	76.846	68.697	19.998	15.592	13.779	
608	79.954	76.977	68.683	20.014	15.535	13.804	
609	80.4	77.094	68.663	19.982	15.547	13.748	
610	80.843	77.195	68.634	19.959	15.505	13.733	
611	81.282	77.281	68.598	19.939	15.468	13.708	
612	81.717	77.351	68.555	19.937	15.48	13.705	
613	82.146	77.405	68.505	19.905	15.44	13.625	
614	82.57	77.443	68.447	19.873	15.416	13.633	
615	82.986	77.465	68.384	19.872	15.373	13.599	
616	83.394	77.472	68.313	19.848	15.366	13.567	
617	83.792	77.462	68.236	19.833	15.339	13.548	
618	84.178	77.438	68.153	19.81	15.324	13.544	
619	84.549	77.397	68.064	19.793	15.289	13.484	
620	84.903	77.342	67.968	19.769	15.26	13.464	
621	85.236	77.273	67.868	19.744	15.245	13.463	
622	85.543	77.189	67.762	19.758	15.223	13.435	
623	85.819	77.091	67.65	19.727	15.19	13.375	
624	86.058	76.981	67.534	19.705	15.17	13.372	
625	86.254	76.858	67.413	19.678	15.168	13.392	
626	86.399	76.722	67.287	19.681	15.12	13.311	
627	86.488	76.576	67.156	19.667	15.098	13.304	
628	86.517	76.419	67.022	19.638	15.06	13.283	
629	86.485	76.251	66.883	19.635	15.075	13.294	
630	86.394	76.074	66.741	19.57	15.013	13.233	
631	86.25	75.887	66.595	19.565	15.066	13.236	
632	86.059	75.692	66.445	19.575	15.011	13.141	
633	85.827	75.489	66.292	19.564	14.965	13.12	
634	85.563	75.279	66.137	19.51	14.954	13.069	
635	85.271	75.062	65.978	19.493	14.942	13.106	
636	84.957	74.839	65.816	19.49	14.951	13.106	
637	84.626	74.61	65.652	19.498	14.872	13.056	
638	84.281	74.375	65.486	19.454	14.846	13.046	
639	83.924	74.135	65.317	19.459	14.818	13.027	
640	83.56	73.891	65.146	19.425	14.799	13.018	
641	83.188	73.643	64.974	19.452	14.778	12.939	
642	82.81	73.391	64.799	19.402	14.772	12.986	
643	82.429	73.136	64.623	19.387	14.721	12.945	
644	82.045	72.877	64.445	19.404	14.727	12.899	
645	81.658	72.616	64.266	19.385	14.71	12.869	
646	81.269	72.353	64.086	19.341	14.67	12.857	
647	80.88	72.087	63.905	19.34	14.697	12.832	
648	80.49	71.82	63.722	19.298	14.644	12.833	
649	80.1	71.551	63.539	19.29	14.633	12.793	
650	79.71	71.281	63.355	19.268	14.571	12.757	
651	79.321	71.009	63.17	19.249	14.593	12.771	
652	78.933	70.737	62.984	19.245	14.544	12.718	
653	78.545	70.464	62.799	19.224	14.556	12.69	
654	78.159	70.19	62.612	19.213	14.505	12.636	
655	77.774	69.916	62.426	19.188	14.528	12.643	
656	77.391	69.642	62.239	19.173	14.551	12.655	
657	77.009	69.368	62.052	19.182	14.495	12.58	
658	76.629	69.094	61.865	19.145	14.451	12.585	
659	76.251	68.82	61.678	19.135	14.393	12.576	
660	75.875	68.547	61.491	19.131	14.406	12.557	
661	75.502	68.274	61.304	19.149	14.366	12.521	
662	75.13	68.001	61.117	19.141	14.38	12.487	
663	74.76	67.729	60.931	19.085	14.354	12.478	
664	74.393	67.459	60.745	19.067	14.358	12.46	
665	74.029	67.189	60.559	19.05	14.329	12.422	
666	73.666	66.919	60.374	19.037	14.283	12.4	
667	73.306	66.651	60.189	19.049	14.264	12.403	
668	72.948	66.384	60.004	19.03	14.28	12.379	
669	72.593	66.118	59.821	19.015	14.24	12.357	
670	72.241	65.853	59.637	18.996	14.227	12.341	
671	71.891	65.59	59.455	18.983	14.189	12.272	
672	71.543	65.328	59.273	18.968	14.151	12.307	
673	71.198	65.067	59.092	18.924	14.153	12.286	
674	70.856	64.807	58.911	18.939	14.161	12.278	
675	70.516	64.549	58.731	18.916	14.153	12.296	
676	70.179	64.293	58.552	18.918	14.072	12.203	
677	69.844	64.038	58.374	18.905	14.111	12.199	
678	69.513	63.784	58.197	18.877	14.073	12.219	
679	69.183	63.533	58.021	18.874	14.028	12.143	
680	68.857	63.282	57.845	18.865	14.013	12.153	
681	68.533	63.034	57.67	18.846	13.999	12.088	
682	68.212	62.787	57.497	18.845	14.005	12.109	
683	67.893	62.541	57.324	18.808	13.954	12.072	
684	67.577	62.298	57.152	18.784	13.945	12.093	
685	67.264	62.055	56.981	18.793	13.961	12.052	
686	66.953	61.815	56.812	18.775	13.924	12.002	
687	66.645	61.577	56.643	18.777	13.89	11.991	
688	66.34	61.34	56.475	18.772	13.868	11.962	
689	66.037	61.104	56.308	18.761	13.903	11.957	
690	65.737	60.871	56.142	18.716	13.875	11.965	
691	65.439	60.639	55.978	18.724	13.843	11.91	
692	65.144	60.409	55.814	18.709	13.782	11.94	
693	64.852	60.181	55.651	18.696	13.781	11.891	
694	64.562	59.954	55.49	18.682	13.775	11.898	
695	64.275	59.73	55.329	18.653	13.738	11.859	
696	63.99	59.507	55.17	18.654	13.704	11.854	
697	63.707	59.285	55.011	18.647	13.742	11.818	
698	63.428	59.066	54.854	18.656	13.697	11.76	
699	63.15	58.848	54.698	18.615	13.678	11.745	
700	62.876	58.632	54.542	18.603	13.714	11.763	
701	62.603	58.417	54.388	18.616	13.601	11.754	
702	62.333	58.205	54.235	18.605	13.677	11.742	
703	62.066	57.994	54.083	18.55	13.664	11.695	
704	61.801	57.785	53.932	18.548	13.616	11.689	
705	61.538	57.577	53.782	18.593	13.586	11.663	
706	61.278	57.371	53.634	18.539	13.595	11.627	
707	61.02	57.167	53.486	18.519	13.587	11.625	
708	60.764	56.965	53.339	18.499	13.513	11.634	
709	60.511	56.764	53.194	18.52	13.555	11.58	
710	60.26	56.565	53.049	18.509	13.487	11.628	
711	60.012	56.367	52.906	18.491	13.491	11.511	
712	59.765	56.171	52.763	18.46	13.43	11.505	
713	59.521	55.977	52.622	18.443	13.501	11.532	
714	59.279	55.785	52.481	18.434	13.419	11.487	
715	59.039	55.594	52.342	18.397	13.433	11.469	
716	58.802	55.404	52.204	18.418	13.356	11.374	
717	58.566	55.216	52.067	18.408	13.398	11.468	
718	58.333	55.03	51.93	18.389	13.347	11.371	
719	58.102	54.846	51.795	18.416	13.365	11.461	
720	57.873	54.662	51.661	18.332	13.336	11.414	
721	57.646	54.481	51.528	18.377	13.311	11.389	
722	57.422	54.301	51.396	18.373	13.341	11.365	
723	57.199	54.122	51.264	18.316	13.339	11.362	
724	56.978	53.945	51.134	18.348	13.267	11.357	
725	56.759	53.769	51.005	18.293	13.366	11.278	
726	56.543	53.595	50.877	18.343	13.2	11.279	
727	56.328	53.423	50.749	18.3	13.25	11.255	
728	56.115	53.251	50.623	18.318	13.194	11.255	
729	55.905	53.082	50.498	18.272	13.178	11.254	
730	55.696	52.913	50.373	18.26	13.183	11.173	
731	55.489	52.746	50.25	18.22	13.167	11.208	
732	55.284	52.581	50.127	18.247	13.116	11.197	
733	55.08	52.417	50.005	18.236	13.152	11.165	
734	54.879	52.254	49.885	18.263	13.117	11.143	
735	54.679	52.093	49.765	18.212	13.131	11.119	
736	54.482	51.933	49.646	18.211	13.114	11.12	
737	54.286	51.774	49.528	18.221	13.084	11.153	
738	54.091	51.616	49.411	18.175	13.091	11.076	
739	53.899	51.46	49.295	18.168	13.067	11.094	
740	53.708	51.305	49.179	18.198	13.06	11.074	
741	53.519	51.152	49.065	18.146	13.012	11.072	
742	53.332	51	48.951	18.159	13.021	11.016	
743	53.146	50.849	48.838	18.16	13.027	10.987	
744	52.962	50.699	48.726	18.128	13	11.023	
745	52.78	50.55	48.615	18.098	13.023	11.013	
746	52.599	50.403	48.505	18.113	12.97	10.981	
747	52.42	50.257	48.395	18.112	13.001	10.944	
748	52.243	50.112	48.287	18.09	12.967	10.93	
749	52.067	49.969	48.179	18.087	12.928	10.902	
750	51.893	49.826	48.072	18.026	12.909	10.938	
751	51.72	49.685	47.966	18.064	12.892	10.873	
752	51.548	49.544	47.86	18.016	12.923	10.846	
753	51.379	49.405	47.755	18.042	12.881	10.845	
754	51.21	49.268	47.652	18.033	12.862	10.87	
755	51.044	49.131	47.548	17.998	12.896	10.794	
756	50.878	48.995	47.446	18.017	12.83	10.84	
757	50.714	48.86	47.344	18.016	12.778	10.837	
758	50.552	48.727	47.243	17.993	12.814	10.794	
759	50.391	48.594	47.143	17.991	12.817	10.766	
760	50.231	48.463	47.044	17.965	12.743	10.723	
761	50.073	48.333	46.945	17.94	12.757	10.727	
762	49.916	48.203	46.847	17.968	12.744	10.685	
763	49.76	48.075	46.75	17.942	12.757	10.67	
764	49.606	47.948	46.653	17.942	12.75	10.703	
765	49.453	47.821	46.557	17.928	12.723	10.649	
766	49.301	47.696	46.462	17.945	12.732	10.659	
767	49.151	47.572	46.367	17.932	12.689	10.658	
768	49.002	47.448	46.274	17.898	12.676	10.604	
769	48.854	47.326	46.18	17.901	12.684	10.63	
770	48.708	47.205	46.088	17.88	12.632	10.573	
771	48.562	47.084	45.996	17.839	12.621	10.567	
772	48.418	46.965	45.905	17.837	12.664	10.567	
773	48.276	46.846	45.814	17.851	12.613	10.567	
774	48.134	46.728	45.724	17.831	12.605	10.51	
775	47.993	46.611	45.635	17.81	12.584	10.517	
776	47.854	46.496	45.546	17.872	12.563	10.49	
777	47.716	46.381	45.458	17.813	12.541	10.499	
778	47.579	46.266	45.371	17.814	12.507	10.516	
779	47.443	46.153	45.284	17.771	12.515	10.473	
780	47.308	46.041	45.197	17.769	12.529	10.484	
781	47.175	45.929	45.112	17.816	12.552	10.405	
782	47.042	45.818	45.027	17.788	12.453	10.414	
783	46.911	45.708	44.942	17.766	12.44	10.413	
784	46.78	45.599	44.858	17.747	12.468	10.369	
785	46.651	45.491	44.775	17.727	12.424	10.347	
786	46.523	45.384	44.692	17.72	12.435	10.349	
787	46.395	45.277	44.61	17.725	12.412	10.345	
788	46.269	45.171	44.528	17.722	12.394	10.324	
789	46.144	45.066	44.447	17.703	12.376	10.317	
790	46.02	44.962	44.366	17.705	12.403	10.277	
791	45.897	44.858	44.286	17.675	12.368	10.278	
792	45.774	44.755	44.206	17.689	12.361	10.267	
793	45.653	44.653	44.127	17.679	12.381	10.266	
794	45.533	44.552	44.049	17.66	12.327	10.239	
795	45.413	44.451	43.971	17.659	12.309	10.224	
796	45.295	44.351	43.893	17.662	12.313	10.213	
797	45.177	44.252	43.816	17.654	12.325	10.176	
798	45.061	44.154	43.74	17.666	12.323	10.181	
799	44.945	44.056	43.664	17.647	12.261	10.206	
800	44.83	43.959	43.588	17.62	12.266	10.135	
801	44.717	43.862	43.513	17.605	12.279	10.152	
802	44.604	43.767	43.439	17.648	12.257	10.122	
803	44.492	43.672	43.365	17.585	12.228	10.092	
804	44.38	43.577	43.291	17.575	12.219	10.133	
805	44.27	43.484	43.218	17.566	12.198	10.093	
806	44.16	43.391	43.145	17.583	12.17	10.084	
807	44.052	43.298	43.073	17.566	12.126	10.115	
808	43.944	43.206	43.002	17.569	12.174	10.024	
809	43.837	43.115	42.93	17.516	12.099	10.047	
810	43.73	43.025	42.859	17.556	12.165	10.014	
811	43.625	42.935	42.789	17.537	12.131	9.9973	
812	43.52	42.846	42.719	17.532	12.176	10.005	
813	43.416	42.757	42.649	17.542	12.077	9.9926	
814	43.313	42.669	42.58	17.52	12.11	10.013	
815	43.211	42.581	42.512	17.499	12.091	9.9656	
816	43.109	42.494	42.443	17.51	12.082	9.9131	
817	43.008	42.408	42.375	17.487	12.062	9.9298	
818	42.908	42.322	42.308	17.492	12.059	9.9034	
819	42.809	42.237	42.241	17.483	12.042	9.9129	
820	42.71	42.153	42.174	17.46	12.018	9.8719	
821	42.612	42.068	42.108	17.453	12.005	9.8656	
822	42.515	41.985	42.042	17.45	12.012	9.8616	
823	42.419	41.902	41.977	17.451	12.006	9.8525	
824	42.323	41.82	41.911	17.443	12.007	9.8497	
825	42.228	41.738	41.847	17.437	11.988	9.8449	
826	42.133	41.656	41.782	17.433	11.98	9.8362	
827	42.04	41.576	41.718	17.43	11.974	9.8144	
828	41.946	41.495	41.655	17.419	11.964	9.8087	
829	41.854	41.415	41.592	17.407	11.95	9.7941	
830	41.762	41.336	41.529	17.407	11.946	9.8031	
831	41.671	41.257	41.466	17.4	11.919	9.7859	
832	41.581	41.179	41.404	17.384	11.91	9.7662	
833	41.491	41.101	41.342	17.379	11.905	9.7353	
834	41.402	41.024	41.281	17.367	11.897	9.7158	
835	41.313	40.947	41.22	17.36	11.889	9.7177	
836	41.225	40.871	41.159	17.358	11.888	9.6974	
837	41.138	40.795	41.099	17.35	11.861	9.7024	
838	41.051	40.72	41.039	17.356	11.846	9.6741	
839	40.965	40.645	40.979	17.339	11.835	9.6728	
840	40.879	40.57	40.919	17.323	11.851	9.6213	
841	40.794	40.496	40.86	17.338	11.799	9.6059	
842	40.71	40.423	40.802	17.35	11.812	9.6524	
843	40.626	40.35	40.743	17.333	11.79	9.6237	
844	40.542	40.277	40.685	17.328	11.8	9.6135	
845	40.46	40.205	40.627	17.337	11.83	9.5864	
846	40.378	40.133	40.57	17.25	11.762	9.5728	
847	40.296	40.062	40.513	17.316	11.671	9.6306	
848	40.215	39.991	40.456	17.299	11.801	9.6341	
849	40.134	39.92	40.399	17.296	11.713	9.5251	
850	40.054	39.85	40.343	17.278	11.74	9.5683	
851	39.975	39.78	40.287	17.254	11.712	9.5872	
852	39.896	39.711	40.231	17.249	11.723	9.4661	
853	39.817	39.642	40.176	17.279	11.658	9.4759	
854	39.74	39.574	40.121	17.228	11.704	9.4325	
855	39.662	39.506	40.066	17.23	11.626	9.478	
856	39.585	39.438	40.011	17.202	11.678	9.4881	
857	39.509	39.371	39.957	17.234	11.659	9.4508	
858	39.433	39.304	39.903	17.248	11.682	9.4151	
859	39.357	39.237	39.85	17.26	11.629	9.461	
860	39.283	39.171	39.796	17.206	11.667	9.4684	
861	39.208	39.106	39.743	17.177	11.615	9.3825	
862	39.134	39.04	39.69	17.215	11.595	9.3837	
863	39.061	38.975	39.637	17.205	11.644	9.3907	
864	38.988	38.911	39.585	17.208	11.589	9.387	
865	38.915	38.846	39.533	17.157	11.577	9.3165	
866	38.843	38.782	39.481	17.167	11.563	9.3468	
867	38.771	38.719	39.43	17.147	11.513	9.3459	
868	38.7	38.656	39.378	17.118	11.543	9.3501	
869	38.629	38.593	39.327	17.15	11.508	9.2901	
870	38.559	38.53	39.277	17.159	11.516	9.3057	
871	38.489	38.468	39.226	17.146	11.508	9.2767	
872	38.419	38.406	39.176	17.131	11.512	9.3136	
873	38.35	38.345	39.126	17.157	11.469	9.267	
874	38.282	38.284	39.076	17.129	11.488	9.2504	
875	38.214	38.223	39.026	17.111	11.474	9.2559	
876	38.146	38.162	38.977	17.115	11.465	9.2204	
877	38.079	38.102	38.928	17.112	11.46	9.2537	
878	38.012	38.042	38.879	17.083	11.444	9.2191	
879	37.945	37.983	38.83	17.079	11.432	9.1998	
880	37.879	37.923	38.782	17.071	11.421	9.1926	
881	37.813	37.865	38.734	17.069	11.417	9.1849	
882	37.748	37.806	38.686	17.067	11.412	9.1889	
883	37.683	37.748	38.638	17.063	11.408	9.1794	
884	37.618	37.69	38.59	17.061	11.404	9.1718	
885	37.554	37.632	38.543	17.061	11.396	9.1709	
886	37.49	37.575	38.496	17.056	11.388	9.1566	
887	37.427	37.518	38.449	17.046	11.371	9.1428	
888	37.364	37.461	38.403	17.044	11.364	9.1243	
889	37.301	37.404	38.356	17.031	11.351	9.1119	
890	37.239	37.348	38.31	17.018	11.337	9.0964	
891	37.177	37.292	38.264	17.012	11.328	9.0812	
892	37.115	37.236	38.218	17.01	11.316	9.0788	
893	37.054	37.181	38.172	17.003	11.31	9.0602	
894	36.993	37.126	38.127	16.991	11.308	9.0486	
895	36.932	37.071	38.082	16.999	11.303	9.0533	
896	36.872	37.017	38.037	16.989	11.29	9.0498	
897	36.812	36.962	37.992	16.989	11.285	9.0476	
898	36.753	36.908	37.947	16.987	11.282	9.0195	
899	36.693	36.855	37.903	16.979	11.268	9.0175	
900	36.635	36.801	37.859	16.966	11.258	8.9949	
901	36.576	36.748	37.815	16.947	11.247	8.9733	
902	36.518	36.695	37.771	16.948	11.229	8.9685	
903	36.46	36.643	37.727	16.945	11.226	8.9618	
904	36.402	36.59	37.684	16.94	11.217	8.9595	
905	36.345	36.538	37.64	16.932	11.215	8.9576	
906	36.288	36.486	37.597	16.934	11.21	8.9517	
907	36.232	36.434	37.554	16.929	11.206	8.9528	
908	36.175	36.383	37.512	16.931	11.194	8.9288	
909	36.119	36.332	37.469	16.916	11.183	8.9209	
910	36.064	36.281	37.427	16.902	11.167	8.91	
911	36.008	36.23	37.385	16.906	11.155	8.9055	
912	35.953	36.18	37.343	16.894	11.128	8.8691	
913	35.899	36.13	37.301	16.881	11.137	8.8493	
914	35.844	36.08	37.259	16.883	11.127	8.8511	
915	35.79	36.03	37.217	16.876	11.114	8.8449	
916	35.736	35.98	37.176	16.869	11.119	8.8435	
917	35.682	35.931	37.135	16.869	11.116	8.8377	
918	35.629	35.882	37.094	16.872	11.111	8.8326	
919	35.576	35.833	37.053	16.868	11.102	8.8198	
920	35.523	35.785	37.012	16.862	11.094	8.8106	
921	35.471	35.736	36.972	16.852	11.081	8.8013	
922	35.419	35.688	36.932	16.848	11.073	8.8045	
923	35.367	35.64	36.891	16.851	11.066	8.7956	
924	35.315	35.592	36.851	16.835	11.037	8.7695	
925	35.264	35.545	36.811	16.832	11.054	8.7564	
926	35.213	35.498	36.772	16.815	11.035	8.7417	
927	35.162	35.45	36.732	16.816	11.041	8.7315	
928	35.111	35.404	36.693	16.814	11.034	8.7362	
929	35.061	35.357	36.653	16.797	10.994	8.7477	
930	35.011	35.31	36.614	16.793	10.972	8.7269	
931	34.961	35.264	36.575	16.805	11.016	8.7154	
932	34.911	35.218	36.536	16.812	10.951	8.6826	
933	34.862	35.172	36.498	16.782	11.008	8.6791	
934	34.813	35.127	36.459	16.775	10.976	8.695	
935	34.764	35.081	36.421	16.773	10.978	8.6554	
936	34.716	35.036	36.383	16.753	10.941	8.6501	
937	34.668	34.991	36.345	16.753	10.935	8.6851	
938	34.619	34.946	36.307	16.783	10.944	8.6069	
939	34.572	34.901	36.269	16.761	10.933	8.6336	
940	34.524	34.857	36.231	16.766	10.894	8.6504	
941	34.477	34.813	36.194	16.76	10.92	8.6114	
942	34.43	34.768	36.156	16.739	10.886	8.5574	
943	34.383	34.725	36.119	16.715	10.91	8.5951	
944	34.336	34.681	36.082	16.717	10.929	8.5787	
945	34.29	34.637	36.045	16.744	10.893	8.5827	
946	34.243	34.594	36.008	16.743	10.888	8.5713	
947	34.198	34.551	35.971	16.722	10.888	8.5569	
948	34.152	34.508	35.935	16.718	10.861	8.5456	
949	34.106	34.465	35.898	16.708	10.84	8.5238	
950	34.061	34.422	35.862	16.702	10.832	8.5213	
951	34.016	34.38	35.826	16.691	10.851	8.5259	
952	33.971	34.337	35.79	16.683	10.844	8.5209	
953	33.926	34.295	35.754	16.694	10.825	8.4986	
954	33.882	34.253	35.718	16.695	10.819	8.5124	
955	33.838	34.212	35.682	16.682	10.807	8.4784	
956	33.794	34.17	35.647	16.663	10.812	8.4848	
957	33.75	34.129	35.611	16.664	10.803	8.5324	
958	33.706	34.087	35.576	16.644	10.785	8.4534	
959	33.663	34.046	35.541	16.666	10.771	8.4791	
960	33.62	34.005	35.506	16.678	10.753	8.4078	
961	33.577	33.964	35.471	16.673	10.778	8.3952	
962	33.534	33.924	35.436	16.661	10.689	8.3687	
963	33.491	33.883	35.401	16.62	10.712	8.4149	
964	33.449	33.843	35.367	16.649	10.748	8.3485	
965	33.407	33.803	35.332	16.617	10.733	8.3817	
966	33.365	33.763	35.298	16.628	10.753	8.359	
967	33.323	33.723	35.264	16.623	10.733	8.3919	
968	33.282	33.683	35.229	16.627	10.745	8.3832	
969	33.24	33.644	35.195	16.611	10.709	8.3707	
970	33.199	33.604	35.161	16.625	10.692	8.3925	
971	33.158	33.565	35.128	16.613	10.68	8.3706	
972	33.117	33.526	35.094	16.61	10.702	8.3492	
973	33.076	33.487	35.06	16.61	10.685	8.3224	
974	33.036	33.448	35.027	16.594	10.661	8.3374	
975	32.996	33.41	34.994	16.588	10.668	8.2816	
976	32.955	33.371	34.96	16.58	10.653	8.2972	
977	32.916	33.333	34.927	16.575	10.641	8.2843	
978	32.876	33.295	34.894	16.572	10.632	8.2858	
979	32.836	33.257	34.861	16.57	10.638	8.2719	
980	32.797	33.219	34.828	16.575	10.628	8.2724	
981	32.758	33.181	34.796	16.572	10.626	8.2804	
982	32.719	33.143	34.763	16.566	10.621	8.2707	
983	32.68	33.106	34.731	16.562	10.623	8.2828	
984	32.641	33.068	34.698	16.548	10.613	8.2676	
985	32.602	33.031	34.666	16.546	10.617	8.2362	
986	32.564	32.994	34.634	16.573	10.595	8.2584	
987	32.526	32.957	34.601	16.537	10.591	8.2149	
988	32.488	32.92	34.569	16.532	10.56	8.1936	
989	32.45	32.884	34.538	16.524	10.566	8.1933	
990	32.412	32.847	34.506	16.52	10.547	8.1876	
991	32.375	32.811	34.474	16.519	10.55	8.1676	
992	32.337	32.774	34.442	16.52	10.545	8.1802	
993	32.3	32.738	34.411	16.509	10.544	8.1739	
994	32.263	32.702	34.379	16.517	10.548	8.1768	
995	32.226	32.666	34.348	16.503	10.54	8.1619	
996	32.189	32.631	34.317	16.496	10.533	8.1554	
997	32.153	32.595	34.286	16.504	10.529	8.1444	
998	32.116	32.559	34.255	16.493	10.516	8.1417	
999	32.08	32.524	34.224	16.483	10.502	8.1776	
1000	32.044	32.489	34.193	16.5	10.478	8.1157	
1001	32.008	32.454	34.162	16.464	10.53	8.0949	
1002	31.972	32.419	34.131	16.485	10.51	8.0982	
1003	31.936	32.384	34.101	16.476	10.477	8.0989	
1004	31.901	32.349	34.07	16.475	10.443	8.0759	
1005	31.865	32.314	34.04	16.439	10.542	8.1117	
1006	31.83	32.28	34.009	16.467	10.428	8.1096	
1007	31.795	32.245	33.979	16.465	10.492	8.0327	
1008	31.76	32.211	33.949	16.449	10.484	8.0563	
1009	31.725	32.177	33.919	16.429	10.432	8.0496	
1010	31.691	32.143	33.889	16.466	10.451	8.0414	
1011	31.656	32.109	33.859	16.433	10.444	8.0428	
1012	31.622	32.075	33.829	16.438	10.431	8.0143	
1013	31.587	32.041	33.8	16.434	10.414	8.0082	
1014	31.553	32.008	33.77	16.435	10.394	8.0042	
1015	31.519	31.974	33.74	16.437	10.4	7.9932	
1016	31.485	31.941	33.711	16.413	10.402	8.087	
1017	31.452	31.907	33.681	16.395	10.365	7.9546	
1018	31.418	31.874	33.652	16.391	10.366	7.9748	
1019	31.385	31.841	33.623	16.377	10.349	7.938	
1020	31.352	31.808	33.594	16.428	10.409	7.9076	
1021	31.318	31.775	33.565	16.344	10.406	7.9482	
1022	31.285	31.743	33.536	16.399	10.335	7.9468	
1023	31.252	31.71	33.507	16.418	10.322	7.9437	
1024	31.22	31.677	33.478	16.374	10.301	7.9785	
1025	31.187	31.645	33.449	16.416	10.31	7.9159	
1026	31.154	31.613	33.421	16.38	10.359	7.8728	
1027	31.122	31.58	33.392	16.414	10.241	7.8987	
1028	31.09	31.548	33.363	16.371	10.339	7.8451	
1029	31.058	31.516	33.335	16.355	10.283	7.8299	
1030	31.026	31.484	33.307	16.359	10.328	7.903	
1031	30.994	31.453	33.278	16.422	10.333	7.9249	
1032	30.962	31.421	33.25	16.316	10.327	7.8632	
1033	30.93	31.389	33.222	16.382	10.287	7.887	
1034	30.899	31.358	33.194	16.356	10.309	7.8533	
1035	30.868	31.326	33.166	16.379	10.251	7.9231	
1036	30.836	31.295	33.138	16.253	10.285	7.8388	
1037	30.805	31.264	33.11	16.397	10.175	7.8035	
1038	30.774	31.233	33.082	16.319	10.24	7.9786	
1039	30.743	31.202	33.055	16.361	10.29	7.9209	
1040	30.712	31.171	33.027	16.298	10.088	7.8087	
1041	30.682	31.14	32.999	16.335	10.216	7.8567	
1042	30.651	31.109	32.972	16.445	10.238	7.6434	
1043	30.621	31.079	32.945	16.412	10.176	7.6925	
1044	30.59	31.048	32.917	16.267	10.268	7.7417	
1045	30.56	31.018	32.89	16.308	10.204	7.7873	
1046	30.53	30.987	32.863	16.204	10.35	7.5825	
1047	30.5	30.957	32.836	16.266	10.039	7.7932	
1048	30.47	30.927	32.809	16.229	10.157	7.8069	
1049	30.44	30.897	32.782	16.299	10.171	7.7236	
1050	30.411	30.867	32.755	16.276	10.083	7.8107	
1051	30.381	30.837	32.728	16.278	10.17	7.7396	
1052	30.352	30.807	32.701	16.273	10.161	7.7044	
1053	30.322	30.777	32.674	16.277	10.167	7.7231	
1054	30.293	30.748	32.648	16.277	10.148	7.7089	
1055	30.264	30.718	32.621	16.277	10.167	7.6972	
1056	30.235	30.689	32.594	16.273	10.135	7.687	
1057	30.206	30.659	32.568	16.269	10.153	7.6997	
1058	30.177	30.63	32.541	16.262	10.142	7.6709	
1059	30.148	30.601	32.515	16.247	10.134	7.6933	
1060	30.12	30.572	32.489	16.254	10.134	7.6648	
1061	30.091	30.543	32.463	16.263	10.116	7.6747	
1062	30.063	30.514	32.437	16.239	10.115	7.6648	
1063	30.035	30.485	32.41	16.235	10.098	7.6667	
1064	30.006	30.456	32.384	16.233	10.093	7.6472	
1065	29.978	30.427	32.358	16.225	10.087	7.629	
1066	29.95	30.399	32.333	16.232	10.086	7.618	
1067	29.922	30.37	32.307	16.223	10.089	7.6219	
1068	29.895	30.342	32.281	16.218	10.078	7.6284	
1069	29.867	30.313	32.255	16.223	10.054	7.6005	
1070	29.839	30.285	32.23	16.22	10.079	7.5985	
1071	29.812	30.257	32.204	16.218	10.063	7.599	
1072	29.784	30.229	32.178	16.202	10.065	7.5925	
1073	29.757	30.201	32.153	16.215	10.029	7.5661	
1074	29.73	30.173	32.128	16.199	10.044	7.5808	
1075	29.703	30.145	32.102	16.193	10.033	7.5517	
1076	29.676	30.117	32.077	16.201	10.022	7.5548	
1077	29.649	30.089	32.052	16.189	10.024	7.5511	
1078	29.622	30.062	32.026	16.185	10.008	7.5417	
1079	29.595	30.034	32.001	16.186	10.022	7.5314	
1080	29.568	30.007	31.976	16.186	10.011	7.5387	
1081	29.542	29.979	31.951	16.179	10.01	7.5348	
1082	29.515	29.952	31.926	16.172	10.007	7.5257	
1083	29.489	29.925	31.901	16.18	9.9947	7.5117	
1084	29.463	29.897	31.877	16.172	9.995	7.5129	
1085	29.437	29.87	31.852	16.166	9.9914	7.5014	
1086	29.41	29.843	31.827	16.171	9.9923	7.5038	
1087	29.384	29.816	31.802	16.156	9.9873	7.4945	
1088	29.358	29.789	31.778	16.166	9.9817	7.4997	
1089	29.333	29.763	31.753	16.159	9.9779	7.4821	
1090	29.307	29.736	31.729	16.158	9.9803	7.4881	
1091	29.281	29.709	31.704	16.153	9.9785	7.4853	
1092	29.256	29.682	31.68	16.144	9.9565	7.4715	
1093	29.23	29.656	31.656	16.148	9.9506	7.4729	
1094	29.205	29.629	31.631	16.141	9.9601	7.4722	
1095	29.179	29.603	31.607	16.15	9.9318	7.4483	
1096	29.154	29.577	31.583	16.144	9.9407	7.4519	
1097	29.129	29.55	31.559	16.13	9.9283	7.4383	
1098	29.104	29.524	31.535	16.124	9.9234	7.4168	
1099	29.079	29.498	31.511	16.123	9.9232	7.4195	
1100	29.054	29.472	31.487	16.113	9.9178	7.4139	
1101	29.029	29.446	31.463	16.124	9.9056	7.3964	
1102	29.004	29.42	31.439	16.116	9.8945	7.3888	
1103	28.98	29.394	31.415	16.109	9.8791	7.3797	
1104	28.955	29.369	31.391	16.105	9.888	7.3786	
1105	28.93	29.343	31.367	16.097	9.8862	7.3711	
1106	28.906	29.317	31.344	16.101	9.8753	7.3644	
1107	28.882	29.292	31.32	16.09	9.8672	7.3615	
1108	28.857	29.266	31.297	16.098	9.873	7.3533	
1109	28.833	29.241	31.273	16.089	9.8628	7.35	
1110	28.809	29.215	31.25	16.087	9.8562	7.3493	
1111	28.785	29.19	31.226	16.086	9.8575	7.3426	
1112	28.761	29.165	31.203	16.085	9.8439	7.3361	
1113	28.737	29.139	31.18	16.085	9.8491	7.3346	
1114	28.713	29.114	31.156	16.08	9.8466	7.3305	
1115	28.69	29.089	31.133	16.077	9.8484	7.3291	
1116	28.666	29.064	31.11	16.078	9.8409	7.3321	
1117	28.642	29.039	31.087	16.079	9.8416	7.3209	
1118	28.619	29.014	31.064	16.072	9.8334	7.3214	
1119	28.595	28.99	31.041	16.06	9.8347	7.3015	
1120	28.572	28.965	31.018	16.068	9.8313	7.2924	
1121	28.549	28.94	30.995	16.067	9.8176	7.2878	
1122	28.525	28.915	30.972	16.06	9.8063	7.2978	
1123	28.502	28.891	30.949	16.048	9.8069	7.2903	
1124	28.479	28.866	30.926	16.063	9.8076	7.2673	
1125	28.456	28.842	30.903	16.054	9.7979	7.2623	
1126	28.433	28.818	30.881	16.058	9.8085	7.2676	
1127	28.41	28.793	30.858	16.033	9.7894	7.2435	
1128	28.388	28.769	30.835	16.033	9.7801	7.246	
1129	28.365	28.745	30.813	16.039	9.78	7.2589	
1130	28.342	28.721	30.79	16.029	9.784	7.2303	
1131	28.32	28.696	30.768	16.028	9.7661	7.2327	
1132	28.297	28.672	30.745	16.029	9.7641	7.2224	
1133	28.275	28.648	30.723	16.022	9.7746	7.22	
1134	28.252	28.625	30.701	16.013	9.7404	7.2208	
1135	28.23	28.601	30.678	16.016	9.7516	7.1929	
1136	28.208	28.577	30.656	16.019	9.733	7.2045	
1137	28.186	28.553	30.634	16.012	9.7186	7.2018	
1138	28.163	28.529	30.612	16.011	9.7314	7.1817	
1139	28.141	28.506	30.59	16.007	9.7294	7.188	
1140	28.119	28.482	30.567	16	9.711	7.1734	
1141	28.098	28.459	30.545	16.013	9.7229	7.1701	
1142	28.076	28.435	30.523	16.009	9.7157	7.1425	
1143	28.054	28.412	30.501	15.991	9.7047	7.1754	
1144	28.032	28.389	30.48	15.991	9.6948	7.1627	
1145	28.011	28.365	30.458	15.994	9.7082	7.1617	
1146	27.989	28.342	30.436	15.991	9.6734	7.1488	
1147	27.968	28.319	30.414	15.987	9.6773	7.1375	
1148	27.946	28.296	30.392	15.993	9.6824	7.1398	
1149	27.925	28.273	30.371	15.982	9.6859	7.1336	
1150	27.903	28.25	30.349	15.971	9.6696	7.1285	
1151	27.882	28.227	30.327	15.973	9.6557	7.1144	
1152	27.861	28.204	30.306	15.974	9.6664	7.1066	
1153	27.84	28.181	30.284	15.967	9.6521	7.0941	
1154	27.819	28.158	30.263	15.961	9.6519	7.0958	
1155	27.798	28.135	30.241	15.966	9.6506	7.0979	
1156	27.777	28.112	30.22	15.955	9.6498	7.0837	
1157	27.756	28.09	30.198	15.955	9.6421	7.0727	
1158	27.735	28.067	30.177	15.956	9.6421	7.0731	
1159	27.714	28.045	30.156	15.96	9.6267	7.0708	
1160	27.694	28.022	30.134	15.957	9.628	7.0722	
1161	27.673	28	30.113	15.947	9.6061	7.0769	
1162	27.652	27.977	30.092	15.943	9.6372	7.0503	
1163	27.632	27.955	30.071	15.932	9.6109	7.0423	
1164	27.611	27.933	30.05	15.933	9.5892	7.0355	
1165	27.591	27.91	30.029	15.926	9.6021	7.0251	
1166	27.571	27.888	30.008	15.934	9.5923	7.0232	
1167	27.55	27.866	29.987	15.935	9.6092	7.0307	
1168	27.53	27.844	29.966	15.925	9.5875	7.0159	
1169	27.51	27.822	29.945	15.919	9.579	7.0094	
1170	27.49	27.8	29.924	15.923	9.5874	6.9969	
1171	27.47	27.778	29.903	15.918	9.5745	6.9927	
1172	27.45	27.756	29.882	15.915	9.5753	6.9904	
1173	27.43	27.734	29.862	15.913	9.572	6.9898	
1174	27.41	27.712	29.841	15.912	9.5717	6.9855	
1175	27.39	27.691	29.82	15.911	9.5671	6.9893	
1176	27.37	27.669	29.799	15.909	9.5553	6.9753	
1177	27.35	27.647	29.779	15.913	9.5548	6.9734	
1178	27.331	27.626	29.758	15.902	9.5491	6.9642	
1179	27.311	27.604	29.738	15.902	9.5544	6.9693	
1180	27.292	27.582	29.717	15.901	9.5467	6.9584	
1181	27.272	27.561	29.697	15.901	9.5467	6.9598	
1182	27.253	27.54	29.676	15.894	9.5385	6.9547	
1183	27.233	27.518	29.656	15.897	9.537	6.95	
1184	27.214	27.497	29.635	15.892	9.532	6.9421	
1185	27.195	27.476	29.615	15.883	9.531	6.946	
1186	27.175	27.454	29.595	15.885	9.5219	6.9289	
1187	27.156	27.433	29.575	15.884	9.5224	6.9354	
1188	27.137	27.412	29.554	15.877	9.523	6.9241	
1189	27.118	27.391	29.534	15.882	9.5084	6.9071	
1190	27.099	27.37	29.514	15.876	9.5137	6.9197	
1191	27.08	27.349	29.494	15.87	9.5099	6.9094	
1192	27.061	27.328	29.474	15.871	9.4961	6.8957	
1193	27.042	27.307	29.454	15.868	9.4961	6.8932	
1194	27.023	27.286	29.434	15.862	9.5027	6.9035	
1195	27.005	27.265	29.414	15.874	9.474	6.8908	
1196	26.986	27.244	29.394	15.86	9.4905	6.8699	
1197	26.967	27.224	29.374	15.862	9.4762	6.8911	
1198	26.949	27.203	29.354	15.852	9.4631	6.8864	
1199	26.93	27.182	29.334	15.851	9.477	6.8633	
1200	26.911	27.162	29.314	15.858	9.4625	6.8505	
1201	26.893	27.141	29.295	15.861	9.4796	6.8706	
1202	26.875	27.12	29.275	15.841	9.4636	6.8566	
1203	26.856	27.1	29.255	15.848	9.4582	6.8337	
1204	26.838	27.079	29.235	15.851	9.4464	6.8183	
1205	26.82	27.059	29.216	15.832	9.4472	6.8323	
1206	26.801	27.039	29.196	15.836	9.466	6.8321	
1207	26.783	27.018	29.177	15.846	9.4633	6.8204	
1208	26.765	26.998	29.157	15.832	9.4402	6.8124	
1209	26.747	26.978	29.138	15.836	9.4279	6.8174	
1210	26.729	26.958	29.118	15.829	9.4198	6.7981	
1211	26.711	26.938	29.099	15.824	9.4014	6.7811	
1212	26.693	26.917	29.079	15.822	9.4159	6.7865	
1213	26.675	26.897	29.06	15.831	9.4125	6.7945	
1214	26.657	26.877	29.04	15.818	9.422	6.771	
1215	26.639	26.857	29.021	15.827	9.4065	6.7776	
1216	26.622	26.837	29.002	15.816	9.3902	6.7962	
1217	26.604	26.817	28.983	15.82	9.3945	6.7799	
1218	26.586	26.798	28.963	15.792	9.3676	6.7812	
1219	26.569	26.778	28.944	15.814	9.3787	6.7488	
1220	26.551	26.758	28.925	15.812	9.3724	6.7566	
1221	26.534	26.738	28.906	15.792	9.3678	6.7577	
1222	26.516	26.718	28.887	15.806	9.4041	6.7482	
1223	26.499	26.699	28.868	15.808	9.3612	6.7497	
1224	26.481	26.679	28.849	15.802	9.3661	6.7322	
1225	26.464	26.66	28.83	15.793	9.3623	6.7376	
1226	26.447	26.64	28.811	15.803	9.3763	6.7294	
1227	26.43	26.62	28.792	15.81	9.3589	6.7325	
1228	26.412	26.601	28.773	15.774	9.3448	6.7237	
1229	26.395	26.581	28.754	15.767	9.3236	6.7278	
1230	26.378	26.562	28.735	15.774	9.3573	6.7086	
1231	26.361	26.543	28.716	15.796	9.3605	6.676	
1232	26.344	26.523	28.697	15.789	9.3331	6.7336	
1233	26.327	26.504	28.679	15.803	9.3612	6.6865	
1234	26.31	26.485	28.66	15.779	9.3636	6.7088	
1235	26.293	26.466	28.641	15.762	9.3504	6.6856	
1236	26.276	26.446	28.622	15.776	9.3508	6.7156	
1237	26.259	26.427	28.604	15.771	9.3581	6.6932	
1238	26.243	26.408	28.585	15.803	9.3178	6.7029	
1239	26.226	26.389	28.567	15.735	9.3726	6.7182	
1240	26.209	26.37	28.548	15.732	9.2717	6.6779	
1241	26.193	26.351	28.529	15.745	9.341	6.6356	
1242	26.176	26.332	28.511	15.735	9.3044	6.6996	
1243	26.159	26.313	28.492	15.764	9.3127	6.761	
1244	26.143	26.294	28.474	15.782	9.3076	6.6586	
1245	26.126	26.276	28.456	15.721	9.362	6.5928	
1246	26.11	26.257	28.437	15.748	9.298	6.6041	
1247	26.094	26.238	28.419	15.731	9.2333	6.6094	
1248	26.077	26.219	28.4	15.743	9.2731	6.5843	
1249	26.061	26.201	28.382	15.775	9.2931	6.6536	
1250	26.045	26.182	28.364	15.753	9.3398	6.5861	
1251	26.028	26.163	28.346	15.739	9.2561	6.6486	
1252	26.012	26.145	28.327	15.709	9.2021	6.5795	
1253	25.996	26.126	28.309	15.708	9.3079	6.5872	
1254	25.98	26.108	28.291	15.716	9.2289	6.5936	
1255	25.964	26.089	28.273	15.74	9.2415	6.623	
1256	25.948	26.071	28.255	15.719	9.2629	6.5966	
1257	25.932	26.052	28.237	15.717	9.2216	6.5567	
1258	25.916	26.034	28.219	15.725	9.2458	6.548	
1259	25.9	26.015	28.201	15.694	9.2312	6.5771	
1260	25.884	25.997	28.183	15.709	9.2387	6.553	
1261	25.868	25.979	28.165	15.706	9.2178	6.5473	
1262	25.852	25.961	28.147	15.689	9.2162	6.5425	
1263	25.837	25.942	28.129	15.706	9.2186	6.5313	
1264	25.821	25.924	28.111	15.682	9.2026	6.5444	
1265	25.805	25.906	28.093	15.708	9.2245	6.5324	
1266	25.79	25.888	28.075	15.696	9.2306	6.5176	
1267	25.774	25.87	28.057	15.709	9.2023	6.5414	
1268	25.758	25.852	28.04	15.714	9.2095	6.5453	
1269	25.743	25.834	28.022	15.701	9.2186	6.5538	
1270	25.727	25.816	28.004	15.696	9.198	6.5367	
1271	25.712	25.798	27.986	15.683	9.2039	6.5136	
1272	25.697	25.78	27.969	15.688	9.2189	6.5472	
1273	25.681	25.762	27.951	15.705	9.2243	6.5247	
1274	25.666	25.744	27.933	15.701	9.2005	6.5306	
1275	25.65	25.726	27.916	15.686	9.1823	6.4939	
1276	25.635	25.709	27.898	15.699	9.2087	6.5205	
1277	25.62	25.691	27.881	15.663	9.1993	6.5191	
1278	25.605	25.673	27.863	15.665	9.1892	6.5112	
1279	25.589	25.655	27.846	15.681	9.1589	6.4593	
1280	25.574	25.638	27.828	15.675	9.156	6.4798	
1281	25.559	25.62	27.811	15.682	9.1567	6.4748	
1282	25.544	25.603	27.793	15.676	9.169	6.4949	
1283	25.529	25.585	27.776	15.656	9.1537	6.4527	
1284	25.514	25.567	27.758	15.632	9.1916	6.4591	
1285	25.499	25.55	27.741	15.644	9.1608	6.4782	
1286	25.484	25.533	27.724	15.669	9.1557	6.4463	
1287	25.469	25.515	27.706	15.652	9.1412	6.4697	
1288	25.455	25.498	27.689	15.663	9.1606	6.4591	
1289	25.44	25.48	27.672	15.652	9.1422	6.4344	
1290	25.425	25.463	27.655	15.657	9.1551	6.4376	
1291	25.41	25.446	27.637	15.64	9.1345	6.4164	
1292	25.395	25.428	27.62	15.656	9.1345	6.4736	
1293	25.381	25.411	27.603	15.647	9.1239	6.4379	
1294	25.366	25.394	27.586	15.668	9.1578	6.4281	
1295	25.352	25.377	27.569	15.646	9.1369	6.3954	
1296	25.337	25.36	27.552	15.653	9.1292	6.3926	
1297	25.322	25.342	27.535	15.651	9.0942	6.4387	
1298	25.308	25.325	27.518	15.631	9.1357	6.4042	
1299	25.293	25.308	27.501	15.641	9.0837	6.373	
1300	25.279	25.291	27.484	15.624	9.1037	6.3995	
1301	25.265	25.274	27.467	15.641	9.126	6.3705	
1302	25.25	25.257	27.45	15.611	9.0799	6.4187	
1303	25.236	25.24	27.433	15.637	9.1245	6.3851	
1304	25.221	25.223	27.416	15.648	9.1135	6.3952	
1305	25.207	25.206	27.399	15.652	9.0861	6.3467	
1306	25.193	25.19	27.382	15.629	9.1235	6.3831	
1307	25.179	25.173	27.366	15.62	9.108	6.3954	
1308	25.165	25.156	27.349	15.613	9.0891	6.388	
1309	25.15	25.139	27.332	15.62	9.0991	6.3783	
1310	25.136	25.122	27.315	15.612	9.0767	6.3653	
1311	25.122	25.106	27.299	15.62	9.0461	6.3913	
1312	25.108	25.089	27.282	15.608	9.0606	6.3221	
1313	25.094	25.072	27.265	15.613	9.0866	6.3847	
1314	25.08	25.056	27.248	15.607	9.0596	6.3495	
1315	25.066	25.039	27.232	15.602	9.0327	6.3262	
1316	25.052	25.023	27.215	15.629	8.9941	6.3194	
1317	25.038	25.006	27.199	15.605	9.0557	6.3822	
1318	25.024	24.99	27.182	15.589	9.0545	6.3601	
1319	25.011	24.973	27.166	15.631	9.0479	6.354	
1320	24.997	24.957	27.149	15.574	9.0367	6.3584	
1321	24.983	24.94	27.133	15.612	9.0226	6.3347	
1322	24.969	24.924	27.116	15.601	8.9983	6.2378	
1323	24.956	24.907	27.1	15.554	9.0135	6.278	
1324	24.942	24.891	27.083	15.608	9.0519	6.2872	
1325	24.928	24.875	27.067	15.621	8.9865	6.3038	
1326	24.915	24.858	27.05	15.629	8.988	6.2721	
1327	24.901	24.842	27.034	15.6	9.0561	6.2622	
1328	24.887	24.826	27.018	15.561	8.9618	6.3632	
1329	24.874	24.81	27.001	15.563	8.9748	6.2771	
1330	24.86	24.794	26.985	15.621	9.0407	6.2531	
1331	24.847	24.777	26.969	15.566	9.0607	6.3246	
1332	24.833	24.761	26.953	15.561	8.9719	6.418	
1333	24.82	24.745	26.936	15.578	9.0236	6.2824	
1334	24.807	24.729	26.92	15.6	8.9906	6.2743	
1335	24.793	24.713	26.904	15.55	9.0051	6.153	
1336	24.78	24.697	26.888	15.537	9.0374	6.3185	
1337	24.767	24.681	26.872	15.618	8.9803	6.1591	
1338	24.753	24.665	26.856	15.535	9.048	6.2468	
1339	24.74	24.649	26.839	15.561	9.032	6.2708	
1340	24.727	24.633	26.823	15.593	9.0077	6.1586	
1341	24.714	24.617	26.807	15.666	8.8259	6.2786	
1342	24.701	24.601	26.791	15.575	8.9248	6.4947	
1343	24.688	24.586	26.775	15.64	9.0003	6.4568	
1344	24.674	24.57	26.759	15.52	9.0383	6.2736	
1345	24.661	24.554	26.743	15.567	9.1261	6.2256	
1346	24.648	24.538	26.727	15.405	8.8527	6.0078	
1347	24.635	24.522	26.711	15.559	9.1196	5.8337	
1348	24.622	24.507	26.695	15.504	9.1334	6.1728	
1349	24.609	24.491	26.68	15.419	9.278	6.2167	
1350	24.596	24.475	26.664	15.265	9.0644	6.2217	
1351	24.584	24.46	26.648	15.503	8.9301	5.9253	
1352	24.571	24.444	26.632	15.455	8.8241	6.3825	
1353	24.558	24.429	26.616	15.547	8.3823	6.2501	
1354	24.545	24.413	26.6	15.469	9.3073	6.3855	
1355	24.532	24.398	26.585	15.712	8.773	5.6078	
1356	24.519	24.382	26.569	15.648	9.1567	6.0752	
1357	24.507	24.367	26.553	15.444	9.0441	6.2724	
1358	24.494	24.351	26.538	16.248	9.371	6.3795	
1359	24.481	24.336	26.522	16.262	8.6908	6.918	
1426	23.689	23.355	25.515	15.655	9.2987	6.337	
1427	23.677	23.341	25.501	15.544	8.6458	6.0444	
1428	23.666	23.327	25.486	15.394	8.841	5.6434	
1429	23.655	23.314	25.472	15.638	8.6618	5.8162	
1430	23.645	23.3	25.458	15.645	8.8034	5.8313	
1431	23.634	23.286	25.443	15.324	8.9254	6.1083	
1432	23.623	23.272	25.429	15.558	8.5618	5.8907	
1433	23.612	23.258	25.415	15.35	8.5981	5.8503	
1434	23.601	23.245	25.4	15.504	8.9164	6.1849	
1435	23.59	23.231	25.386	15.523	8.856	5.7635	
1436	23.579	23.217	25.372	15.531	8.646	5.9371	
1437	23.568	23.204	25.358	15.437	8.9074	5.8618	
1438	23.557	23.19	25.343	15.329	8.6594	5.9473	
1439	23.547	23.176	25.329	15.448	8.7878	5.9026	
1440	23.536	23.163	25.315	15.332	8.7869	5.8234	
1441	23.525	23.149	25.301	15.418	8.6815	6.0523	
1442	23.514	23.135	25.287	15.471	8.6178	5.804	
1443	23.504	23.122	25.273	15.352	8.745	5.9607	
1444	23.493	23.108	25.258	15.461	8.7728	5.754	
1445	23.482	23.095	25.244	15.33	8.7337	5.8418	
1446	23.472	23.081	25.23	15.463	8.6349	5.8148	
1447	23.461	23.068	25.216	15.435	8.7027	5.7187	
1448	23.451	23.054	25.202	15.418	8.6759	5.8657	
1449	23.44	23.041	25.188	15.369	8.7286	5.8616	
1450	23.429	23.027	25.174	15.389	8.7223	5.7667	
1451	23.419	23.014	25.16	15.439	8.6835	5.8613	
1452	23.408	23.001	25.146	15.461	8.7416	5.9121	
1453	23.398	22.987	25.132	15.432	8.7434	5.9344	
1454	23.387	22.974	25.118	15.347	8.6775	5.7013	
1455	23.377	22.961	25.104	15.416	8.7501	5.778	
1456	23.366	22.947	25.09	15.442	8.7139	5.8162	
1457	23.356	22.934	25.076	15.384	8.5911	5.8161	
1458	23.346	22.921	25.062	15.382	8.7003	5.8269	
1459	23.335	22.907	25.049	15.364	8.5653	5.7475	
1460	23.325	22.894	25.035	15.406	8.6329	5.8577	
1461	23.315	22.881	25.021	15.425	8.6263	5.8131	
1462	23.304	22.868	25.007	15.392	8.6402	5.8205	
1463	23.294	22.855	24.993	15.378	8.6426	5.7707	
1464	23.284	22.841	24.979	15.356	8.6674	5.7556	
1465	23.273	22.828	24.966	15.367	8.7009	5.7782	
1466	23.263	22.815	24.952	15.362	8.5979	5.8152	
1467	23.253	22.802	24.938	15.382	8.6242	5.8072	
1468	23.243	22.789	24.924	15.351	8.6378	5.7845	
1469	23.233	22.776	24.911	15.375	8.6157	5.7777	
1470	23.222	22.763	24.897	15.368	8.6027	5.7829	
1471	23.212	22.75	24.883	15.371	8.6274	5.7814	
1472	23.202	22.737	24.87	15.372	8.6286	5.7604	
1473	23.192	22.724	24.856	15.361	8.64	5.7729	
1474	23.182	22.711	24.842	15.364	8.6233	5.7729	
1475	23.172	22.698	24.829	15.367	8.6216	5.7631	
1476	23.162	22.685	24.815	15.361	8.6167	5.7547	
1477	23.152	22.672	24.802	15.367	8.6407	5.7684	
1478	23.142	22.659	24.788	15.372	8.6251	5.7501	
1479	23.132	22.646	24.774	15.364	8.6199	5.7574	
1480	23.122	22.633	24.761	15.365	8.6238	5.7479	
1481	23.112	22.621	24.747	15.366	8.6113	5.7261	
1482	23.102	22.608	24.734	15.361	8.6283	5.7517	
1483	23.092	22.595	24.72	15.362	8.62	5.7472	
1484	23.082	22.582	24.707	15.378	8.6195	5.7384	
1485	23.072	22.569	24.693	15.355	8.6304	5.737	
1486	23.062	22.557	24.68	15.356	8.5946	5.6973	
1487	23.052	22.544	24.667	15.348	8.6228	5.7008	
1488	23.043	22.531	24.653	15.36	8.6145	5.7232	
1489	23.033	22.518	24.64	15.361	8.6151	5.7038	
1490	23.023	22.506	24.626	15.362	8.5895	5.747	
1491	23.013	22.493	24.613	15.345	8.6053	5.698	
1492	23.003	22.48	24.6	15.351	8.5961	5.7165	
1493	22.994	22.468	24.586	15.341	8.5614	5.7088	
1494	22.984	22.455	24.573	15.341	8.5719	5.697	
1495	22.974	22.442	24.56	15.332	8.5697	5.6877	
1496	22.965	22.43	24.546	15.36	8.6007	5.7053	
1497	22.955	22.417	24.533	15.331	8.5842	5.694	
1498	22.945	22.405	24.52	15.364	8.5808	5.6957	
1499	22.936	22.392	24.507	15.346	8.5729	5.7135	
1500	22.926	22.38	24.493	15.338	8.5688	5.6944	
1501	22.916	22.367	24.48	15.324	8.5615	5.6481	
1502	22.907	22.355	24.467	15.341	8.5663	5.6767	
1503	22.897	22.342	24.454	15.337	8.5858	5.6658	
1504	22.888	22.33	24.441	15.331	8.5525	5.6375	
1505	22.878	22.317	24.427	15.336	8.5556	5.6753	
1506	22.869	22.305	24.414	15.327	8.5511	5.6423	
1507	22.859	22.293	24.401	15.311	8.5398	5.6658	
1508	22.85	22.28	24.388	15.308	8.5416	5.6703	
1509	22.84	22.268	24.375	15.345	8.5427	5.6533	
1510	22.831	22.256	24.362	15.333	8.5601	5.6374	
1511	22.821	22.243	24.349	15.339	8.555	5.6471	
1512	22.812	22.231	24.336	15.33	8.5822	5.6517	
1513	22.802	22.219	24.323	15.364	8.5032	5.6648	
1514	22.793	22.206	24.309	15.322	8.5396	5.6835	
1515	22.784	22.194	24.296	15.295	8.5603	5.6483	
1516	22.774	22.182	24.283	15.318	8.5056	5.6522	
1517	22.765	22.17	24.27	15.315	8.5658	5.6102	
1518	22.756	22.157	24.257	15.295	8.5482	5.6359	
1519	22.747	22.145	24.245	15.297	8.5464	5.6432	
1520	22.737	22.133	24.232	15.291	8.534	5.6375	
1521	22.728	22.121	24.219	15.314	8.4871	5.5673	
1522	22.719	22.109	24.206	15.294	8.5187	5.5965	
1523	22.709	22.097	24.193	15.298	8.5355	5.6022	
1524	22.7	22.084	24.18	15.33	8.5488	5.6586	
1525	22.691	22.072	24.167	15.314	8.5414	5.6269	
1526	22.682	22.06	24.154	15.292	8.5151	5.6013	
1527	22.673	22.048	24.141	15.3	8.528	5.6024	
1528	22.664	22.036	24.128	15.288	8.5465	5.6141	
1529	22.654	22.024	24.116	15.293	8.4942	5.5902	
1530	22.645	22.012	24.103	15.303	8.5058	5.6026	
1531	22.636	22	24.09	15.28	8.4914	5.604	
1532	22.627	21.988	24.077	15.308	8.4916	5.603	
1533	22.618	21.976	24.065	15.284	8.4702	5.5967	
1534	22.609	21.964	24.052	15.305	8.4793	5.6376	
1535	22.6	21.952	24.039	15.298	8.4926	5.5712	
1536	22.591	21.94	24.026	15.276	8.4891	5.5791	
1537	22.582	21.928	24.014	15.283	8.4941	5.5846	
1538	22.573	21.917	24.001	15.277	8.5252	5.5789	
1539	22.564	21.905	23.988	15.294	8.4816	5.577	
1540	22.555	21.893	23.976	15.287	8.4628	5.578	
1541	22.546	21.881	23.963	15.275	8.4525	5.5494	
1542	22.537	21.869	23.95	15.281	8.4651	5.5754	
1543	22.528	21.857	23.938	15.279	8.4722	5.544	
1544	22.519	21.846	23.925	15.282	8.4897	5.5788	
1545	22.511	21.834	23.912	15.263	8.493	5.5536	
1546	22.502	21.822	23.9	15.278	8.4662	5.5539	
1547	22.493	21.81	23.887	15.274	8.4734	5.5453	
1548	22.484	21.799	23.875	15.277	8.4642	5.5399	
1549	22.475	21.787	23.862	15.277	8.4838	5.5347	
1550	22.466	21.775	23.85	15.282	8.4621	5.5433	
1551	22.458	21.763	23.837	15.26	8.4848	5.5405	
1552	22.449	21.752	23.825	15.272	8.4641	5.5476	
1553	22.44	21.74	23.812	15.253	8.4528	5.5522	
1554	22.431	21.729	23.8	15.262	8.4672	5.5335	
1555	22.423	21.717	23.787	15.281	8.442	5.52	
1556	22.414	21.705	23.775	15.259	8.4567	5.5561	
1557	22.405	21.694	23.762	15.253	8.4481	5.5181	
1558	22.397	21.682	23.75	15.256	8.4504	5.5207	
1559	22.388	21.671	23.737	15.276	8.4324	5.4932	
1560	22.379	21.659	23.725	15.271	8.4614	5.517	
1561	22.371	21.647	23.713	15.28	8.463	5.5073	
1562	22.362	21.636	23.7	15.286	8.4263	5.5184	
1563	22.353	21.624	23.688	15.246	8.4494	5.5213	
1564	22.345	21.613	23.675	15.253	8.4738	5.4959	
1565	22.336	21.601	23.663	15.26	8.475	5.4892	
1566	22.328	21.59	23.651	15.25	8.4211	5.471	
1567	22.319	21.579	23.639	15.272	8.4036	5.5013	
1568	22.311	21.567	23.626	15.254	8.4459	5.5132	
1569	22.302	21.556	23.614	15.273	8.4673	5.5183	
1570	22.294	21.544	23.602	15.258	8.4541	5.5109	
1571	22.285	21.533	23.589	15.251	8.43	5.5032	
1572	22.277	21.522	23.577	15.247	8.4216	5.516	
1573	22.268	21.51	23.565	15.253	8.4038	5.4898	
1574	22.26	21.499	23.553	15.271	8.4254	5.4739	
1575	22.251	21.488	23.54	15.231	8.4078	5.4942	
1576	22.243	21.476	23.528	15.249	8.3978	5.4296	
1577	22.234	21.465	23.516	15.217	8.3749	5.4756	
1578	22.226	21.454	23.504	15.237	8.4288	5.4607	
1579	22.218	21.442	23.492	15.228	8.4205	5.4795	
1580	22.209	21.431	23.48	15.239	8.3869	5.4487	
1581	22.201	21.42	23.468	15.234	8.4189	5.4105	
1582	22.193	21.409	23.455	15.257	8.4008	5.48	
1583	22.184	21.397	23.443	15.226	8.4345	5.4544	
1584	22.176	21.386	23.431	15.259	8.3606	5.4227	
1585	22.168	21.375	23.419	15.244	8.4289	5.4566	
1586	22.16	21.364	23.407	15.233	8.3734	5.502	
1587	22.151	21.353	23.395	15.238	8.4237	5.4611	
1588	22.143	21.342	23.383	15.245	8.3774	5.3926	
1589	22.135	21.331	23.371	15.215	8.3875	5.4566	
1590	22.127	21.319	23.359	15.228	8.3519	5.4219	
1591	22.118	21.308	23.347	15.219	8.3652	5.442	
1592	22.11	21.297	23.335	15.22	8.4063	5.4059	
1593	22.102	21.286	23.323	15.242	8.3902	5.4055	
1594	22.094	21.275	23.311	15.227	8.3533	5.4718	
1595	22.086	21.264	23.299	15.251	8.3693	5.388	
1596	22.078	21.253	23.287	15.218	8.396	5.4089	
1597	22.069	21.242	23.275	15.224	8.3787	5.4234	
1598	22.061	21.231	23.263	15.233	8.3674	5.3693	
1599	22.053	21.22	23.251	15.229	8.3583	5.4027	
1600	22.045	21.209	23.239	15.215	8.372	5.3582	
1601	22.037	21.198	23.228	15.245	8.3609	5.4297	
1602	22.029	21.187	23.216	15.238	8.3485	5.3855	
1603	22.021	21.176	23.204	15.243	8.3307	5.3756	
1604	22.013	21.165	23.192	15.231	8.3665	5.3766	
1605	22.005	21.154	23.18	15.219	8.355	5.4195	
1606	21.997	21.144	23.168	15.218	8.3515	5.381	
1607	21.989	21.133	23.157	15.236	8.3546	5.3807	
1608	21.981	21.122	23.145	15.198	8.3743	5.3834	
1609	21.973	21.111	23.133	15.209	8.3542	5.3865	
1610	21.965	21.1	23.121	15.217	8.3669	5.3679	
1611	21.957	21.089	23.109	15.223	8.3448	5.3933	
1612	21.949	21.078	23.098	15.243	8.3307	5.3638	
1613	21.941	21.068	23.086	15.178	8.3644	5.3728	
1614	21.933	21.057	23.074	15.202	8.361	5.4227	
1615	21.926	21.046	23.063	15.227	8.3397	5.3958	
1616	21.918	21.035	23.051	15.22	8.3127	5.3666	
1617	21.91	21.025	23.039	15.246	8.3553	5.3936	
1618	21.902	21.014	23.027	15.226	8.3236	5.3726	
1619	21.894	21.003	23.016	15.199	8.3466	5.3731	
1620	21.886	20.993	23.004	15.181	8.3603	5.3781	
1621	21.879	20.982	22.992	15.208	8.3253	5.3494	
1622	21.871	20.971	22.981	15.178	8.3112	5.3902	
1623	21.863	20.961	22.969	15.171	8.3181	5.3343	
1624	21.855	20.95	22.958	15.213	8.3478	5.3601	
1625	21.847	20.939	22.946	15.221	8.3268	5.3138	
1626	21.84	20.929	22.934	15.189	8.3195	5.3457	
1627	21.832	20.918	22.923	15.194	8.2845	5.3273	
1628	21.824	20.907	22.911	15.187	8.3499	5.3401	
1629	21.817	20.897	22.9	15.19	8.342	5.3735	
1630	21.809	20.886	22.888	15.179	8.3391	5.3371	
1631	21.801	20.876	22.877	15.173	8.3154	5.3855	
1632	21.794	20.865	22.865	15.186	8.35	5.3166	
1633	21.786	20.855	22.854	15.203	8.3497	5.3381	
1634	21.778	20.844	22.842	15.171	8.297	5.3258	
1635	21.771	20.834	22.831	15.194	8.3312	5.3287	
1636	21.763	20.823	22.819	15.188	8.3212	5.3036	
1637	21.755	20.813	22.808	15.199	8.3059	5.3668	
1638	21.748	20.802	22.796	15.222	8.2801	5.3259	
1639	21.74	20.792	22.785	15.182	8.3194	5.2974	
1640	21.733	20.781	22.774	15.173	8.2818	5.3281	
1641	21.725	20.771	22.762	15.175	8.354	5.2891	
1642	21.718	20.76	22.751	15.205	8.2703	5.335	
1643	21.71	20.75	22.739	15.19	8.3112	5.2849	
1644	21.703	20.74	22.728	15.187	8.2906	5.3078	
1645	21.695	20.729	22.717	15.188	8.2927	5.329	
1646	21.688	20.719	22.705	15.208	8.31	5.2496	
1647	21.68	20.709	22.694	15.15	8.3281	5.3322	
1648	21.673	20.698	22.683	15.196	8.214	5.2562	
1649	21.665	20.688	22.671	15.203	8.3041	5.32	
1650	21.658	20.678	22.66	15.183	8.3097	5.3172	
1651	21.65	20.667	22.649	15.183	8.2823	5.2789	
1652	21.643	20.657	22.637	15.167	8.2903	5.2806	
1653	21.635	20.647	22.626	15.222	8.273	5.3132	
1654	21.628	20.636	22.615	15.187	8.2721	5.3	
1655	21.621	20.626	22.604	15.181	8.3124	5.2674	
1656	21.613	20.616	22.592	15.178	8.2858	5.2886	
1657	21.606	20.606	22.581	15.182	8.2736	5.2715	
1658	21.599	20.596	22.57	15.168	8.2909	5.2684	
1659	21.591	20.585	22.559	15.198	8.2389	5.2994	
1660	21.584	20.575	22.548	15.134	8.2013	5.3163	
1661	21.577	20.565	22.536	15.18	8.22	5.277	
1662	21.569	20.555	22.525	15.141	8.2754	5.2561	
1663	21.562	20.545	22.514	15.16	8.3068	5.3083	
1664	21.555	20.535	22.503	15.139	8.2076	5.1903	
1665	21.547	20.524	22.492	15.134	8.2768	5.2901	
1666	21.54	20.514	22.481	15.203	8.2376	5.2267	
1667	21.533	20.504	22.47	15.116	8.178	5.2636	
1668	21.526	20.494	22.458	15.094	8.2587	5.2816	
1669	21.519	20.484	22.447	15.177	8.2221	5.1642	
1670	21.511	20.474	22.436	15.177	8.3188	5.28	
1671	21.504	20.464	22.425	15.144	8.2985	5.1962	
1672	21.497	20.454	22.414	15.205	8.2434	5.1552	
1673	21.49	20.444	22.403	15.194	8.2671	5.2595	
1674	21.483	20.434	22.392	15.196	8.273	5.2443	
1675	21.475	20.424	22.381	15.123	8.1082	5.2754	
1676	21.468	20.414	22.37	15.177	8.2951	5.2414	
1677	21.461	20.404	22.359	15.141	8.2686	5.3115	
1678	21.454	20.394	22.348	15.131	8.1656	5.2901	
1679	21.447	20.384	22.337	15.153	8.2106	5.2576	
1680	21.44	20.374	22.326	15.136	8.2649	5.3272	
1681	21.433	20.364	22.315	15.15	8.3289	5.2473	
1682	21.426	20.354	22.304	15.105	8.2398	5.2015	
1683	21.419	20.344	22.293	15.132	8.2922	5.1972	
1684	21.412	20.334	22.282	15.112	8.2552	5.3479	
1685	21.404	20.324	22.271	15.14	8.0623	5.0309	
1686	21.397	20.315	22.26	15.254	8.287	5.2897	
1687	21.39	20.305	22.25	15.066	8.3556	5.4453	
1688	21.383	20.295	22.239	15.075	8.27	5.2045	
1689	21.376	20.285	22.228	15.151	8.2085	5.0922	
1690	21.369	20.275	22.217	15.044	8.425	5.2279	
1691	21.362	20.265	22.206	15.226	8.1621	5.1941	
1692	21.356	20.256	22.195	15.228	8.4692	5.2754	
1693	21.349	20.246	22.184	14.99	8.3545	5.5722	
1694	21.342	20.236	22.174	14.9	8.082	5.2263	
1695	21.335	20.226	22.163	15.192	8.4939	5.4261	
1696	21.328	20.216	22.152	15.082	8.2301	5.4347	
1697	21.321	20.207	22.141	15.142	8.3357	5.437	
1698	21.314	20.197	22.13	14.719	8.2576	4.9981	
1699	21.307	20.187	22.12	14.916	8.6842	5.3629	
1700	21.3	20.178	22.109	14.932	8.1696	5.1826	
