	65	70	75	65	70	75	
300	32.723	28.831	22.848	37.511	37.209	37.514	
301	32.483	28.51	22.419	37.295	36.907	37.453	
302	32.26	28.216	22.042	37.087	36.772	37.279	
303	32.053	27.947	21.711	37.019	36.553	37.024	
304	31.86	27.701	21.429	36.99	36.489	37.052	
305	31.683	27.48	21.194	36.884	36.423	36.867	
306	31.519	27.28	21.003	36.614	36.185	36.77	
307	31.368	27.102	20.856	36.511	36.277	36.641	
308	31.23	26.945	20.751	36.334	36.128	36.541	
309	31.103	26.808	20.684	36.365	35.959	36.377	
310	30.987	26.688	20.655	36.171	35.873	36.379	
311	30.883	26.588	20.662	36.159	35.715	36.319	
312	30.788	26.505	20.702	36.209	35.719	36.207	
313	30.702	26.439	20.773	35.89	35.526	36.139	
314	30.626	26.388	20.872	35.955	35.547	35.953	
315	30.558	26.352	20.998	35.892	35.364	35.909	
316	30.499	26.331	21.148	35.798	35.418	35.815	
317	30.448	26.323	21.32	35.661	35.298	35.754	
318	30.404	26.328	21.511	35.561	35.153	35.59	
319	30.368	26.346	21.72	35.518	35.053	35.611	
320	30.339	26.376	21.945	35.535	35.035	35.459	
321	30.316	26.416	22.184	35.427	34.977	35.375	
322	30.3	26.468	22.435	35.393	34.901	35.332	
323	30.291	26.529	22.696	35.355	34.78	35.278	
324	30.287	26.6	22.967	35.23	34.786	35.152	
325	30.29	26.679	23.246	35.241	34.578	35.091	
326	30.298	26.767	23.53	35.155	34.568	35.032	
327	30.311	26.863	23.821	35.062	34.546	34.927	
328	30.33	26.967	24.115	35.028	34.498	34.847	
329	30.355	27.078	24.413	34.999	34.432	34.774	
330	30.385	27.196	24.714	35.011	34.459	34.767	
331	30.42	27.32	25.017	34.888	34.365	34.712	
332	30.46	27.451	25.322	34.842	34.23	34.555	
333	30.505	27.587	25.627	34.885	34.182	34.577	
334	30.555	27.729	25.933	34.798	34.161	34.525	
335	30.609	27.876	26.238	34.731	34.097	34.447	
336	30.669	28.028	26.544	34.609	34.041	34.358	
337	30.734	28.185	26.849	34.687	34.006	34.353	
338	30.803	28.347	27.153	34.632	33.962	34.303	
339	30.877	28.513	27.457	34.529	33.832	34.23	
340	30.956	28.684	27.76	34.579	33.724	34.179	
341	31.04	28.859	28.061	34.486	33.766	34.165	
342	31.129	29.038	28.362	34.466	33.725	34.1	
343	31.223	29.222	28.662	34.549	33.733	34.023	
344	31.321	29.409	28.96	34.521	33.702	33.95	
345	31.425	29.601	29.258	34.424	33.661	33.933	
346	31.533	29.797	29.556	34.455	33.622	33.892	
347	31.647	29.997	29.852	34.458	33.593	33.865	
348	31.767	30.202	30.149	34.377	33.616	33.812	
349	31.892	30.411	30.445	34.389	33.625	33.81	
350	32.024	30.625	30.743	34.388	33.625	33.767	
351	32.162	30.845	31.041	34.35	33.524	33.743	
352	32.307	31.071	31.342	34.396	33.574	33.8	
353	32.461	31.304	31.646	34.351	33.52	33.614	
354	32.622	31.545	31.953	34.458	33.583	33.722	
355	32.793	31.794	32.265	34.599	33.444	33.575	
356	32.973	32.052	32.583	34.579	33.535	33.58	
357	33.161	32.317	32.906	34.514	33.694	33.653	
358	33.357	32.591	33.234	34.45	33.599	33.561	
359	33.559	32.87	33.566	34.557	33.626	33.604	
360	33.764	33.152	33.899	34.568	33.602	33.533	
361	33.968	33.433	34.23	34.519	33.534	33.614	
362	34.167	33.71	34.555	34.468	33.471	33.318	
363	34.358	33.977	34.871	34.502	33.373	33.27	
364	34.538	34.232	35.173	34.485	33.406	33.141	
365	34.702	34.47	35.459	34.48	33.239	33.257	
366	34.85	34.691	35.726	34.43	33.18	32.916	
367	34.98	34.893	35.974	34.217	33.026	32.627	
368	35.093	35.076	36.202	34.2	33.006	32.484	
369	35.188	35.239	36.41	34.034	32.568	32.257	
370	35.266	35.383	36.599	33.841	32.395	31.955	
371	35.331	35.513	36.773	33.737	32.227	31.762	
372	35.386	35.63	36.933	33.555	32.089	31.437	
373	35.432	35.738	37.083	33.39	31.779	31.262	
374	35.472	35.837	37.223	33.076	31.523	30.992	
375	35.508	35.931	37.356	32.972	31.289	30.557	
376	35.54	36.02	37.484	32.744	31.026	30.281	
377	35.572	36.107	37.608	32.512	30.758	29.935	
378	35.602	36.192	37.728	32.361	30.452	29.755	
379	35.633	36.275	37.846	32.152	30.302	29.525	
380	35.665	36.36	37.964	31.847	30.094	29.22	
381	35.7	36.445	38.081	31.78	29.805	28.874	
382	35.737	36.532	38.199	31.618	29.702	28.718	
383	35.777	36.621	38.318	31.407	29.37	28.494	
384	35.82	36.711	38.438	31.178	29.194	28.195	
385	35.866	36.804	38.559	31.074	29.021	28.069	
386	35.915	36.9	38.681	30.864	28.789	27.848	
387	35.968	36.998	38.805	30.652	28.633	27.637	
388	36.024	37.099	38.931	30.583	28.41	27.476	
389	36.084	37.203	39.059	30.461	28.307	27.256	
390	36.148	37.31	39.189	30.26	28.108	27.05	
391	36.216	37.421	39.322	30.191	27.915	26.895	
392	36.288	37.535	39.458	29.981	27.735	26.665	
393	36.364	37.652	39.596	29.878	27.587	26.582	
394	36.444	37.773	39.737	29.682	27.397	26.4	
395	36.527	37.897	39.88	29.63	27.355	26.298	
396	36.615	38.025	40.027	29.422	27.142	26.077	
397	36.708	38.157	40.177	29.335	27.036	25.925	
398	36.804	38.292	40.33	29.275	26.882	25.776	
399	36.904	38.431	40.486	29.093	26.69	25.637	
400	37.008	38.573	40.646	29.072	26.6	25.423	
401	37.117	38.72	40.808	28.922	26.451	25.337	
402	37.229	38.87	40.975	28.768	26.379	25.181	
403	37.345	39.024	41.144	28.682	26.196	25.041	
404	37.464	39.181	41.317	28.573	26.143	24.894	
405	37.587	39.342	41.494	28.511	25.929	24.83	
406	37.714	39.507	41.674	28.418	25.831	24.647	
407	37.844	39.675	41.857	28.306	25.691	24.585	
408	37.978	39.846	42.044	28.204	25.67	24.441	
409	38.115	40.022	42.235	28.091	25.533	24.21	
410	38.256	40.2	42.429	28.031	25.423	24.179	
411	38.4	40.383	42.627	27.868	25.362	24.088	
412	38.547	40.568	42.828	27.819	25.199	23.977	
413	38.697	40.757	43.033	27.751	25.068	23.815	
414	38.85	40.95	43.242	27.647	25.046	23.779	
415	39.007	41.146	43.454	27.567	24.906	23.666	
416	39.166	41.345	43.671	27.436	24.81	23.564	
417	39.329	41.548	43.891	27.395	24.667	23.442	
418	39.495	41.755	44.114	27.242	24.576	23.314	
419	39.663	41.965	44.342	27.24	24.539	23.278	
420	39.835	42.178	44.574	27.177	24.391	23.051	
421	40.01	42.395	44.81	26.993	24.277	23.05	
422	40.188	42.616	45.049	27.016	24.164	22.99	
423	40.369	42.84	45.293	26.934	24.088	22.879	
424	40.553	43.067	45.541	26.867	24.049	22.714	
425	40.74	43.299	45.793	26.755	23.89	22.644	
426	40.93	43.534	46.05	26.651	23.86	22.58	
427	41.123	43.773	46.311	26.553	23.755	22.538	
428	41.32	44.015	46.576	26.479	23.663	22.372	
429	41.519	44.261	46.845	26.519	23.569	22.282	
430	41.721	44.512	47.119	26.369	23.426	22.284	
431	41.927	44.765	47.398	26.264	23.503	22.162	
432	42.135	45.023	47.681	26.276	23.311	21.984	
433	42.347	45.285	47.969	26.141	23.339	21.941	
434	42.561	45.55	48.261	26.086	23.175	21.795	
435	42.779	45.82	48.559	26.006	23.033	21.804	
436	43	46.093	48.861	25.973	22.899	21.543	
437	43.224	46.371	49.168	25.893	22.922	21.617	
438	43.451	46.652	49.479	25.872	22.893	21.469	
439	43.681	46.938	49.796	25.71	22.818	21.435	
440	43.915	47.227	50.118	25.695	22.639	21.343	
441	44.151	47.521	50.444	25.63	22.648	21.261	
442	44.391	47.819	50.776	25.588	22.648	21.104	
443	44.633	48.121	51.113	25.507	22.442	21.184	
444	44.879	48.427	51.455	25.556	22.424	20.985	
445	45.128	48.738	51.802	25.392	22.277	20.91	
446	45.381	49.053	52.155	25.234	22.293	20.863	
447	45.636	49.372	52.512	25.292	22.112	20.749	
448	45.894	49.695	52.875	25.195	22.141	20.723	
449	46.156	50.022	53.244	25.183	22.026	20.627	
450	46.421	50.354	53.617	25.118	21.916	20.654	
451	46.688	50.69	53.996	25.118	21.857	20.554	
452	46.959	51.031	54.381	25.026	21.784	20.444	
453	47.233	51.376	54.77	24.922	21.755	20.443	
454	47.511	51.725	55.165	24.835	21.684	20.273	
455	47.791	52.078	55.566	24.769	21.671	20.279	
456	48.074	52.436	55.972	24.72	21.58	20.095	
457	48.361	52.798	56.383	24.709	21.546	20.092	
458	48.65	53.164	56.799	24.66	21.441	20.062	
459	48.943	53.535	57.221	24.663	21.481	19.975	
460	49.238	53.91	57.648	24.545	21.331	19.906	
461	49.537	54.29	58.081	24.62	21.233	19.818	
462	49.838	54.673	58.519	24.431	21.183	19.772	
463	50.142	55.061	58.962	24.46	21.21	19.722	
464	50.449	55.453	59.41	24.327	21.031	19.609	
465	50.759	55.85	59.864	24.36	21.017	19.608	
466	51.072	56.25	60.323	24.267	20.954	19.454	
467	51.388	56.655	60.786	24.206	20.854	19.484	
468	51.706	57.064	61.255	24.17	20.799	19.396	
469	52.027	57.476	61.729	24.092	20.77	19.34	
470	52.351	57.893	62.208	24.061	20.699	19.193	
471	52.677	58.314	62.691	24.012	20.652	19.217	
472	53.006	58.739	63.179	23.934	20.679	19.142	
473	53.338	59.167	63.672	23.947	20.517	19.035	
474	53.671	59.6	64.169	23.908	20.509	19.076	
475	54.007	60.036	64.671	23.846	20.472	18.955	
476	54.346	60.475	65.177	23.824	20.439	18.928	
477	54.686	60.919	65.687	23.74	20.279	18.806	
478	55.029	61.365	66.202	23.684	20.28	18.775	
479	55.373	61.815	66.72	23.667	20.197	18.72	
480	55.72	62.268	67.242	23.599	20.142	18.638	
481	56.068	62.725	67.768	23.572	20.093	18.615	
482	56.418	63.184	68.297	23.495	20.1	18.561	
483	56.77	63.646	68.829	23.543	20.037	18.524	
484	57.124	64.112	69.365	23.447	19.952	18.437	
485	57.478	64.579	69.903	23.405	19.904	18.479	
486	57.834	65.05	70.445	23.388	19.787	18.36	
487	58.192	65.522	70.989	23.308	19.783	18.254	
488	58.55	65.997	71.535	23.318	19.714	18.213	
489	58.909	66.474	72.083	23.228	19.691	18.178	
490	59.269	66.953	72.633	23.239	19.606	18.185	
491	59.63	67.433	73.185	23.162	19.598	18.078	
492	59.991	67.915	73.738	23.125	19.513	18.036	
493	60.352	68.398	74.292	23.098	19.505	17.975	
494	60.714	68.883	74.847	23.049	19.475	17.976	
495	61.075	69.367	75.402	23.039	19.452	17.877	
496	61.436	69.853	75.957	22.991	19.38	17.876	
497	61.797	70.339	76.512	22.952	19.303	17.874	
498	62.157	70.825	77.066	22.922	19.281	17.787	
499	62.516	71.31	77.619	22.888	19.204	17.73	
500	62.874	71.795	78.17	22.873	19.164	17.653	
501	63.231	72.279	78.719	22.799	19.155	17.607	
502	63.587	72.761	79.265	22.748	19.072	17.553	
503	63.94	73.242	79.807	22.745	19.08	17.515	
504	64.292	73.721	80.345	22.67	18.989	17.461	
505	64.641	74.197	80.877	22.66	18.966	17.426	
506	64.988	74.67	81.401	22.59	18.9	17.357	
507	65.332	75.139	81.918	22.573	18.858	17.36	
508	65.673	75.604	82.425	22.544	18.831	17.264	
509	66.011	76.064	82.919	22.54	18.784	17.234	
510	66.345	76.518	83.399	22.464	18.744	17.185	
511	66.675	76.966	83.86	22.441	18.672	17.172	
512	67	77.407	84.299	22.411	18.653	17.095	
513	67.321	77.839	84.71	22.38	18.604	17.039	
514	67.637	78.262	85.086	22.329	18.581	17.008	
515	67.947	78.675	85.42	22.323	18.521	16.956	
516	68.252	79.077	85.703	22.272	18.488	16.925	
517	68.551	79.465	85.925	22.233	18.453	16.889	
518	68.843	79.839	86.075	22.213	18.429	16.8	
519	69.129	80.196	86.147	22.156	18.383	16.8	
520	69.407	80.536	86.138	22.155	18.329	16.783	
521	69.678	80.856	86.049	22.107	18.281	16.705	
522	69.94	81.153	85.887	22.082	18.236	16.682	
523	70.194	81.427	85.66	22.044	18.197	16.633	
524	70.44	81.674	85.38	22.008	18.175	16.576	
525	70.676	81.892	85.057	21.973	18.11	16.541	
526	70.903	82.08	84.7	21.948	18.101	16.479	
527	71.119	82.236	84.316	21.919	18.041	16.467	
528	71.326	82.357	83.911	21.871	18.015	16.444	
529	71.522	82.443	83.49	21.848	17.935	16.346	
530	71.707	82.493	83.058	21.807	17.963	16.332	
531	71.88	82.506	82.616	21.787	17.894	16.282	
532	72.042	82.483	82.168	21.792	17.872	16.249	
533	72.192	82.424	81.715	21.715	17.836	16.21	
534	72.33	82.331	81.259	21.688	17.765	16.173	
535	72.455	82.206	80.801	21.675	17.736	16.118	
536	72.568	82.051	80.342	21.642	17.728	16.071	
537	72.668	81.868	79.883	21.635	17.67	16.051	
538	72.754	81.658	79.425	21.595	17.649	16.008	
539	72.829	81.426	78.967	21.569	17.626	15.99	
540	72.889	81.173	78.512	21.55	17.587	15.938	
541	72.937	80.901	78.058	21.51	17.537	15.923	
542	72.972	80.613	77.607	21.482	17.509	15.858	
543	72.993	80.31	77.158	21.476	17.461	15.814	
544	73.002	79.995	76.712	21.431	17.422	15.773	
545	72.997	79.669	76.27	21.41	17.437	15.761	
546	72.98	79.334	75.831	21.352	17.352	15.71	
547	72.951	78.99	75.395	21.367	17.317	15.707	
548	72.909	78.639	74.963	21.329	17.285	15.648	
549	72.856	78.283	74.534	21.326	17.238	15.622	
550	72.79	77.922	74.11	21.261	17.228	15.591	
551	72.714	77.557	73.689	21.239	17.193	15.54	
552	72.626	77.189	73.272	21.241	17.157	15.508	
553	72.527	76.818	72.859	21.207	17.129	15.477	
554	72.418	76.446	72.451	21.168	17.077	15.44	
555	72.3	76.072	72.046	21.16	17.056	15.395	
556	72.172	75.697	71.646	21.131	17.016	15.362	
557	72.034	75.321	71.25	21.103	16.947	15.317	
558	71.888	74.946	70.858	21.084	16.962	15.3	
559	71.734	74.571	70.471	21.046	16.928	15.278	
560	71.572	74.196	70.087	21.019	16.886	15.228	
561	71.403	73.823	69.708	21.007	16.84	15.186	
562	71.226	73.45	69.333	21	16.812	15.184	
563	71.043	73.079	68.962	20.961	16.801	15.133	
564	70.853	72.71	68.596	20.944	16.75	15.126	
565	70.658	72.342	68.233	20.9	16.721	15.064	
566	70.457	71.976	67.875	20.879	16.684	15.074	
567	70.251	71.612	67.521	20.845	16.66	15.01	
568	70.04	71.25	67.171	20.818	16.626	14.969	
569	69.825	70.891	66.826	20.805	16.591	14.939	
570	69.606	70.533	66.484	20.791	16.566	14.891	
571	69.383	70.179	66.147	20.756	16.54	14.877	
572	69.156	69.827	65.813	20.734	16.528	14.866	
573	68.926	69.477	65.484	20.719	16.489	14.815	
574	68.694	69.13	65.158	20.685	16.473	14.755	
575	68.459	68.786	64.836	20.662	16.434	14.74	
576	68.221	68.445	64.519	20.631	16.404	14.719	
577	67.981	68.106	64.205	20.644	16.385	14.694	
578	67.74	67.771	63.895	20.618	16.331	14.681	
579	67.497	67.438	63.588	20.576	16.316	14.62	
580	67.252	67.108	63.286	20.577	16.277	14.621	
581	67.006	66.781	62.987	20.535	16.251	14.584	
582	66.759	66.457	62.692	20.524	16.22	14.522	
583	66.511	66.136	62.401	20.504	16.18	14.507	
584	66.262	65.819	62.113	20.492	16.17	14.517	
585	66.013	65.504	61.828	20.442	16.155	14.449	
586	65.763	65.192	61.547	20.431	16.123	14.417	
587	65.513	64.883	61.27	20.436	16.098	14.362	
588	65.263	64.577	60.996	20.408	16.07	14.357	
589	65.013	64.273	60.725	20.364	16.041	14.332	
590	64.763	63.973	60.458	20.345	16.005	14.287	
591	64.513	63.676	60.194	20.333	15.99	14.25	
592	64.264	63.382	59.933	20.31	15.918	14.221	
593	64.015	63.091	59.675	20.296	15.969	14.198	
594	63.766	62.803	59.421	20.283	15.892	14.209	
595	63.518	62.517	59.17	20.24	15.88	14.155	
596	63.271	62.235	58.921	20.22	15.879	14.124	
597	63.025	61.955	58.676	20.21	15.839	14.089	
598	62.779	61.679	58.434	20.202	15.8	14.07	
599	62.534	61.405	58.195	20.184	15.748	14.033	
600	62.291	61.134	57.958	20.146	15.774	14.024	
601	62.048	60.866	57.725	20.111	15.734	13.982	
602	61.807	60.6	57.494	20.089	15.676	13.946	
603	61.566	60.337	57.266	20.073	15.681	13.918	
604	61.327	60.078	57.041	20.062	15.645	13.915	
605	61.089	59.82	56.818	20.041	15.608	13.859	
606	60.852	59.566	56.599	20.03	15.616	13.815	
607	60.616	59.314	56.382	19.998	15.592	13.779	
608	60.382	59.065	56.167	20.014	15.535	13.804	
609	60.149	58.818	55.955	19.982	15.547	13.748	
610	59.918	58.574	55.745	19.959	15.505	13.733	
611	59.688	58.332	55.538	19.939	15.468	13.708	
612	59.459	58.093	55.334	19.937	15.48	13.705	
613	59.232	57.857	55.132	19.905	15.44	13.625	
614	59.007	57.623	54.932	19.873	15.416	13.633	
615	58.783	57.391	54.734	19.872	15.373	13.599	
616	58.56	57.162	54.539	19.848	15.366	13.567	
617	58.339	56.935	54.346	19.833	15.339	13.548	
618	58.12	56.711	54.156	19.81	15.324	13.544	
619	57.902	56.489	53.967	19.793	15.289	13.484	
620	57.685	56.269	53.781	19.769	15.26	13.464	
621	57.47	56.052	53.597	19.744	15.245	13.463	
622	57.257	55.837	53.415	19.758	15.223	13.435	
623	57.045	55.624	53.235	19.727	15.19	13.375	
624	56.835	55.413	53.057	19.705	15.17	13.372	
625	56.627	55.204	52.881	19.678	15.168	13.392	
626	56.42	54.998	52.707	19.681	15.12	13.311	
627	56.215	54.794	52.535	19.667	15.098	13.304	
628	56.011	54.592	52.364	19.638	15.06	13.283	
629	55.809	54.392	52.196	19.635	15.075	13.294	
630	55.608	54.194	52.03	19.57	15.013	13.233	
631	55.409	53.998	51.865	19.565	15.066	13.236	
632	55.212	53.804	51.702	19.575	15.011	13.141	
633	55.016	53.612	51.541	19.564	14.965	13.12	
634	54.822	53.422	51.382	19.51	14.954	13.069	
635	54.629	53.233	51.225	19.493	14.942	13.106	
636	54.438	53.047	51.069	19.49	14.951	13.106	
637	54.248	52.863	50.915	19.498	14.872	13.056	
638	54.06	52.68	50.762	19.454	14.846	13.046	
639	53.874	52.5	50.611	19.459	14.818	13.027	
640	53.688	52.321	50.462	19.425	14.799	13.018	
641	53.505	52.144	50.314	19.452	14.778	12.939	
642	53.323	51.969	50.168	19.402	14.772	12.986	
643	53.143	51.795	50.024	19.387	14.721	12.945	
644	52.964	51.623	49.881	19.404	14.727	12.899	
645	52.786	51.453	49.739	19.385	14.71	12.869	
646	52.61	51.285	49.599	19.341	14.67	12.857	
647	52.436	51.118	49.46	19.34	14.697	12.832	
648	52.262	50.953	49.323	19.298	14.644	12.833	
649	52.091	50.789	49.187	19.29	14.633	12.793	
650	51.921	50.627	49.052	19.268	14.571	12.757	
651	51.752	50.467	48.919	19.249	14.593	12.771	
652	51.584	50.308	48.787	19.245	14.544	12.718	
653	51.418	50.15	48.656	19.224	14.556	12.69	
654	51.254	49.995	48.527	19.213	14.505	12.636	
655	51.091	49.84	48.399	19.188	14.528	12.643	
656	50.929	49.687	48.272	19.173	14.551	12.655	
657	50.768	49.536	48.147	19.182	14.495	12.58	
658	50.609	49.386	48.023	19.145	14.451	12.585	
659	50.451	49.237	47.9	19.135	14.393	12.576	
660	50.295	49.09	47.778	19.131	14.406	12.557	
661	50.14	48.944	47.657	19.149	14.366	12.521	
662	49.986	48.8	47.537	19.141	14.38	12.487	
663	49.833	48.657	47.419	19.085	14.354	12.478	
664	49.682	48.515	47.302	19.067	14.358	12.46	
665	49.532	48.374	47.185	19.05	14.329	12.422	
666	49.383	48.235	47.07	19.037	14.283	12.4	
667	49.235	48.097	46.956	19.049	14.264	12.403	
668	49.089	47.961	46.843	19.03	14.28	12.379	
669	48.944	47.825	46.731	19.015	14.24	12.357	
670	48.8	47.691	46.62	18.996	14.227	12.341	
671	48.657	47.558	46.51	18.983	14.189	12.272	
672	48.515	47.426	46.401	18.968	14.151	12.307	
673	48.375	47.295	46.293	18.924	14.153	12.286	
674	48.236	47.166	46.186	18.939	14.161	12.278	
675	48.097	47.037	46.08	18.916	14.153	12.296	
676	47.96	46.91	45.975	18.918	14.072	12.203	
677	47.825	46.784	45.871	18.905	14.111	12.199	
678	47.69	46.659	45.768	18.877	14.073	12.219	
679	47.556	46.535	45.665	18.874	14.028	12.143	
680	47.424	46.412	45.564	18.865	14.013	12.153	
681	47.292	46.29	45.463	18.846	13.999	12.088	
682	47.162	46.17	45.364	18.845	14.005	12.109	
683	47.032	46.05	45.265	18.808	13.954	12.072	
684	46.904	45.931	45.167	18.784	13.945	12.093	
685	46.777	45.814	45.07	18.793	13.961	12.052	
686	46.65	45.697	44.973	18.775	13.924	12.002	
687	46.525	45.581	44.878	18.777	13.89	11.991	
688	46.401	45.466	44.783	18.772	13.868	11.962	
689	46.278	45.353	44.689	18.761	13.903	11.957	
690	46.155	45.24	44.596	18.716	13.875	11.965	
691	46.034	45.128	44.503	18.724	13.843	11.91	
692	45.914	45.017	44.411	18.709	13.782	11.94	
693	45.794	44.907	44.32	18.696	13.781	11.891	
694	45.676	44.798	44.23	18.682	13.775	11.898	
695	45.558	44.689	44.141	18.653	13.738	11.859	
696	45.442	44.582	44.052	18.654	13.704	11.854	
697	45.326	44.475	43.964	18.647	13.742	11.818	
698	45.211	44.369	43.876	18.656	13.697	11.76	
699	45.097	44.265	43.79	18.615	13.678	11.745	
700	44.984	44.161	43.704	18.603	13.714	11.763	
701	44.872	44.057	43.618	18.616	13.601	11.754	
702	44.761	43.955	43.534	18.605	13.677	11.742	
703	44.651	43.853	43.45	18.55	13.664	11.695	
704	44.541	43.752	43.366	18.548	13.616	11.689	
705	44.432	43.652	43.283	18.593	13.586	11.663	
706	44.324	43.553	43.201	18.539	13.595	11.627	
707	44.217	43.455	43.12	18.519	13.587	11.625	
708	44.111	43.357	43.039	18.499	13.513	11.634	
709	44.006	43.26	42.958	18.52	13.555	11.58	
710	43.901	43.164	42.879	18.509	13.487	11.628	
711	43.797	43.068	42.799	18.491	13.491	11.511	
712	43.694	42.973	42.721	18.46	13.43	11.505	
713	43.592	42.879	42.643	18.443	13.501	11.532	
714	43.49	42.786	42.566	18.434	13.419	11.487	
715	43.389	42.693	42.489	18.397	13.433	11.469	
716	43.289	42.601	42.412	18.418	13.356	11.374	
717	43.19	42.51	42.337	18.408	13.398	11.468	
718	43.091	42.419	42.261	18.389	13.347	11.371	
719	42.993	42.329	42.187	18.416	13.365	11.461	
720	42.896	42.24	42.112	18.332	13.336	11.414	
721	42.8	42.151	42.039	18.377	13.311	11.389	
722	42.704	42.063	41.966	18.373	13.341	11.365	
723	42.609	41.975	41.893	18.316	13.339	11.362	
724	42.514	41.888	41.821	18.348	13.267	11.357	
725	42.421	41.802	41.749	18.293	13.366	11.278	
726	42.328	41.717	41.678	18.343	13.2	11.279	
727	42.235	41.632	41.607	18.3	13.25	11.255	
728	42.144	41.547	41.537	18.318	13.194	11.255	
729	42.053	41.463	41.467	18.272	13.178	11.254	
730	41.962	41.38	41.398	18.26	13.183	11.173	
731	41.872	41.297	41.329	18.22	13.167	11.208	
732	41.783	41.215	41.261	18.247	13.116	11.197	
733	41.695	41.134	41.193	18.236	13.152	11.165	
734	41.607	41.053	41.125	18.263	13.117	11.143	
735	41.519	40.972	41.058	18.212	13.131	11.119	
736	41.433	40.892	40.992	18.211	13.114	11.12	
737	41.347	40.813	40.925	18.221	13.084	11.153	
738	41.261	40.734	40.86	18.175	13.091	11.076	
739	41.176	40.656	40.794	18.168	13.067	11.094	
740	41.092	40.578	40.729	18.198	13.06	11.074	
741	41.008	40.501	40.665	18.146	13.012	11.072	
742	40.925	40.424	40.601	18.159	13.021	11.016	
743	40.842	40.348	40.537	18.16	13.027	10.987	
744	40.76	40.272	40.474	18.128	13	11.023	
745	40.679	40.197	40.411	18.098	13.023	11.013	
746	40.598	40.122	40.348	18.113	12.97	10.981	
747	40.517	40.048	40.286	18.112	13.001	10.944	
748	40.437	39.974	40.224	18.09	12.967	10.93	
749	40.358	39.901	40.162	18.087	12.928	10.902	
750	40.279	39.828	40.101	18.026	12.909	10.938	
751	40.201	39.755	40.041	18.064	12.892	10.873	
752	40.123	39.683	39.98	18.016	12.923	10.846	
753	40.046	39.612	39.92	18.042	12.881	10.845	
754	39.969	39.541	39.861	18.033	12.862	10.87	
755	39.893	39.47	39.801	17.998	12.896	10.794	
756	39.817	39.4	39.742	18.017	12.83	10.84	
757	39.742	39.33	39.684	18.016	12.778	10.837	
758	39.667	39.26	39.625	17.993	12.814	10.794	
759	39.592	39.192	39.567	17.991	12.817	10.766	
760	39.519	39.123	39.51	17.965	12.743	10.723	
761	39.445	39.055	39.452	17.94	12.757	10.727	
762	39.372	38.987	39.395	17.968	12.744	10.685	
763	39.3	38.92	39.339	17.942	12.757	10.67	
764	39.228	38.853	39.282	17.942	12.75	10.703	
765	39.156	38.786	39.226	17.928	12.723	10.649	
766	39.085	38.72	39.171	17.945	12.732	10.659	
767	39.014	38.655	39.115	17.932	12.689	10.658	
768	38.944	38.589	39.06	17.898	12.676	10.604	
769	38.874	38.524	39.005	17.901	12.684	10.63	
770	38.805	38.46	38.951	17.88	12.632	10.573	
771	38.736	38.396	38.896	17.839	12.621	10.567	
772	38.667	38.332	38.842	17.837	12.664	10.567	
773	38.599	38.268	38.789	17.851	12.613	10.567	
774	38.532	38.205	38.735	17.831	12.605	10.51	
775	38.464	38.142	38.682	17.81	12.584	10.517	
776	38.398	38.08	38.629	17.872	12.563	10.49	
777	38.331	38.018	38.577	17.813	12.541	10.499	
778	38.265	37.956	38.524	17.814	12.507	10.516	
779	38.199	37.895	38.472	17.771	12.515	10.473	
780	38.134	37.834	38.421	17.769	12.529	10.484	
781	38.069	37.773	38.369	17.816	12.552	10.405	
782	38.005	37.713	38.318	17.788	12.453	10.414	
783	37.94	37.653	38.267	17.766	12.44	10.413	
784	37.877	37.593	38.216	17.747	12.468	10.369	
785	37.813	37.533	38.166	17.727	12.424	10.347	
786	37.75	37.474	38.116	17.72	12.435	10.349	
787	37.688	37.416	38.066	17.725	12.412	10.345	
788	37.625	37.357	38.016	17.722	12.394	10.324	
789	37.563	37.299	37.966	17.703	12.376	10.317	
790	37.502	37.241	37.917	17.705	12.403	10.277	
791	37.441	37.184	37.868	17.675	12.368	10.278	
792	37.38	37.127	37.819	17.689	12.361	10.267	
793	37.319	37.07	37.771	17.679	12.381	10.266	
794	37.259	37.013	37.722	17.66	12.327	10.239	
795	37.199	36.957	37.674	17.659	12.309	10.224	
796	37.14	36.901	37.626	17.662	12.313	10.213	
797	37.081	36.845	37.579	17.654	12.325	10.176	
798	37.022	36.79	37.531	17.666	12.323	10.181	
799	36.963	36.734	37.484	17.647	12.261	10.206	
800	36.905	36.679	37.437	17.62	12.266	10.135	
801	36.847	36.625	37.39	17.605	12.279	10.152	
802	36.79	36.57	37.344	17.648	12.257	10.122	
803	36.732	36.516	37.298	17.585	12.228	10.092	
804	36.675	36.463	37.251	17.575	12.219	10.133	
805	36.619	36.409	37.205	17.566	12.198	10.093	
806	36.563	36.356	37.16	17.583	12.17	10.084	
807	36.507	36.303	37.114	17.566	12.126	10.115	
808	36.451	36.25	37.069	17.569	12.174	10.024	
809	36.395	36.198	37.024	17.516	12.099	10.047	
810	36.34	36.145	36.979	17.556	12.165	10.014	
811	36.286	36.093	36.934	17.537	12.131	9.9973	
812	36.231	36.042	36.89	17.532	12.176	10.005	
813	36.177	35.99	36.845	17.542	12.077	9.9926	
814	36.123	35.939	36.801	17.52	12.11	10.013	
815	36.069	35.888	36.757	17.499	12.091	9.9656	
816	36.016	35.837	36.713	17.51	12.082	9.9131	
817	35.963	35.787	36.67	17.487	12.062	9.9298	
818	35.91	35.736	36.626	17.492	12.059	9.9034	
819	35.858	35.686	36.583	17.483	12.042	9.9129	
820	35.805	35.637	36.54	17.46	12.018	9.8719	
821	35.753	35.587	36.497	17.453	12.005	9.8656	
822	35.702	35.538	36.455	17.45	12.012	9.8616	
823	35.65	35.489	36.412	17.451	12.006	9.8525	
824	35.599	35.44	36.37	17.443	12.007	9.8497	
825	35.548	35.391	36.328	17.437	11.988	9.8449	
826	35.497	35.343	36.286	17.433	11.98	9.8362	
827	35.447	35.294	36.244	17.43	11.974	9.8144	
828	35.397	35.246	36.202	17.419	11.964	9.8087	
829	35.347	35.199	36.161	17.407	11.95	9.7941	
830	35.297	35.151	36.12	17.407	11.946	9.8031	
831	35.248	35.104	36.078	17.4	11.919	9.7859	
832	35.199	35.056	36.037	17.384	11.91	9.7662	
833	35.15	35.009	35.997	17.379	11.905	9.7353	
834	35.101	34.963	35.956	17.367	11.897	9.7158	
835	35.053	34.916	35.915	17.36	11.889	9.7177	
836	35.005	34.87	35.875	17.358	11.888	9.6974	
837	34.957	34.824	35.835	17.35	11.861	9.7024	
838	34.909	34.778	35.795	17.356	11.846	9.6741	
839	34.862	34.732	35.755	17.339	11.835	9.6728	
840	34.814	34.687	35.715	17.323	11.851	9.6213	
841	34.767	34.641	35.676	17.338	11.799	9.6059	
842	34.721	34.596	35.636	17.35	11.812	9.6524	
843	34.674	34.551	35.597	17.333	11.79	9.6237	
844	34.628	34.506	35.558	17.328	11.8	9.6135	
845	34.582	34.462	35.519	17.337	11.83	9.5864	
846	34.536	34.417	35.48	17.25	11.762	9.5728	
847	34.49	34.373	35.441	17.316	11.671	9.6306	
848	34.444	34.329	35.403	17.299	11.801	9.6341	
849	34.399	34.285	35.364	17.296	11.713	9.5251	
850	34.354	34.242	35.326	17.278	11.74	9.5683	
851	34.309	34.198	35.288	17.254	11.712	9.5872	
852	34.265	34.155	35.25	17.249	11.723	9.4661	
853	34.22	34.112	35.212	17.279	11.658	9.4759	
854	34.176	34.069	35.174	17.228	11.704	9.4325	
855	34.132	34.026	35.137	17.23	11.626	9.478	
856	34.088	33.984	35.099	17.202	11.678	9.4881	
857	34.045	33.941	35.062	17.234	11.659	9.4508	
858	34.001	33.899	35.025	17.248	11.682	9.4151	
859	33.958	33.857	34.988	17.26	11.629	9.461	
860	33.915	33.815	34.951	17.206	11.667	9.4684	
861	33.872	33.773	34.914	17.177	11.615	9.3825	
862	33.83	33.732	34.877	17.215	11.595	9.3837	
863	33.787	33.69	34.841	17.205	11.644	9.3907	
864	33.745	33.649	34.804	17.208	11.589	9.387	
865	33.703	33.608	34.768	17.157	11.577	9.3165	
866	33.661	33.567	34.732	17.167	11.563	9.3468	
867	33.62	33.526	34.696	17.147	11.513	9.3459	
868	33.578	33.485	34.66	17.118	11.543	9.3501	
869	33.537	33.445	34.624	17.15	11.508	9.2901	
870	33.496	33.405	34.589	17.159	11.516	9.3057	
871	33.455	33.365	34.553	17.146	11.508	9.2767	
872	33.414	33.325	34.517	17.131	11.512	9.3136	
873	33.374	33.285	34.482	17.157	11.469	9.267	
874	33.333	33.245	34.447	17.129	11.488	9.2504	
875	33.293	33.205	34.412	17.111	11.474	9.2559	
876	33.253	33.166	34.377	17.115	11.465	9.2204	
877	33.213	33.127	34.342	17.112	11.46	9.2537	
878	33.174	33.088	34.307	17.083	11.444	9.2191	
879	33.134	33.049	34.273	17.079	11.432	9.1998	
880	33.095	33.01	34.238	17.071	11.421	9.1926	
881	33.056	32.971	34.204	17.069	11.417	9.1849	
882	33.017	32.933	34.169	17.067	11.412	9.1889	
883	32.978	32.894	34.135	17.063	11.408	9.1794	
884	32.939	32.856	34.101	17.061	11.404	9.1718	
885	32.9	32.818	34.067	17.061	11.396	9.1709	
886	32.862	32.78	34.033	17.056	11.388	9.1566	
887	32.824	32.742	33.999	17.046	11.371	9.1428	
888	32.786	32.704	33.966	17.044	11.364	9.1243	
889	32.748	32.667	33.932	17.031	11.351	9.1119	
890	32.71	32.629	33.899	17.018	11.337	9.0964	
891	32.673	32.592	33.865	17.012	11.328	9.0812	
892	32.635	32.555	33.832	17.01	11.316	9.0788	
893	32.598	32.518	33.799	17.003	11.31	9.0602	
894	32.561	32.481	33.766	16.991	11.308	9.0486	
895	32.524	32.444	33.733	16.999	11.303	9.0533	
896	32.487	32.408	33.7	16.989	11.29	9.0498	
897	32.451	32.371	33.667	16.989	11.285	9.0476	
898	32.414	32.335	33.634	16.987	11.282	9.0195	
899	32.378	32.298	33.602	16.979	11.268	9.0175	
900	32.342	32.262	33.569	16.966	11.258	8.9949	
901	32.306	32.226	33.537	16.947	11.247	8.9733	
902	32.27	32.19	33.505	16.948	11.229	8.9685	
903	32.234	32.155	33.473	16.945	11.226	8.9618	
904	32.198	32.119	33.441	16.94	11.217	8.9595	
905	32.163	32.084	33.409	16.932	11.215	8.9576	
906	32.128	32.048	33.377	16.934	11.21	8.9517	
907	32.093	32.013	33.345	16.929	11.206	8.9528	
908	32.057	31.978	33.313	16.931	11.194	8.9288	
909	32.023	31.943	33.281	16.916	11.183	8.9209	
910	31.988	31.908	33.25	16.902	11.167	8.91	
911	31.953	31.873	33.218	16.906	11.155	8.9055	
912	31.919	31.838	33.187	16.894	11.128	8.8691	
913	31.884	31.804	33.156	16.881	11.137	8.8493	
914	31.85	31.769	33.125	16.883	11.127	8.8511	
915	31.816	31.735	33.094	16.876	11.114	8.8449	
916	31.782	31.701	33.063	16.869	11.119	8.8435	
917	31.748	31.666	33.032	16.869	11.116	8.8377	
918	31.714	31.632	33.001	16.872	11.111	8.8326	
919	31.681	31.598	32.97	16.868	11.102	8.8198	
920	31.648	31.565	32.939	16.862	11.094	8.8106	
921	31.614	31.531	32.909	16.852	11.081	8.8013	
922	31.581	31.497	32.878	16.848	11.073	8.8045	
923	31.548	31.464	32.848	16.851	11.066	8.7956	
924	31.515	31.431	32.818	16.835	11.037	8.7695	
925	31.482	31.397	32.787	16.832	11.054	8.7564	
926	31.45	31.364	32.757	16.815	11.035	8.7417	
927	31.417	31.331	32.727	16.816	11.041	8.7315	
928	31.385	31.298	32.697	16.814	11.034	8.7362	
929	31.352	31.265	32.667	16.797	10.994	8.7477	
930	31.32	31.232	32.637	16.793	10.972	8.7269	
931	31.288	31.2	32.608	16.805	11.016	8.7154	
932	31.256	31.167	32.578	16.812	10.951	8.6826	
933	31.224	31.135	32.548	16.782	11.008	8.6791	
934	31.192	31.103	32.519	16.775	10.976	8.695	
935	31.161	31.07	32.489	16.773	10.978	8.6554	
936	31.129	31.038	32.46	16.753	10.941	8.6501	
937	31.098	31.006	32.431	16.753	10.935	8.6851	
938	31.067	30.974	32.401	16.783	10.944	8.6069	
939	31.036	30.942	32.372	16.761	10.933	8.6336	
940	31.005	30.911	32.343	16.766	10.894	8.6504	
941	30.974	30.879	32.314	16.76	10.92	8.6114	
942	30.943	30.847	32.285	16.739	10.886	8.5574	
943	30.912	30.816	32.256	16.715	10.91	8.5951	
944	30.882	30.785	32.228	16.717	10.929	8.5787	
945	30.851	30.753	32.199	16.744	10.893	8.5827	
946	30.821	30.722	32.17	16.743	10.888	8.5713	
947	30.79	30.691	32.142	16.722	10.888	8.5569	
948	30.76	30.66	32.113	16.718	10.861	8.5456	
949	30.73	30.629	32.085	16.708	10.84	8.5238	
950	30.7	30.598	32.056	16.702	10.832	8.5213	
951	30.671	30.568	32.028	16.691	10.851	8.5259	
952	30.641	30.537	32	16.683	10.844	8.5209	
953	30.611	30.506	31.972	16.694	10.825	8.4986	
954	30.582	30.476	31.944	16.695	10.819	8.5124	
955	30.552	30.445	31.916	16.682	10.807	8.4784	
956	30.523	30.415	31.888	16.663	10.812	8.4848	
957	30.494	30.385	31.86	16.664	10.803	8.5324	
958	30.465	30.355	31.832	16.644	10.785	8.4534	
959	30.436	30.325	31.804	16.666	10.771	8.4791	
960	30.407	30.295	31.777	16.678	10.753	8.4078	
961	30.378	30.265	31.749	16.673	10.778	8.3952	
962	30.349	30.235	31.721	16.661	10.689	8.3687	
963	30.321	30.206	31.694	16.62	10.712	8.4149	
964	30.292	30.176	31.667	16.649	10.748	8.3485	
965	30.264	30.147	31.639	16.617	10.733	8.3817	
966	30.235	30.117	31.612	16.628	10.753	8.359	
967	30.207	30.088	31.585	16.623	10.733	8.3919	
968	30.179	30.059	31.558	16.627	10.745	8.3832	
969	30.151	30.029	31.531	16.611	10.709	8.3707	
970	30.123	30	31.504	16.625	10.692	8.3925	
971	30.095	29.971	31.477	16.613	10.68	8.3706	
972	30.068	29.942	31.45	16.61	10.702	8.3492	
973	30.04	29.913	31.423	16.61	10.685	8.3224	
974	30.012	29.885	31.396	16.594	10.661	8.3374	
975	29.985	29.856	31.369	16.588	10.668	8.2816	
976	29.958	29.827	31.343	16.58	10.653	8.2972	
977	29.93	29.799	31.316	16.575	10.641	8.2843	
978	29.903	29.77	31.29	16.572	10.632	8.2858	
979	29.876	29.742	31.263	16.57	10.638	8.2719	
980	29.849	29.714	31.237	16.575	10.628	8.2724	
981	29.822	29.685	31.21	16.572	10.626	8.2804	
982	29.795	29.657	31.184	16.566	10.621	8.2707	
983	29.768	29.629	31.158	16.562	10.623	8.2828	
984	29.742	29.601	31.132	16.548	10.613	8.2676	
985	29.715	29.573	31.106	16.546	10.617	8.2362	
986	29.689	29.545	31.08	16.573	10.595	8.2584	
987	29.662	29.518	31.054	16.537	10.591	8.2149	
988	29.636	29.49	31.028	16.532	10.56	8.1936	
989	29.61	29.462	31.002	16.524	10.566	8.1933	
990	29.584	29.435	30.976	16.52	10.547	8.1876	
991	29.558	29.407	30.95	16.519	10.55	8.1676	
992	29.532	29.38	30.925	16.52	10.545	8.1802	
993	29.506	29.352	30.899	16.509	10.544	8.1739	
994	29.48	29.325	30.873	16.517	10.548	8.1768	
995	29.454	29.298	30.848	16.503	10.54	8.1619	
996	29.429	29.271	30.822	16.496	10.533	8.1554	
997	29.403	29.244	30.797	16.504	10.529	8.1444	
998	29.378	29.217	30.772	16.493	10.516	8.1417	
999	29.352	29.19	30.746	16.483	10.502	8.1776	
1000	29.327	29.163	30.721	16.5	10.478	8.1157	
1001	29.302	29.136	30.696	16.464	10.53	8.0949	
1002	29.276	29.109	30.671	16.485	10.51	8.0982	
1003	29.251	29.083	30.645	16.476	10.477	8.0989	
1004	29.226	29.056	30.62	16.475	10.443	8.0759	
1005	29.201	29.03	30.595	16.439	10.542	8.1117	
1006	29.177	29.003	30.57	16.467	10.428	8.1096	
1007	29.152	28.977	30.546	16.465	10.492	8.0327	
1008	29.127	28.95	30.521	16.449	10.484	8.0563	
1009	29.103	28.924	30.496	16.429	10.432	8.0496	
1010	29.078	28.898	30.471	16.466	10.451	8.0414	
1011	29.054	28.872	30.447	16.433	10.444	8.0428	
1012	29.029	28.846	30.422	16.438	10.431	8.0143	
1013	29.005	28.82	30.397	16.434	10.414	8.0082	
1014	28.981	28.794	30.373	16.435	10.394	8.0042	
1015	28.956	28.768	30.348	16.437	10.4	7.9932	
1016	28.932	28.742	30.324	16.413	10.402	8.087	
1017	28.908	28.717	30.3	16.395	10.365	7.9546	
1018	28.884	28.691	30.275	16.391	10.366	7.9748	
1019	28.86	28.665	30.251	16.377	10.349	7.938	
1020	28.837	28.64	30.227	16.428	10.409	7.9076	
1021	28.813	28.614	30.203	16.344	10.406	7.9482	
1022	28.789	28.589	30.178	16.399	10.335	7.9468	
1023	28.766	28.563	30.154	16.418	10.322	7.9437	
1024	28.742	28.538	30.13	16.374	10.301	7.9785	
1025	28.719	28.513	30.106	16.416	10.31	7.9159	
1026	28.695	28.488	30.082	16.38	10.359	7.8728	
1027	28.672	28.463	30.058	16.414	10.241	7.8987	
1028	28.649	28.438	30.035	16.371	10.339	7.8451	
1029	28.626	28.413	30.011	16.355	10.283	7.8299	
1030	28.603	28.388	29.987	16.359	10.328	7.903	
1031	28.58	28.363	29.963	16.422	10.333	7.9249	
1032	28.557	28.338	29.94	16.316	10.327	7.8632	
1033	28.534	28.313	29.916	16.382	10.287	7.887	
1034	28.511	28.289	29.893	16.356	10.309	7.8533	
1035	28.488	28.264	29.869	16.379	10.251	7.9231	
1036	28.465	28.239	29.846	16.253	10.285	7.8388	
1037	28.443	28.215	29.822	16.397	10.175	7.8035	
1038	28.42	28.19	29.799	16.319	10.24	7.9786	
1039	28.398	28.166	29.775	16.361	10.29	7.9209	
1040	28.375	28.142	29.752	16.298	10.088	7.8087	
1041	28.353	28.117	29.729	16.335	10.216	7.8567	
1042	28.331	28.093	29.706	16.445	10.238	7.6434	
1043	28.308	28.069	29.683	16.412	10.176	7.6925	
1044	28.286	28.045	29.659	16.267	10.268	7.7417	
1045	28.264	28.021	29.636	16.308	10.204	7.7873	
1046	28.242	27.997	29.613	16.204	10.35	7.5825	
1047	28.22	27.973	29.59	16.266	10.039	7.7932	
1048	28.198	27.949	29.567	16.229	10.157	7.8069	
1049	28.176	27.925	29.545	16.299	10.171	7.7236	
1050	28.155	27.901	29.522	16.276	10.083	7.8107	
1051	28.133	27.877	29.499	16.278	10.17	7.7396	
1052	28.111	27.854	29.476	16.273	10.161	7.7044	
1053	28.09	27.83	29.453	16.277	10.167	7.7231	
1054	28.068	27.807	29.431	16.277	10.148	7.7089	
1055	28.047	27.783	29.408	16.277	10.167	7.6972	
1056	28.025	27.76	29.386	16.273	10.135	7.687	
1057	28.004	27.736	29.363	16.269	10.153	7.6997	
1058	27.982	27.713	29.34	16.262	10.142	7.6709	
1059	27.961	27.689	29.318	16.247	10.134	7.6933	
1060	27.94	27.666	29.296	16.254	10.134	7.6648	
1061	27.919	27.643	29.273	16.263	10.116	7.6747	
1062	27.898	27.62	29.251	16.239	10.115	7.6648	
1063	27.877	27.597	29.229	16.235	10.098	7.6667	
1064	27.856	27.574	29.206	16.233	10.093	7.6472	
1065	27.835	27.551	29.184	16.225	10.087	7.629	
1066	27.814	27.528	29.162	16.232	10.086	7.618	
1067	27.793	27.505	29.14	16.223	10.089	7.6219	
1068	27.773	27.482	29.118	16.218	10.078	7.6284	
1069	27.752	27.459	29.096	16.223	10.054	7.6005	
1070	27.731	27.436	29.074	16.22	10.079	7.5985	
1071	27.711	27.414	29.052	16.218	10.063	7.599	
1072	27.69	27.391	29.03	16.202	10.065	7.5925	
1073	27.67	27.368	29.008	16.215	10.029	7.5661	
1074	27.649	27.346	28.986	16.199	10.044	7.5808	
1075	27.629	27.323	28.964	16.193	10.033	7.5517	
1076	27.609	27.301	28.942	16.201	10.022	7.5548	
1077	27.589	27.279	28.921	16.189	10.024	7.5511	
1078	27.568	27.256	28.899	16.185	10.008	7.5417	
1079	27.548	27.234	28.877	16.186	10.022	7.5314	
1080	27.528	27.212	28.856	16.186	10.011	7.5387	
1081	27.508	27.189	28.834	16.179	10.01	7.5348	
1082	27.488	27.167	28.813	16.172	10.007	7.5257	
1083	27.469	27.145	28.791	16.18	9.9947	7.5117	
1084	27.449	27.123	28.77	16.172	9.995	7.5129	
1085	27.429	27.101	28.748	16.166	9.9914	7.5014	
1086	27.409	27.079	28.727	16.171	9.9923	7.5038	
1087	27.389	27.057	28.705	16.156	9.9873	7.4945	
1088	27.37	27.035	28.684	16.166	9.9817	7.4997	
1089	27.35	27.013	28.663	16.159	9.9779	7.4821	
1090	27.331	26.992	28.642	16.158	9.9803	7.4881	
1091	27.311	26.97	28.62	16.153	9.9785	7.4853	
1092	27.292	26.948	28.599	16.144	9.9565	7.4715	
1093	27.273	26.926	28.578	16.148	9.9506	7.4729	
1094	27.253	26.905	28.557	16.141	9.9601	7.4722	
1095	27.234	26.883	28.536	16.15	9.9318	7.4483	
1096	27.215	26.862	28.515	16.144	9.9407	7.4519	
1097	27.196	26.84	28.494	16.13	9.9283	7.4383	
1098	27.176	26.819	28.473	16.124	9.9234	7.4168	
1099	27.157	26.797	28.452	16.123	9.9232	7.4195	
1100	27.138	26.776	28.431	16.113	9.9178	7.4139	
1101	27.119	26.755	28.41	16.124	9.9056	7.3964	
1102	27.101	26.734	28.389	16.116	9.8945	7.3888	
1103	27.082	26.712	28.369	16.109	9.8791	7.3797	
1104	27.063	26.691	28.348	16.105	9.888	7.3786	
1105	27.044	26.67	28.327	16.097	9.8862	7.3711	
1106	27.025	26.649	28.307	16.101	9.8753	7.3644	
1107	27.007	26.628	28.286	16.09	9.8672	7.3615	
1108	26.988	26.607	28.265	16.098	9.873	7.3533	
1109	26.969	26.586	28.245	16.089	9.8628	7.35	
1110	26.951	26.565	28.224	16.087	9.8562	7.3493	
1111	26.932	26.544	28.204	16.086	9.8575	7.3426	
1112	26.914	26.523	28.183	16.085	9.8439	7.3361	
1113	26.896	26.503	28.163	16.085	9.8491	7.3346	
1114	26.877	26.482	28.142	16.08	9.8466	7.3305	
1115	26.859	26.461	28.122	16.077	9.8484	7.3291	
1116	26.841	26.441	28.102	16.078	9.8409	7.3321	
1117	26.823	26.42	28.081	16.079	9.8416	7.3209	
1118	26.804	26.399	28.061	16.072	9.8334	7.3214	
1119	26.786	26.379	28.041	16.06	9.8347	7.3015	
1120	26.768	26.358	28.021	16.068	9.8313	7.2924	
1121	26.75	26.338	28.001	16.067	9.8176	7.2878	
1122	26.732	26.318	27.98	16.06	9.8063	7.2978	
1123	26.714	26.297	27.96	16.048	9.8069	7.2903	
1124	26.696	26.277	27.94	16.063	9.8076	7.2673	
1125	26.679	26.257	27.92	16.054	9.7979	7.2623	
1126	26.661	26.236	27.9	16.058	9.8085	7.2676	
1127	26.643	26.216	27.88	16.033	9.7894	7.2435	
1128	26.625	26.196	27.86	16.033	9.7801	7.246	
1129	26.608	26.176	27.84	16.039	9.78	7.2589	
1130	26.59	26.156	27.821	16.029	9.784	7.2303	
1131	26.573	26.136	27.801	16.028	9.7661	7.2327	
1132	26.555	26.116	27.781	16.029	9.7641	7.2224	
1133	26.537	26.096	27.761	16.022	9.7746	7.22	
1134	26.52	26.076	27.741	16.013	9.7404	7.2208	
1135	26.503	26.056	27.722	16.016	9.7516	7.1929	
1136	26.485	26.036	27.702	16.019	9.733	7.2045	
1137	26.468	26.016	27.682	16.012	9.7186	7.2018	
1138	26.451	25.996	27.663	16.011	9.7314	7.1817	
1139	26.433	25.977	27.643	16.007	9.7294	7.188	
1140	26.416	25.957	27.624	16	9.711	7.1734	
1141	26.399	25.937	27.604	16.013	9.7229	7.1701	
1142	26.382	25.918	27.585	16.009	9.7157	7.1425	
1143	26.365	25.898	27.565	15.991	9.7047	7.1754	
1144	26.348	25.878	27.546	15.991	9.6948	7.1627	
1145	26.331	25.859	27.526	15.994	9.7082	7.1617	
1146	26.314	25.839	27.507	15.991	9.6734	7.1488	
1147	26.297	25.82	27.488	15.987	9.6773	7.1375	
1148	26.28	25.801	27.468	15.993	9.6824	7.1398	
1149	26.263	25.781	27.449	15.982	9.6859	7.1336	
1150	26.247	25.762	27.43	15.971	9.6696	7.1285	
1151	26.23	25.743	27.411	15.973	9.6557	7.1144	
1152	26.213	25.723	27.391	15.974	9.6664	7.1066	
1153	26.197	25.704	27.372	15.967	9.6521	7.0941	
1154	26.18	25.685	27.353	15.961	9.6519	7.0958	
1155	26.163	25.666	27.334	15.966	9.6506	7.0979	
1156	26.147	25.647	27.315	15.955	9.6498	7.0837	
1157	26.13	25.628	27.296	15.955	9.6421	7.0727	
1158	26.114	25.609	27.277	15.956	9.6421	7.0731	
1159	26.097	25.59	27.258	15.96	9.6267	7.0708	
1160	26.081	25.571	27.239	15.957	9.628	7.0722	
1161	26.065	25.552	27.22	15.947	9.6061	7.0769	
1162	26.048	25.533	27.201	15.943	9.6372	7.0503	
1163	26.032	25.514	27.182	15.932	9.6109	7.0423	
1164	26.016	25.495	27.163	15.933	9.5892	7.0355	
1165	26	25.476	27.145	15.926	9.6021	7.0251	
1166	25.984	25.458	27.126	15.934	9.5923	7.0232	
1167	25.968	25.439	27.107	15.935	9.6092	7.0307	
1168	25.951	25.42	27.088	15.925	9.5875	7.0159	
1169	25.935	25.401	27.07	15.919	9.579	7.0094	
1170	25.919	25.383	27.051	15.923	9.5874	6.9969	
1171	25.903	25.364	27.032	15.918	9.5745	6.9927	
1172	25.888	25.346	27.014	15.915	9.5753	6.9904	
1173	25.872	25.327	26.995	15.913	9.572	6.9898	
1174	25.856	25.309	26.977	15.912	9.5717	6.9855	
1175	25.84	25.29	26.958	15.911	9.5671	6.9893	
1176	25.824	25.272	26.94	15.909	9.5553	6.9753	
1177	25.808	25.253	26.921	15.913	9.5548	6.9734	
1178	25.793	25.235	26.903	15.902	9.5491	6.9642	
1179	25.777	25.217	26.884	15.902	9.5544	6.9693	
1180	25.761	25.198	26.866	15.901	9.5467	6.9584	
1181	25.746	25.18	26.847	15.901	9.5467	6.9598	
1182	25.73	25.162	26.829	15.894	9.5385	6.9547	
1183	25.715	25.144	26.811	15.897	9.537	6.95	
1184	25.699	25.126	26.793	15.892	9.532	6.9421	
1185	25.684	25.108	26.774	15.883	9.531	6.946	
1186	25.668	25.089	26.756	15.885	9.5219	6.9289	
1187	25.653	25.071	26.738	15.884	9.5224	6.9354	
1188	25.638	25.053	26.72	15.877	9.523	6.9241	
1189	25.622	25.035	26.702	15.882	9.5084	6.9071	
1190	25.607	25.017	26.683	15.876	9.5137	6.9197	
1191	25.592	24.999	26.665	15.87	9.5099	6.9094	
1192	25.577	24.982	26.647	15.871	9.4961	6.8957	
1193	25.561	24.964	26.629	15.868	9.4961	6.8932	
1194	25.546	24.946	26.611	15.862	9.5027	6.9035	
1195	25.531	24.928	26.593	15.874	9.474	6.8908	
1196	25.516	24.91	26.575	15.86	9.4905	6.8699	
1197	25.501	24.893	26.557	15.862	9.4762	6.8911	
1198	25.486	24.875	26.539	15.852	9.4631	6.8864	
1199	25.471	24.857	26.522	15.851	9.477	6.8633	
1200	25.456	24.84	26.504	15.858	9.4625	6.8505	
1201	25.441	24.822	26.486	15.861	9.4796	6.8706	
1202	25.426	24.804	26.468	15.841	9.4636	6.8566	
1203	25.412	24.787	26.45	15.848	9.4582	6.8337	
1204	25.397	24.769	26.432	15.851	9.4464	6.8183	
1205	25.382	24.752	26.415	15.832	9.4472	6.8323	
1206	25.367	24.734	26.397	15.836	9.466	6.8321	
1207	25.353	24.717	26.379	15.846	9.4633	6.8204	
1208	25.338	24.7	26.362	15.832	9.4402	6.8124	
1209	25.323	24.682	26.344	15.836	9.4279	6.8174	
1210	25.309	24.665	26.326	15.829	9.4198	6.7981	
1211	25.294	24.648	26.309	15.824	9.4014	6.7811	
1212	25.28	24.63	26.291	15.822	9.4159	6.7865	
1213	25.265	24.613	26.274	15.831	9.4125	6.7945	
1214	25.251	24.596	26.256	15.818	9.422	6.771	
1215	25.236	24.579	26.239	15.827	9.4065	6.7776	
1216	25.222	24.561	26.221	15.816	9.3902	6.7962	
1217	25.207	24.544	26.204	15.82	9.3945	6.7799	
1218	25.193	24.527	26.187	15.792	9.3676	6.7812	
1219	25.179	24.51	26.169	15.814	9.3787	6.7488	
1220	25.164	24.493	26.152	15.812	9.3724	6.7566	
1221	25.15	24.476	26.135	15.792	9.3678	6.7577	
1222	25.136	24.459	26.117	15.806	9.4041	6.7482	
1223	25.122	24.442	26.1	15.808	9.3612	6.7497	
1224	25.108	24.425	26.083	15.802	9.3661	6.7322	
1225	25.093	24.408	26.065	15.793	9.3623	6.7376	
1226	25.079	24.391	26.048	15.803	9.3763	6.7294	
1227	25.065	24.375	26.031	15.81	9.3589	6.7325	
1228	25.051	24.358	26.014	15.774	9.3448	6.7237	
1229	25.037	24.341	25.997	15.767	9.3236	6.7278	
1230	25.023	24.324	25.98	15.774	9.3573	6.7086	
1231	25.009	24.307	25.963	15.796	9.3605	6.676	
1232	24.995	24.291	25.945	15.789	9.3331	6.7336	
1233	24.981	24.274	25.928	15.803	9.3612	6.6865	
1234	24.968	24.257	25.911	15.779	9.3636	6.7088	
1235	24.954	24.241	25.894	15.762	9.3504	6.6856	
1236	24.94	24.224	25.877	15.776	9.3508	6.7156	
1237	24.926	24.208	25.86	15.771	9.3581	6.6932	
1238	24.912	24.191	25.844	15.803	9.3178	6.7029	
1239	24.899	24.175	25.827	15.735	9.3726	6.7182	
1240	24.885	24.158	25.81	15.732	9.2717	6.6779	
1241	24.871	24.142	25.793	15.745	9.341	6.6356	
1242	24.858	24.125	25.776	15.735	9.3044	6.6996	
1243	24.844	24.109	25.759	15.764	9.3127	6.761	
1244	24.831	24.093	25.742	15.782	9.3076	6.6586	
1245	24.817	24.076	25.726	15.721	9.362	6.5928	
1246	24.804	24.06	25.709	15.748	9.298	6.6041	
1247	24.79	24.044	25.692	15.731	9.2333	6.6094	
1248	24.777	24.027	25.676	15.743	9.2731	6.5843	
1249	24.763	24.011	25.659	15.775	9.2931	6.6536	
1250	24.75	23.995	25.642	15.753	9.3398	6.5861	
1251	24.736	23.979	25.626	15.739	9.2561	6.6486	
1252	24.723	23.962	25.609	15.709	9.2021	6.5795	
1253	24.71	23.946	25.592	15.708	9.3079	6.5872	
1254	24.696	23.93	25.576	15.716	9.2289	6.5936	
1255	24.683	23.914	25.559	15.74	9.2415	6.623	
1256	24.67	23.898	25.543	15.719	9.2629	6.5966	
1257	24.657	23.882	25.526	15.717	9.2216	6.5567	
1258	24.644	23.866	25.51	15.725	9.2458	6.548	
1259	24.63	23.85	25.493	15.694	9.2312	6.5771	
1260	24.617	23.834	25.477	15.709	9.2387	6.553	
1261	24.604	23.818	25.461	15.706	9.2178	6.5473	
1262	24.591	23.802	25.444	15.689	9.2162	6.5425	
1263	24.578	23.787	25.428	15.706	9.2186	6.5313	
1264	24.565	23.771	25.412	15.682	9.2026	6.5444	
1265	24.552	23.755	25.395	15.708	9.2245	6.5324	
1266	24.539	23.739	25.379	15.696	9.2306	6.5176	
1267	24.526	23.723	25.363	15.709	9.2023	6.5414	
1268	24.513	23.708	25.346	15.714	9.2095	6.5453	
1269	24.5	23.692	25.33	15.701	9.2186	6.5538	
1270	24.488	23.676	25.314	15.696	9.198	6.5367	
1271	24.475	23.661	25.298	15.683	9.2039	6.5136	
1272	24.462	23.645	25.282	15.688	9.2189	6.5472	
1273	24.449	23.629	25.265	15.705	9.2243	6.5247	
1274	24.436	23.614	25.249	15.701	9.2005	6.5306	
1275	24.424	23.598	25.233	15.686	9.1823	6.4939	
1276	24.411	23.583	25.217	15.699	9.2087	6.5205	
1277	24.398	23.567	25.201	15.663	9.1993	6.5191	
1278	24.386	23.552	25.185	15.665	9.1892	6.5112	
1279	24.373	23.536	25.169	15.681	9.1589	6.4593	
1280	24.361	23.521	25.153	15.675	9.156	6.4798	
1281	24.348	23.505	25.137	15.682	9.1567	6.4748	
1282	24.335	23.49	25.121	15.676	9.169	6.4949	
1283	24.323	23.475	25.105	15.656	9.1537	6.4527	
1284	24.31	23.459	25.089	15.632	9.1916	6.4591	
1285	24.298	23.444	25.073	15.644	9.1608	6.4782	
1286	24.286	23.429	25.058	15.669	9.1557	6.4463	
1287	24.273	23.413	25.042	15.652	9.1412	6.4697	
1288	24.261	23.398	25.026	15.663	9.1606	6.4591	
1289	24.248	23.383	25.01	15.652	9.1422	6.4344	
1290	24.236	23.368	24.994	15.657	9.1551	6.4376	
1291	24.224	23.352	24.978	15.64	9.1345	6.4164	
1292	24.211	23.337	24.963	15.656	9.1345	6.4736	
1293	24.199	23.322	24.947	15.647	9.1239	6.4379	
1294	24.187	23.307	24.931	15.668	9.1578	6.4281	
1295	24.175	23.292	24.916	15.646	9.1369	6.3954	
1296	24.163	23.277	24.9	15.653	9.1292	6.3926	
1297	24.15	23.262	24.884	15.651	9.0942	6.4387	
1298	24.138	23.247	24.869	15.631	9.1357	6.4042	
1299	24.126	23.232	24.853	15.641	9.0837	6.373	
1300	24.114	23.217	24.838	15.624	9.1037	6.3995	
1301	24.102	23.202	24.822	15.641	9.126	6.3705	
1302	24.09	23.187	24.806	15.611	9.0799	6.4187	
1303	24.078	23.172	24.791	15.637	9.1245	6.3851	
1304	24.066	23.157	24.775	15.648	9.1135	6.3952	
1305	24.054	23.142	24.76	15.652	9.0861	6.3467	
1306	24.042	23.128	24.744	15.629	9.1235	6.3831	
1307	24.03	23.113	24.729	15.62	9.108	6.3954	
1308	24.018	23.098	24.714	15.613	9.0891	6.388	
1309	24.006	23.083	24.698	15.62	9.0991	6.3783	
1310	23.994	23.069	24.683	15.612	9.0767	6.3653	
1311	23.983	23.054	24.667	15.62	9.0461	6.3913	
1312	23.971	23.039	24.652	15.608	9.0606	6.3221	
1313	23.959	23.025	24.637	15.613	9.0866	6.3847	
1314	23.947	23.01	24.621	15.607	9.0596	6.3495	
1315	23.935	22.995	24.606	15.602	9.0327	6.3262	
1316	23.924	22.981	24.591	15.629	8.9941	6.3194	
1317	23.912	22.966	24.576	15.605	9.0557	6.3822	
1318	23.9	22.951	24.56	15.589	9.0545	6.3601	
1319	23.889	22.937	24.545	15.631	9.0479	6.354	
1320	23.877	22.922	24.53	15.574	9.0367	6.3584	
1321	23.866	22.908	24.515	15.612	9.0226	6.3347	
1322	23.854	22.894	24.5	15.601	8.9983	6.2378	
1323	23.842	22.879	24.485	15.554	9.0135	6.278	
1324	23.831	22.865	24.469	15.608	9.0519	6.2872	
1325	23.819	22.85	24.454	15.621	8.9865	6.3038	
1326	23.808	22.836	24.439	15.629	8.988	6.2721	
1327	23.796	22.822	24.424	15.6	9.0561	6.2622	
1328	23.785	22.807	24.409	15.561	8.9618	6.3632	
1329	23.774	22.793	24.394	15.563	8.9748	6.2771	
1330	23.762	22.779	24.379	15.621	9.0407	6.2531	
1331	23.751	22.764	24.364	15.566	9.0607	6.3246	
1332	23.739	22.75	24.349	15.561	8.9719	6.418	
1333	23.728	22.736	24.334	15.578	9.0236	6.2824	
1334	23.717	22.722	24.319	15.6	8.9906	6.2743	
1335	23.705	22.707	24.304	15.55	9.0051	6.153	
1336	23.694	22.693	24.29	15.537	9.0374	6.3185	
1337	23.683	22.679	24.275	15.618	8.9803	6.1591	
1338	23.672	22.665	24.26	15.535	9.048	6.2468	
1339	23.661	22.651	24.245	15.561	9.032	6.2708	
1340	23.649	22.637	24.23	15.593	9.0077	6.1586	
1341	23.638	22.623	24.215	15.666	8.8259	6.2786	
1342	23.627	22.609	24.201	15.575	8.9248	6.4947	
1343	23.616	22.595	24.186	15.64	9.0003	6.4568	
1344	23.605	22.581	24.171	15.52	9.0383	6.2736	
1345	23.594	22.567	24.156	15.567	9.1261	6.2256	
1346	23.583	22.553	24.142	15.405	8.8527	6.0078	
1347	23.572	22.539	24.127	15.559	9.1196	5.8337	
1348	23.561	22.525	24.112	15.504	9.1334	6.1728	
1349	23.55	22.511	24.098	15.419	9.278	6.2167	
1350	23.539	22.497	24.083	15.265	9.0644	6.2217	
1351	23.528	22.483	24.068	15.503	8.9301	5.9253	
1352	23.517	22.47	24.054	15.455	8.8241	6.3825	
1353	23.506	22.456	24.039	15.547	8.3823	6.2501	
1354	23.495	22.442	24.025	15.469	9.3073	6.3855	
1355	23.484	22.428	24.01	15.712	8.773	5.6078	
1356	23.473	22.414	23.996	15.648	9.1567	6.0752	
1357	23.462	22.401	23.981	15.444	9.0441	6.2724	
1358	23.452	22.387	23.967	16.248	9.371	6.3795	
1359	23.441	22.373	23.952	16.262	8.6908	6.918	
1426	22.762	21.5	23.021	15.655	9.2987	6.337	
1427	22.752	21.487	23.008	15.544	8.6458	6.0444	
1428	22.743	21.475	22.994	15.394	8.841	5.6434	
1429	22.733	21.462	22.981	15.638	8.6618	5.8162	
1430	22.724	21.45	22.968	15.645	8.8034	5.8313	
1431	22.714	21.438	22.954	15.324	8.9254	6.1083	
1432	22.705	21.425	22.941	15.558	8.5618	5.8907	
1433	22.695	21.413	22.928	15.35	8.5981	5.8503	
1434	22.686	21.401	22.915	15.504	8.9164	6.1849	
1435	22.677	21.388	22.901	15.523	8.856	5.7635	
1436	22.667	21.376	22.888	15.531	8.646	5.9371	
1437	22.658	21.364	22.875	15.437	8.9074	5.8618	
1438	22.648	21.352	22.862	15.329	8.6594	5.9473	
1439	22.639	21.339	22.849	15.448	8.7878	5.9026	
1440	22.63	21.327	22.836	15.332	8.7869	5.8234	
1441	22.621	21.315	22.822	15.418	8.6815	6.0523	
1442	22.611	21.303	22.809	15.471	8.6178	5.804	
1443	22.602	21.291	22.796	15.352	8.745	5.9607	
1444	22.593	21.279	22.783	15.461	8.7728	5.754	
1445	22.584	21.267	22.77	15.33	8.7337	5.8418	
1446	22.574	21.254	22.757	15.463	8.6349	5.8148	
1447	22.565	21.242	22.744	15.435	8.7027	5.7187	
1448	22.556	21.23	22.731	15.418	8.6759	5.8657	
1449	22.547	21.218	22.718	15.369	8.7286	5.8616	
1450	22.538	21.206	22.705	15.389	8.7223	5.7667	
1451	22.529	21.194	22.692	15.439	8.6835	5.8613	
1452	22.519	21.182	22.679	15.461	8.7416	5.9121	
1453	22.51	21.17	22.666	15.432	8.7434	5.9344	
1454	22.501	21.158	22.653	15.347	8.6775	5.7013	
1455	22.492	21.146	22.64	15.416	8.7501	5.778	
1456	22.483	21.134	22.627	15.442	8.7139	5.8162	
1457	22.474	21.122	22.614	15.384	8.5911	5.8161	
1458	22.465	21.11	22.601	15.382	8.7003	5.8269	
1459	22.456	21.099	22.589	15.364	8.5653	5.7475	
1460	22.447	21.087	22.576	15.406	8.6329	5.8577	
1461	22.438	21.075	22.563	15.425	8.6263	5.8131	
1462	22.429	21.063	22.55	15.392	8.6402	5.8205	
1463	22.42	21.051	22.537	15.378	8.6426	5.7707	
1464	22.411	21.039	22.524	15.356	8.6674	5.7556	
1465	22.402	21.028	22.512	15.367	8.7009	5.7782	
1466	22.393	21.016	22.499	15.362	8.5979	5.8152	
1467	22.385	21.004	22.486	15.382	8.6242	5.8072	
1468	22.376	20.992	22.473	15.351	8.6378	5.7845	
1469	22.367	20.98	22.461	15.375	8.6157	5.7777	
1470	22.358	20.969	22.448	15.368	8.6027	5.7829	
1471	22.349	20.957	22.435	15.371	8.6274	5.7814	
1472	22.34	20.945	22.423	15.372	8.6286	5.7604	
1473	22.332	20.934	22.41	15.361	8.64	5.7729	
1474	22.323	20.922	22.397	15.364	8.6233	5.7729	
1475	22.314	20.91	22.385	15.367	8.6216	5.7631	
1476	22.305	20.899	22.372	15.361	8.6167	5.7547	
1477	22.296	20.887	22.359	15.367	8.6407	5.7684	
1478	22.288	20.876	22.347	15.372	8.6251	5.7501	
1479	22.279	20.864	22.334	15.364	8.6199	5.7574	
1480	22.27	20.852	22.322	15.365	8.6238	5.7479	
1481	22.262	20.841	22.309	15.366	8.6113	5.7261	
1482	22.253	20.829	22.297	15.361	8.6283	5.7517	
1483	22.244	20.818	22.284	15.362	8.62	5.7472	
1484	22.236	20.806	22.272	15.378	8.6195	5.7384	
1485	22.227	20.795	22.259	15.355	8.6304	5.737	
1486	22.219	20.783	22.247	15.356	8.5946	5.6973	
1487	22.21	20.772	22.234	15.348	8.6228	5.7008	
1488	22.201	20.76	22.222	15.36	8.6145	5.7232	
1489	22.193	20.749	22.209	15.361	8.6151	5.7038	
1490	22.184	20.738	22.197	15.362	8.5895	5.747	
1491	22.176	20.726	22.184	15.345	8.6053	5.698	
1492	22.167	20.715	22.172	15.351	8.5961	5.7165	
1493	22.159	20.703	22.16	15.341	8.5614	5.7088	
1494	22.15	20.692	22.147	15.341	8.5719	5.697	
1495	22.142	20.681	22.135	15.332	8.5697	5.6877	
1496	22.133	20.669	22.123	15.36	8.6007	5.7053	
1497	22.125	20.658	22.11	15.331	8.5842	5.694	
1498	22.116	20.647	22.098	15.364	8.5808	5.6957	
1499	22.108	20.636	22.086	15.346	8.5729	5.7135	
1500	22.1	20.624	22.073	15.338	8.5688	5.6944	
1501	22.091	20.613	22.061	15.324	8.5615	5.6481	
1502	22.083	20.602	22.049	15.341	8.5663	5.6767	
1503	22.075	20.591	22.036	15.337	8.5858	5.6658	
1504	22.066	20.579	22.024	15.331	8.5525	5.6375	
1505	22.058	20.568	22.012	15.336	8.5556	5.6753	
1506	22.05	20.557	22	15.327	8.5511	5.6423	
1507	22.041	20.546	21.988	15.311	8.5398	5.6658	
1508	22.033	20.535	21.975	15.308	8.5416	5.6703	
1509	22.025	20.524	21.963	15.345	8.5427	5.6533	
1510	22.016	20.512	21.951	15.333	8.5601	5.6374	
1511	22.008	20.501	21.939	15.339	8.555	5.6471	
1512	22	20.49	21.927	15.33	8.5822	5.6517	
1513	21.992	20.479	21.915	15.364	8.5032	5.6648	
1514	21.984	20.468	21.903	15.322	8.5396	5.6835	
1515	21.975	20.457	21.891	15.295	8.5603	5.6483	
1516	21.967	20.446	21.878	15.318	8.5056	5.6522	
1517	21.959	20.435	21.866	15.315	8.5658	5.6102	
1518	21.951	20.424	21.854	15.295	8.5482	5.6359	
1519	21.943	20.413	21.842	15.297	8.5464	5.6432	
1520	21.935	20.402	21.83	15.291	8.534	5.6375	
1521	21.927	20.391	21.818	15.314	8.4871	5.5673	
1522	21.918	20.38	21.806	15.294	8.5187	5.5965	
1523	21.91	20.369	21.794	15.298	8.5355	5.6022	
1524	21.902	20.358	21.782	15.33	8.5488	5.6586	
1525	21.894	20.347	21.77	15.314	8.5414	5.6269	
1526	21.886	20.337	21.758	15.292	8.5151	5.6013	
1527	21.878	20.326	21.746	15.3	8.528	5.6024	
1528	21.87	20.315	21.735	15.288	8.5465	5.6141	
1529	21.862	20.304	21.723	15.293	8.4942	5.5902	
1530	21.854	20.293	21.711	15.303	8.5058	5.6026	
1531	21.846	20.282	21.699	15.28	8.4914	5.604	
1532	21.838	20.272	21.687	15.308	8.4916	5.603	
1533	21.83	20.261	21.675	15.284	8.4702	5.5967	
1534	21.822	20.25	21.663	15.305	8.4793	5.6376	
1535	21.814	20.239	21.651	15.298	8.4926	5.5712	
1536	21.806	20.228	21.64	15.276	8.4891	5.5791	
1537	21.799	20.218	21.628	15.283	8.4941	5.5846	
1538	21.791	20.207	21.616	15.277	8.5252	5.5789	
1539	21.783	20.196	21.604	15.294	8.4816	5.577	
1540	21.775	20.186	21.593	15.287	8.4628	5.578	
1541	21.767	20.175	21.581	15.275	8.4525	5.5494	
1542	21.759	20.164	21.569	15.281	8.4651	5.5754	
1543	21.751	20.154	21.557	15.279	8.4722	5.544	
1544	21.744	20.143	21.546	15.282	8.4897	5.5788	
1545	21.736	20.132	21.534	15.263	8.493	5.5536	
1546	21.728	20.122	21.522	15.278	8.4662	5.5539	
1547	21.72	20.111	21.51	15.274	8.4734	5.5453	
1548	21.712	20.1	21.499	15.277	8.4642	5.5399	
1549	21.705	20.09	21.487	15.277	8.4838	5.5347	
1550	21.697	20.079	21.476	15.282	8.4621	5.5433	
1551	21.689	20.069	21.464	15.26	8.4848	5.5405	
1552	21.682	20.058	21.452	15.272	8.4641	5.5476	
1553	21.674	20.048	21.441	15.253	8.4528	5.5522	
1554	21.666	20.037	21.429	15.262	8.4672	5.5335	
1555	21.659	20.027	21.418	15.281	8.442	5.52	
1556	21.651	20.016	21.406	15.259	8.4567	5.5561	
1557	21.643	20.006	21.394	15.253	8.4481	5.5181	
1558	21.636	19.995	21.383	15.256	8.4504	5.5207	
1559	21.628	19.985	21.371	15.276	8.4324	5.4932	
1560	21.62	19.975	21.36	15.271	8.4614	5.517	
1561	21.613	19.964	21.348	15.28	8.463	5.5073	
1562	21.605	19.954	21.337	15.286	8.4263	5.5184	
1563	21.598	19.943	21.325	15.246	8.4494	5.5213	
1564	21.59	19.933	21.314	15.253	8.4738	5.4959	
1565	21.582	19.923	21.302	15.26	8.475	5.4892	
1566	21.575	19.912	21.291	15.25	8.4211	5.471	
1567	21.567	19.902	21.28	15.272	8.4036	5.5013	
1568	21.56	19.892	21.268	15.254	8.4459	5.5132	
1569	21.552	19.881	21.257	15.273	8.4673	5.5183	
1570	21.545	19.871	21.245	15.258	8.4541	5.5109	
1571	21.537	19.861	21.234	15.251	8.43	5.5032	
1572	21.53	19.85	21.223	15.247	8.4216	5.516	
1573	21.523	19.84	21.211	15.253	8.4038	5.4898	
1574	21.515	19.83	21.2	15.271	8.4254	5.4739	
1575	21.508	19.82	21.188	15.231	8.4078	5.4942	
1576	21.5	19.809	21.177	15.249	8.3978	5.4296	
1577	21.493	19.799	21.166	15.217	8.3749	5.4756	
1578	21.485	19.789	21.155	15.237	8.4288	5.4607	
1579	21.478	19.779	21.143	15.228	8.4205	5.4795	
1580	21.471	19.769	21.132	15.239	8.3869	5.4487	
1581	21.463	19.758	21.121	15.234	8.4189	5.4105	
1582	21.456	19.748	21.109	15.257	8.4008	5.48	
1583	21.449	19.738	21.098	15.226	8.4345	5.4544	
1584	21.441	19.728	21.087	15.259	8.3606	5.4227	
1585	21.434	19.718	21.076	15.244	8.4289	5.4566	
1586	21.427	19.708	21.065	15.233	8.3734	5.502	
1587	21.419	19.698	21.053	15.238	8.4237	5.4611	
1588	21.412	19.688	21.042	15.245	8.3774	5.3926	
1589	21.405	19.678	21.031	15.215	8.3875	5.4566	
1590	21.398	19.668	21.02	15.228	8.3519	5.4219	
1591	21.39	19.658	21.009	15.219	8.3652	5.442	
1592	21.383	19.648	20.998	15.22	8.4063	5.4059	
1593	21.376	19.638	20.986	15.242	8.3902	5.4055	
1594	21.369	19.628	20.975	15.227	8.3533	5.4718	
1595	21.361	19.618	20.964	15.251	8.3693	5.388	
1596	21.354	19.608	20.953	15.218	8.396	5.4089	
1597	21.347	19.598	20.942	15.224	8.3787	5.4234	
1598	21.34	19.588	20.931	15.233	8.3674	5.3693	
1599	21.333	19.578	20.92	15.229	8.3583	5.4027	
1600	21.326	19.568	20.909	15.215	8.372	5.3582	
1601	21.319	19.558	20.898	15.245	8.3609	5.4297	
1602	21.311	19.548	20.887	15.238	8.3485	5.3855	
1603	21.304	19.538	20.876	15.243	8.3307	5.3756	
1604	21.297	19.528	20.865	15.231	8.3665	5.3766	
1605	21.29	19.518	20.854	15.219	8.355	5.4195	
1606	21.283	19.509	20.843	15.218	8.3515	5.381	
1607	21.276	19.499	20.832	15.236	8.3546	5.3807	
1608	21.269	19.489	20.821	15.198	8.3743	5.3834	
1609	21.262	19.479	20.81	15.209	8.3542	5.3865	
1610	21.255	19.469	20.799	15.217	8.3669	5.3679	
1611	21.248	19.459	20.788	15.223	8.3448	5.3933	
1612	21.241	19.45	20.777	15.243	8.3307	5.3638	
1613	21.234	19.44	20.766	15.178	8.3644	5.3728	
1614	21.227	19.43	20.756	15.202	8.361	5.4227	
1615	21.22	19.42	20.745	15.227	8.3397	5.3958	
1616	21.213	19.411	20.734	15.22	8.3127	5.3666	
1617	21.206	19.401	20.723	15.246	8.3553	5.3936	
1618	21.199	19.391	20.712	15.226	8.3236	5.3726	
1619	21.192	19.382	20.701	15.199	8.3466	5.3731	
1620	21.185	19.372	20.69	15.181	8.3603	5.3781	
1621	21.178	19.362	20.68	15.208	8.3253	5.3494	
1622	21.171	19.353	20.669	15.178	8.3112	5.3902	
1623	21.164	19.343	20.658	15.171	8.3181	5.3343	
1624	21.158	19.333	20.647	15.213	8.3478	5.3601	
1625	21.151	19.324	20.637	15.221	8.3268	5.3138	
1626	21.144	19.314	20.626	15.189	8.3195	5.3457	
1627	21.137	19.304	20.615	15.194	8.2845	5.3273	
1628	21.13	19.295	20.604	15.187	8.3499	5.3401	
1629	21.123	19.285	20.594	15.19	8.342	5.3735	
1630	21.116	19.276	20.583	15.179	8.3391	5.3371	
1631	21.11	19.266	20.572	15.173	8.3154	5.3855	
1632	21.103	19.257	20.562	15.186	8.35	5.3166	
1633	21.096	19.247	20.551	15.203	8.3497	5.3381	
1634	21.089	19.238	20.54	15.171	8.297	5.3258	
1635	21.083	19.228	20.53	15.194	8.3312	5.3287	
1636	21.076	19.219	20.519	15.188	8.3212	5.3036	
1637	21.069	19.209	20.508	15.199	8.3059	5.3668	
1638	21.062	19.2	20.498	15.222	8.2801	5.3259	
1639	21.056	19.19	20.487	15.182	8.3194	5.2974	
1640	21.049	19.181	20.476	15.173	8.2818	5.3281	
1641	21.042	19.171	20.466	15.175	8.354	5.2891	
1642	21.036	19.162	20.455	15.205	8.2703	5.335	
1643	21.029	19.152	20.445	15.19	8.3112	5.2849	
1644	21.022	19.143	20.434	15.187	8.2906	5.3078	
1645	21.016	19.134	20.424	15.188	8.2927	5.329	
1646	21.009	19.124	20.413	15.208	8.31	5.2496	
1647	21.002	19.115	20.403	15.15	8.3281	5.3322	
1648	20.996	19.105	20.392	15.196	8.214	5.2562	
1649	20.989	19.096	20.382	15.203	8.3041	5.32	
1650	20.982	19.087	20.371	15.183	8.3097	5.3172	
1651	20.976	19.077	20.361	15.183	8.2823	5.2789	
1652	20.969	19.068	20.35	15.167	8.2903	5.2806	
1653	20.963	19.059	20.34	15.222	8.273	5.3132	
1654	20.956	19.049	20.329	15.187	8.2721	5.3	
1655	20.949	19.04	20.319	15.181	8.3124	5.2674	
1656	20.943	19.031	20.308	15.178	8.2858	5.2886	
1657	20.936	19.022	20.298	15.182	8.2736	5.2715	
1658	20.93	19.012	20.288	15.168	8.2909	5.2684	
1659	20.923	19.003	20.277	15.198	8.2389	5.2994	
1660	20.917	18.994	20.267	15.134	8.2013	5.3163	
1661	20.91	18.985	20.256	15.18	8.22	5.277	
1662	20.904	18.976	20.246	15.141	8.2754	5.2561	
1663	20.897	18.966	20.236	15.16	8.3068	5.3083	
1664	20.891	18.957	20.225	15.139	8.2076	5.1903	
1665	20.884	18.948	20.215	15.134	8.2768	5.2901	
1666	20.878	18.939	20.205	15.203	8.2376	5.2267	
1667	20.872	18.93	20.194	15.116	8.178	5.2636	
1668	20.865	18.921	20.184	15.094	8.2587	5.2816	
1669	20.859	18.911	20.174	15.177	8.2221	5.1642	
1670	20.852	18.902	20.163	15.177	8.3188	5.28	
1671	20.846	18.893	20.153	15.144	8.2985	5.1962	
1672	20.839	18.884	20.143	15.205	8.2434	5.1552	
1673	20.833	18.875	20.133	15.194	8.2671	5.2595	
1674	20.827	18.866	20.122	15.196	8.273	5.2443	
1675	20.82	18.857	20.112	15.123	8.1082	5.2754	
1676	20.814	18.848	20.102	15.177	8.2951	5.2414	
1677	20.808	18.839	20.092	15.141	8.2686	5.3115	
1678	20.801	18.83	20.082	15.131	8.1656	5.2901	
1679	20.795	18.821	20.071	15.153	8.2106	5.2576	
1680	20.789	18.812	20.061	15.136	8.2649	5.3272	
1681	20.782	18.803	20.051	15.15	8.3289	5.2473	
1682	20.776	18.794	20.041	15.105	8.2398	5.2015	
1683	20.77	18.785	20.031	15.132	8.2922	5.1972	
1684	20.763	18.776	20.021	15.112	8.2552	5.3479	
1685	20.757	18.767	20.011	15.14	8.0623	5.0309	
1686	20.751	18.758	20	15.254	8.287	5.2897	
1687	20.745	18.749	19.99	15.066	8.3556	5.4453	
1688	20.738	18.74	19.98	15.075	8.27	5.2045	
1689	20.732	18.731	19.97	15.151	8.2085	5.0922	
1690	20.726	18.722	19.96	15.044	8.425	5.2279	
1691	20.72	18.713	19.95	15.226	8.1621	5.1941	
1692	20.714	18.704	19.94	15.228	8.4692	5.2754	
1693	20.707	18.695	19.93	14.99	8.3545	5.5722	
1694	20.701	18.686	19.92	14.9	8.082	5.2263	
1695	20.695	18.678	19.91	15.192	8.4939	5.4261	
1696	20.689	18.669	19.9	15.082	8.2301	5.4347	
1697	20.683	18.66	19.89	15.142	8.3357	5.437	
1698	20.676	18.651	19.88	14.719	8.2576	4.9981	
1699	20.67	18.642	19.87	14.916	8.6842	5.3629	
1700	20.664	18.633	19.86	14.932	8.1696	5.1826	
