	65	70	75	65	70	75	
300	32.777	29.827	27.109	37.511	37.209	37.514	
301	32.635	29.74	27.205	37.295	36.907	37.453	
302	32.512	29.678	27.326	37.087	36.772	37.279	
303	32.406	29.638	27.468	37.019	36.553	37.024	
304	32.315	29.618	27.627	36.99	36.489	37.052	
305	32.239	29.619	27.804	36.884	36.423	36.867	
306	32.178	29.636	27.993	36.614	36.185	36.77	
307	32.129	29.67	28.194	36.511	36.277	36.641	
308	32.093	29.718	28.406	36.334	36.128	36.541	
309	32.069	29.78	28.626	36.365	35.959	36.377	
310	32.054	29.854	28.853	36.171	35.873	36.379	
311	32.05	29.939	29.085	36.159	35.715	36.319	
312	32.055	30.034	29.322	36.209	35.719	36.207	
313	32.069	30.138	29.562	35.89	35.526	36.139	
314	32.091	30.25	29.805	35.955	35.547	35.953	
315	32.12	30.37	30.049	35.892	35.364	35.909	
316	32.156	30.496	30.294	35.798	35.418	35.815	
317	32.198	30.628	30.54	35.661	35.298	35.754	
318	32.247	30.765	30.785	35.561	35.153	35.59	
319	32.302	30.907	31.031	35.518	35.053	35.611	
320	32.361	31.054	31.275	35.535	35.035	35.459	
321	32.426	31.204	31.518	35.427	34.977	35.375	
322	32.496	31.357	31.76	35.393	34.901	35.332	
323	32.57	31.514	32	35.355	34.78	35.278	
324	32.648	31.673	32.238	35.23	34.786	35.152	
325	32.73	31.835	32.475	35.241	34.578	35.091	
326	32.816	31.999	32.709	35.155	34.568	35.032	
327	32.906	32.165	32.942	35.062	34.546	34.927	
328	32.999	32.333	33.172	35.028	34.498	34.847	
329	33.095	32.502	33.401	34.999	34.432	34.774	
330	33.195	32.673	33.628	35.011	34.459	34.767	
331	33.298	32.845	33.852	34.888	34.365	34.712	
332	33.404	33.019	34.075	34.842	34.23	34.555	
333	33.513	33.194	34.297	34.885	34.182	34.577	
334	33.625	33.37	34.516	34.798	34.161	34.525	
335	33.74	33.547	34.734	34.731	34.097	34.447	
336	33.858	33.726	34.951	34.609	34.041	34.358	
337	33.978	33.906	35.166	34.687	34.006	34.353	
338	34.102	34.087	35.381	34.632	33.962	34.303	
339	34.228	34.27	35.594	34.529	33.832	34.23	
340	34.358	34.454	35.807	34.579	33.724	34.179	
341	34.49	34.639	36.019	34.486	33.766	34.165	
342	34.625	34.825	36.231	34.466	33.725	34.1	
343	34.763	35.014	36.442	34.549	33.733	34.023	
344	34.904	35.203	36.653	34.521	33.702	33.95	
345	35.048	35.395	36.864	34.424	33.661	33.933	
346	35.195	35.588	37.075	34.455	33.622	33.892	
347	35.346	35.783	37.287	34.458	33.593	33.865	
348	35.5	35.981	37.499	34.377	33.616	33.812	
349	35.658	36.181	37.712	34.389	33.625	33.81	
350	35.82	36.383	37.927	34.388	33.625	33.767	
351	35.986	36.589	38.143	34.35	33.524	33.743	
352	36.157	36.798	38.361	34.396	33.574	33.8	
353	36.333	37.011	38.582	34.351	33.52	33.614	
354	36.515	37.229	38.807	34.458	33.583	33.722	
355	36.703	37.453	39.035	34.599	33.444	33.575	
356	36.897	37.681	39.268	34.579	33.535	33.58	
357	37.098	37.916	39.505	34.514	33.694	33.653	
358	37.305	38.156	39.748	34.45	33.599	33.561	
359	37.516	38.401	39.995	34.557	33.626	33.604	
360	37.731	38.649	40.246	34.568	33.602	33.533	
361	37.946	38.899	40.499	34.519	33.534	33.614	
362	38.16	39.149	40.754	34.468	33.471	33.318	
363	38.369	39.396	41.009	34.502	33.373	33.27	
364	38.573	39.639	41.263	34.485	33.406	33.141	
365	38.768	39.876	41.514	34.48	33.239	33.257	
366	38.955	40.106	41.763	34.43	33.18	32.916	
367	39.132	40.33	42.009	34.217	33.026	32.627	
368	39.3	40.547	42.253	34.2	33.006	32.484	
369	39.458	40.757	42.494	34.034	32.568	32.257	
370	39.607	40.961	42.733	33.841	32.395	31.955	
371	39.75	41.161	42.972	33.737	32.227	31.762	
372	39.888	41.357	43.211	33.555	32.089	31.437	
373	40.023	41.552	43.451	33.39	31.779	31.262	
374	40.155	41.747	43.694	33.076	31.523	30.992	
375	40.286	41.942	43.939	32.972	31.289	30.557	
376	40.418	42.138	44.189	32.744	31.026	30.281	
377	40.55	42.336	44.442	32.512	30.758	29.935	
378	40.683	42.536	44.7	32.361	30.452	29.755	
379	40.817	42.739	44.962	32.152	30.302	29.525	
380	40.955	42.945	45.229	31.847	30.094	29.22	
381	41.095	43.155	45.502	31.78	29.805	28.874	
382	41.238	43.369	45.781	31.618	29.702	28.718	
383	41.385	43.587	46.066	31.407	29.37	28.494	
384	41.535	43.81	46.357	31.178	29.194	28.195	
385	41.688	44.036	46.654	31.074	29.021	28.069	
386	41.844	44.266	46.956	30.864	28.789	27.848	
387	42.004	44.501	47.265	30.652	28.633	27.637	
388	42.167	44.74	47.58	30.583	28.41	27.476	
389	42.334	44.984	47.901	30.461	28.307	27.256	
390	42.504	45.232	48.229	30.26	28.108	27.05	
391	42.678	45.483	48.562	30.191	27.915	26.895	
392	42.854	45.739	48.901	29.981	27.735	26.665	
393	43.035	45.999	49.247	29.878	27.587	26.582	
394	43.219	46.264	49.599	29.682	27.397	26.4	
395	43.406	46.533	49.958	29.63	27.355	26.298	
396	43.596	46.805	50.323	29.422	27.142	26.077	
397	43.79	47.082	50.694	29.335	27.036	25.925	
398	43.987	47.364	51.072	29.275	26.882	25.776	
399	44.188	47.649	51.457	29.093	26.69	25.637	
400	44.391	47.939	51.849	29.072	26.6	25.423	
401	44.598	48.233	52.247	28.922	26.451	25.337	
402	44.808	48.531	52.652	28.768	26.379	25.181	
403	45.021	48.834	53.065	28.682	26.196	25.041	
404	45.237	49.14	53.484	28.573	26.143	24.894	
405	45.455	49.451	53.911	28.511	25.929	24.83	
406	45.677	49.766	54.345	28.418	25.831	24.647	
407	45.901	50.085	54.786	28.306	25.691	24.585	
408	46.129	50.408	55.235	28.204	25.67	24.441	
409	46.358	50.735	55.69	28.091	25.533	24.21	
410	46.59	51.065	56.153	28.031	25.423	24.179	
411	46.825	51.399	56.623	27.868	25.362	24.088	
412	47.062	51.737	57.1	27.819	25.199	23.977	
413	47.301	52.078	57.584	27.751	25.068	23.815	
414	47.542	52.423	58.074	27.647	25.046	23.779	
415	47.786	52.771	58.571	27.567	24.906	23.666	
416	48.031	53.122	59.075	27.436	24.81	23.564	
417	48.278	53.475	59.584	27.395	24.667	23.442	
418	48.527	53.832	60.1	27.242	24.576	23.314	
419	48.777	54.191	60.621	27.24	24.539	23.278	
420	49.028	54.552	61.148	27.177	24.391	23.051	
421	49.281	54.915	61.68	26.993	24.277	23.05	
422	49.535	55.28	62.217	27.016	24.164	22.99	
423	49.791	55.647	62.759	26.934	24.088	22.879	
424	50.047	56.015	63.304	26.867	24.049	22.714	
425	50.304	56.385	63.854	26.755	23.89	22.644	
426	50.561	56.755	64.407	26.651	23.86	22.58	
427	50.819	57.126	64.963	26.553	23.755	22.538	
428	51.077	57.497	65.521	26.479	23.663	22.372	
429	51.336	57.869	66.081	26.519	23.569	22.282	
430	51.595	58.24	66.643	26.369	23.426	22.284	
431	51.853	58.611	67.205	26.264	23.503	22.162	
432	52.112	58.981	67.768	26.276	23.311	21.984	
433	52.369	59.349	68.329	26.141	23.339	21.941	
434	52.626	59.716	68.89	26.086	23.175	21.795	
435	52.883	60.081	69.448	26.006	23.033	21.804	
436	53.138	60.444	70.003	25.973	22.899	21.543	
437	53.393	60.804	70.555	25.893	22.922	21.617	
438	53.646	61.161	71.102	25.872	22.893	21.469	
439	53.897	61.514	71.642	25.71	22.818	21.435	
440	54.147	61.864	72.176	25.695	22.639	21.343	
441	54.395	62.209	72.702	25.63	22.648	21.261	
442	54.641	62.55	73.217	25.588	22.648	21.104	
443	54.885	62.885	73.723	25.507	22.442	21.184	
444	55.127	63.214	74.215	25.556	22.424	20.985	
445	55.365	63.538	74.693	25.392	22.277	20.91	
446	55.601	63.855	75.156	25.234	22.293	20.863	
447	55.834	64.164	75.601	25.292	22.112	20.749	
448	56.064	64.467	76.027	25.195	22.141	20.723	
449	56.29	64.761	76.431	25.183	22.026	20.627	
450	56.513	65.047	76.811	25.118	21.916	20.654	
451	56.732	65.324	77.166	25.118	21.857	20.554	
452	56.946	65.591	77.493	25.026	21.784	20.444	
453	57.157	65.849	77.79	24.922	21.755	20.443	
454	57.364	66.096	78.055	24.835	21.684	20.273	
455	57.565	66.333	78.285	24.769	21.671	20.279	
456	57.763	66.559	78.481	24.72	21.58	20.095	
457	57.955	66.773	78.638	24.709	21.546	20.092	
458	58.142	66.975	78.758	24.66	21.441	20.062	
459	58.324	67.165	78.839	24.663	21.481	19.975	
460	58.5	67.343	78.881	24.545	21.331	19.906	
461	58.671	67.508	78.884	24.62	21.233	19.818	
462	58.836	67.659	78.849	24.431	21.183	19.772	
463	58.995	67.798	78.777	24.46	21.21	19.722	
464	59.148	67.923	78.669	24.327	21.031	19.609	
465	59.295	68.035	78.528	24.36	21.017	19.608	
466	59.436	68.133	78.355	24.267	20.954	19.454	
467	59.571	68.216	78.152	24.206	20.854	19.484	
468	59.699	68.287	77.923	24.17	20.799	19.396	
469	59.82	68.343	77.669	24.092	20.77	19.34	
470	59.935	68.386	77.393	24.061	20.699	19.193	
471	60.043	68.415	77.097	24.012	20.652	19.217	
472	60.144	68.43	76.783	23.934	20.679	19.142	
473	60.238	68.432	76.454	23.947	20.517	19.035	
474	60.325	68.421	76.11	23.908	20.509	19.076	
475	60.406	68.398	75.755	23.846	20.472	18.955	
476	60.479	68.361	75.39	23.824	20.439	18.928	
477	60.546	68.312	75.016	23.74	20.279	18.806	
478	60.605	68.251	74.635	23.684	20.28	18.775	
479	60.658	68.178	74.248	23.667	20.197	18.72	
480	60.703	68.094	73.855	23.599	20.142	18.638	
481	60.742	68	73.459	23.572	20.093	18.615	
482	60.774	67.895	73.06	23.495	20.1	18.561	
483	60.799	67.779	72.659	23.543	20.037	18.524	
484	60.817	67.654	72.257	23.447	19.952	18.437	
485	60.828	67.52	71.853	23.405	19.904	18.479	
486	60.833	67.378	71.45	23.388	19.787	18.36	
487	60.831	67.226	71.047	23.308	19.783	18.254	
488	60.823	67.068	70.645	23.318	19.714	18.213	
489	60.808	66.901	70.244	23.228	19.691	18.178	
490	60.787	66.728	69.845	23.239	19.606	18.185	
491	60.76	66.548	69.448	23.162	19.598	18.078	
492	60.727	66.362	69.053	23.125	19.513	18.036	
493	60.687	66.17	68.661	23.098	19.505	17.975	
494	60.643	65.973	68.272	23.049	19.475	17.976	
495	60.592	65.77	67.886	23.039	19.452	17.877	
496	60.536	65.564	67.503	22.991	19.38	17.876	
497	60.475	65.352	67.123	22.952	19.303	17.874	
498	60.409	65.138	66.747	22.922	19.281	17.787	
499	60.337	64.919	66.374	22.888	19.204	17.73	
500	60.261	64.697	66.006	22.873	19.164	17.653	
501	60.179	64.472	65.641	22.799	19.155	17.607	
502	60.094	64.245	65.28	22.748	19.072	17.553	
503	60.003	64.015	64.922	22.745	19.08	17.515	
504	59.909	63.784	64.569	22.67	18.989	17.461	
505	59.81	63.55	64.22	22.66	18.966	17.426	
506	59.708	63.315	63.875	22.59	18.9	17.357	
507	59.601	63.079	63.534	22.573	18.858	17.36	
508	59.491	62.841	63.197	22.544	18.831	17.264	
509	59.378	62.602	62.864	22.54	18.784	17.234	
510	59.261	62.363	62.536	22.464	18.744	17.185	
511	59.141	62.123	62.211	22.441	18.672	17.172	
512	59.018	61.883	61.891	22.411	18.653	17.095	
513	58.892	61.642	61.574	22.38	18.604	17.039	
514	58.763	61.402	61.262	22.329	18.581	17.008	
515	58.632	61.161	60.953	22.323	18.521	16.956	
516	58.498	60.921	60.649	22.272	18.488	16.925	
517	58.362	60.681	60.348	22.233	18.453	16.889	
518	58.224	60.442	60.051	22.213	18.429	16.8	
519	58.083	60.203	59.759	22.156	18.383	16.8	
520	57.941	59.965	59.47	22.155	18.329	16.783	
521	57.797	59.727	59.185	22.107	18.281	16.705	
522	57.651	59.491	58.904	22.082	18.236	16.682	
523	57.503	59.255	58.626	22.044	18.197	16.633	
524	57.354	59.02	58.352	22.008	18.175	16.576	
525	57.204	58.787	58.082	21.973	18.11	16.541	
526	57.053	58.555	57.815	21.948	18.101	16.479	
527	56.9	58.323	57.552	21.919	18.041	16.467	
528	56.746	58.094	57.292	21.871	18.015	16.444	
529	56.591	57.865	57.036	21.848	17.935	16.346	
530	56.436	57.638	56.784	21.807	17.963	16.332	
531	56.279	57.412	56.534	21.787	17.894	16.282	
532	56.122	57.188	56.288	21.792	17.872	16.249	
533	55.965	56.965	56.045	21.715	17.836	16.21	
534	55.806	56.744	55.806	21.688	17.765	16.173	
535	55.648	56.524	55.569	21.675	17.736	16.118	
536	55.488	56.306	55.336	21.642	17.728	16.071	
537	55.329	56.089	55.106	21.635	17.67	16.051	
538	55.169	55.874	54.878	21.595	17.649	16.008	
539	55.01	55.661	54.654	21.569	17.626	15.99	
540	54.85	55.449	54.433	21.55	17.587	15.938	
541	54.689	55.239	54.214	21.51	17.537	15.923	
542	54.529	55.031	53.999	21.482	17.509	15.858	
543	54.369	54.824	53.786	21.476	17.461	15.814	
544	54.21	54.619	53.576	21.431	17.422	15.773	
545	54.05	54.416	53.369	21.41	17.437	15.761	
546	53.89	54.214	53.164	21.352	17.352	15.71	
547	53.731	54.014	52.962	21.367	17.317	15.707	
548	53.572	53.816	52.762	21.329	17.285	15.648	
549	53.413	53.62	52.565	21.326	17.238	15.622	
550	53.254	53.425	52.371	21.261	17.228	15.591	
551	53.096	53.232	52.179	21.239	17.193	15.54	
552	52.939	53.041	51.989	21.241	17.157	15.508	
553	52.782	52.851	51.802	21.207	17.129	15.477	
554	52.625	52.663	51.617	21.168	17.077	15.44	
555	52.469	52.476	51.434	21.16	17.056	15.395	
556	52.313	52.292	51.254	21.131	17.016	15.362	
557	52.158	52.109	51.076	21.103	16.947	15.317	
558	52.004	51.927	50.9	21.084	16.962	15.3	
559	51.85	51.748	50.726	21.046	16.928	15.278	
560	51.697	51.569	50.554	21.019	16.886	15.228	
561	51.544	51.393	50.384	21.007	16.84	15.186	
562	51.392	51.218	50.217	21	16.812	15.184	
563	51.241	51.045	50.051	20.961	16.801	15.133	
564	51.091	50.873	49.887	20.944	16.75	15.126	
565	50.941	50.703	49.726	20.9	16.721	15.064	
566	50.792	50.534	49.566	20.879	16.684	15.074	
567	50.644	50.367	49.408	20.845	16.66	15.01	
568	50.497	50.202	49.252	20.818	16.626	14.969	
569	50.35	50.038	49.097	20.805	16.591	14.939	
570	50.204	49.875	48.945	20.791	16.566	14.891	
571	50.059	49.714	48.794	20.756	16.54	14.877	
572	49.915	49.555	48.645	20.734	16.528	14.866	
573	49.771	49.397	48.497	20.719	16.489	14.815	
574	49.628	49.24	48.351	20.685	16.473	14.755	
575	49.487	49.085	48.207	20.662	16.434	14.74	
576	49.346	48.931	48.065	20.631	16.404	14.719	
577	49.206	48.779	47.924	20.644	16.385	14.694	
578	49.066	48.628	47.784	20.618	16.331	14.681	
579	48.928	48.478	47.646	20.576	16.316	14.62	
580	48.79	48.33	47.51	20.577	16.277	14.621	
581	48.653	48.183	47.375	20.535	16.251	14.584	
582	48.517	48.037	47.241	20.524	16.22	14.522	
583	48.382	47.893	47.109	20.504	16.18	14.507	
584	48.248	47.75	46.979	20.492	16.17	14.517	
585	48.115	47.609	46.849	20.442	16.155	14.449	
586	47.982	47.468	46.721	20.431	16.123	14.417	
587	47.851	47.329	46.595	20.436	16.098	14.362	
588	47.72	47.191	46.469	20.408	16.07	14.357	
589	47.59	47.054	46.345	20.364	16.041	14.332	
590	47.461	46.919	46.223	20.345	16.005	14.287	
591	47.333	46.785	46.101	20.333	15.99	14.25	
592	47.205	46.652	45.981	20.31	15.918	14.221	
593	47.079	46.52	45.862	20.296	15.969	14.198	
594	46.953	46.389	45.744	20.283	15.892	14.209	
595	46.829	46.26	45.627	20.24	15.88	14.155	
596	46.705	46.131	45.512	20.22	15.879	14.124	
597	46.581	46.004	45.397	20.21	15.839	14.089	
598	46.459	45.878	45.284	20.202	15.8	14.07	
599	46.338	45.752	45.172	20.184	15.748	14.033	
600	46.217	45.628	45.061	20.146	15.774	14.024	
601	46.097	45.505	44.95	20.111	15.734	13.982	
602	45.978	45.383	44.841	20.089	15.676	13.946	
603	45.86	45.263	44.733	20.073	15.681	13.918	
604	45.743	45.143	44.627	20.062	15.645	13.915	
605	45.626	45.024	44.521	20.041	15.608	13.859	
606	45.511	44.906	44.416	20.03	15.616	13.815	
607	45.396	44.789	44.312	19.998	15.592	13.779	
608	45.281	44.673	44.208	20.014	15.535	13.804	
609	45.168	44.558	44.106	19.982	15.547	13.748	
610	45.055	44.444	44.005	19.959	15.505	13.733	
611	44.944	44.331	43.905	19.939	15.468	13.708	
612	44.833	44.219	43.805	19.937	15.48	13.705	
613	44.722	44.108	43.707	19.905	15.44	13.625	
614	44.613	43.998	43.609	19.873	15.416	13.633	
615	44.504	43.888	43.512	19.872	15.373	13.599	
616	44.396	43.78	43.416	19.848	15.366	13.567	
617	44.289	43.672	43.321	19.833	15.339	13.548	
618	44.183	43.566	43.227	19.81	15.324	13.544	
619	44.077	43.46	43.133	19.793	15.289	13.484	
620	43.972	43.355	43.041	19.769	15.26	13.464	
621	43.868	43.251	42.949	19.744	15.245	13.463	
622	43.764	43.147	42.858	19.758	15.223	13.435	
623	43.661	43.045	42.767	19.727	15.19	13.375	
624	43.559	42.943	42.678	19.705	15.17	13.372	
625	43.458	42.842	42.589	19.678	15.168	13.392	
626	43.357	42.742	42.5	19.681	15.12	13.311	
627	43.257	42.642	42.413	19.667	15.098	13.304	
628	43.157	42.544	42.326	19.638	15.06	13.283	
629	43.059	42.446	42.24	19.635	15.075	13.294	
630	42.961	42.349	42.155	19.57	15.013	13.233	
631	42.863	42.252	42.07	19.565	15.066	13.236	
632	42.767	42.157	41.986	19.575	15.011	13.141	
633	42.671	42.062	41.903	19.564	14.965	13.12	
634	42.575	41.967	41.82	19.51	14.954	13.069	
635	42.481	41.874	41.738	19.493	14.942	13.106	
636	42.387	41.781	41.656	19.49	14.951	13.106	
637	42.293	41.689	41.575	19.498	14.872	13.056	
638	42.2	41.597	41.495	19.454	14.846	13.046	
639	42.108	41.507	41.416	19.459	14.818	13.027	
640	42.017	41.416	41.336	19.425	14.799	13.018	
641	41.926	41.327	41.258	19.452	14.778	12.939	
642	41.835	41.238	41.18	19.402	14.772	12.986	
643	41.746	41.15	41.103	19.387	14.721	12.945	
644	41.657	41.062	41.026	19.404	14.727	12.899	
645	41.568	40.975	40.95	19.385	14.71	12.869	
646	41.48	40.889	40.874	19.341	14.67	12.857	
647	41.393	40.803	40.799	19.34	14.697	12.832	
648	41.306	40.718	40.725	19.298	14.644	12.833	
649	41.22	40.634	40.651	19.29	14.633	12.793	
650	41.134	40.55	40.577	19.268	14.571	12.757	
651	41.049	40.466	40.504	19.249	14.593	12.771	
652	40.965	40.383	40.431	19.245	14.544	12.718	
653	40.881	40.301	40.359	19.224	14.556	12.69	
654	40.797	40.22	40.288	19.213	14.505	12.636	
655	40.714	40.138	40.217	19.188	14.528	12.643	
656	40.632	40.058	40.146	19.173	14.551	12.655	
657	40.55	39.978	40.076	19.182	14.495	12.58	
658	40.469	39.898	40.007	19.145	14.451	12.585	
659	40.388	39.819	39.938	19.135	14.393	12.576	
660	40.308	39.741	39.869	19.131	14.406	12.557	
661	40.228	39.663	39.801	19.149	14.366	12.521	
662	40.149	39.586	39.733	19.141	14.38	12.487	
663	40.07	39.509	39.665	19.085	14.354	12.478	
664	39.992	39.432	39.599	19.067	14.358	12.46	
665	39.914	39.356	39.532	19.05	14.329	12.422	
666	39.837	39.281	39.466	19.037	14.283	12.4	
667	39.76	39.206	39.4	19.049	14.264	12.403	
668	39.684	39.132	39.335	19.03	14.28	12.379	
669	39.608	39.058	39.27	19.015	14.24	12.357	
670	39.533	38.984	39.206	18.996	14.227	12.341	
671	39.458	38.911	39.142	18.983	14.189	12.272	
672	39.384	38.839	39.078	18.968	14.151	12.307	
673	39.31	38.766	39.015	18.924	14.153	12.286	
674	39.236	38.695	38.952	18.939	14.161	12.278	
675	39.163	38.623	38.889	18.916	14.153	12.296	
676	39.091	38.553	38.827	18.918	14.072	12.203	
677	39.019	38.482	38.766	18.905	14.111	12.199	
678	38.947	38.412	38.704	18.877	14.073	12.219	
679	38.876	38.343	38.643	18.874	14.028	12.143	
680	38.805	38.274	38.582	18.865	14.013	12.153	
681	38.734	38.205	38.522	18.846	13.999	12.088	
682	38.665	38.137	38.462	18.845	14.005	12.109	
683	38.595	38.069	38.403	18.808	13.954	12.072	
684	38.526	38.001	38.343	18.784	13.945	12.093	
685	38.457	37.934	38.284	18.793	13.961	12.052	
686	38.389	37.867	38.226	18.775	13.924	12.002	
687	38.321	37.801	38.167	18.777	13.89	11.991	
688	38.253	37.735	38.109	18.772	13.868	11.962	
689	38.186	37.67	38.052	18.761	13.903	11.957	
690	38.12	37.605	37.994	18.716	13.875	11.965	
691	38.053	37.54	37.937	18.724	13.843	11.91	
692	37.987	37.475	37.881	18.709	13.782	11.94	
693	37.922	37.411	37.824	18.696	13.781	11.891	
694	37.857	37.348	37.768	18.682	13.775	11.898	
695	37.792	37.284	37.712	18.653	13.738	11.859	
696	37.727	37.221	37.657	18.654	13.704	11.854	
697	37.663	37.159	37.602	18.647	13.742	11.818	
698	37.6	37.096	37.547	18.656	13.697	11.76	
699	37.536	37.034	37.492	18.615	13.678	11.745	
700	37.473	36.973	37.438	18.603	13.714	11.763	
701	37.411	36.912	37.384	18.616	13.601	11.754	
702	37.348	36.851	37.33	18.605	13.677	11.742	
703	37.286	36.79	37.276	18.55	13.664	11.695	
704	37.225	36.73	37.223	18.548	13.616	11.689	
705	37.164	36.67	37.17	18.593	13.586	11.663	
706	37.103	36.61	37.117	18.539	13.595	11.627	
707	37.042	36.551	37.065	18.519	13.587	11.625	
708	36.982	36.492	37.013	18.499	13.513	11.634	
709	36.922	36.433	36.961	18.52	13.555	11.58	
710	36.863	36.375	36.909	18.509	13.487	11.628	
711	36.803	36.317	36.858	18.491	13.491	11.511	
712	36.744	36.259	36.806	18.46	13.43	11.505	
713	36.686	36.201	36.756	18.443	13.501	11.532	
714	36.628	36.144	36.705	18.434	13.419	11.487	
715	36.57	36.087	36.654	18.397	13.433	11.469	
716	36.512	36.031	36.604	18.418	13.356	11.374	
717	36.455	35.974	36.554	18.408	13.398	11.468	
718	36.398	35.918	36.505	18.389	13.347	11.371	
719	36.341	35.862	36.455	18.416	13.365	11.461	
720	36.284	35.807	36.406	18.332	13.336	11.414	
721	36.228	35.752	36.357	18.377	13.311	11.389	
722	36.173	35.697	36.308	18.373	13.341	11.365	
723	36.117	35.642	36.259	18.316	13.339	11.362	
724	36.062	35.588	36.211	18.348	13.267	11.357	
725	36.007	35.534	36.163	18.293	13.366	11.278	
726	35.952	35.48	36.115	18.343	13.2	11.279	
727	35.898	35.426	36.067	18.3	13.25	11.255	
728	35.844	35.373	36.02	18.318	13.194	11.255	
729	35.79	35.32	35.972	18.272	13.178	11.254	
730	35.736	35.267	35.925	18.26	13.183	11.173	
731	35.683	35.214	35.878	18.22	13.167	11.208	
732	35.63	35.162	35.832	18.247	13.116	11.197	
733	35.577	35.11	35.785	18.236	13.152	11.165	
734	35.525	35.058	35.739	18.263	13.117	11.143	
735	35.473	35.007	35.693	18.212	13.131	11.119	
736	35.421	34.955	35.647	18.211	13.114	11.12	
737	35.369	34.904	35.601	18.221	13.084	11.153	
738	35.318	34.853	35.556	18.175	13.091	11.076	
739	35.267	34.803	35.51	18.168	13.067	11.094	
740	35.216	34.752	35.465	18.198	13.06	11.074	
741	35.165	34.702	35.42	18.146	13.012	11.072	
742	35.115	34.652	35.375	18.159	13.021	11.016	
743	35.064	34.602	35.331	18.16	13.027	10.987	
744	35.015	34.553	35.287	18.128	13	11.023	
745	34.965	34.504	35.242	18.098	13.023	11.013	
746	34.916	34.454	35.198	18.113	12.97	10.981	
747	34.866	34.406	35.154	18.112	13.001	10.944	
748	34.817	34.357	35.111	18.09	12.967	10.93	
749	34.769	34.309	35.067	18.087	12.928	10.902	
750	34.72	34.26	35.024	18.026	12.909	10.938	
751	34.672	34.212	34.981	18.064	12.892	10.873	
752	34.624	34.165	34.938	18.016	12.923	10.846	
753	34.576	34.117	34.895	18.042	12.881	10.845	
754	34.529	34.07	34.852	18.033	12.862	10.87	
755	34.481	34.022	34.81	17.998	12.896	10.794	
756	34.434	33.975	34.768	18.017	12.83	10.84	
757	34.388	33.929	34.725	18.016	12.778	10.837	
758	34.341	33.882	34.683	17.993	12.814	10.794	
759	34.294	33.836	34.642	17.991	12.817	10.766	
760	34.248	33.79	34.6	17.965	12.743	10.723	
761	34.202	33.744	34.558	17.94	12.757	10.727	
762	34.156	33.698	34.517	17.968	12.744	10.685	
763	34.111	33.652	34.476	17.942	12.757	10.67	
764	34.066	33.607	34.435	17.942	12.75	10.703	
765	34.02	33.562	34.394	17.928	12.723	10.649	
766	33.975	33.517	34.353	17.945	12.732	10.659	
767	33.931	33.472	34.313	17.932	12.689	10.658	
768	33.886	33.427	34.272	17.898	12.676	10.604	
769	33.842	33.383	34.232	17.901	12.684	10.63	
770	33.798	33.338	34.192	17.88	12.632	10.573	
771	33.754	33.294	34.152	17.839	12.621	10.567	
772	33.71	33.25	34.112	17.837	12.664	10.567	
773	33.667	33.206	34.072	17.851	12.613	10.567	
774	33.623	33.163	34.032	17.831	12.605	10.51	
775	33.58	33.119	33.993	17.81	12.584	10.517	
776	33.537	33.076	33.954	17.872	12.563	10.49	
777	33.494	33.033	33.914	17.813	12.541	10.499	
778	33.452	32.99	33.875	17.814	12.507	10.516	
779	33.409	32.947	33.836	17.771	12.515	10.473	
780	33.367	32.905	33.798	17.769	12.529	10.484	
781	33.325	32.862	33.759	17.816	12.552	10.405	
782	33.283	32.82	33.721	17.788	12.453	10.414	
783	33.242	32.778	33.682	17.766	12.44	10.413	
784	33.2	32.736	33.644	17.747	12.468	10.369	
785	33.159	32.694	33.606	17.727	12.424	10.347	
786	33.118	32.653	33.568	17.72	12.435	10.349	
787	33.077	32.611	33.53	17.725	12.412	10.345	
788	33.036	32.57	33.492	17.722	12.394	10.324	
789	32.995	32.529	33.455	17.703	12.376	10.317	
790	32.955	32.488	33.417	17.705	12.403	10.277	
791	32.915	32.447	33.38	17.675	12.368	10.278	
792	32.875	32.406	33.343	17.689	12.361	10.267	
793	32.835	32.366	33.305	17.679	12.381	10.266	
794	32.795	32.326	33.268	17.66	12.327	10.239	
795	32.756	32.285	33.232	17.659	12.309	10.224	
796	32.716	32.245	33.195	17.662	12.313	10.213	
797	32.677	32.205	33.158	17.654	12.325	10.176	
798	32.638	32.166	33.122	17.666	12.323	10.181	
799	32.599	32.126	33.085	17.647	12.261	10.206	
800	32.56	32.086	33.049	17.62	12.266	10.135	
801	32.522	32.047	33.013	17.605	12.279	10.152	
802	32.483	32.008	32.977	17.648	12.257	10.122	
803	32.445	31.969	32.941	17.585	12.228	10.092	
804	32.407	31.93	32.905	17.575	12.219	10.133	
805	32.369	31.891	32.869	17.566	12.198	10.093	
806	32.331	31.852	32.834	17.583	12.17	10.084	
807	32.293	31.814	32.798	17.566	12.126	10.115	
808	32.256	31.775	32.763	17.569	12.174	10.024	
809	32.219	31.737	32.727	17.516	12.099	10.047	
810	32.181	31.699	32.692	17.556	12.165	10.014	
811	32.144	31.661	32.657	17.537	12.131	9.9973	
812	32.107	31.623	32.622	17.532	12.176	10.005	
813	32.071	31.585	32.587	17.542	12.077	9.9926	
814	32.034	31.548	32.553	17.52	12.11	10.013	
815	31.998	31.51	32.518	17.499	12.091	9.9656	
816	31.961	31.473	32.483	17.51	12.082	9.9131	
817	31.925	31.436	32.449	17.487	12.062	9.9298	
818	31.889	31.399	32.415	17.492	12.059	9.9034	
819	31.853	31.362	32.38	17.483	12.042	9.9129	
820	31.817	31.325	32.346	17.46	12.018	9.8719	
821	31.782	31.288	32.312	17.453	12.005	9.8656	
822	31.746	31.252	32.278	17.45	12.012	9.8616	
823	31.711	31.215	32.244	17.451	12.006	9.8525	
824	31.676	31.179	32.211	17.443	12.007	9.8497	
825	31.641	31.143	32.177	17.437	11.988	9.8449	
826	31.606	31.107	32.143	17.433	11.98	9.8362	
827	31.571	31.071	32.11	17.43	11.974	9.8144	
828	31.536	31.035	32.077	17.419	11.964	9.8087	
829	31.502	30.999	32.043	17.407	11.95	9.7941	
830	31.467	30.963	32.01	17.407	11.946	9.8031	
831	31.433	30.928	31.977	17.4	11.919	9.7859	
832	31.399	30.892	31.944	17.384	11.91	9.7662	
833	31.365	30.857	31.911	17.379	11.905	9.7353	
834	31.331	30.822	31.878	17.367	11.897	9.7158	
835	31.297	30.787	31.846	17.36	11.889	9.7177	
836	31.264	30.752	31.813	17.358	11.888	9.6974	
837	31.23	30.717	31.78	17.35	11.861	9.7024	
838	31.197	30.682	31.748	17.356	11.846	9.6741	
839	31.164	30.648	31.716	17.339	11.835	9.6728	
840	31.131	30.613	31.683	17.323	11.851	9.6213	
841	31.098	30.579	31.651	17.338	11.799	9.6059	
842	31.065	30.545	31.619	17.35	11.812	9.6524	
843	31.032	30.51	31.587	17.333	11.79	9.6237	
844	30.999	30.476	31.555	17.328	11.8	9.6135	
845	30.967	30.442	31.523	17.337	11.83	9.5864	
846	30.934	30.408	31.492	17.25	11.762	9.5728	
847	30.902	30.375	31.46	17.316	11.671	9.6306	
848	30.87	30.341	31.428	17.299	11.801	9.6341	
849	30.838	30.308	31.397	17.296	11.713	9.5251	
850	30.806	30.274	31.365	17.278	11.74	9.5683	
851	30.774	30.241	31.334	17.254	11.712	9.5872	
852	30.742	30.208	31.303	17.249	11.723	9.4661	
853	30.711	30.174	31.272	17.279	11.658	9.4759	
854	30.679	30.141	31.241	17.228	11.704	9.4325	
855	30.648	30.108	31.21	17.23	11.626	9.478	
856	30.617	30.076	31.179	17.202	11.678	9.4881	
857	30.586	30.043	31.148	17.234	11.659	9.4508	
858	30.555	30.01	31.117	17.248	11.682	9.4151	
859	30.524	29.978	31.086	17.26	11.629	9.461	
860	30.493	29.945	31.056	17.206	11.667	9.4684	
861	30.462	29.913	31.025	17.177	11.615	9.3825	
862	30.431	29.881	30.995	17.215	11.595	9.3837	
863	30.401	29.848	30.964	17.205	11.644	9.3907	
864	30.371	29.816	30.934	17.208	11.589	9.387	
865	30.34	29.784	30.904	17.157	11.577	9.3165	
866	30.31	29.752	30.874	17.167	11.563	9.3468	
867	30.28	29.721	30.844	17.147	11.513	9.3459	
868	30.25	29.689	30.814	17.118	11.543	9.3501	
869	30.22	29.657	30.784	17.15	11.508	9.2901	
870	30.191	29.626	30.754	17.159	11.516	9.3057	
871	30.161	29.594	30.724	17.146	11.508	9.2767	
872	30.131	29.563	30.694	17.131	11.512	9.3136	
873	30.102	29.532	30.665	17.157	11.469	9.267	
874	30.073	29.501	30.635	17.129	11.488	9.2504	
875	30.043	29.47	30.606	17.111	11.474	9.2559	
876	30.014	29.439	30.576	17.115	11.465	9.2204	
877	29.985	29.408	30.547	17.112	11.46	9.2537	
878	29.956	29.377	30.518	17.083	11.444	9.2191	
879	29.927	29.346	30.489	17.079	11.432	9.1998	
880	29.899	29.316	30.459	17.071	11.421	9.1926	
881	29.87	29.285	30.43	17.069	11.417	9.1849	
882	29.841	29.255	30.401	17.067	11.412	9.1889	
883	29.813	29.224	30.372	17.063	11.408	9.1794	
884	29.784	29.194	30.344	17.061	11.404	9.1718	
885	29.756	29.164	30.315	17.061	11.396	9.1709	
886	29.728	29.134	30.286	17.056	11.388	9.1566	
887	29.7	29.104	30.257	17.046	11.371	9.1428	
888	29.672	29.074	30.229	17.044	11.364	9.1243	
889	29.644	29.044	30.2	17.031	11.351	9.1119	
890	29.616	29.014	30.172	17.018	11.337	9.0964	
891	29.588	28.984	30.144	17.012	11.328	9.0812	
892	29.561	28.955	30.115	17.01	11.316	9.0788	
893	29.533	28.925	30.087	17.003	11.31	9.0602	
894	29.506	28.896	30.059	16.991	11.308	9.0486	
895	29.479	28.866	30.031	16.999	11.303	9.0533	
896	29.451	28.837	30.003	16.989	11.29	9.0498	
897	29.424	28.808	29.975	16.989	11.285	9.0476	
898	29.397	28.779	29.947	16.987	11.282	9.0195	
899	29.37	28.75	29.919	16.979	11.268	9.0175	
900	29.343	28.721	29.891	16.966	11.258	8.9949	
901	29.316	28.692	29.863	16.947	11.247	8.9733	
902	29.289	28.663	29.836	16.948	11.229	8.9685	
903	29.263	28.634	29.808	16.945	11.226	8.9618	
904	29.236	28.605	29.78	16.94	11.217	8.9595	
905	29.21	28.577	29.753	16.932	11.215	8.9576	
906	29.183	28.548	29.726	16.934	11.21	8.9517	
907	29.157	28.52	29.698	16.929	11.206	8.9528	
908	29.131	28.492	29.671	16.931	11.194	8.9288	
909	29.105	28.463	29.644	16.916	11.183	8.9209	
910	29.078	28.435	29.616	16.902	11.167	8.91	
911	29.052	28.407	29.589	16.906	11.155	8.9055	
912	29.027	28.379	29.562	16.894	11.128	8.8691	
913	29.001	28.351	29.535	16.881	11.137	8.8493	
914	28.975	28.323	29.508	16.883	11.127	8.8511	
915	28.949	28.295	29.481	16.876	11.114	8.8449	
916	28.924	28.267	29.455	16.869	11.119	8.8435	
917	28.898	28.239	29.428	16.869	11.116	8.8377	
918	28.873	28.212	29.401	16.872	11.111	8.8326	
919	28.847	28.184	29.374	16.868	11.102	8.8198	
920	28.822	28.157	29.348	16.862	11.094	8.8106	
921	28.797	28.129	29.321	16.852	11.081	8.8013	
922	28.772	28.102	29.295	16.848	11.073	8.8045	
923	28.747	28.075	29.268	16.851	11.066	8.7956	
924	28.722	28.047	29.242	16.835	11.037	8.7695	
925	28.697	28.02	29.216	16.832	11.054	8.7564	
926	28.672	27.993	29.189	16.815	11.035	8.7417	
927	28.647	27.966	29.163	16.816	11.041	8.7315	
928	28.623	27.939	29.137	16.814	11.034	8.7362	
929	28.598	27.912	29.111	16.797	10.994	8.7477	
930	28.574	27.885	29.085	16.793	10.972	8.7269	
931	28.549	27.859	29.059	16.805	11.016	8.7154	
932	28.525	27.832	29.033	16.812	10.951	8.6826	
933	28.5	27.805	29.007	16.782	11.008	8.6791	
934	28.476	27.779	28.981	16.775	10.976	8.695	
935	28.452	27.752	28.956	16.773	10.978	8.6554	
936	28.428	27.726	28.93	16.753	10.941	8.6501	
937	28.404	27.699	28.904	16.753	10.935	8.6851	
938	28.38	27.673	28.879	16.783	10.944	8.6069	
939	28.356	27.647	28.853	16.761	10.933	8.6336	
940	28.332	27.621	28.828	16.766	10.894	8.6504	
941	28.309	27.594	28.802	16.76	10.92	8.6114	
942	28.285	27.568	28.777	16.739	10.886	8.5574	
943	28.261	27.542	28.751	16.715	10.91	8.5951	
944	28.238	27.517	28.726	16.717	10.929	8.5787	
945	28.215	27.491	28.701	16.744	10.893	8.5827	
946	28.191	27.465	28.676	16.743	10.888	8.5713	
947	28.168	27.439	28.651	16.722	10.888	8.5569	
948	28.145	27.413	28.625	16.718	10.861	8.5456	
949	28.121	27.388	28.6	16.708	10.84	8.5238	
950	28.098	27.362	28.575	16.702	10.832	8.5213	
951	28.075	27.337	28.551	16.691	10.851	8.5259	
952	28.052	27.311	28.526	16.683	10.844	8.5209	
953	28.029	27.286	28.501	16.694	10.825	8.4986	
954	28.007	27.261	28.476	16.695	10.819	8.5124	
955	27.984	27.235	28.451	16.682	10.807	8.4784	
956	27.961	27.21	28.427	16.663	10.812	8.4848	
957	27.938	27.185	28.402	16.664	10.803	8.5324	
958	27.916	27.16	28.377	16.644	10.785	8.4534	
959	27.893	27.135	28.353	16.666	10.771	8.4791	
960	27.871	27.11	28.328	16.678	10.753	8.4078	
961	27.849	27.085	28.304	16.673	10.778	8.3952	
962	27.826	27.06	28.28	16.661	10.689	8.3687	
963	27.804	27.036	28.255	16.62	10.712	8.4149	
964	27.782	27.011	28.231	16.649	10.748	8.3485	
965	27.76	26.986	28.207	16.617	10.733	8.3817	
966	27.738	26.962	28.182	16.628	10.753	8.359	
967	27.716	26.937	28.158	16.623	10.733	8.3919	
968	27.694	26.913	28.134	16.627	10.745	8.3832	
969	27.672	26.888	28.11	16.611	10.709	8.3707	
970	27.65	26.864	28.086	16.625	10.692	8.3925	
971	27.628	26.839	28.062	16.613	10.68	8.3706	
972	27.607	26.815	28.038	16.61	10.702	8.3492	
973	27.585	26.791	28.014	16.61	10.685	8.3224	
974	27.563	26.767	27.99	16.594	10.661	8.3374	
975	27.542	26.743	27.967	16.588	10.668	8.2816	
976	27.52	26.719	27.943	16.58	10.653	8.2972	
977	27.499	26.695	27.919	16.575	10.641	8.2843	
978	27.478	26.671	27.896	16.572	10.632	8.2858	
979	27.456	26.647	27.872	16.57	10.638	8.2719	
980	27.435	26.623	27.848	16.575	10.628	8.2724	
981	27.414	26.599	27.825	16.572	10.626	8.2804	
982	27.393	26.575	27.801	16.566	10.621	8.2707	
983	27.372	26.552	27.778	16.562	10.623	8.2828	
984	27.351	26.528	27.755	16.548	10.613	8.2676	
985	27.33	26.505	27.731	16.546	10.617	8.2362	
986	27.309	26.481	27.708	16.573	10.595	8.2584	
987	27.288	26.458	27.685	16.537	10.591	8.2149	
988	27.268	26.434	27.662	16.532	10.56	8.1936	
989	27.247	26.411	27.638	16.524	10.566	8.1933	
990	27.226	26.387	27.615	16.52	10.547	8.1876	
991	27.206	26.364	27.592	16.519	10.55	8.1676	
992	27.185	26.341	27.569	16.52	10.545	8.1802	
993	27.165	26.318	27.546	16.509	10.544	8.1739	
994	27.144	26.295	27.523	16.517	10.548	8.1768	
995	27.124	26.272	27.5	16.503	10.54	8.1619	
996	27.104	26.249	27.478	16.496	10.533	8.1554	
997	27.083	26.226	27.455	16.504	10.529	8.1444	
998	27.063	26.203	27.432	16.493	10.516	8.1417	
999	27.043	26.18	27.409	16.483	10.502	8.1776	
1000	27.023	26.157	27.386	16.5	10.478	8.1157	
1001	27.003	26.134	27.364	16.464	10.53	8.0949	
1002	26.983	26.112	27.341	16.485	10.51	8.0982	
1003	26.963	26.089	27.319	16.476	10.477	8.0989	
1004	26.943	26.066	27.296	16.475	10.443	8.0759	
1005	26.923	26.044	27.274	16.439	10.542	8.1117	
1006	26.903	26.021	27.251	16.467	10.428	8.1096	
1007	26.884	25.999	27.229	16.465	10.492	8.0327	
1008	26.864	25.976	27.206	16.449	10.484	8.0563	
1009	26.844	25.954	27.184	16.429	10.432	8.0496	
1010	26.825	25.932	27.162	16.466	10.451	8.0414	
1011	26.805	25.91	27.14	16.433	10.444	8.0428	
1012	26.786	25.887	27.117	16.438	10.431	8.0143	
1013	26.766	25.865	27.095	16.434	10.414	8.0082	
1014	26.747	25.843	27.073	16.435	10.394	8.0042	
1015	26.728	25.821	27.051	16.437	10.4	7.9932	
1016	26.708	25.799	27.029	16.413	10.402	8.087	
1017	26.689	25.777	27.007	16.395	10.365	7.9546	
1018	26.67	25.755	26.985	16.391	10.366	7.9748	
1019	26.651	25.733	26.963	16.377	10.349	7.938	
1020	26.632	25.711	26.941	16.428	10.409	7.9076	
1021	26.613	25.689	26.919	16.344	10.406	7.9482	
1022	26.594	25.668	26.897	16.399	10.335	7.9468	
1023	26.575	25.646	26.876	16.418	10.322	7.9437	
1024	26.556	25.624	26.854	16.374	10.301	7.9785	
1025	26.537	25.603	26.832	16.416	10.31	7.9159	
1026	26.519	25.581	26.811	16.38	10.359	7.8728	
1027	26.5	25.56	26.789	16.414	10.241	7.8987	
1028	26.481	25.538	26.767	16.371	10.339	7.8451	
1029	26.463	25.517	26.746	16.355	10.283	7.8299	
1030	26.444	25.495	26.724	16.359	10.328	7.903	
1031	26.425	25.474	26.703	16.422	10.333	7.9249	
1032	26.407	25.452	26.681	16.316	10.327	7.8632	
1033	26.388	25.431	26.66	16.382	10.287	7.887	
1034	26.37	25.41	26.639	16.356	10.309	7.8533	
1035	26.352	25.389	26.617	16.379	10.251	7.9231	
1036	26.334	25.368	26.596	16.253	10.285	7.8388	
1037	26.315	25.347	26.575	16.397	10.175	7.8035	
1038	26.297	25.326	26.554	16.319	10.24	7.9786	
1039	26.279	25.305	26.532	16.361	10.29	7.9209	
1040	26.261	25.284	26.511	16.298	10.088	7.8087	
1041	26.243	25.263	26.49	16.335	10.216	7.8567	
1042	26.225	25.242	26.469	16.445	10.238	7.6434	
1043	26.207	25.221	26.448	16.412	10.176	7.6925	
1044	26.189	25.2	26.427	16.267	10.268	7.7417	
1045	26.171	25.179	26.406	16.308	10.204	7.7873	
1046	26.153	25.159	26.385	16.204	10.35	7.5825	
1047	26.135	25.138	26.364	16.266	10.039	7.7932	
1048	26.118	25.117	26.343	16.229	10.157	7.8069	
1049	26.1	25.097	26.323	16.299	10.171	7.7236	
1050	26.082	25.076	26.302	16.276	10.083	7.8107	
1051	26.064	25.056	26.281	16.278	10.17	7.7396	
1052	26.047	25.035	26.26	16.273	10.161	7.7044	
1053	26.029	25.015	26.24	16.277	10.167	7.7231	
1054	26.012	24.994	26.219	16.277	10.148	7.7089	
1055	25.994	24.974	26.198	16.277	10.167	7.6972	
1056	25.977	24.954	26.178	16.273	10.135	7.687	
1057	25.96	24.934	26.157	16.269	10.153	7.6997	
1058	25.942	24.913	26.137	16.262	10.142	7.6709	
1059	25.925	24.893	26.116	16.247	10.134	7.6933	
1060	25.908	24.873	26.096	16.254	10.134	7.6648	
1061	25.891	24.853	26.075	16.263	10.116	7.6747	
1062	25.874	24.833	26.055	16.239	10.115	7.6648	
1063	25.856	24.813	26.035	16.235	10.098	7.6667	
1064	25.839	24.793	26.014	16.233	10.093	7.6472	
1065	25.822	24.773	25.994	16.225	10.087	7.629	
1066	25.805	24.753	25.974	16.232	10.086	7.618	
1067	25.788	24.733	25.954	16.223	10.089	7.6219	
1068	25.772	24.713	25.934	16.218	10.078	7.6284	
1069	25.755	24.693	25.913	16.223	10.054	7.6005	
1070	25.738	24.674	25.893	16.22	10.079	7.5985	
1071	25.721	24.654	25.873	16.218	10.063	7.599	
1072	25.704	24.634	25.853	16.202	10.065	7.5925	
1073	25.688	24.615	25.833	16.215	10.029	7.5661	
1074	25.671	24.595	25.813	16.199	10.044	7.5808	
1075	25.654	24.576	25.793	16.193	10.033	7.5517	
1076	25.638	24.556	25.773	16.201	10.022	7.5548	
1077	25.621	24.537	25.754	16.189	10.024	7.5511	
1078	25.605	24.517	25.734	16.185	10.008	7.5417	
1079	25.588	24.498	25.714	16.186	10.022	7.5314	
1080	25.572	24.478	25.694	16.186	10.011	7.5387	
1081	25.556	24.459	25.674	16.179	10.01	7.5348	
1082	25.539	24.44	25.655	16.172	10.007	7.5257	
1083	25.523	24.42	25.635	16.18	9.9947	7.5117	
1084	25.507	24.401	25.615	16.172	9.995	7.5129	
1085	25.49	24.382	25.596	16.166	9.9914	7.5014	
1086	25.474	24.363	25.576	16.171	9.9923	7.5038	
1087	25.458	24.344	25.557	16.156	9.9873	7.4945	
1088	25.442	24.325	25.537	16.166	9.9817	7.4997	
1089	25.426	24.306	25.518	16.159	9.9779	7.4821	
1090	25.41	24.287	25.498	16.158	9.9803	7.4881	
1091	25.394	24.268	25.479	16.153	9.9785	7.4853	
1092	25.378	24.249	25.459	16.144	9.9565	7.4715	
1093	25.362	24.23	25.44	16.148	9.9506	7.4729	
1094	25.346	24.211	25.421	16.141	9.9601	7.4722	
1095	25.33	24.192	25.401	16.15	9.9318	7.4483	
1096	25.314	24.173	25.382	16.144	9.9407	7.4519	
1097	25.299	24.155	25.363	16.13	9.9283	7.4383	
1098	25.283	24.136	25.344	16.124	9.9234	7.4168	
1099	25.267	24.117	25.324	16.123	9.9232	7.4195	
1100	25.252	24.099	25.305	16.113	9.9178	7.4139	
1101	25.236	24.08	25.286	16.124	9.9056	7.3964	
1102	25.22	24.061	25.267	16.116	9.8945	7.3888	
1103	25.205	24.043	25.248	16.109	9.8791	7.3797	
1104	25.189	24.024	25.229	16.105	9.888	7.3786	
1105	25.174	24.006	25.21	16.097	9.8862	7.3711	
1106	25.158	23.987	25.191	16.101	9.8753	7.3644	
1107	25.143	23.969	25.172	16.09	9.8672	7.3615	
1108	25.128	23.951	25.153	16.098	9.873	7.3533	
1109	25.112	23.932	25.134	16.089	9.8628	7.35	
1110	25.097	23.914	25.115	16.087	9.8562	7.3493	
1111	25.082	23.896	25.097	16.086	9.8575	7.3426	
1112	25.066	23.877	25.078	16.085	9.8439	7.3361	
1113	25.051	23.859	25.059	16.085	9.8491	7.3346	
1114	25.036	23.841	25.04	16.08	9.8466	7.3305	
1115	25.021	23.823	25.022	16.077	9.8484	7.3291	
1116	25.006	23.805	25.003	16.078	9.8409	7.3321	
1117	24.991	23.787	24.984	16.079	9.8416	7.3209	
1118	24.976	23.769	24.966	16.072	9.8334	7.3214	
1119	24.961	23.751	24.947	16.06	9.8347	7.3015	
1120	24.946	23.733	24.929	16.068	9.8313	7.2924	
1121	24.931	23.715	24.91	16.067	9.8176	7.2878	
1122	24.916	23.697	24.892	16.06	9.8063	7.2978	
1123	24.901	23.679	24.873	16.048	9.8069	7.2903	
1124	24.886	23.661	24.855	16.063	9.8076	7.2673	
1125	24.872	23.643	24.836	16.054	9.7979	7.2623	
1126	24.857	23.625	24.818	16.058	9.8085	7.2676	
1127	24.842	23.608	24.799	16.033	9.7894	7.2435	
1128	24.827	23.59	24.781	16.033	9.7801	7.246	
1129	24.813	23.572	24.763	16.039	9.78	7.2589	
1130	24.798	23.555	24.745	16.029	9.784	7.2303	
1131	24.783	23.537	24.726	16.028	9.7661	7.2327	
1132	24.769	23.519	24.708	16.029	9.7641	7.2224	
1133	24.754	23.502	24.69	16.022	9.7746	7.22	
1134	24.74	23.484	24.672	16.013	9.7404	7.2208	
1135	24.725	23.467	24.654	16.016	9.7516	7.1929	
1136	24.711	23.449	24.635	16.019	9.733	7.2045	
1137	24.697	23.432	24.617	16.012	9.7186	7.2018	
1138	24.682	23.415	24.599	16.011	9.7314	7.1817	
1139	24.668	23.397	24.581	16.007	9.7294	7.188	
1140	24.654	23.38	24.563	16	9.711	7.1734	
1141	24.639	23.363	24.545	16.013	9.7229	7.1701	
1142	24.625	23.345	24.527	16.009	9.7157	7.1425	
1143	24.611	23.328	24.509	15.991	9.7047	7.1754	
1144	24.597	23.311	24.492	15.991	9.6948	7.1627	
1145	24.583	23.294	24.474	15.994	9.7082	7.1617	
1146	24.568	23.276	24.456	15.991	9.6734	7.1488	
1147	24.554	23.259	24.438	15.987	9.6773	7.1375	
1148	24.54	23.242	24.42	15.993	9.6824	7.1398	
1149	24.526	23.225	24.402	15.982	9.6859	7.1336	
1150	24.512	23.208	24.385	15.971	9.6696	7.1285	
1151	24.498	23.191	24.367	15.973	9.6557	7.1144	
1152	24.484	23.174	24.349	15.974	9.6664	7.1066	
1153	24.471	23.157	24.332	15.967	9.6521	7.0941	
1154	24.457	23.14	24.314	15.961	9.6519	7.0958	
1155	24.443	23.123	24.296	15.966	9.6506	7.0979	
1156	24.429	23.107	24.279	15.955	9.6498	7.0837	
1157	24.415	23.09	24.261	15.955	9.6421	7.0727	
1158	24.402	23.073	24.244	15.956	9.6421	7.0731	
1159	24.388	23.056	24.226	15.96	9.6267	7.0708	
1160	24.374	23.039	24.209	15.957	9.628	7.0722	
1161	24.36	23.023	24.191	15.947	9.6061	7.0769	
1162	24.347	23.006	24.174	15.943	9.6372	7.0503	
1163	24.333	22.989	24.157	15.932	9.6109	7.0423	
1164	24.32	22.973	24.139	15.933	9.5892	7.0355	
1165	24.306	22.956	24.122	15.926	9.6021	7.0251	
1166	24.293	22.94	24.105	15.934	9.5923	7.0232	
1167	24.279	22.923	24.087	15.935	9.6092	7.0307	
1168	24.266	22.906	24.07	15.925	9.5875	7.0159	
1169	24.252	22.89	24.053	15.919	9.579	7.0094	
1170	24.239	22.874	24.036	15.923	9.5874	6.9969	
1171	24.226	22.857	24.018	15.918	9.5745	6.9927	
1172	24.212	22.841	24.001	15.915	9.5753	6.9904	
1173	24.199	22.824	23.984	15.913	9.572	6.9898	
1174	24.186	22.808	23.967	15.912	9.5717	6.9855	
1175	24.172	22.792	23.95	15.911	9.5671	6.9893	
1176	24.159	22.775	23.933	15.909	9.5553	6.9753	
1177	24.146	22.759	23.916	15.913	9.5548	6.9734	
1178	24.133	22.743	23.899	15.902	9.5491	6.9642	
1179	24.12	22.727	23.882	15.902	9.5544	6.9693	
1180	24.106	22.711	23.865	15.901	9.5467	6.9584	
1181	24.093	22.694	23.848	15.901	9.5467	6.9598	
1182	24.08	22.678	23.831	15.894	9.5385	6.9547	
1183	24.067	22.662	23.814	15.897	9.537	6.95	
1184	24.054	22.646	23.797	15.892	9.532	6.9421	
1185	24.041	22.63	23.78	15.883	9.531	6.946	
1186	24.028	22.614	23.763	15.885	9.5219	6.9289	
1187	24.016	22.598	23.747	15.884	9.5224	6.9354	
1188	24.003	22.582	23.73	15.877	9.523	6.9241	
1189	23.99	22.566	23.713	15.882	9.5084	6.9071	
1190	23.977	22.55	23.696	15.876	9.5137	6.9197	
1191	23.964	22.534	23.68	15.87	9.5099	6.9094	
1192	23.951	22.519	23.663	15.871	9.4961	6.8957	
1193	23.939	22.503	23.646	15.868	9.4961	6.8932	
1194	23.926	22.487	23.63	15.862	9.5027	6.9035	
1195	23.913	22.471	23.613	15.874	9.474	6.8908	
1196	23.9	22.455	23.596	15.86	9.4905	6.8699	
1197	23.888	22.44	23.58	15.862	9.4762	6.8911	
1198	23.875	22.424	23.563	15.852	9.4631	6.8864	
1199	23.863	22.408	23.547	15.851	9.477	6.8633	
1200	23.85	22.393	23.53	15.858	9.4625	6.8505	
1201	23.837	22.377	23.514	15.861	9.4796	6.8706	
1202	23.825	22.361	23.497	15.841	9.4636	6.8566	
1203	23.812	22.346	23.481	15.848	9.4582	6.8337	
1204	23.8	22.33	23.465	15.851	9.4464	6.8183	
1205	23.788	22.315	23.448	15.832	9.4472	6.8323	
1206	23.775	22.299	23.432	15.836	9.466	6.8321	
1207	23.763	22.284	23.416	15.846	9.4633	6.8204	
1208	23.75	22.268	23.399	15.832	9.4402	6.8124	
1209	23.738	22.253	23.383	15.836	9.4279	6.8174	
1210	23.726	22.238	23.367	15.829	9.4198	6.7981	
1211	23.713	22.222	23.351	15.824	9.4014	6.7811	
1212	23.701	22.207	23.334	15.822	9.4159	6.7865	
1213	23.689	22.192	23.318	15.831	9.4125	6.7945	
1214	23.677	22.176	23.302	15.818	9.422	6.771	
1215	23.665	22.161	23.286	15.827	9.4065	6.7776	
1216	23.652	22.146	23.27	15.816	9.3902	6.7962	
1217	23.64	22.131	23.254	15.82	9.3945	6.7799	
1218	23.628	22.116	23.237	15.792	9.3676	6.7812	
1219	23.616	22.1	23.221	15.814	9.3787	6.7488	
1220	23.604	22.085	23.205	15.812	9.3724	6.7566	
1221	23.592	22.07	23.189	15.792	9.3678	6.7577	
1222	23.58	22.055	23.173	15.806	9.4041	6.7482	
1223	23.568	22.04	23.157	15.808	9.3612	6.7497	
1224	23.556	22.025	23.141	15.802	9.3661	6.7322	
1225	23.544	22.01	23.126	15.793	9.3623	6.7376	
1226	23.532	21.995	23.11	15.803	9.3763	6.7294	
1227	23.52	21.98	23.094	15.81	9.3589	6.7325	
1228	23.508	21.965	23.078	15.774	9.3448	6.7237	
1229	23.496	21.95	23.062	15.767	9.3236	6.7278	
1230	23.485	21.935	23.046	15.774	9.3573	6.7086	
1231	23.473	21.92	23.03	15.796	9.3605	6.676	
1232	23.461	21.905	23.015	15.789	9.3331	6.7336	
1233	23.449	21.891	22.999	15.803	9.3612	6.6865	
1234	23.438	21.876	22.983	15.779	9.3636	6.7088	
1235	23.426	21.861	22.968	15.762	9.3504	6.6856	
1236	23.414	21.846	22.952	15.776	9.3508	6.7156	
1237	23.403	21.832	22.936	15.771	9.3581	6.6932	
1238	23.391	21.817	22.921	15.803	9.3178	6.7029	
1239	23.379	21.802	22.905	15.735	9.3726	6.7182	
1240	23.368	21.788	22.889	15.732	9.2717	6.6779	
1241	23.356	21.773	22.874	15.745	9.341	6.6356	
1242	23.345	21.758	22.858	15.735	9.3044	6.6996	
1243	23.333	21.744	22.843	15.764	9.3127	6.761	
1244	23.322	21.729	22.827	15.782	9.3076	6.6586	
1245	23.31	21.715	22.812	15.721	9.362	6.5928	
1246	23.299	21.7	22.796	15.748	9.298	6.6041	
1247	23.287	21.686	22.781	15.731	9.2333	6.6094	
1248	23.276	21.671	22.765	15.743	9.2731	6.5843	
1249	23.264	21.657	22.75	15.775	9.2931	6.6536	
1250	23.253	21.642	22.734	15.753	9.3398	6.5861	
1251	23.242	21.628	22.719	15.739	9.2561	6.6486	
1252	23.23	21.614	22.704	15.709	9.2021	6.5795	
1253	23.219	21.599	22.688	15.708	9.3079	6.5872	
1254	23.208	21.585	22.673	15.716	9.2289	6.5936	
1255	23.197	21.571	22.658	15.74	9.2415	6.623	
1256	23.185	21.556	22.643	15.719	9.2629	6.5966	
1257	23.174	21.542	22.627	15.717	9.2216	6.5567	
1258	23.163	21.528	22.612	15.725	9.2458	6.548	
1259	23.152	21.514	22.597	15.694	9.2312	6.5771	
1260	23.141	21.499	22.582	15.709	9.2387	6.553	
1261	23.13	21.485	22.567	15.706	9.2178	6.5473	
1262	23.119	21.471	22.551	15.689	9.2162	6.5425	
1263	23.108	21.457	22.536	15.706	9.2186	6.5313	
1264	23.096	21.443	22.521	15.682	9.2026	6.5444	
1265	23.085	21.429	22.506	15.708	9.2245	6.5324	
1266	23.074	21.415	22.491	15.696	9.2306	6.5176	
1267	23.063	21.401	22.476	15.709	9.2023	6.5414	
1268	23.052	21.387	22.461	15.714	9.2095	6.5453	
1269	23.042	21.373	22.446	15.701	9.2186	6.5538	
1270	23.031	21.359	22.431	15.696	9.198	6.5367	
1271	23.02	21.345	22.416	15.683	9.2039	6.5136	
1272	23.009	21.331	22.401	15.688	9.2189	6.5472	
1273	22.998	21.317	22.386	15.705	9.2243	6.5247	
1274	22.987	21.303	22.371	15.701	9.2005	6.5306	
1275	22.976	21.289	22.356	15.686	9.1823	6.4939	
1276	22.966	21.275	22.342	15.699	9.2087	6.5205	
1277	22.955	21.261	22.327	15.663	9.1993	6.5191	
1278	22.944	21.248	22.312	15.665	9.1892	6.5112	
1279	22.933	21.234	22.297	15.681	9.1589	6.4593	
1280	22.923	21.22	22.282	15.675	9.156	6.4798	
1281	22.912	21.206	22.268	15.682	9.1567	6.4748	
1282	22.901	21.193	22.253	15.676	9.169	6.4949	
1283	22.891	21.179	22.238	15.656	9.1537	6.4527	
1284	22.88	21.165	22.223	15.632	9.1916	6.4591	
1285	22.869	21.152	22.209	15.644	9.1608	6.4782	
1286	22.859	21.138	22.194	15.669	9.1557	6.4463	
1287	22.848	21.124	22.179	15.652	9.1412	6.4697	
1288	22.838	21.111	22.165	15.663	9.1606	6.4591	
1289	22.827	21.097	22.15	15.652	9.1422	6.4344	
1290	22.817	21.084	22.136	15.657	9.1551	6.4376	
1291	22.806	21.07	22.121	15.64	9.1345	6.4164	
1292	22.796	21.056	22.106	15.656	9.1345	6.4736	
1293	22.785	21.043	22.092	15.647	9.1239	6.4379	
1294	22.775	21.03	22.077	15.668	9.1578	6.4281	
1295	22.764	21.016	22.063	15.646	9.1369	6.3954	
1296	22.754	21.003	22.049	15.653	9.1292	6.3926	
1297	22.744	20.989	22.034	15.651	9.0942	6.4387	
1298	22.733	20.976	22.02	15.631	9.1357	6.4042	
1299	22.723	20.963	22.005	15.641	9.0837	6.373	
1300	22.713	20.949	21.991	15.624	9.1037	6.3995	
1301	22.702	20.936	21.976	15.641	9.126	6.3705	
1302	22.692	20.923	21.962	15.611	9.0799	6.4187	
1303	22.682	20.909	21.948	15.637	9.1245	6.3851	
1304	22.672	20.896	21.933	15.648	9.1135	6.3952	
1305	22.661	20.883	21.919	15.652	9.0861	6.3467	
1306	22.651	20.869	21.905	15.629	9.1235	6.3831	
1307	22.641	20.856	21.891	15.62	9.108	6.3954	
1308	22.631	20.843	21.876	15.613	9.0891	6.388	
1309	22.621	20.83	21.862	15.62	9.0991	6.3783	
1310	22.611	20.817	21.848	15.612	9.0767	6.3653	
1311	22.601	20.804	21.834	15.62	9.0461	6.3913	
1312	22.59	20.791	21.819	15.608	9.0606	6.3221	
1313	22.58	20.778	21.805	15.613	9.0866	6.3847	
1314	22.57	20.764	21.791	15.607	9.0596	6.3495	
1315	22.56	20.751	21.777	15.602	9.0327	6.3262	
1316	22.55	20.738	21.763	15.629	8.9941	6.3194	
1317	22.54	20.725	21.749	15.605	9.0557	6.3822	
1318	22.53	20.712	21.735	15.589	9.0545	6.3601	
1319	22.52	20.699	21.721	15.631	9.0479	6.354	
1320	22.511	20.686	21.707	15.574	9.0367	6.3584	
1321	22.501	20.673	21.693	15.612	9.0226	6.3347	
1322	22.491	20.661	21.679	15.601	8.9983	6.2378	
1323	22.481	20.648	21.665	15.554	9.0135	6.278	
1324	22.471	20.635	21.651	15.608	9.0519	6.2872	
1325	22.461	20.622	21.637	15.621	8.9865	6.3038	
1326	22.451	20.609	21.623	15.629	8.988	6.2721	
1327	22.442	20.596	21.609	15.6	9.0561	6.2622	
1328	22.432	20.584	21.595	15.561	8.9618	6.3632	
1329	22.422	20.571	21.581	15.563	8.9748	6.2771	
1330	22.412	20.558	21.567	15.621	9.0407	6.2531	
1331	22.403	20.545	21.554	15.566	9.0607	6.3246	
1332	22.393	20.533	21.54	15.561	8.9719	6.418	
1333	22.383	20.52	21.526	15.578	9.0236	6.2824	
1334	22.374	20.507	21.512	15.6	8.9906	6.2743	
1335	22.364	20.494	21.498	15.55	9.0051	6.153	
1336	22.354	20.482	21.485	15.537	9.0374	6.3185	
1337	22.345	20.469	21.471	15.618	8.9803	6.1591	
1338	22.335	20.457	21.457	15.535	9.048	6.2468	
1339	22.325	20.444	21.444	15.561	9.032	6.2708	
1340	22.316	20.431	21.43	15.593	9.0077	6.1586	
1341	22.306	20.419	21.416	15.666	8.8259	6.2786	
1342	22.297	20.406	21.403	15.575	8.9248	6.4947	
1343	22.287	20.394	21.389	15.64	9.0003	6.4568	
1344	22.278	20.381	21.375	15.52	9.0383	6.2736	
1345	22.268	20.369	21.362	15.567	9.1261	6.2256	
1346	22.259	20.356	21.348	15.405	8.8527	6.0078	
1347	22.249	20.344	21.335	15.559	9.1196	5.8337	
1348	22.24	20.331	21.321	15.504	9.1334	6.1728	
1349	22.231	20.319	21.308	15.419	9.278	6.2167	
1350	22.221	20.307	21.294	15.265	9.0644	6.2217	
1351	22.212	20.294	21.281	15.503	8.9301	5.9253	
1352	22.202	20.282	21.267	15.455	8.8241	6.3825	
1353	22.193	20.27	21.254	15.547	8.3823	6.2501	
1354	22.184	20.257	21.24	15.469	9.3073	6.3855	
1355	22.175	20.245	21.227	15.712	8.773	5.6078	
1356	22.165	20.233	21.213	15.648	9.1567	6.0752	
1357	22.156	20.221	21.2	15.444	9.0441	6.2724	
1358	22.147	20.208	21.187	16.248	9.371	6.3795	
1359	22.137	20.196	21.173	16.262	8.6908	6.918	
1426	21.555	19.415	20.315	15.655	9.2987	6.337	
1427	21.547	19.404	20.303	15.544	8.6458	6.0444	
1428	21.538	19.393	20.291	15.394	8.841	5.6434	
1429	21.53	19.382	20.278	15.638	8.6618	5.8162	
1430	21.522	19.371	20.266	15.645	8.8034	5.8313	
1431	21.514	19.36	20.254	15.324	8.9254	6.1083	
1432	21.506	19.349	20.242	15.558	8.5618	5.8907	
1433	21.498	19.338	20.23	15.35	8.5981	5.8503	
1434	21.49	19.327	20.217	15.504	8.9164	6.1849	
1435	21.482	19.316	20.205	15.523	8.856	5.7635	
1436	21.473	19.305	20.193	15.531	8.646	5.9371	
1437	21.465	19.294	20.181	15.437	8.9074	5.8618	
1438	21.457	19.283	20.169	15.329	8.6594	5.9473	
1439	21.449	19.272	20.157	15.448	8.7878	5.9026	
1440	21.441	19.261	20.145	15.332	8.7869	5.8234	
1441	21.433	19.25	20.133	15.418	8.6815	6.0523	
1442	21.425	19.24	20.12	15.471	8.6178	5.804	
1443	21.417	19.229	20.108	15.352	8.745	5.9607	
1444	21.409	19.218	20.096	15.461	8.7728	5.754	
1445	21.402	19.207	20.084	15.33	8.7337	5.8418	
1446	21.394	19.196	20.072	15.463	8.6349	5.8148	
1447	21.386	19.185	20.06	15.435	8.7027	5.7187	
1448	21.378	19.175	20.048	15.418	8.6759	5.8657	
1449	21.37	19.164	20.036	15.369	8.7286	5.8616	
1450	21.362	19.153	20.024	15.389	8.7223	5.7667	
1451	21.354	19.142	20.013	15.439	8.6835	5.8613	
1452	21.346	19.132	20.001	15.461	8.7416	5.9121	
1453	21.339	19.121	19.989	15.432	8.7434	5.9344	
1454	21.331	19.11	19.977	15.347	8.6775	5.7013	
1455	21.323	19.099	19.965	15.416	8.7501	5.778	
1456	21.315	19.089	19.953	15.442	8.7139	5.8162	
1457	21.307	19.078	19.941	15.384	8.5911	5.8161	
1458	21.3	19.067	19.929	15.382	8.7003	5.8269	
1459	21.292	19.057	19.918	15.364	8.5653	5.7475	
1460	21.284	19.046	19.906	15.406	8.6329	5.8577	
1461	21.276	19.036	19.894	15.425	8.6263	5.8131	
1462	21.269	19.025	19.882	15.392	8.6402	5.8205	
1463	21.261	19.015	19.87	15.378	8.6426	5.7707	
1464	21.253	19.004	19.859	15.356	8.6674	5.7556	
1465	21.246	18.993	19.847	15.367	8.7009	5.7782	
1466	21.238	18.983	19.835	15.362	8.5979	5.8152	
1467	21.23	18.972	19.823	15.382	8.6242	5.8072	
1468	21.223	18.962	19.812	15.351	8.6378	5.7845	
1469	21.215	18.951	19.8	15.375	8.6157	5.7777	
1470	21.207	18.941	19.788	15.368	8.6027	5.7829	
1471	21.2	18.93	19.777	15.371	8.6274	5.7814	
1472	21.192	18.92	19.765	15.372	8.6286	5.7604	
1473	21.185	18.91	19.753	15.361	8.64	5.7729	
1474	21.177	18.899	19.742	15.364	8.6233	5.7729	
1475	21.17	18.889	19.73	15.367	8.6216	5.7631	
1476	21.162	18.878	19.719	15.361	8.6167	5.7547	
1477	21.154	18.868	19.707	15.367	8.6407	5.7684	
1478	21.147	18.858	19.695	15.372	8.6251	5.7501	
1479	21.139	18.847	19.684	15.364	8.6199	5.7574	
1480	21.132	18.837	19.672	15.365	8.6238	5.7479	
1481	21.125	18.827	19.661	15.366	8.6113	5.7261	
1482	21.117	18.816	19.649	15.361	8.6283	5.7517	
1483	21.11	18.806	19.638	15.362	8.62	5.7472	
1484	21.102	18.796	19.626	15.378	8.6195	5.7384	
1485	21.095	18.786	19.615	15.355	8.6304	5.737	
1486	21.087	18.775	19.603	15.356	8.5946	5.6973	
1487	21.08	18.765	19.592	15.348	8.6228	5.7008	
1488	21.073	18.755	19.581	15.36	8.6145	5.7232	
1489	21.065	18.745	19.569	15.361	8.6151	5.7038	
1490	21.058	18.734	19.558	15.362	8.5895	5.747	
1491	21.051	18.724	19.546	15.345	8.6053	5.698	
1492	21.043	18.714	19.535	15.351	8.5961	5.7165	
1493	21.036	18.704	19.524	15.341	8.5614	5.7088	
1494	21.029	18.694	19.512	15.341	8.5719	5.697	
1495	21.021	18.684	19.501	15.332	8.5697	5.6877	
1496	21.014	18.674	19.49	15.36	8.6007	5.7053	
1497	21.007	18.663	19.478	15.331	8.5842	5.694	
1498	20.999	18.653	19.467	15.364	8.5808	5.6957	
1499	20.992	18.643	19.456	15.346	8.5729	5.7135	
1500	20.985	18.633	19.444	15.338	8.5688	5.6944	
1501	20.978	18.623	19.433	15.324	8.5615	5.6481	
1502	20.971	18.613	19.422	15.341	8.5663	5.6767	
1503	20.963	18.603	19.411	15.337	8.5858	5.6658	
1504	20.956	18.593	19.399	15.331	8.5525	5.6375	
1505	20.949	18.583	19.388	15.336	8.5556	5.6753	
1506	20.942	18.573	19.377	15.327	8.5511	5.6423	
1507	20.935	18.563	19.366	15.311	8.5398	5.6658	
1508	20.927	18.553	19.355	15.308	8.5416	5.6703	
1509	20.92	18.543	19.343	15.345	8.5427	5.6533	
1510	20.913	18.533	19.332	15.333	8.5601	5.6374	
1511	20.906	18.523	19.321	15.339	8.555	5.6471	
1512	20.899	18.514	19.31	15.33	8.5822	5.6517	
1513	20.892	18.504	19.299	15.364	8.5032	5.6648	
1514	20.885	18.494	19.288	15.322	8.5396	5.6835	
1515	20.878	18.484	19.277	15.295	8.5603	5.6483	
1516	20.871	18.474	19.266	15.318	8.5056	5.6522	
1517	20.864	18.464	19.255	15.315	8.5658	5.6102	
1518	20.857	18.454	19.244	15.295	8.5482	5.6359	
1519	20.85	18.445	19.233	15.297	8.5464	5.6432	
1520	20.843	18.435	19.222	15.291	8.534	5.6375	
1521	20.836	18.425	19.211	15.314	8.4871	5.5673	
1522	20.829	18.415	19.2	15.294	8.5187	5.5965	
1523	20.822	18.406	19.189	15.298	8.5355	5.6022	
1524	20.815	18.396	19.178	15.33	8.5488	5.6586	
1525	20.808	18.386	19.167	15.314	8.5414	5.6269	
1526	20.801	18.376	19.156	15.292	8.5151	5.6013	
1527	20.794	18.367	19.145	15.3	8.528	5.6024	
1528	20.787	18.357	19.134	15.288	8.5465	5.6141	
1529	20.78	18.347	19.123	15.293	8.4942	5.5902	
1530	20.773	18.338	19.112	15.303	8.5058	5.6026	
1531	20.766	18.328	19.101	15.28	8.4914	5.604	
1532	20.759	18.318	19.09	15.308	8.4916	5.603	
1533	20.753	18.309	19.079	15.284	8.4702	5.5967	
1534	20.746	18.299	19.069	15.305	8.4793	5.6376	
1535	20.739	18.289	19.058	15.298	8.4926	5.5712	
1536	20.732	18.28	19.047	15.276	8.4891	5.5791	
1537	20.725	18.27	19.036	15.283	8.4941	5.5846	
1538	20.719	18.261	19.025	15.277	8.5252	5.5789	
1539	20.712	18.251	19.015	15.294	8.4816	5.577	
1540	20.705	18.242	19.004	15.287	8.4628	5.578	
1541	20.698	18.232	18.993	15.275	8.4525	5.5494	
1542	20.691	18.223	18.982	15.281	8.4651	5.5754	
1543	20.685	18.213	18.971	15.279	8.4722	5.544	
1544	20.678	18.203	18.961	15.282	8.4897	5.5788	
1545	20.671	18.194	18.95	15.263	8.493	5.5536	
1546	20.665	18.185	18.939	15.278	8.4662	5.5539	
1547	20.658	18.175	18.929	15.274	8.4734	5.5453	
1548	20.651	18.166	18.918	15.277	8.4642	5.5399	
1549	20.644	18.156	18.907	15.277	8.4838	5.5347	
1550	20.638	18.147	18.897	15.282	8.4621	5.5433	
1551	20.631	18.137	18.886	15.26	8.4848	5.5405	
1552	20.624	18.128	18.875	15.272	8.4641	5.5476	
1553	20.618	18.119	18.865	15.253	8.4528	5.5522	
1554	20.611	18.109	18.854	15.262	8.4672	5.5335	
1555	20.605	18.1	18.844	15.281	8.442	5.52	
1556	20.598	18.09	18.833	15.259	8.4567	5.5561	
1557	20.591	18.081	18.822	15.253	8.4481	5.5181	
1558	20.585	18.072	18.812	15.256	8.4504	5.5207	
1559	20.578	18.063	18.801	15.276	8.4324	5.4932	
1560	20.572	18.053	18.791	15.271	8.4614	5.517	
1561	20.565	18.044	18.78	15.28	8.463	5.5073	
1562	20.559	18.035	18.77	15.286	8.4263	5.5184	
1563	20.552	18.025	18.759	15.246	8.4494	5.5213	
1564	20.545	18.016	18.749	15.253	8.4738	5.4959	
1565	20.539	18.007	18.738	15.26	8.475	5.4892	
1566	20.532	17.998	18.728	15.25	8.4211	5.471	
1567	20.526	17.988	18.717	15.272	8.4036	5.5013	
1568	20.519	17.979	18.707	15.254	8.4459	5.5132	
1569	20.513	17.97	18.696	15.273	8.4673	5.5183	
1570	20.507	17.961	18.686	15.258	8.4541	5.5109	
1571	20.5	17.952	18.676	15.251	8.43	5.5032	
1572	20.494	17.942	18.665	15.247	8.4216	5.516	
1573	20.487	17.933	18.655	15.253	8.4038	5.4898	
1574	20.481	17.924	18.645	15.271	8.4254	5.4739	
1575	20.474	17.915	18.634	15.231	8.4078	5.4942	
1576	20.468	17.906	18.624	15.249	8.3978	5.4296	
1577	20.462	17.897	18.613	15.217	8.3749	5.4756	
1578	20.455	17.888	18.603	15.237	8.4288	5.4607	
1579	20.449	17.879	18.593	15.228	8.4205	5.4795	
1580	20.443	17.87	18.583	15.239	8.3869	5.4487	
1581	20.436	17.861	18.572	15.234	8.4189	5.4105	
1582	20.43	17.851	18.562	15.257	8.4008	5.48	
1583	20.423	17.842	18.552	15.226	8.4345	5.4544	
1584	20.417	17.833	18.541	15.259	8.3606	5.4227	
1585	20.411	17.824	18.531	15.244	8.4289	5.4566	
1586	20.405	17.815	18.521	15.233	8.3734	5.502	
1587	20.398	17.806	18.511	15.238	8.4237	5.4611	
1588	20.392	17.797	18.5	15.245	8.3774	5.3926	
1589	20.386	17.788	18.49	15.215	8.3875	5.4566	
1590	20.379	17.779	18.48	15.228	8.3519	5.4219	
1591	20.373	17.771	18.47	15.219	8.3652	5.442	
1592	20.367	17.762	18.46	15.22	8.4063	5.4059	
1593	20.361	17.753	18.45	15.242	8.3902	5.4055	
1594	20.354	17.744	18.439	15.227	8.3533	5.4718	
1595	20.348	17.735	18.429	15.251	8.3693	5.388	
1596	20.342	17.726	18.419	15.218	8.396	5.4089	
1597	20.336	17.717	18.409	15.224	8.3787	5.4234	
1598	20.33	17.708	18.399	15.233	8.3674	5.3693	
1599	20.324	17.699	18.389	15.229	8.3583	5.4027	
1600	20.317	17.691	18.379	15.215	8.372	5.3582	
1601	20.311	17.682	18.369	15.245	8.3609	5.4297	
1602	20.305	17.673	18.359	15.238	8.3485	5.3855	
1603	20.299	17.664	18.349	15.243	8.3307	5.3756	
1604	20.293	17.655	18.339	15.231	8.3665	5.3766	
1605	20.287	17.647	18.329	15.219	8.355	5.4195	
1606	20.281	17.638	18.319	15.218	8.3515	5.381	
1607	20.274	17.629	18.309	15.236	8.3546	5.3807	
1608	20.268	17.62	18.299	15.198	8.3743	5.3834	
1609	20.262	17.611	18.289	15.209	8.3542	5.3865	
1610	20.256	17.603	18.279	15.217	8.3669	5.3679	
1611	20.25	17.594	18.269	15.223	8.3448	5.3933	
1612	20.244	17.585	18.259	15.243	8.3307	5.3638	
1613	20.238	17.577	18.249	15.178	8.3644	5.3728	
1614	20.232	17.568	18.239	15.202	8.361	5.4227	
1615	20.226	17.559	18.229	15.227	8.3397	5.3958	
1616	20.22	17.551	18.219	15.22	8.3127	5.3666	
1617	20.214	17.542	18.209	15.246	8.3553	5.3936	
1618	20.208	17.533	18.199	15.226	8.3236	5.3726	
1619	20.202	17.525	18.189	15.199	8.3466	5.3731	
1620	20.196	17.516	18.179	15.181	8.3603	5.3781	
1621	20.19	17.507	18.17	15.208	8.3253	5.3494	
1622	20.184	17.499	18.16	15.178	8.3112	5.3902	
1623	20.178	17.49	18.15	15.171	8.3181	5.3343	
1624	20.172	17.482	18.14	15.213	8.3478	5.3601	
1625	20.166	17.473	18.13	15.221	8.3268	5.3138	
1626	20.16	17.464	18.121	15.189	8.3195	5.3457	
1627	20.154	17.456	18.111	15.194	8.2845	5.3273	
1628	20.149	17.447	18.101	15.187	8.3499	5.3401	
1629	20.143	17.439	18.091	15.19	8.342	5.3735	
1630	20.137	17.43	18.081	15.179	8.3391	5.3371	
1631	20.131	17.422	18.072	15.173	8.3154	5.3855	
1632	20.125	17.413	18.062	15.186	8.35	5.3166	
1633	20.119	17.405	18.052	15.203	8.3497	5.3381	
1634	20.113	17.396	18.042	15.171	8.297	5.3258	
1635	20.107	17.388	18.033	15.194	8.3312	5.3287	
1636	20.102	17.379	18.023	15.188	8.3212	5.3036	
1637	20.096	17.371	18.013	15.199	8.3059	5.3668	
1638	20.09	17.362	18.004	15.222	8.2801	5.3259	
1639	20.084	17.354	17.994	15.182	8.3194	5.2974	
1640	20.078	17.346	17.984	15.173	8.2818	5.3281	
1641	20.073	17.337	17.975	15.175	8.354	5.2891	
1642	20.067	17.329	17.965	15.205	8.2703	5.335	
1643	20.061	17.32	17.956	15.19	8.3112	5.2849	
1644	20.055	17.312	17.946	15.187	8.2906	5.3078	
1645	20.05	17.304	17.936	15.188	8.2927	5.329	
1646	20.044	17.295	17.927	15.208	8.31	5.2496	
1647	20.038	17.287	17.917	15.15	8.3281	5.3322	
1648	20.032	17.279	17.908	15.196	8.214	5.2562	
1649	20.027	17.27	17.898	15.203	8.3041	5.32	
1650	20.021	17.262	17.888	15.183	8.3097	5.3172	
1651	20.015	17.254	17.879	15.183	8.2823	5.2789	
1652	20.01	17.245	17.869	15.167	8.2903	5.2806	
1653	20.004	17.237	17.86	15.222	8.273	5.3132	
1654	19.998	17.229	17.85	15.187	8.2721	5.3	
1655	19.993	17.221	17.841	15.181	8.3124	5.2674	
1656	19.987	17.212	17.831	15.178	8.2858	5.2886	
1657	19.981	17.204	17.822	15.182	8.2736	5.2715	
1658	19.976	17.196	17.812	15.168	8.2909	5.2684	
1659	19.97	17.188	17.803	15.198	8.2389	5.2994	
1660	19.964	17.179	17.793	15.134	8.2013	5.3163	
1661	19.959	17.171	17.784	15.18	8.22	5.277	
1662	19.953	17.163	17.775	15.141	8.2754	5.2561	
1663	19.948	17.155	17.765	15.16	8.3068	5.3083	
1664	19.942	17.147	17.756	15.139	8.2076	5.1903	
1665	19.936	17.139	17.746	15.134	8.2768	5.2901	
1666	19.931	17.13	17.737	15.203	8.2376	5.2267	
1667	19.925	17.122	17.728	15.116	8.178	5.2636	
1668	19.92	17.114	17.718	15.094	8.2587	5.2816	
1669	19.914	17.106	17.709	15.177	8.2221	5.1642	
1670	19.909	17.098	17.699	15.177	8.3188	5.28	
1671	19.903	17.09	17.69	15.144	8.2985	5.1962	
1672	19.898	17.082	17.681	15.205	8.2434	5.1552	
1673	19.892	17.074	17.671	15.194	8.2671	5.2595	
1674	19.887	17.065	17.662	15.196	8.273	5.2443	
1675	19.881	17.057	17.653	15.123	8.1082	5.2754	
1676	19.876	17.049	17.644	15.177	8.2951	5.2414	
1677	19.87	17.041	17.634	15.141	8.2686	5.3115	
1678	19.865	17.033	17.625	15.131	8.1656	5.2901	
1679	19.859	17.025	17.616	15.153	8.2106	5.2576	
1680	19.854	17.017	17.607	15.136	8.2649	5.3272	
1681	19.848	17.009	17.597	15.15	8.3289	5.2473	
1682	19.843	17.001	17.588	15.105	8.2398	5.2015	
1683	19.837	16.993	17.579	15.132	8.2922	5.1972	
1684	19.832	16.985	17.57	15.112	8.2552	5.3479	
1685	19.827	16.977	17.56	15.14	8.0623	5.0309	
1686	19.821	16.969	17.551	15.254	8.287	5.2897	
1687	19.816	16.961	17.542	15.066	8.3556	5.4453	
1688	19.81	16.953	17.533	15.075	8.27	5.2045	
1689	19.805	16.945	17.524	15.151	8.2085	5.0922	
1690	19.8	16.938	17.515	15.044	8.425	5.2279	
1691	19.794	16.93	17.505	15.226	8.1621	5.1941	
1692	19.789	16.922	17.496	15.228	8.4692	5.2754	
1693	19.783	16.914	17.487	14.99	8.3545	5.5722	
1694	19.778	16.906	17.478	14.9	8.082	5.2263	
1695	19.773	16.898	17.469	15.192	8.4939	5.4261	
1696	19.767	16.89	17.46	15.082	8.2301	5.4347	
1697	19.762	16.882	17.451	15.142	8.3357	5.437	
1698	19.757	16.874	17.442	14.719	8.2576	4.9981	
1699	19.752	16.867	17.433	14.916	8.6842	5.3629	
1700	19.746	16.859	17.423	14.932	8.1696	5.1826	
