	65	70	75	65	70	75	
300	33.832	30.783	26.686	37.511	37.209	37.514	
301	33.553	30.38	26.053	37.295	36.907	37.453	
302	33.289	29.996	25.444	37.087	36.772	37.279	
303	33.037	29.628	24.855	37.019	36.553	37.024	
304	32.798	29.277	24.288	36.99	36.489	37.052	
305	32.571	28.944	23.746	36.884	36.423	36.867	
306	32.356	28.626	23.226	36.614	36.185	36.77	
307	32.152	28.324	22.73	36.511	36.277	36.641	
308	31.959	28.038	22.261	36.334	36.128	36.541	
309	31.776	27.767	21.817	36.365	35.959	36.377	
310	31.603	27.51	21.399	36.171	35.873	36.379	
311	31.439	27.269	21.011	36.159	35.715	36.319	
312	31.284	27.042	20.651	36.209	35.719	36.207	
313	31.137	26.829	20.32	35.89	35.526	36.139	
314	30.999	26.63	20.02	35.955	35.547	35.953	
315	30.87	26.446	19.752	35.892	35.364	35.909	
316	30.747	26.276	19.515	35.798	35.418	35.815	
317	30.633	26.119	19.311	35.661	35.298	35.754	
318	30.525	25.976	19.14	35.561	35.153	35.59	
319	30.426	25.847	19.002	35.518	35.053	35.611	
320	30.333	25.731	18.897	35.535	35.035	35.459	
321	30.247	25.629	18.824	35.427	34.977	35.375	
322	30.167	25.539	18.783	35.393	34.901	35.332	
323	30.094	25.463	18.773	35.355	34.78	35.278	
324	30.028	25.399	18.794	35.23	34.786	35.152	
325	29.969	25.348	18.844	35.241	34.578	35.091	
326	29.915	25.31	18.923	35.155	34.568	35.032	
327	29.868	25.283	19.027	35.062	34.546	34.927	
328	29.827	25.269	19.157	35.028	34.498	34.847	
329	29.793	25.267	19.31	34.999	34.432	34.774	
330	29.764	25.276	19.485	35.011	34.459	34.767	
331	29.742	25.297	19.681	34.888	34.365	34.712	
332	29.726	25.328	19.895	34.842	34.23	34.555	
333	29.716	25.371	20.127	34.885	34.182	34.577	
334	29.712	25.424	20.374	34.798	34.161	34.525	
335	29.714	25.488	20.635	34.731	34.097	34.447	
336	29.722	25.561	20.909	34.609	34.041	34.358	
337	29.736	25.645	21.195	34.687	34.006	34.353	
338	29.757	25.739	21.491	34.632	33.962	34.303	
339	29.783	25.842	21.797	34.529	33.832	34.23	
340	29.816	25.954	22.111	34.579	33.724	34.179	
341	29.855	26.076	22.433	34.486	33.766	34.165	
342	29.901	26.206	22.761	34.466	33.725	34.1	
343	29.952	26.345	23.095	34.549	33.733	34.023	
344	30.011	26.492	23.434	34.521	33.702	33.95	
345	30.075	26.648	23.778	34.424	33.661	33.933	
346	30.147	26.812	24.127	34.455	33.622	33.892	
347	30.225	26.984	24.48	34.458	33.593	33.865	
348	30.31	27.165	24.836	34.377	33.616	33.812	
349	30.402	27.355	25.197	34.389	33.625	33.81	
350	30.503	27.553	25.562	34.388	33.625	33.767	
351	30.612	27.761	25.931	34.35	33.524	33.743	
352	30.73	27.979	26.306	34.396	33.574	33.8	
353	30.857	28.208	26.687	34.351	33.52	33.614	
354	30.995	28.448	27.076	34.458	33.583	33.722	
355	31.143	28.7	27.472	34.599	33.444	33.575	
356	31.302	28.964	27.876	34.579	33.535	33.58	
357	31.47	29.239	28.289	34.514	33.694	33.653	
358	31.648	29.525	28.71	34.45	33.599	33.561	
359	31.833	29.819	29.136	34.557	33.626	33.604	
360	32.02	30.117	29.564	34.568	33.602	33.533	
361	32.207	30.415	29.99	34.519	33.534	33.614	
362	32.388	30.708	30.408	34.468	33.471	33.318	
363	32.56	30.99	30.813	34.502	33.373	33.27	
364	32.717	31.257	31.199	34.485	33.406	33.141	
365	32.857	31.504	31.563	34.48	33.239	33.257	
366	32.979	31.729	31.9	34.43	33.18	32.916	
367	33.08	31.931	32.21	34.217	33.026	32.627	
368	33.16	32.11	32.493	34.2	33.006	32.484	
369	33.22	32.264	32.746	34.034	32.568	32.257	
370	33.26	32.394	32.971	33.841	32.395	31.955	
371	33.285	32.506	33.174	33.737	32.227	31.762	
372	33.297	32.602	33.357	33.555	32.089	31.437	
373	33.3	32.686	33.523	33.39	31.779	31.262	
374	33.295	32.759	33.674	33.076	31.523	30.992	
375	33.284	32.825	33.814	32.972	31.289	30.557	
376	33.27	32.884	33.944	32.744	31.026	30.281	
377	33.255	32.939	34.066	32.512	30.758	29.935	
378	33.238	32.991	34.182	32.361	30.452	29.755	
379	33.221	33.041	34.293	32.152	30.302	29.525	
380	33.206	33.091	34.401	31.847	30.094	29.22	
381	33.193	33.142	34.506	31.78	29.805	28.874	
382	33.183	33.193	34.61	31.618	29.702	28.718	
383	33.175	33.246	34.712	31.407	29.37	28.494	
384	33.17	33.3	34.814	31.178	29.194	28.195	
385	33.169	33.356	34.915	31.074	29.021	28.069	
386	33.171	33.414	35.016	30.864	28.789	27.848	
387	33.176	33.475	35.118	30.652	28.633	27.637	
388	33.185	33.537	35.22	30.583	28.41	27.476	
389	33.198	33.603	35.322	30.461	28.307	27.256	
390	33.215	33.67	35.425	30.26	28.108	27.05	
391	33.236	33.741	35.53	30.191	27.915	26.895	
392	33.261	33.815	35.636	29.981	27.735	26.665	
393	33.29	33.892	35.743	29.878	27.587	26.582	
394	33.323	33.972	35.852	29.682	27.397	26.4	
395	33.36	34.055	35.963	29.63	27.355	26.298	
396	33.401	34.142	36.075	29.422	27.142	26.077	
397	33.447	34.231	36.19	29.335	27.036	25.925	
398	33.497	34.324	36.306	29.275	26.882	25.776	
399	33.55	34.419	36.424	29.093	26.69	25.637	
400	33.606	34.518	36.544	29.072	26.6	25.423	
401	33.668	34.62	36.667	28.922	26.451	25.337	
402	33.732	34.725	36.791	28.768	26.379	25.181	
403	33.8	34.832	36.917	28.682	26.196	25.041	
404	33.871	34.942	37.045	28.573	26.143	24.894	
405	33.946	35.055	37.174	28.511	25.929	24.83	
406	34.023	35.171	37.306	28.418	25.831	24.647	
407	34.104	35.289	37.44	28.306	25.691	24.585	
408	34.187	35.409	37.575	28.204	25.67	24.441	
409	34.273	35.532	37.712	28.091	25.533	24.21	
410	34.362	35.657	37.851	28.031	25.423	24.179	
411	34.453	35.784	37.992	27.868	25.362	24.088	
412	34.547	35.914	38.134	27.819	25.199	23.977	
413	34.644	36.045	38.278	27.751	25.068	23.815	
414	34.742	36.179	38.424	27.647	25.046	23.779	
415	34.843	36.315	38.572	27.567	24.906	23.666	
416	34.947	36.452	38.721	27.436	24.81	23.564	
417	35.052	36.592	38.872	27.395	24.667	23.442	
418	35.16	36.734	39.025	27.242	24.576	23.314	
419	35.27	36.877	39.18	27.24	24.539	23.278	
420	35.382	37.023	39.336	27.177	24.391	23.051	
421	35.496	37.171	39.495	26.993	24.277	23.05	
422	35.613	37.321	39.655	27.016	24.164	22.99	
423	35.731	37.472	39.817	26.934	24.088	22.879	
424	35.852	37.626	39.981	26.867	24.049	22.714	
425	35.974	37.782	40.147	26.755	23.89	22.644	
426	36.099	37.94	40.315	26.651	23.86	22.58	
427	36.226	38.1	40.485	26.553	23.755	22.538	
428	36.355	38.262	40.657	26.479	23.663	22.372	
429	36.486	38.426	40.831	26.519	23.569	22.282	
430	36.619	38.592	41.008	26.369	23.426	22.284	
431	36.754	38.76	41.187	26.264	23.503	22.162	
432	36.891	38.931	41.368	26.276	23.311	21.984	
433	37.03	39.104	41.551	26.141	23.339	21.941	
434	37.172	39.279	41.736	26.086	23.175	21.795	
435	37.315	39.456	41.924	26.006	23.033	21.804	
436	37.461	39.635	42.115	25.973	22.899	21.543	
437	37.608	39.817	42.308	25.893	22.922	21.617	
438	37.758	40.001	42.503	25.872	22.893	21.469	
439	37.91	40.187	42.701	25.71	22.818	21.435	
440	38.064	40.376	42.901	25.695	22.639	21.343	
441	38.22	40.567	43.105	25.63	22.648	21.261	
442	38.378	40.761	43.311	25.588	22.648	21.104	
443	38.539	40.957	43.519	25.507	22.442	21.184	
444	38.702	41.156	43.731	25.556	22.424	20.985	
445	38.866	41.357	43.945	25.392	22.277	20.91	
446	39.033	41.56	44.162	25.234	22.293	20.863	
447	39.203	41.767	44.382	25.292	22.112	20.749	
448	39.374	41.975	44.606	25.195	22.141	20.723	
449	39.548	42.187	44.832	25.183	22.026	20.627	
450	39.724	42.401	45.061	25.118	21.916	20.654	
451	39.902	42.618	45.293	25.118	21.857	20.554	
452	40.082	42.838	45.529	25.026	21.784	20.444	
453	40.265	43.06	45.768	24.922	21.755	20.443	
454	40.45	43.285	46.01	24.835	21.684	20.273	
455	40.637	43.513	46.255	24.769	21.671	20.279	
456	40.827	43.744	46.504	24.72	21.58	20.095	
457	41.019	43.978	46.756	24.709	21.546	20.092	
458	41.213	44.215	47.012	24.66	21.441	20.062	
459	41.41	44.454	47.271	24.663	21.481	19.975	
460	41.609	44.697	47.534	24.545	21.331	19.906	
461	41.81	44.942	47.8	24.62	21.233	19.818	
462	42.014	45.191	48.07	24.431	21.183	19.772	
463	42.22	45.443	48.343	24.46	21.21	19.722	
464	42.429	45.698	48.62	24.327	21.031	19.609	
465	42.64	45.956	48.901	24.36	21.017	19.608	
466	42.853	46.217	49.186	24.267	20.954	19.454	
467	43.069	46.481	49.475	24.206	20.854	19.484	
468	43.287	46.748	49.767	24.17	20.799	19.396	
469	43.508	47.019	50.064	24.092	20.77	19.34	
470	43.731	47.293	50.364	24.061	20.699	19.193	
471	43.957	47.57	50.668	24.012	20.652	19.217	
472	44.185	47.851	50.976	23.934	20.679	19.142	
473	44.416	48.135	51.289	23.947	20.517	19.035	
474	44.649	48.422	51.605	23.908	20.509	19.076	
475	44.885	48.713	51.925	23.846	20.472	18.955	
476	45.123	49.006	52.25	23.824	20.439	18.928	
477	45.364	49.304	52.578	23.74	20.279	18.806	
478	45.607	49.605	52.911	23.684	20.28	18.775	
479	45.853	49.909	53.248	23.667	20.197	18.72	
480	46.101	50.216	53.589	23.599	20.142	18.638	
481	46.352	50.528	53.935	23.572	20.093	18.615	
482	46.605	50.842	54.284	23.495	20.1	18.561	
483	46.861	51.16	54.638	23.543	20.037	18.524	
484	47.119	51.482	54.996	23.447	19.952	18.437	
485	47.379	51.807	55.358	23.405	19.904	18.479	
486	47.643	52.135	55.725	23.388	19.787	18.36	
487	47.908	52.467	56.096	23.308	19.783	18.254	
488	48.177	52.803	56.471	23.318	19.714	18.213	
489	48.447	53.142	56.85	23.228	19.691	18.178	
490	48.72	53.485	57.234	23.239	19.606	18.185	
491	48.996	53.831	57.622	23.162	19.598	18.078	
492	49.274	54.18	58.014	23.125	19.513	18.036	
493	49.554	54.533	58.41	23.098	19.505	17.975	
494	49.837	54.89	58.811	23.049	19.475	17.976	
495	50.122	55.25	59.215	23.039	19.452	17.877	
496	50.409	55.613	59.624	22.991	19.38	17.876	
497	50.699	55.98	60.037	22.952	19.303	17.874	
498	50.991	56.351	60.454	22.922	19.281	17.787	
499	51.286	56.725	60.875	22.888	19.204	17.73	
500	51.582	57.102	61.299	22.873	19.164	17.653	
501	51.881	57.482	61.728	22.799	19.155	17.607	
502	52.182	57.866	62.161	22.748	19.072	17.553	
503	52.485	58.253	62.597	22.745	19.08	17.515	
504	52.791	58.643	63.038	22.67	18.989	17.461	
505	53.098	59.037	63.482	22.66	18.966	17.426	
506	53.408	59.434	63.929	22.59	18.9	17.357	
507	53.719	59.833	64.38	22.573	18.858	17.36	
508	54.032	60.236	64.835	22.544	18.831	17.264	
509	54.347	60.642	65.293	22.54	18.784	17.234	
510	54.664	61.051	65.754	22.464	18.744	17.185	
511	54.983	61.463	66.218	22.441	18.672	17.172	
512	55.304	61.877	66.686	22.411	18.653	17.095	
513	55.626	62.295	67.156	22.38	18.604	17.039	
514	55.949	62.715	67.63	22.329	18.581	17.008	
515	56.275	63.138	68.106	22.323	18.521	16.956	
516	56.601	63.563	68.584	22.272	18.488	16.925	
517	56.929	63.99	69.065	22.233	18.453	16.889	
518	57.258	64.42	69.549	22.213	18.429	16.8	
519	57.589	64.853	70.034	22.156	18.383	16.8	
520	57.92	65.287	70.522	22.155	18.329	16.783	
521	58.253	65.723	71.011	22.107	18.281	16.705	
522	58.586	66.162	71.502	22.082	18.236	16.682	
523	58.92	66.602	71.994	22.044	18.197	16.633	
524	59.255	67.043	72.488	22.008	18.175	16.576	
525	59.591	67.487	72.983	21.973	18.11	16.541	
526	59.927	67.932	73.478	21.948	18.101	16.479	
527	60.263	68.378	73.974	21.919	18.041	16.467	
528	60.6	68.825	74.47	21.871	18.015	16.444	
529	60.936	69.273	74.967	21.848	17.935	16.346	
530	61.273	69.722	75.463	21.807	17.963	16.332	
531	61.609	70.171	75.959	21.787	17.894	16.282	
532	61.945	70.621	76.453	21.792	17.872	16.249	
533	62.281	71.071	76.947	21.715	17.836	16.21	
534	62.616	71.521	77.438	21.688	17.765	16.173	
535	62.95	71.971	77.927	21.675	17.736	16.118	
536	63.283	72.42	78.414	21.642	17.728	16.071	
537	63.615	72.868	78.897	21.635	17.67	16.051	
538	63.946	73.316	79.377	21.595	17.649	16.008	
539	64.275	73.762	79.851	21.569	17.626	15.99	
540	64.602	74.206	80.321	21.55	17.587	15.938	
541	64.928	74.649	80.783	21.51	17.537	15.923	
542	65.251	75.089	81.238	21.482	17.509	15.858	
543	65.572	75.526	81.684	21.476	17.461	15.814	
544	65.891	75.96	82.119	21.431	17.422	15.773	
545	66.206	76.39	82.542	21.41	17.437	15.761	
546	66.519	76.816	82.95	21.352	17.352	15.71	
547	66.828	77.237	83.341	21.367	17.317	15.707	
548	67.134	77.653	83.711	21.329	17.285	15.648	
549	67.436	78.063	84.057	21.326	17.238	15.622	
550	67.734	78.465	84.376	21.261	17.228	15.591	
551	68.028	78.861	84.661	21.239	17.193	15.54	
552	68.317	79.247	84.908	21.241	17.157	15.508	
553	68.601	79.624	85.112	21.207	17.129	15.477	
554	68.88	79.99	85.267	21.168	17.077	15.44	
555	69.153	80.343	85.369	21.16	17.056	15.395	
556	69.421	80.684	85.415	21.131	17.016	15.362	
557	69.682	81.009	85.406	21.103	16.947	15.317	
558	69.938	81.318	85.34	21.084	16.962	15.3	
559	70.186	81.609	85.221	21.046	16.928	15.278	
560	70.427	81.88	85.055	21.019	16.886	15.228	
561	70.662	82.128	84.846	21.007	16.84	15.186	
562	70.888	82.353	84.6	21	16.812	15.184	
563	71.106	82.551	84.322	20.961	16.801	15.133	
564	71.317	82.722	84.019	20.944	16.75	15.126	
565	71.518	82.862	83.693	20.9	16.721	15.064	
566	71.711	82.972	83.35	20.879	16.684	15.074	
567	71.894	83.049	82.992	20.845	16.66	15.01	
568	72.069	83.093	82.622	20.818	16.626	14.969	
569	72.233	83.104	82.243	20.805	16.591	14.939	
570	72.387	83.082	81.857	20.791	16.566	14.891	
571	72.531	83.027	81.464	20.756	16.54	14.877	
572	72.665	82.942	81.067	20.734	16.528	14.866	
573	72.788	82.826	80.666	20.719	16.489	14.815	
574	72.9	82.683	80.263	20.685	16.473	14.755	
575	73.001	82.513	79.859	20.662	16.434	14.74	
576	73.091	82.321	79.453	20.631	16.404	14.719	
577	73.17	82.106	79.047	20.644	16.385	14.694	
578	73.238	81.873	78.642	20.618	16.331	14.681	
579	73.294	81.622	78.237	20.576	16.316	14.62	
580	73.338	81.356	77.832	20.577	16.277	14.621	
581	73.372	81.076	77.43	20.535	16.251	14.584	
582	73.394	80.784	77.028	20.524	16.22	14.522	
583	73.404	80.482	76.629	20.504	16.18	14.507	
584	73.404	80.171	76.231	20.492	16.17	14.517	
585	73.392	79.853	75.836	20.442	16.155	14.449	
586	73.369	79.527	75.443	20.431	16.123	14.417	
587	73.336	79.196	75.053	20.436	16.098	14.362	
588	73.292	78.86	74.665	20.408	16.07	14.357	
589	73.238	78.52	74.28	20.364	16.041	14.332	
590	73.174	78.177	73.898	20.345	16.005	14.287	
591	73.099	77.831	73.519	20.333	15.99	14.25	
592	73.016	77.483	73.143	20.31	15.918	14.221	
593	72.923	77.134	72.77	20.296	15.969	14.198	
594	72.821	76.783	72.4	20.283	15.892	14.209	
595	72.71	76.431	72.034	20.24	15.88	14.155	
596	72.592	76.079	71.67	20.22	15.879	14.124	
597	72.465	75.727	71.31	20.21	15.839	14.089	
598	72.33	75.375	70.953	20.202	15.8	14.07	
599	72.189	75.023	70.6	20.184	15.748	14.033	
600	72.04	74.672	70.25	20.146	15.774	14.024	
601	71.885	74.322	69.903	20.111	15.734	13.982	
602	71.723	73.973	69.56	20.089	15.676	13.946	
603	71.555	73.626	69.22	20.073	15.681	13.918	
604	71.382	73.279	68.883	20.062	15.645	13.915	
605	71.204	72.934	68.55	20.041	15.608	13.859	
606	71.02	72.591	68.22	20.03	15.616	13.815	
607	70.832	72.25	67.894	19.998	15.592	13.779	
608	70.639	71.91	67.571	20.014	15.535	13.804	
609	70.442	71.573	67.251	19.982	15.547	13.748	
610	70.241	71.237	66.935	19.959	15.505	13.733	
611	70.037	70.904	66.622	19.939	15.468	13.708	
612	69.829	70.573	66.312	19.937	15.48	13.705	
613	69.619	70.244	66.005	19.905	15.44	13.625	
614	69.405	69.917	65.702	19.873	15.416	13.633	
615	69.189	69.592	65.402	19.872	15.373	13.599	
616	68.97	69.271	65.106	19.848	15.366	13.567	
617	68.749	68.951	64.812	19.833	15.339	13.548	
618	68.527	68.634	64.522	19.81	15.324	13.544	
619	68.302	68.319	64.235	19.793	15.289	13.484	
620	68.076	68.007	63.951	19.769	15.26	13.464	
621	67.848	67.697	63.67	19.744	15.245	13.463	
622	67.619	67.39	63.392	19.758	15.223	13.435	
623	67.389	67.086	63.117	19.727	15.19	13.375	
624	67.158	66.784	62.846	19.705	15.17	13.372	
625	66.927	66.484	62.577	19.678	15.168	13.392	
626	66.694	66.187	62.311	19.681	15.12	13.311	
627	66.461	65.893	62.048	19.667	15.098	13.304	
628	66.228	65.601	61.789	19.638	15.06	13.283	
629	65.995	65.312	61.532	19.635	15.075	13.294	
630	65.761	65.025	61.277	19.57	15.013	13.233	
631	65.527	64.741	61.026	19.565	15.066	13.236	
632	65.293	64.46	60.778	19.575	15.011	13.141	
633	65.059	64.181	60.532	19.564	14.965	13.12	
634	64.826	63.905	60.289	19.51	14.954	13.069	
635	64.593	63.631	60.048	19.493	14.942	13.106	
636	64.36	63.36	59.811	19.49	14.951	13.106	
637	64.127	63.091	59.576	19.498	14.872	13.056	
638	63.895	62.825	59.343	19.454	14.846	13.046	
639	63.664	62.561	59.114	19.459	14.818	13.027	
640	63.433	62.3	58.886	19.425	14.799	13.018	
641	63.203	62.041	58.661	19.452	14.778	12.939	
642	62.974	61.784	58.439	19.402	14.772	12.986	
643	62.746	61.531	58.219	19.387	14.721	12.945	
644	62.518	61.279	58.002	19.404	14.727	12.899	
645	62.292	61.03	57.787	19.385	14.71	12.869	
646	62.066	60.783	57.574	19.341	14.67	12.857	
647	61.841	60.539	57.364	19.34	14.697	12.832	
648	61.618	60.297	57.156	19.298	14.644	12.833	
649	61.395	60.057	56.95	19.29	14.633	12.793	
650	61.174	59.82	56.747	19.268	14.571	12.757	
651	60.953	59.584	56.545	19.249	14.593	12.771	
652	60.734	59.351	56.346	19.245	14.544	12.718	
653	60.516	59.121	56.149	19.224	14.556	12.69	
654	60.299	58.892	55.954	19.213	14.505	12.636	
655	60.083	58.666	55.762	19.188	14.528	12.643	
656	59.869	58.442	55.571	19.173	14.551	12.655	
657	59.655	58.22	55.382	19.182	14.495	12.58	
658	59.443	58.001	55.196	19.145	14.451	12.585	
659	59.233	57.783	55.011	19.135	14.393	12.576	
660	59.023	57.567	54.828	19.131	14.406	12.557	
661	58.815	57.354	54.648	19.149	14.366	12.521	
662	58.609	57.143	54.469	19.141	14.38	12.487	
663	58.403	56.933	54.292	19.085	14.354	12.478	
664	58.199	56.726	54.117	19.067	14.358	12.46	
665	57.997	56.521	53.944	19.05	14.329	12.422	
666	57.795	56.317	53.772	19.037	14.283	12.4	
667	57.595	56.116	53.603	19.049	14.264	12.403	
668	57.397	55.916	53.435	19.03	14.28	12.379	
669	57.199	55.719	53.269	19.015	14.24	12.357	
670	57.003	55.523	53.105	18.996	14.227	12.341	
671	56.809	55.329	52.942	18.983	14.189	12.272	
672	56.616	55.137	52.781	18.968	14.151	12.307	
673	56.424	54.947	52.621	18.924	14.153	12.286	
674	56.233	54.759	52.464	18.939	14.161	12.278	
675	56.044	54.572	52.308	18.916	14.153	12.296	
676	55.857	54.387	52.153	18.918	14.072	12.203	
677	55.67	54.204	52	18.905	14.111	12.199	
678	55.485	54.023	51.849	18.877	14.073	12.219	
679	55.302	53.843	51.699	18.874	14.028	12.143	
680	55.12	53.666	51.55	18.865	14.013	12.153	
681	54.939	53.489	51.403	18.846	13.999	12.088	
682	54.759	53.315	51.258	18.845	14.005	12.109	
683	54.581	53.142	51.113	18.808	13.954	12.072	
684	54.404	52.97	50.971	18.784	13.945	12.093	
685	54.229	52.8	50.829	18.793	13.961	12.052	
686	54.054	52.632	50.69	18.775	13.924	12.002	
687	53.881	52.466	50.551	18.777	13.89	11.991	
688	53.71	52.3	50.414	18.772	13.868	11.962	
689	53.54	52.137	50.278	18.761	13.903	11.957	
690	53.371	51.975	50.143	18.716	13.875	11.965	
691	53.203	51.814	50.01	18.724	13.843	11.91	
692	53.037	51.655	49.878	18.709	13.782	11.94	
693	52.871	51.497	49.747	18.696	13.781	11.891	
694	52.708	51.341	49.618	18.682	13.775	11.898	
695	52.545	51.186	49.489	18.653	13.738	11.859	
696	52.384	51.032	49.362	18.654	13.704	11.854	
697	52.224	50.88	49.236	18.647	13.742	11.818	
698	52.065	50.729	49.111	18.656	13.697	11.76	
699	51.907	50.58	48.988	18.615	13.678	11.745	
700	51.751	50.432	48.865	18.603	13.714	11.763	
701	51.596	50.285	48.744	18.616	13.601	11.754	
702	51.442	50.14	48.624	18.605	13.677	11.742	
703	51.289	49.996	48.504	18.55	13.664	11.695	
704	51.137	49.853	48.386	18.548	13.616	11.689	
705	50.987	49.711	48.269	18.593	13.586	11.663	
706	50.837	49.571	48.153	18.539	13.595	11.627	
707	50.689	49.431	48.038	18.519	13.587	11.625	
708	50.542	49.293	47.924	18.499	13.513	11.634	
709	50.396	49.156	47.811	18.52	13.555	11.58	
710	50.252	49.021	47.7	18.509	13.487	11.628	
711	50.108	48.886	47.589	18.491	13.491	11.511	
712	49.966	48.753	47.479	18.46	13.43	11.505	
713	49.824	48.621	47.37	18.443	13.501	11.532	
714	49.684	48.49	47.261	18.434	13.419	11.487	
715	49.545	48.36	47.154	18.397	13.433	11.469	
716	49.406	48.231	47.048	18.418	13.356	11.374	
717	49.269	48.103	46.943	18.408	13.398	11.468	
718	49.133	47.977	46.838	18.389	13.347	11.371	
719	48.998	47.851	46.735	18.416	13.365	11.461	
720	48.864	47.726	46.632	18.332	13.336	11.414	
721	48.731	47.603	46.53	18.377	13.311	11.389	
722	48.599	47.48	46.429	18.373	13.341	11.365	
723	48.469	47.359	46.329	18.316	13.339	11.362	
724	48.339	47.238	46.23	18.348	13.267	11.357	
725	48.21	47.119	46.131	18.293	13.366	11.278	
726	48.082	47	46.034	18.343	13.2	11.279	
727	47.955	46.882	45.937	18.3	13.25	11.255	
728	47.829	46.766	45.841	18.318	13.194	11.255	
729	47.704	46.65	45.745	18.272	13.178	11.254	
730	47.58	46.535	45.651	18.26	13.183	11.173	
731	47.456	46.421	45.557	18.22	13.167	11.208	
732	47.334	46.308	45.464	18.247	13.116	11.197	
733	47.213	46.196	45.371	18.236	13.152	11.165	
734	47.092	46.085	45.28	18.263	13.117	11.143	
735	46.973	45.975	45.189	18.212	13.131	11.119	
736	46.854	45.865	45.099	18.211	13.114	11.12	
737	46.736	45.756	45.009	18.221	13.084	11.153	
738	46.62	45.649	44.92	18.175	13.091	11.076	
739	46.504	45.542	44.832	18.168	13.067	11.094	
740	46.388	45.436	44.745	18.198	13.06	11.074	
741	46.274	45.33	44.658	18.146	13.012	11.072	
742	46.161	45.226	44.572	18.159	13.021	11.016	
743	46.048	45.122	44.486	18.16	13.027	10.987	
744	45.936	45.019	44.402	18.128	13	11.023	
745	45.825	44.917	44.317	18.098	13.023	11.013	
746	45.715	44.816	44.234	18.113	12.97	10.981	
747	45.606	44.715	44.151	18.112	13.001	10.944	
748	45.497	44.615	44.069	18.09	12.967	10.93	
749	45.389	44.516	43.987	18.087	12.928	10.902	
750	45.282	44.418	43.906	18.026	12.909	10.938	
751	45.176	44.32	43.825	18.064	12.892	10.873	
752	45.07	44.223	43.745	18.016	12.923	10.846	
753	44.966	44.127	43.666	18.042	12.881	10.845	
754	44.862	44.031	43.587	18.033	12.862	10.87	
755	44.758	43.937	43.509	17.998	12.896	10.794	
756	44.656	43.842	43.431	18.017	12.83	10.84	
757	44.554	43.749	43.354	18.016	12.778	10.837	
758	44.453	43.656	43.277	17.993	12.814	10.794	
759	44.353	43.564	43.201	17.991	12.817	10.766	
760	44.253	43.473	43.126	17.965	12.743	10.723	
761	44.154	43.382	43.051	17.94	12.757	10.727	
762	44.056	43.292	42.976	17.968	12.744	10.685	
763	43.958	43.202	42.902	17.942	12.757	10.67	
764	43.861	43.113	42.829	17.942	12.75	10.703	
765	43.765	43.025	42.756	17.928	12.723	10.649	
766	43.67	42.937	42.683	17.945	12.732	10.659	
767	43.575	42.85	42.611	17.932	12.689	10.658	
768	43.481	42.764	42.539	17.898	12.676	10.604	
769	43.387	42.678	42.468	17.901	12.684	10.63	
770	43.294	42.592	42.398	17.88	12.632	10.573	
771	43.202	42.508	42.328	17.839	12.621	10.567	
772	43.11	42.424	42.258	17.837	12.664	10.567	
773	43.019	42.34	42.189	17.851	12.613	10.567	
774	42.929	42.257	42.12	17.831	12.605	10.51	
775	42.839	42.174	42.052	17.81	12.584	10.517	
776	42.75	42.093	41.984	17.872	12.563	10.49	
777	42.661	42.011	41.916	17.813	12.541	10.499	
778	42.573	41.93	41.849	17.814	12.507	10.516	
779	42.485	41.85	41.783	17.771	12.515	10.473	
780	42.399	41.77	41.716	17.769	12.529	10.484	
781	42.312	41.691	41.651	17.816	12.552	10.405	
782	42.227	41.612	41.585	17.788	12.453	10.414	
783	42.141	41.534	41.52	17.766	12.44	10.413	
784	42.057	41.456	41.456	17.747	12.468	10.369	
785	41.973	41.379	41.392	17.727	12.424	10.347	
786	41.889	41.302	41.328	17.72	12.435	10.349	
787	41.806	41.226	41.264	17.725	12.412	10.345	
788	41.724	41.15	41.201	17.722	12.394	10.324	
789	41.642	41.075	41.139	17.703	12.376	10.317	
790	41.561	41	41.077	17.705	12.403	10.277	
791	41.48	40.926	41.015	17.675	12.368	10.278	
792	41.4	40.852	40.953	17.689	12.361	10.267	
793	41.32	40.778	40.892	17.679	12.381	10.266	
794	41.241	40.706	40.831	17.66	12.327	10.239	
795	41.162	40.633	40.771	17.659	12.309	10.224	
796	41.083	40.561	40.711	17.662	12.313	10.213	
797	41.006	40.489	40.651	17.654	12.325	10.176	
798	40.928	40.418	40.592	17.666	12.323	10.181	
799	40.852	40.347	40.533	17.647	12.261	10.206	
800	40.775	40.277	40.474	17.62	12.266	10.135	
801	40.699	40.207	40.415	17.605	12.279	10.152	
802	40.624	40.138	40.357	17.648	12.257	10.122	
803	40.549	40.068	40.3	17.585	12.228	10.092	
804	40.475	40	40.242	17.575	12.219	10.133	
805	40.401	39.931	40.185	17.566	12.198	10.093	
806	40.327	39.864	40.129	17.583	12.17	10.084	
807	40.254	39.796	40.072	17.566	12.126	10.115	
808	40.181	39.729	40.016	17.569	12.174	10.024	
809	40.109	39.662	39.96	17.516	12.099	10.047	
810	40.037	39.596	39.905	17.556	12.165	10.014	
811	39.966	39.53	39.849	17.537	12.131	9.9973	
812	39.895	39.465	39.794	17.532	12.176	10.005	
813	39.825	39.399	39.74	17.542	12.077	9.9926	
814	39.755	39.335	39.685	17.52	12.11	10.013	
815	39.685	39.27	39.631	17.499	12.091	9.9656	
816	39.616	39.206	39.578	17.51	12.082	9.9131	
817	39.547	39.142	39.524	17.487	12.062	9.9298	
818	39.479	39.079	39.471	17.492	12.059	9.9034	
819	39.41	39.016	39.418	17.483	12.042	9.9129	
820	39.343	38.953	39.365	17.46	12.018	9.8719	
821	39.276	38.891	39.313	17.453	12.005	9.8656	
822	39.209	38.829	39.261	17.45	12.012	9.8616	
823	39.142	38.768	39.209	17.451	12.006	9.8525	
824	39.076	38.706	39.157	17.443	12.007	9.8497	
825	39.011	38.645	39.106	17.437	11.988	9.8449	
826	38.945	38.585	39.055	17.433	11.98	9.8362	
827	38.881	38.524	39.004	17.43	11.974	9.8144	
828	38.816	38.464	38.954	17.419	11.964	9.8087	
829	38.752	38.405	38.903	17.407	11.95	9.7941	
830	38.688	38.345	38.853	17.407	11.946	9.8031	
831	38.625	38.286	38.804	17.4	11.919	9.7859	
832	38.561	38.228	38.754	17.384	11.91	9.7662	
833	38.499	38.169	38.705	17.379	11.905	9.7353	
834	38.436	38.111	38.656	17.367	11.897	9.7158	
835	38.374	38.053	38.607	17.36	11.889	9.7177	
836	38.313	37.996	38.558	17.358	11.888	9.6974	
837	38.251	37.939	38.51	17.35	11.861	9.7024	
838	38.19	37.882	38.462	17.356	11.846	9.6741	
839	38.13	37.825	38.414	17.339	11.835	9.6728	
840	38.069	37.769	38.366	17.323	11.851	9.6213	
841	38.009	37.713	38.319	17.338	11.799	9.6059	
842	37.95	37.657	38.271	17.35	11.812	9.6524	
843	37.89	37.602	38.224	17.333	11.79	9.6237	
844	37.831	37.547	38.177	17.328	11.8	9.6135	
845	37.773	37.492	38.131	17.337	11.83	9.5864	
846	37.714	37.437	38.084	17.25	11.762	9.5728	
847	37.656	37.383	38.038	17.316	11.671	9.6306	
848	37.598	37.329	37.992	17.299	11.801	9.6341	
849	37.541	37.275	37.947	17.296	11.713	9.5251	
850	37.484	37.221	37.901	17.278	11.74	9.5683	
851	37.427	37.168	37.856	17.254	11.712	9.5872	
852	37.371	37.115	37.811	17.249	11.723	9.4661	
853	37.314	37.062	37.766	17.279	11.658	9.4759	
854	37.258	37.01	37.721	17.228	11.704	9.4325	
855	37.203	36.957	37.676	17.23	11.626	9.478	
856	37.147	36.905	37.632	17.202	11.678	9.4881	
857	37.092	36.854	37.588	17.234	11.659	9.4508	
858	37.038	36.802	37.544	17.248	11.682	9.4151	
859	36.983	36.751	37.5	17.26	11.629	9.461	
860	36.929	36.7	37.457	17.206	11.667	9.4684	
861	36.875	36.649	37.413	17.177	11.615	9.3825	
862	36.821	36.598	37.37	17.215	11.595	9.3837	
863	36.768	36.548	37.327	17.205	11.644	9.3907	
864	36.715	36.498	37.284	17.208	11.589	9.387	
865	36.662	36.448	37.241	17.157	11.577	9.3165	
866	36.609	36.399	37.199	17.167	11.563	9.3468	
867	36.557	36.349	37.157	17.147	11.513	9.3459	
868	36.505	36.3	37.114	17.118	11.543	9.3501	
869	36.453	36.251	37.072	17.15	11.508	9.2901	
870	36.402	36.202	37.031	17.159	11.516	9.3057	
871	36.351	36.154	36.989	17.146	11.508	9.2767	
872	36.3	36.106	36.948	17.131	11.512	9.3136	
873	36.249	36.057	36.906	17.157	11.469	9.267	
874	36.198	36.01	36.865	17.129	11.488	9.2504	
875	36.148	35.962	36.824	17.111	11.474	9.2559	
876	36.098	35.915	36.783	17.115	11.465	9.2204	
877	36.048	35.867	36.743	17.112	11.46	9.2537	
878	35.999	35.82	36.702	17.083	11.444	9.2191	
879	35.949	35.774	36.662	17.079	11.432	9.1998	
880	35.9	35.727	36.622	17.071	11.421	9.1926	
881	35.852	35.681	36.582	17.069	11.417	9.1849	
882	35.803	35.634	36.542	17.067	11.412	9.1889	
883	35.755	35.588	36.502	17.063	11.408	9.1794	
884	35.707	35.543	36.463	17.061	11.404	9.1718	
885	35.659	35.497	36.424	17.061	11.396	9.1709	
886	35.611	35.452	36.384	17.056	11.388	9.1566	
887	35.564	35.406	36.345	17.046	11.371	9.1428	
888	35.517	35.361	36.306	17.044	11.364	9.1243	
889	35.47	35.317	36.268	17.031	11.351	9.1119	
890	35.423	35.272	36.229	17.018	11.337	9.0964	
891	35.376	35.227	36.19	17.012	11.328	9.0812	
892	35.33	35.183	36.152	17.01	11.316	9.0788	
893	35.284	35.139	36.114	17.003	11.31	9.0602	
894	35.238	35.095	36.076	16.991	11.308	9.0486	
895	35.193	35.052	36.038	16.999	11.303	9.0533	
896	35.147	35.008	36	16.989	11.29	9.0498	
897	35.102	34.965	35.962	16.989	11.285	9.0476	
898	35.057	34.921	35.925	16.987	11.282	9.0195	
899	35.012	34.878	35.888	16.979	11.268	9.0175	
900	34.967	34.836	35.85	16.966	11.258	8.9949	
901	34.923	34.793	35.813	16.947	11.247	8.9733	
902	34.879	34.751	35.776	16.948	11.229	8.9685	
903	34.835	34.708	35.739	16.945	11.226	8.9618	
904	34.791	34.666	35.703	16.94	11.217	8.9595	
905	34.747	34.624	35.666	16.932	11.215	8.9576	
906	34.704	34.582	35.63	16.934	11.21	8.9517	
907	34.661	34.541	35.593	16.929	11.206	8.9528	
908	34.618	34.499	35.557	16.931	11.194	8.9288	
909	34.575	34.458	35.521	16.916	11.183	8.9209	
910	34.532	34.417	35.485	16.902	11.167	8.91	
911	34.49	34.376	35.449	16.906	11.155	8.9055	
912	34.447	34.335	35.414	16.894	11.128	8.8691	
913	34.405	34.294	35.378	16.881	11.137	8.8493	
914	34.364	34.254	35.343	16.883	11.127	8.8511	
915	34.322	34.213	35.307	16.876	11.114	8.8449	
916	34.28	34.173	35.272	16.869	11.119	8.8435	
917	34.239	34.133	35.237	16.869	11.116	8.8377	
918	34.198	34.093	35.202	16.872	11.111	8.8326	
919	34.157	34.053	35.167	16.868	11.102	8.8198	
920	34.116	34.014	35.133	16.862	11.094	8.8106	
921	34.075	33.974	35.098	16.852	11.081	8.8013	
922	34.035	33.935	35.063	16.848	11.073	8.8045	
923	33.995	33.896	35.029	16.851	11.066	8.7956	
924	33.954	33.857	34.995	16.835	11.037	8.7695	
925	33.914	33.818	34.961	16.832	11.054	8.7564	
926	33.875	33.779	34.926	16.815	11.035	8.7417	
927	33.835	33.741	34.893	16.816	11.041	8.7315	
928	33.796	33.702	34.859	16.814	11.034	8.7362	
929	33.756	33.664	34.825	16.797	10.994	8.7477	
930	33.717	33.626	34.791	16.793	10.972	8.7269	
931	33.678	33.588	34.758	16.805	11.016	8.7154	
932	33.639	33.55	34.724	16.812	10.951	8.6826	
933	33.601	33.512	34.691	16.782	11.008	8.6791	
934	33.562	33.475	34.658	16.775	10.976	8.695	
935	33.524	33.437	34.625	16.773	10.978	8.6554	
936	33.486	33.4	34.592	16.753	10.941	8.6501	
937	33.448	33.363	34.559	16.753	10.935	8.6851	
938	33.41	33.325	34.526	16.783	10.944	8.6069	
939	33.372	33.289	34.493	16.761	10.933	8.6336	
940	33.335	33.252	34.461	16.766	10.894	8.6504	
941	33.298	33.215	34.428	16.76	10.92	8.6114	
942	33.26	33.179	34.396	16.739	10.886	8.5574	
943	33.223	33.142	34.364	16.715	10.91	8.5951	
944	33.186	33.106	34.331	16.717	10.929	8.5787	
945	33.15	33.07	34.299	16.744	10.893	8.5827	
946	33.113	33.034	34.267	16.743	10.888	8.5713	
947	33.076	32.998	34.235	16.722	10.888	8.5569	
948	33.04	32.962	34.204	16.718	10.861	8.5456	
949	33.004	32.926	34.172	16.708	10.84	8.5238	
950	32.968	32.891	34.14	16.702	10.832	8.5213	
951	32.932	32.855	34.109	16.691	10.851	8.5259	
952	32.896	32.82	34.077	16.683	10.844	8.5209	
953	32.861	32.785	34.046	16.694	10.825	8.4986	
954	32.825	32.75	34.015	16.695	10.819	8.5124	
955	32.79	32.715	33.984	16.682	10.807	8.4784	
956	32.755	32.68	33.953	16.663	10.812	8.4848	
957	32.719	32.645	33.922	16.664	10.803	8.5324	
958	32.685	32.61	33.891	16.644	10.785	8.4534	
959	32.65	32.576	33.86	16.666	10.771	8.4791	
960	32.615	32.542	33.829	16.678	10.753	8.4078	
961	32.581	32.507	33.799	16.673	10.778	8.3952	
962	32.546	32.473	33.768	16.661	10.689	8.3687	
963	32.512	32.439	33.738	16.62	10.712	8.4149	
964	32.478	32.405	33.707	16.649	10.748	8.3485	
965	32.444	32.371	33.677	16.617	10.733	8.3817	
966	32.41	32.338	33.647	16.628	10.753	8.359	
967	32.376	32.304	33.617	16.623	10.733	8.3919	
968	32.342	32.271	33.587	16.627	10.745	8.3832	
969	32.309	32.237	33.557	16.611	10.709	8.3707	
970	32.276	32.204	33.527	16.625	10.692	8.3925	
971	32.242	32.171	33.497	16.613	10.68	8.3706	
972	32.209	32.138	33.467	16.61	10.702	8.3492	
973	32.176	32.105	33.438	16.61	10.685	8.3224	
974	32.143	32.072	33.408	16.594	10.661	8.3374	
975	32.111	32.039	33.379	16.588	10.668	8.2816	
976	32.078	32.006	33.349	16.58	10.653	8.2972	
977	32.045	31.974	33.32	16.575	10.641	8.2843	
978	32.013	31.941	33.291	16.572	10.632	8.2858	
979	31.981	31.909	33.262	16.57	10.638	8.2719	
980	31.949	31.877	33.232	16.575	10.628	8.2724	
981	31.917	31.845	33.203	16.572	10.626	8.2804	
982	31.885	31.813	33.175	16.566	10.621	8.2707	
983	31.853	31.781	33.146	16.562	10.623	8.2828	
984	31.821	31.749	33.117	16.548	10.613	8.2676	
985	31.79	31.717	33.088	16.546	10.617	8.2362	
986	31.758	31.685	33.06	16.573	10.595	8.2584	
987	31.727	31.654	33.031	16.537	10.591	8.2149	
988	31.696	31.622	33.003	16.532	10.56	8.1936	
989	31.665	31.591	32.974	16.524	10.566	8.1933	
990	31.634	31.56	32.946	16.52	10.547	8.1876	
991	31.603	31.528	32.918	16.519	10.55	8.1676	
992	31.572	31.497	32.889	16.52	10.545	8.1802	
993	31.541	31.466	32.861	16.509	10.544	8.1739	
994	31.511	31.435	32.833	16.517	10.548	8.1768	
995	31.48	31.405	32.805	16.503	10.54	8.1619	
996	31.45	31.374	32.777	16.496	10.533	8.1554	
997	31.42	31.343	32.75	16.504	10.529	8.1444	
998	31.389	31.313	32.722	16.493	10.516	8.1417	
999	31.359	31.282	32.694	16.483	10.502	8.1776	
1000	31.329	31.252	32.667	16.5	10.478	8.1157	
1001	31.3	31.222	32.639	16.464	10.53	8.0949	
1002	31.27	31.191	32.612	16.485	10.51	8.0982	
1003	31.24	31.161	32.584	16.476	10.477	8.0989	
1004	31.211	31.131	32.557	16.475	10.443	8.0759	
1005	31.181	31.101	32.53	16.439	10.542	8.1117	
1006	31.152	31.072	32.502	16.467	10.428	8.1096	
1007	31.123	31.042	32.475	16.465	10.492	8.0327	
1008	31.094	31.012	32.448	16.449	10.484	8.0563	
1009	31.065	30.983	32.421	16.429	10.432	8.0496	
1010	31.036	30.953	32.394	16.466	10.451	8.0414	
1011	31.007	30.924	32.367	16.433	10.444	8.0428	
1012	30.978	30.894	32.34	16.438	10.431	8.0143	
1013	30.95	30.865	32.314	16.434	10.414	8.0082	
1014	30.921	30.836	32.287	16.435	10.394	8.0042	
1015	30.893	30.807	32.26	16.437	10.4	7.9932	
1016	30.864	30.778	32.234	16.413	10.402	8.087	
1017	30.836	30.749	32.207	16.395	10.365	7.9546	
1018	30.808	30.72	32.181	16.391	10.366	7.9748	
1019	30.78	30.691	32.155	16.377	10.349	7.938	
1020	30.752	30.663	32.128	16.428	10.409	7.9076	
1021	30.724	30.634	32.102	16.344	10.406	7.9482	
1022	30.696	30.605	32.076	16.399	10.335	7.9468	
1023	30.669	30.577	32.05	16.418	10.322	7.9437	
1024	30.641	30.549	32.024	16.374	10.301	7.9785	
1025	30.613	30.52	31.997	16.416	10.31	7.9159	
1026	30.586	30.492	31.972	16.38	10.359	7.8728	
1027	30.559	30.464	31.946	16.414	10.241	7.8987	
1028	30.532	30.436	31.92	16.371	10.339	7.8451	
1029	30.504	30.408	31.894	16.355	10.283	7.8299	
1030	30.477	30.38	31.868	16.359	10.328	7.903	
1031	30.45	30.352	31.843	16.422	10.333	7.9249	
1032	30.423	30.324	31.817	16.316	10.327	7.8632	
1033	30.397	30.297	31.792	16.382	10.287	7.887	
1034	30.37	30.269	31.766	16.356	10.309	7.8533	
1035	30.343	30.241	31.741	16.379	10.251	7.9231	
1036	30.317	30.214	31.715	16.253	10.285	7.8388	
1037	30.29	30.187	31.69	16.397	10.175	7.8035	
1038	30.264	30.159	31.665	16.319	10.24	7.9786	
1039	30.238	30.132	31.639	16.361	10.29	7.9209	
1040	30.211	30.105	31.614	16.298	10.088	7.8087	
1041	30.185	30.078	31.589	16.335	10.216	7.8567	
1042	30.159	30.051	31.564	16.445	10.238	7.6434	
1043	30.133	30.024	31.539	16.412	10.176	7.6925	
1044	30.108	29.997	31.514	16.267	10.268	7.7417	
1045	30.082	29.97	31.489	16.308	10.204	7.7873	
1046	30.056	29.943	31.465	16.204	10.35	7.5825	
1047	30.03	29.917	31.44	16.266	10.039	7.7932	
1048	30.005	29.89	31.415	16.229	10.157	7.8069	
1049	29.979	29.863	31.39	16.299	10.171	7.7236	
1050	29.954	29.837	31.366	16.276	10.083	7.8107	
1051	29.929	29.81	31.341	16.278	10.17	7.7396	
1052	29.903	29.784	31.317	16.273	10.161	7.7044	
1053	29.878	29.758	31.292	16.277	10.167	7.7231	
1054	29.853	29.732	31.268	16.277	10.148	7.7089	
1055	29.828	29.705	31.244	16.277	10.167	7.6972	
1056	29.803	29.679	31.219	16.273	10.135	7.687	
1057	29.778	29.653	31.195	16.269	10.153	7.6997	
1058	29.754	29.627	31.171	16.262	10.142	7.6709	
1059	29.729	29.601	31.147	16.247	10.134	7.6933	
1060	29.704	29.576	31.123	16.254	10.134	7.6648	
1061	29.68	29.55	31.098	16.263	10.116	7.6747	
1062	29.655	29.524	31.074	16.239	10.115	7.6648	
1063	29.631	29.498	31.051	16.235	10.098	7.6667	
1064	29.607	29.473	31.027	16.233	10.093	7.6472	
1065	29.582	29.447	31.003	16.225	10.087	7.629	
1066	29.558	29.422	30.979	16.232	10.086	7.618	
1067	29.534	29.396	30.955	16.223	10.089	7.6219	
1068	29.51	29.371	30.932	16.218	10.078	7.6284	
1069	29.486	29.346	30.908	16.223	10.054	7.6005	
1070	29.462	29.321	30.884	16.22	10.079	7.5985	
1071	29.438	29.296	30.861	16.218	10.063	7.599	
1072	29.415	29.27	30.837	16.202	10.065	7.5925	
1073	29.391	29.245	30.814	16.215	10.029	7.5661	
1074	29.367	29.22	30.79	16.199	10.044	7.5808	
1075	29.344	29.196	30.767	16.193	10.033	7.5517	
1076	29.32	29.171	30.744	16.201	10.022	7.5548	
1077	29.297	29.146	30.72	16.189	10.024	7.5511	
1078	29.274	29.121	30.697	16.185	10.008	7.5417	
1079	29.25	29.097	30.674	16.186	10.022	7.5314	
1080	29.227	29.072	30.651	16.186	10.011	7.5387	
1081	29.204	29.047	30.628	16.179	10.01	7.5348	
1082	29.181	29.023	30.605	16.172	10.007	7.5257	
1083	29.158	28.998	30.582	16.18	9.9947	7.5117	
1084	29.135	28.974	30.559	16.172	9.995	7.5129	
1085	29.112	28.95	30.536	16.166	9.9914	7.5014	
1086	29.089	28.925	30.513	16.171	9.9923	7.5038	
1087	29.067	28.901	30.49	16.156	9.9873	7.4945	
1088	29.044	28.877	30.467	16.166	9.9817	7.4997	
1089	29.021	28.853	30.445	16.159	9.9779	7.4821	
1090	28.999	28.829	30.422	16.158	9.9803	7.4881	
1091	28.976	28.805	30.399	16.153	9.9785	7.4853	
1092	28.954	28.781	30.377	16.144	9.9565	7.4715	
1093	28.932	28.757	30.354	16.148	9.9506	7.4729	
1094	28.909	28.733	30.332	16.141	9.9601	7.4722	
1095	28.887	28.71	30.309	16.15	9.9318	7.4483	
1096	28.865	28.686	30.287	16.144	9.9407	7.4519	
1097	28.843	28.662	30.264	16.13	9.9283	7.4383	
1098	28.821	28.639	30.242	16.124	9.9234	7.4168	
1099	28.799	28.615	30.22	16.123	9.9232	7.4195	
1100	28.777	28.592	30.197	16.113	9.9178	7.4139	
1101	28.755	28.568	30.175	16.124	9.9056	7.3964	
1102	28.733	28.545	30.153	16.116	9.8945	7.3888	
1103	28.712	28.521	30.131	16.109	9.8791	7.3797	
1104	28.69	28.498	30.109	16.105	9.888	7.3786	
1105	28.668	28.475	30.087	16.097	9.8862	7.3711	
1106	28.647	28.452	30.065	16.101	9.8753	7.3644	
1107	28.625	28.429	30.043	16.09	9.8672	7.3615	
1108	28.604	28.406	30.021	16.098	9.873	7.3533	
1109	28.583	28.383	29.999	16.089	9.8628	7.35	
1110	28.561	28.36	29.977	16.087	9.8562	7.3493	
1111	28.54	28.337	29.955	16.086	9.8575	7.3426	
1112	28.519	28.314	29.933	16.085	9.8439	7.3361	
1113	28.498	28.291	29.912	16.085	9.8491	7.3346	
1114	28.477	28.268	29.89	16.08	9.8466	7.3305	
1115	28.456	28.245	29.868	16.077	9.8484	7.3291	
1116	28.435	28.223	29.847	16.078	9.8409	7.3321	
1117	28.414	28.2	29.825	16.079	9.8416	7.3209	
1118	28.393	28.178	29.804	16.072	9.8334	7.3214	
1119	28.372	28.155	29.782	16.06	9.8347	7.3015	
1120	28.351	28.133	29.761	16.068	9.8313	7.2924	
1121	28.331	28.11	29.739	16.067	9.8176	7.2878	
1122	28.31	28.088	29.718	16.06	9.8063	7.2978	
1123	28.289	28.065	29.696	16.048	9.8069	7.2903	
1124	28.269	28.043	29.675	16.063	9.8076	7.2673	
1125	28.249	28.021	29.654	16.054	9.7979	7.2623	
1126	28.228	27.999	29.633	16.058	9.8085	7.2676	
1127	28.208	27.977	29.611	16.033	9.7894	7.2435	
1128	28.187	27.955	29.59	16.033	9.7801	7.246	
1129	28.167	27.933	29.569	16.039	9.78	7.2589	
1130	28.147	27.911	29.548	16.029	9.784	7.2303	
1131	28.127	27.889	29.527	16.028	9.7661	7.2327	
1132	28.107	27.867	29.506	16.029	9.7641	7.2224	
1133	28.087	27.845	29.485	16.022	9.7746	7.22	
1134	28.067	27.823	29.464	16.013	9.7404	7.2208	
1135	28.047	27.801	29.443	16.016	9.7516	7.1929	
1136	28.027	27.779	29.422	16.019	9.733	7.2045	
1137	28.007	27.758	29.401	16.012	9.7186	7.2018	
1138	27.987	27.736	29.381	16.011	9.7314	7.1817	
1139	27.968	27.715	29.36	16.007	9.7294	7.188	
1140	27.948	27.693	29.339	16	9.711	7.1734	
1141	27.929	27.672	29.319	16.013	9.7229	7.1701	
1142	27.909	27.65	29.298	16.009	9.7157	7.1425	
1143	27.889	27.629	29.277	15.991	9.7047	7.1754	
1144	27.87	27.607	29.257	15.991	9.6948	7.1627	
1145	27.851	27.586	29.236	15.994	9.7082	7.1617	
1146	27.831	27.565	29.216	15.991	9.6734	7.1488	
1147	27.812	27.544	29.195	15.987	9.6773	7.1375	
1148	27.793	27.522	29.175	15.993	9.6824	7.1398	
1149	27.773	27.501	29.154	15.982	9.6859	7.1336	
1150	27.754	27.48	29.134	15.971	9.6696	7.1285	
1151	27.735	27.459	29.114	15.973	9.6557	7.1144	
1152	27.716	27.438	29.093	15.974	9.6664	7.1066	
1153	27.697	27.417	29.073	15.967	9.6521	7.0941	
1154	27.678	27.396	29.053	15.961	9.6519	7.0958	
1155	27.659	27.375	29.033	15.966	9.6506	7.0979	
1156	27.64	27.354	29.012	15.955	9.6498	7.0837	
1157	27.622	27.334	28.992	15.955	9.6421	7.0727	
1158	27.603	27.313	28.972	15.956	9.6421	7.0731	
1159	27.584	27.292	28.952	15.96	9.6267	7.0708	
1160	27.565	27.271	28.932	15.957	9.628	7.0722	
1161	27.547	27.251	28.912	15.947	9.6061	7.0769	
1162	27.528	27.23	28.892	15.943	9.6372	7.0503	
1163	27.51	27.21	28.872	15.932	9.6109	7.0423	
1164	27.491	27.189	28.852	15.933	9.5892	7.0355	
1165	27.473	27.169	28.832	15.926	9.6021	7.0251	
1166	27.454	27.148	28.813	15.934	9.5923	7.0232	
1167	27.436	27.128	28.793	15.935	9.6092	7.0307	
1168	27.418	27.107	28.773	15.925	9.5875	7.0159	
1169	27.399	27.087	28.753	15.919	9.579	7.0094	
1170	27.381	27.067	28.733	15.923	9.5874	6.9969	
1171	27.363	27.047	28.714	15.918	9.5745	6.9927	
1172	27.345	27.026	28.694	15.915	9.5753	6.9904	
1173	27.327	27.006	28.675	15.913	9.572	6.9898	
1174	27.309	26.986	28.655	15.912	9.5717	6.9855	
1175	27.291	26.966	28.635	15.911	9.5671	6.9893	
1176	27.273	26.946	28.616	15.909	9.5553	6.9753	
1177	27.255	26.926	28.596	15.913	9.5548	6.9734	
1178	27.237	26.906	28.577	15.902	9.5491	6.9642	
1179	27.219	26.886	28.557	15.902	9.5544	6.9693	
1180	27.201	26.866	28.538	15.901	9.5467	6.9584	
1181	27.184	26.846	28.519	15.901	9.5467	6.9598	
1182	27.166	26.827	28.499	15.894	9.5385	6.9547	
1183	27.148	26.807	28.48	15.897	9.537	6.95	
1184	27.131	26.787	28.461	15.892	9.532	6.9421	
1185	27.113	26.767	28.442	15.883	9.531	6.946	
1186	27.096	26.748	28.422	15.885	9.5219	6.9289	
1187	27.078	26.728	28.403	15.884	9.5224	6.9354	
1188	27.061	26.709	28.384	15.877	9.523	6.9241	
1189	27.043	26.689	28.365	15.882	9.5084	6.9071	
1190	27.026	26.67	28.346	15.876	9.5137	6.9197	
1191	27.009	26.65	28.327	15.87	9.5099	6.9094	
1192	26.991	26.631	28.308	15.871	9.4961	6.8957	
1193	26.974	26.611	28.289	15.868	9.4961	6.8932	
1194	26.957	26.592	28.27	15.862	9.5027	6.9035	
1195	26.94	26.573	28.251	15.874	9.474	6.8908	
1196	26.923	26.553	28.232	15.86	9.4905	6.8699	
1197	26.906	26.534	28.213	15.862	9.4762	6.8911	
1198	26.889	26.515	28.194	15.852	9.4631	6.8864	
1199	26.872	26.496	28.175	15.851	9.477	6.8633	
1200	26.855	26.477	28.156	15.858	9.4625	6.8505	
1201	26.838	26.457	28.138	15.861	9.4796	6.8706	
1202	26.821	26.438	28.119	15.841	9.4636	6.8566	
1203	26.804	26.419	28.1	15.848	9.4582	6.8337	
1204	26.787	26.4	28.081	15.851	9.4464	6.8183	
1205	26.77	26.381	28.063	15.832	9.4472	6.8323	
1206	26.754	26.362	28.044	15.836	9.466	6.8321	
1207	26.737	26.344	28.026	15.846	9.4633	6.8204	
1208	26.72	26.325	28.007	15.832	9.4402	6.8124	
1209	26.704	26.306	27.988	15.836	9.4279	6.8174	
1210	26.687	26.287	27.97	15.829	9.4198	6.7981	
1211	26.671	26.268	27.951	15.824	9.4014	6.7811	
1212	26.654	26.25	27.933	15.822	9.4159	6.7865	
1213	26.638	26.231	27.915	15.831	9.4125	6.7945	
1214	26.621	26.212	27.896	15.818	9.422	6.771	
1215	26.605	26.194	27.878	15.827	9.4065	6.7776	
1216	26.589	26.175	27.859	15.816	9.3902	6.7962	
1217	26.573	26.156	27.841	15.82	9.3945	6.7799	
1218	26.556	26.138	27.823	15.792	9.3676	6.7812	
1219	26.54	26.119	27.804	15.814	9.3787	6.7488	
1220	26.524	26.101	27.786	15.812	9.3724	6.7566	
1221	26.508	26.083	27.768	15.792	9.3678	6.7577	
1222	26.492	26.064	27.75	15.806	9.4041	6.7482	
1223	26.476	26.046	27.732	15.808	9.3612	6.7497	
1224	26.46	26.028	27.714	15.802	9.3661	6.7322	
1225	26.444	26.009	27.695	15.793	9.3623	6.7376	
1226	26.428	25.991	27.677	15.803	9.3763	6.7294	
1227	26.412	25.973	27.659	15.81	9.3589	6.7325	
1228	26.396	25.955	27.641	15.774	9.3448	6.7237	
1229	26.38	25.936	27.623	15.767	9.3236	6.7278	
1230	26.364	25.918	27.605	15.774	9.3573	6.7086	
1231	26.348	25.9	27.587	15.796	9.3605	6.676	
1232	26.333	25.882	27.569	15.789	9.3331	6.7336	
1233	26.317	25.864	27.551	15.803	9.3612	6.6865	
1234	26.301	25.846	27.534	15.779	9.3636	6.7088	
1235	26.286	25.828	27.516	15.762	9.3504	6.6856	
1236	26.27	25.81	27.498	15.776	9.3508	6.7156	
1237	26.254	25.792	27.48	15.771	9.3581	6.6932	
1238	26.239	25.774	27.462	15.803	9.3178	6.7029	
1239	26.223	25.757	27.445	15.735	9.3726	6.7182	
1240	26.208	25.739	27.427	15.732	9.2717	6.6779	
1241	26.193	25.721	27.409	15.745	9.341	6.6356	
1242	26.177	25.703	27.391	15.735	9.3044	6.6996	
1243	26.162	25.686	27.374	15.764	9.3127	6.761	
1244	26.146	25.668	27.356	15.782	9.3076	6.6586	
1245	26.131	25.65	27.339	15.721	9.362	6.5928	
1246	26.116	25.633	27.321	15.748	9.298	6.6041	
1247	26.101	25.615	27.304	15.731	9.2333	6.6094	
1248	26.085	25.597	27.286	15.743	9.2731	6.5843	
1249	26.07	25.58	27.268	15.775	9.2931	6.6536	
1250	26.055	25.562	27.251	15.753	9.3398	6.5861	
1251	26.04	25.545	27.234	15.739	9.2561	6.6486	
1252	26.025	25.527	27.216	15.709	9.2021	6.5795	
1253	26.01	25.51	27.199	15.708	9.3079	6.5872	
1254	25.995	25.493	27.181	15.716	9.2289	6.5936	
1255	25.98	25.475	27.164	15.74	9.2415	6.623	
1256	25.965	25.458	27.147	15.719	9.2629	6.5966	
1257	25.95	25.441	27.129	15.717	9.2216	6.5567	
1258	25.935	25.423	27.112	15.725	9.2458	6.548	
1259	25.921	25.406	27.095	15.694	9.2312	6.5771	
1260	25.906	25.389	27.078	15.709	9.2387	6.553	
1261	25.891	25.372	27.06	15.706	9.2178	6.5473	
1262	25.876	25.355	27.043	15.689	9.2162	6.5425	
1263	25.862	25.338	27.026	15.706	9.2186	6.5313	
1264	25.847	25.32	27.009	15.682	9.2026	6.5444	
1265	25.832	25.303	26.992	15.708	9.2245	6.5324	
1266	25.818	25.286	26.975	15.696	9.2306	6.5176	
1267	25.803	25.269	26.958	15.709	9.2023	6.5414	
1268	25.789	25.252	26.941	15.714	9.2095	6.5453	
1269	25.774	25.235	26.924	15.701	9.2186	6.5538	
1270	25.76	25.219	26.907	15.696	9.198	6.5367	
1271	25.745	25.202	26.89	15.683	9.2039	6.5136	
1272	25.731	25.185	26.873	15.688	9.2189	6.5472	
1273	25.716	25.168	26.856	15.705	9.2243	6.5247	
1274	25.702	25.151	26.839	15.701	9.2005	6.5306	
1275	25.688	25.134	26.822	15.686	9.1823	6.4939	
1276	25.673	25.118	26.805	15.699	9.2087	6.5205	
1277	25.659	25.101	26.788	15.663	9.1993	6.5191	
1278	25.645	25.084	26.772	15.665	9.1892	6.5112	
1279	25.631	25.067	26.755	15.681	9.1589	6.4593	
1280	25.616	25.051	26.738	15.675	9.156	6.4798	
1281	25.602	25.034	26.721	15.682	9.1567	6.4748	
1282	25.588	25.018	26.705	15.676	9.169	6.4949	
1283	25.574	25.001	26.688	15.656	9.1537	6.4527	
1284	25.56	24.985	26.671	15.632	9.1916	6.4591	
1285	25.546	24.968	26.655	15.644	9.1608	6.4782	
1286	25.532	24.952	26.638	15.669	9.1557	6.4463	
1287	25.518	24.935	26.621	15.652	9.1412	6.4697	
1288	25.504	24.919	26.605	15.663	9.1606	6.4591	
1289	25.49	24.902	26.588	15.652	9.1422	6.4344	
1290	25.476	24.886	26.572	15.657	9.1551	6.4376	
1291	25.462	24.87	26.555	15.64	9.1345	6.4164	
1292	25.449	24.853	26.539	15.656	9.1345	6.4736	
1293	25.435	24.837	26.522	15.647	9.1239	6.4379	
1294	25.421	24.821	26.506	15.668	9.1578	6.4281	
1295	25.407	24.805	26.489	15.646	9.1369	6.3954	
1296	25.394	24.788	26.473	15.653	9.1292	6.3926	
1297	25.38	24.772	26.457	15.651	9.0942	6.4387	
1298	25.366	24.756	26.44	15.631	9.1357	6.4042	
1299	25.353	24.74	26.424	15.641	9.0837	6.373	
1300	25.339	24.724	26.408	15.624	9.1037	6.3995	
1301	25.325	24.708	26.391	15.641	9.126	6.3705	
1302	25.312	24.692	26.375	15.611	9.0799	6.4187	
1303	25.298	24.676	26.359	15.637	9.1245	6.3851	
1304	25.285	24.66	26.342	15.648	9.1135	6.3952	
1305	25.271	24.644	26.326	15.652	9.0861	6.3467	
1306	25.258	24.628	26.31	15.629	9.1235	6.3831	
1307	25.245	24.612	26.294	15.62	9.108	6.3954	
1308	25.231	24.596	26.278	15.613	9.0891	6.388	
1309	25.218	24.58	26.262	15.62	9.0991	6.3783	
1310	25.205	24.564	26.246	15.612	9.0767	6.3653	
1311	25.191	24.548	26.229	15.62	9.0461	6.3913	
1312	25.178	24.532	26.213	15.608	9.0606	6.3221	
1313	25.165	24.517	26.197	15.613	9.0866	6.3847	
1314	25.152	24.501	26.181	15.607	9.0596	6.3495	
1315	25.138	24.485	26.165	15.602	9.0327	6.3262	
1316	25.125	24.47	26.149	15.629	8.9941	6.3194	
1317	25.112	24.454	26.133	15.605	9.0557	6.3822	
1318	25.099	24.438	26.117	15.589	9.0545	6.3601	
1319	25.086	24.423	26.102	15.631	9.0479	6.354	
1320	25.073	24.407	26.086	15.574	9.0367	6.3584	
1321	25.06	24.391	26.07	15.612	9.0226	6.3347	
1322	25.047	24.376	26.054	15.601	8.9983	6.2378	
1323	25.034	24.36	26.038	15.554	9.0135	6.278	
1324	25.021	24.345	26.022	15.608	9.0519	6.2872	
1325	25.008	24.329	26.007	15.621	8.9865	6.3038	
1326	24.995	24.314	25.991	15.629	8.988	6.2721	
1327	24.982	24.298	25.975	15.6	9.0561	6.2622	
1328	24.969	24.283	25.959	15.561	8.9618	6.3632	
1329	24.956	24.268	25.944	15.563	8.9748	6.2771	
1330	24.944	24.252	25.928	15.621	9.0407	6.2531	
1331	24.931	24.237	25.912	15.566	9.0607	6.3246	
1332	24.918	24.222	25.897	15.561	8.9719	6.418	
1333	24.905	24.206	25.881	15.578	9.0236	6.2824	
1334	24.893	24.191	25.865	15.6	8.9906	6.2743	
1335	24.88	24.176	25.85	15.55	9.0051	6.153	
1336	24.867	24.161	25.834	15.537	9.0374	6.3185	
1337	24.855	24.145	25.819	15.618	8.9803	6.1591	
1338	24.842	24.13	25.803	15.535	9.048	6.2468	
1339	24.83	24.115	25.788	15.561	9.032	6.2708	
1340	24.817	24.1	25.772	15.593	9.0077	6.1586	
1341	24.805	24.085	25.757	15.666	8.8259	6.2786	
1342	24.792	24.07	25.741	15.575	8.9248	6.4947	
1343	24.78	24.055	25.726	15.64	9.0003	6.4568	
1344	24.767	24.04	25.71	15.52	9.0383	6.2736	
1345	24.755	24.025	25.695	15.567	9.1261	6.2256	
1346	24.742	24.01	25.679	15.405	8.8527	6.0078	
1347	24.73	23.995	25.664	15.559	9.1196	5.8337	
1348	24.718	23.98	25.649	15.504	9.1334	6.1728	
1349	24.705	23.965	25.633	15.419	9.278	6.2167	
1350	24.693	23.95	25.618	15.265	9.0644	6.2217	
1351	24.681	23.935	25.603	15.503	8.9301	5.9253	
1352	24.668	23.92	25.588	15.455	8.8241	6.3825	
1353	24.656	23.905	25.572	15.547	8.3823	6.2501	
1354	24.644	23.891	25.557	15.469	9.3073	6.3855	
1355	24.632	23.876	25.542	15.712	8.773	5.6078	
1356	24.62	23.861	25.527	15.648	9.1567	6.0752	
1357	24.607	23.846	25.512	15.444	9.0441	6.2724	
1358	24.595	23.832	25.496	16.248	9.371	6.3795	
1359	24.583	23.817	25.481	16.262	8.6908	6.918	
1426	23.823	22.88	24.508	15.655	9.2987	6.337	
1427	23.812	22.867	24.494	15.544	8.6458	6.0444	
1428	23.802	22.853	24.48	15.394	8.841	5.6434	
1429	23.791	22.84	24.466	15.638	8.6618	5.8162	
1430	23.78	22.827	24.453	15.645	8.8034	5.8313	
1431	23.77	22.813	24.439	15.324	8.9254	6.1083	
1432	23.759	22.8	24.425	15.558	8.5618	5.8907	
1433	23.749	22.787	24.411	15.35	8.5981	5.8503	
1434	23.738	22.774	24.397	15.504	8.9164	6.1849	
1435	23.728	22.761	24.383	15.523	8.856	5.7635	
1436	23.717	22.748	24.369	15.531	8.646	5.9371	
1437	23.707	22.734	24.356	15.437	8.9074	5.8618	
1438	23.696	22.721	24.342	15.329	8.6594	5.9473	
1439	23.686	22.708	24.328	15.448	8.7878	5.9026	
1440	23.676	22.695	24.314	15.332	8.7869	5.8234	
1441	23.665	22.682	24.301	15.418	8.6815	6.0523	
1442	23.655	22.669	24.287	15.471	8.6178	5.804	
1443	23.644	22.656	24.273	15.352	8.745	5.9607	
1444	23.634	22.643	24.26	15.461	8.7728	5.754	
1445	23.624	22.63	24.246	15.33	8.7337	5.8418	
1446	23.613	22.617	24.232	15.463	8.6349	5.8148	
1447	23.603	22.604	24.219	15.435	8.7027	5.7187	
1448	23.593	22.591	24.205	15.418	8.6759	5.8657	
1449	23.583	22.578	24.191	15.369	8.7286	5.8616	
1450	23.573	22.565	24.178	15.389	8.7223	5.7667	
1451	23.562	22.552	24.164	15.439	8.6835	5.8613	
1452	23.552	22.54	24.151	15.461	8.7416	5.9121	
1453	23.542	22.527	24.137	15.432	8.7434	5.9344	
1454	23.532	22.514	24.124	15.347	8.6775	5.7013	
1455	23.522	22.501	24.11	15.416	8.7501	5.778	
1456	23.512	22.488	24.097	15.442	8.7139	5.8162	
1457	23.501	22.476	24.083	15.384	8.5911	5.8161	
1458	23.491	22.463	24.07	15.382	8.7003	5.8269	
1459	23.481	22.45	24.056	15.364	8.5653	5.7475	
1460	23.471	22.437	24.043	15.406	8.6329	5.8577	
1461	23.461	22.425	24.029	15.425	8.6263	5.8131	
1462	23.451	22.412	24.016	15.392	8.6402	5.8205	
1463	23.441	22.399	24.003	15.378	8.6426	5.7707	
1464	23.431	22.387	23.989	15.356	8.6674	5.7556	
1465	23.421	22.374	23.976	15.367	8.7009	5.7782	
1466	23.411	22.361	23.963	15.362	8.5979	5.8152	
1467	23.401	22.349	23.949	15.382	8.6242	5.8072	
1468	23.392	22.336	23.936	15.351	8.6378	5.7845	
1469	23.382	22.324	23.923	15.375	8.6157	5.7777	
1470	23.372	22.311	23.909	15.368	8.6027	5.7829	
1471	23.362	22.299	23.896	15.371	8.6274	5.7814	
1472	23.352	22.286	23.883	15.372	8.6286	5.7604	
1473	23.342	22.274	23.87	15.361	8.64	5.7729	
1474	23.332	22.261	23.856	15.364	8.6233	5.7729	
1475	23.323	22.249	23.843	15.367	8.6216	5.7631	
1476	23.313	22.236	23.83	15.361	8.6167	5.7547	
1477	23.303	22.224	23.817	15.367	8.6407	5.7684	
1478	23.293	22.211	23.804	15.372	8.6251	5.7501	
1479	23.284	22.199	23.791	15.364	8.6199	5.7574	
1480	23.274	22.186	23.777	15.365	8.6238	5.7479	
1481	23.264	22.174	23.764	15.366	8.6113	5.7261	
1482	23.255	22.162	23.751	15.361	8.6283	5.7517	
1483	23.245	22.149	23.738	15.362	8.62	5.7472	
1484	23.235	22.137	23.725	15.378	8.6195	5.7384	
1485	23.226	22.125	23.712	15.355	8.6304	5.737	
1486	23.216	22.113	23.699	15.356	8.5946	5.6973	
1487	23.206	22.1	23.686	15.348	8.6228	5.7008	
1488	23.197	22.088	23.673	15.36	8.6145	5.7232	
1489	23.187	22.076	23.66	15.361	8.6151	5.7038	
1490	23.178	22.064	23.647	15.362	8.5895	5.747	
1491	23.168	22.051	23.634	15.345	8.6053	5.698	
1492	23.159	22.039	23.621	15.351	8.5961	5.7165	
1493	23.149	22.027	23.608	15.341	8.5614	5.7088	
1494	23.14	22.015	23.595	15.341	8.5719	5.697	
1495	23.13	22.003	23.582	15.332	8.5697	5.6877	
1496	23.121	21.991	23.569	15.36	8.6007	5.7053	
1497	23.112	21.978	23.556	15.331	8.5842	5.694	
1498	23.102	21.966	23.544	15.364	8.5808	5.6957	
1499	23.093	21.954	23.531	15.346	8.5729	5.7135	
1500	23.083	21.942	23.518	15.338	8.5688	5.6944	
1501	23.074	21.93	23.505	15.324	8.5615	5.6481	
1502	23.065	21.918	23.492	15.341	8.5663	5.6767	
1503	23.055	21.906	23.479	15.337	8.5858	5.6658	
1504	23.046	21.894	23.467	15.331	8.5525	5.6375	
1505	23.037	21.882	23.454	15.336	8.5556	5.6753	
1506	23.027	21.87	23.441	15.327	8.5511	5.6423	
1507	23.018	21.858	23.428	15.311	8.5398	5.6658	
1508	23.009	21.846	23.416	15.308	8.5416	5.6703	
1509	23	21.834	23.403	15.345	8.5427	5.6533	
1510	22.99	21.822	23.39	15.333	8.5601	5.6374	
1511	22.981	21.811	23.377	15.339	8.555	5.6471	
1512	22.972	21.799	23.365	15.33	8.5822	5.6517	
1513	22.963	21.787	23.352	15.364	8.5032	5.6648	
1514	22.954	21.775	23.339	15.322	8.5396	5.6835	
1515	22.945	21.763	23.327	15.295	8.5603	5.6483	
1516	22.935	21.751	23.314	15.318	8.5056	5.6522	
1517	22.926	21.74	23.302	15.315	8.5658	5.6102	
1518	22.917	21.728	23.289	15.295	8.5482	5.6359	
1519	22.908	21.716	23.276	15.297	8.5464	5.6432	
1520	22.899	21.704	23.264	15.291	8.534	5.6375	
1521	22.89	21.693	23.251	15.314	8.4871	5.5673	
1522	22.881	21.681	23.239	15.294	8.5187	5.5965	
1523	22.872	21.669	23.226	15.298	8.5355	5.6022	
1524	22.863	21.657	23.214	15.33	8.5488	5.6586	
1525	22.854	21.646	23.201	15.314	8.5414	5.6269	
1526	22.845	21.634	23.189	15.292	8.5151	5.6013	
1527	22.836	21.622	23.176	15.3	8.528	5.6024	
1528	22.827	21.611	23.164	15.288	8.5465	5.6141	
1529	22.818	21.599	23.151	15.293	8.4942	5.5902	
1530	22.809	21.588	23.139	15.303	8.5058	5.6026	
1531	22.8	21.576	23.127	15.28	8.4914	5.604	
1532	22.791	21.564	23.114	15.308	8.4916	5.603	
1533	22.783	21.553	23.102	15.284	8.4702	5.5967	
1534	22.774	21.541	23.089	15.305	8.4793	5.6376	
1535	22.765	21.53	23.077	15.298	8.4926	5.5712	
1536	22.756	21.518	23.065	15.276	8.4891	5.5791	
1537	22.747	21.507	23.052	15.283	8.4941	5.5846	
1538	22.738	21.495	23.04	15.277	8.5252	5.5789	
1539	22.73	21.484	23.028	15.294	8.4816	5.577	
1540	22.721	21.472	23.015	15.287	8.4628	5.578	
1541	22.712	21.461	23.003	15.275	8.4525	5.5494	
1542	22.703	21.45	22.991	15.281	8.4651	5.5754	
1543	22.695	21.438	22.979	15.279	8.4722	5.544	
1544	22.686	21.427	22.966	15.282	8.4897	5.5788	
1545	22.677	21.415	22.954	15.263	8.493	5.5536	
1546	22.668	21.404	22.942	15.278	8.4662	5.5539	
1547	22.66	21.393	22.93	15.274	8.4734	5.5453	
1548	22.651	21.381	22.917	15.277	8.4642	5.5399	
1549	22.642	21.37	22.905	15.277	8.4838	5.5347	
1550	22.634	21.359	22.893	15.282	8.4621	5.5433	
1551	22.625	21.347	22.881	15.26	8.4848	5.5405	
1552	22.617	21.336	22.869	15.272	8.4641	5.5476	
1553	22.608	21.325	22.857	15.253	8.4528	5.5522	
1554	22.599	21.314	22.844	15.262	8.4672	5.5335	
1555	22.591	21.302	22.832	15.281	8.442	5.52	
1556	22.582	21.291	22.82	15.259	8.4567	5.5561	
1557	22.574	21.28	22.808	15.253	8.4481	5.5181	
1558	22.565	21.269	22.796	15.256	8.4504	5.5207	
1559	22.557	21.258	22.784	15.276	8.4324	5.4932	
1560	22.548	21.246	22.772	15.271	8.4614	5.517	
1561	22.54	21.235	22.76	15.28	8.463	5.5073	
1562	22.531	21.224	22.748	15.286	8.4263	5.5184	
1563	22.523	21.213	22.736	15.246	8.4494	5.5213	
1564	22.515	21.202	22.724	15.253	8.4738	5.4959	
1565	22.506	21.191	22.712	15.26	8.475	5.4892	
1566	22.498	21.18	22.7	15.25	8.4211	5.471	
1567	22.489	21.169	22.688	15.272	8.4036	5.5013	
1568	22.481	21.158	22.676	15.254	8.4459	5.5132	
1569	22.472	21.147	22.664	15.273	8.4673	5.5183	
1570	22.464	21.136	22.652	15.258	8.4541	5.5109	
1571	22.456	21.125	22.64	15.251	8.43	5.5032	
1572	22.447	21.114	22.628	15.247	8.4216	5.516	
1573	22.439	21.103	22.617	15.253	8.4038	5.4898	
1574	22.431	21.092	22.605	15.271	8.4254	5.4739	
1575	22.423	21.081	22.593	15.231	8.4078	5.4942	
1576	22.414	21.07	22.581	15.249	8.3978	5.4296	
1577	22.406	21.059	22.569	15.217	8.3749	5.4756	
1578	22.398	21.048	22.557	15.237	8.4288	5.4607	
1579	22.39	21.037	22.546	15.228	8.4205	5.4795	
1580	22.381	21.026	22.534	15.239	8.3869	5.4487	
1581	22.373	21.015	22.522	15.234	8.4189	5.4105	
1582	22.365	21.004	22.51	15.257	8.4008	5.48	
1583	22.357	20.993	22.499	15.226	8.4345	5.4544	
1584	22.349	20.983	22.487	15.259	8.3606	5.4227	
1585	22.34	20.972	22.475	15.244	8.4289	5.4566	
1586	22.332	20.961	22.463	15.233	8.3734	5.502	
1587	22.324	20.95	22.452	15.238	8.4237	5.4611	
1588	22.316	20.939	22.44	15.245	8.3774	5.3926	
1589	22.308	20.929	22.428	15.215	8.3875	5.4566	
1590	22.3	20.918	22.417	15.228	8.3519	5.4219	
1591	22.292	20.907	22.405	15.219	8.3652	5.442	
1592	22.284	20.896	22.393	15.22	8.4063	5.4059	
1593	22.276	20.886	22.382	15.242	8.3902	5.4055	
1594	22.268	20.875	22.37	15.227	8.3533	5.4718	
1595	22.26	20.864	22.358	15.251	8.3693	5.388	
1596	22.252	20.854	22.347	15.218	8.396	5.4089	
1597	22.244	20.843	22.335	15.224	8.3787	5.4234	
1598	22.236	20.832	22.324	15.233	8.3674	5.3693	
1599	22.228	20.822	22.312	15.229	8.3583	5.4027	
1600	22.22	20.811	22.3	15.215	8.372	5.3582	
1601	22.212	20.8	22.289	15.245	8.3609	5.4297	
1602	22.204	20.79	22.277	15.238	8.3485	5.3855	
1603	22.196	20.779	22.266	15.243	8.3307	5.3756	
1604	22.188	20.769	22.254	15.231	8.3665	5.3766	
1605	22.18	20.758	22.243	15.219	8.355	5.4195	
1606	22.172	20.748	22.231	15.218	8.3515	5.381	
1607	22.164	20.737	22.22	15.236	8.3546	5.3807	
1608	22.156	20.727	22.208	15.198	8.3743	5.3834	
1609	22.148	20.716	22.197	15.209	8.3542	5.3865	
1610	22.141	20.706	22.186	15.217	8.3669	5.3679	
1611	22.133	20.695	22.174	15.223	8.3448	5.3933	
1612	22.125	20.685	22.163	15.243	8.3307	5.3638	
1613	22.117	20.674	22.151	15.178	8.3644	5.3728	
1614	22.109	20.664	22.14	15.202	8.361	5.4227	
1615	22.102	20.653	22.129	15.227	8.3397	5.3958	
1616	22.094	20.643	22.117	15.22	8.3127	5.3666	
1617	22.086	20.632	22.106	15.246	8.3553	5.3936	
1618	22.078	20.622	22.095	15.226	8.3236	5.3726	
1619	22.071	20.612	22.083	15.199	8.3466	5.3731	
1620	22.063	20.601	22.072	15.181	8.3603	5.3781	
1621	22.055	20.591	22.061	15.208	8.3253	5.3494	
1622	22.047	20.581	22.049	15.178	8.3112	5.3902	
1623	22.04	20.57	22.038	15.171	8.3181	5.3343	
1624	22.032	20.56	22.027	15.213	8.3478	5.3601	
1625	22.024	20.55	22.015	15.221	8.3268	5.3138	
1626	22.017	20.539	22.004	15.189	8.3195	5.3457	
1627	22.009	20.529	21.993	15.194	8.2845	5.3273	
1628	22.001	20.519	21.982	15.187	8.3499	5.3401	
1629	21.994	20.508	21.971	15.19	8.342	5.3735	
1630	21.986	20.498	21.959	15.179	8.3391	5.3371	
1631	21.979	20.488	21.948	15.173	8.3154	5.3855	
1632	21.971	20.478	21.937	15.186	8.35	5.3166	
1633	21.963	20.468	21.926	15.203	8.3497	5.3381	
1634	21.956	20.457	21.915	15.171	8.297	5.3258	
1635	21.948	20.447	21.903	15.194	8.3312	5.3287	
1636	21.941	20.437	21.892	15.188	8.3212	5.3036	
1637	21.933	20.427	21.881	15.199	8.3059	5.3668	
1638	21.926	20.417	21.87	15.222	8.2801	5.3259	
1639	21.918	20.407	21.859	15.182	8.3194	5.2974	
1640	21.911	20.396	21.848	15.173	8.2818	5.3281	
1641	21.903	20.386	21.837	15.175	8.354	5.2891	
1642	21.896	20.376	21.826	15.205	8.2703	5.335	
1643	21.888	20.366	21.815	15.19	8.3112	5.2849	
1644	21.881	20.356	21.804	15.187	8.2906	5.3078	
1645	21.874	20.346	21.793	15.188	8.2927	5.329	
1646	21.866	20.336	21.782	15.208	8.31	5.2496	
1647	21.859	20.326	21.771	15.15	8.3281	5.3322	
1648	21.851	20.316	21.76	15.196	8.214	5.2562	
1649	21.844	20.306	21.749	15.203	8.3041	5.32	
1650	21.837	20.296	21.738	15.183	8.3097	5.3172	
1651	21.829	20.286	21.727	15.183	8.2823	5.2789	
1652	21.822	20.276	21.716	15.167	8.2903	5.2806	
1653	21.814	20.266	21.705	15.222	8.273	5.3132	
1654	21.807	20.256	21.694	15.187	8.2721	5.3	
1655	21.8	20.246	21.683	15.181	8.3124	5.2674	
1656	21.793	20.236	21.672	15.178	8.2858	5.2886	
1657	21.785	20.226	21.661	15.182	8.2736	5.2715	
1658	21.778	20.216	21.65	15.168	8.2909	5.2684	
1659	21.771	20.206	21.639	15.198	8.2389	5.2994	
1660	21.763	20.196	21.628	15.134	8.2013	5.3163	
1661	21.756	20.187	21.617	15.18	8.22	5.277	
1662	21.749	20.177	21.607	15.141	8.2754	5.2561	
1663	21.742	20.167	21.596	15.16	8.3068	5.3083	
1664	21.735	20.157	21.585	15.139	8.2076	5.1903	
1665	21.727	20.147	21.574	15.134	8.2768	5.2901	
1666	21.72	20.137	21.563	15.203	8.2376	5.2267	
1667	21.713	20.128	21.552	15.116	8.178	5.2636	
1668	21.706	20.118	21.542	15.094	8.2587	5.2816	
1669	21.699	20.108	21.531	15.177	8.2221	5.1642	
1670	21.691	20.098	21.52	15.177	8.3188	5.28	
1671	21.684	20.088	21.509	15.144	8.2985	5.1962	
1672	21.677	20.079	21.499	15.205	8.2434	5.1552	
1673	21.67	20.069	21.488	15.194	8.2671	5.2595	
1674	21.663	20.059	21.477	15.196	8.273	5.2443	
1675	21.656	20.05	21.466	15.123	8.1082	5.2754	
1676	21.649	20.04	21.456	15.177	8.2951	5.2414	
1677	21.642	20.03	21.445	15.141	8.2686	5.3115	
1678	21.635	20.02	21.434	15.131	8.1656	5.2901	
1679	21.627	20.011	21.424	15.153	8.2106	5.2576	
1680	21.62	20.001	21.413	15.136	8.2649	5.3272	
1681	21.613	19.991	21.402	15.15	8.3289	5.2473	
1682	21.606	19.982	21.392	15.105	8.2398	5.2015	
1683	21.599	19.972	21.381	15.132	8.2922	5.1972	
1684	21.592	19.963	21.371	15.112	8.2552	5.3479	
1685	21.585	19.953	21.36	15.14	8.0623	5.0309	
1686	21.578	19.943	21.349	15.254	8.287	5.2897	
1687	21.571	19.934	21.339	15.066	8.3556	5.4453	
1688	21.564	19.924	21.328	15.075	8.27	5.2045	
1689	21.557	19.915	21.318	15.151	8.2085	5.0922	
1690	21.551	19.905	21.307	15.044	8.425	5.2279	
1691	21.544	19.896	21.296	15.226	8.1621	5.1941	
1692	21.537	19.886	21.286	15.228	8.4692	5.2754	
1693	21.53	19.877	21.275	14.99	8.3545	5.5722	
1694	21.523	19.867	21.265	14.9	8.082	5.2263	
1695	21.516	19.858	21.254	15.192	8.4939	5.4261	
1696	21.509	19.848	21.244	15.082	8.2301	5.4347	
1697	21.502	19.839	21.233	15.142	8.3357	5.437	
1698	21.495	19.829	21.223	14.719	8.2576	4.9981	
1699	21.488	19.82	21.212	14.916	8.6842	5.3629	
1700	21.482	19.81	21.202	14.932	8.1696	5.1826	
