	65	70	75	65	70	75	
300	32.577	28.588	22.653	37.511	37.209	37.514	
301	32.345	28.308	22.388	37.295	36.907	37.453	
302	32.133	28.06	22.183	37.087	36.772	37.279	
303	31.937	27.839	22.032	37.019	36.553	37.024	
304	31.758	27.645	21.933	36.99	36.489	37.052	
305	31.595	27.479	21.883	36.884	36.423	36.867	
306	31.447	27.337	21.879	36.614	36.185	36.77	
307	31.314	27.219	21.916	36.511	36.277	36.641	
308	31.195	27.124	21.992	36.334	36.128	36.541	
309	31.088	27.051	22.102	36.365	35.959	36.377	
310	30.993	26.997	22.243	36.171	35.873	36.379	
311	30.911	26.963	22.413	36.159	35.715	36.319	
312	30.84	26.947	22.608	36.209	35.719	36.207	
313	30.779	26.948	22.824	35.89	35.526	36.139	
314	30.728	26.965	23.06	35.955	35.547	35.953	
315	30.687	26.997	23.312	35.892	35.364	35.909	
316	30.655	27.043	23.579	35.798	35.418	35.815	
317	30.631	27.102	23.857	35.661	35.298	35.754	
318	30.616	27.173	24.145	35.561	35.153	35.59	
319	30.609	27.255	24.442	35.518	35.053	35.611	
320	30.609	27.348	24.745	35.535	35.035	35.459	
321	30.616	27.45	25.053	35.427	34.977	35.375	
322	30.63	27.561	25.364	35.393	34.901	35.332	
323	30.651	27.681	25.679	35.355	34.78	35.278	
324	30.679	27.808	25.995	35.23	34.786	35.152	
325	30.712	27.942	26.311	35.241	34.578	35.091	
326	30.751	28.083	26.628	35.155	34.568	35.032	
327	30.795	28.229	26.944	35.062	34.546	34.927	
328	30.845	28.381	27.259	35.028	34.498	34.847	
329	30.9	28.539	27.572	34.999	34.432	34.774	
330	30.961	28.701	27.883	35.011	34.459	34.767	
331	31.026	28.867	28.192	34.888	34.365	34.712	
332	31.096	29.037	28.499	34.842	34.23	34.555	
333	31.171	29.211	28.802	34.885	34.182	34.577	
334	31.25	29.388	29.103	34.798	34.161	34.525	
335	31.334	29.568	29.401	34.731	34.097	34.447	
336	31.423	29.752	29.696	34.609	34.041	34.358	
337	31.515	29.938	29.988	34.687	34.006	34.353	
338	31.612	30.127	30.278	34.632	33.962	34.303	
339	31.714	30.319	30.565	34.529	33.832	34.23	
340	31.819	30.514	30.849	34.579	33.724	34.179	
341	31.929	30.711	31.13	34.486	33.766	34.165	
342	32.043	30.91	31.41	34.466	33.725	34.1	
343	32.162	31.112	31.686	34.549	33.733	34.023	
344	32.284	31.316	31.961	34.521	33.702	33.95	
345	32.411	31.522	32.234	34.424	33.661	33.933	
346	32.542	31.731	32.506	34.455	33.622	33.892	
347	32.678	31.943	32.775	34.458	33.593	33.865	
348	32.819	32.158	33.044	34.377	33.616	33.812	
349	32.964	32.375	33.313	34.389	33.625	33.81	
350	33.115	32.596	33.581	34.388	33.625	33.767	
351	33.271	32.821	33.849	34.35	33.524	33.743	
352	33.434	33.051	34.119	34.396	33.574	33.8	
353	33.603	33.286	34.39	34.351	33.52	33.614	
354	33.78	33.526	34.664	34.458	33.583	33.722	
355	33.965	33.773	34.942	34.599	33.444	33.575	
356	34.157	34.026	35.224	34.579	33.535	33.58	
357	34.357	34.287	35.51	34.514	33.694	33.653	
358	34.564	34.553	35.799	34.45	33.599	33.561	
359	34.775	34.823	36.092	34.557	33.626	33.604	
360	34.99	35.096	36.386	34.568	33.602	33.533	
361	35.203	35.368	36.678	34.519	33.534	33.614	
362	35.413	35.636	36.966	34.468	33.471	33.318	
363	35.615	35.896	37.247	34.502	33.373	33.27	
364	35.806	36.145	37.518	34.485	33.406	33.141	
365	35.984	36.381	37.777	34.48	33.239	33.257	
366	36.148	36.602	38.022	34.43	33.18	32.916	
367	36.296	36.807	38.253	34.217	33.026	32.627	
368	36.429	36.997	38.471	34.2	33.006	32.484	
369	36.545	37.171	38.674	34.034	32.568	32.257	
370	36.647	37.33	38.864	33.841	32.395	31.955	
371	36.738	37.478	39.043	33.737	32.227	31.762	
372	36.82	37.616	39.214	33.555	32.089	31.437	
373	36.894	37.746	39.378	33.39	31.779	31.262	
374	36.963	37.871	39.536	33.076	31.523	30.992	
375	37.029	37.991	39.691	32.972	31.289	30.557	
376	37.092	38.109	39.844	32.744	31.026	30.281	
377	37.154	38.225	39.995	32.512	30.758	29.935	
378	37.216	38.34	40.145	32.361	30.452	29.755	
379	37.278	38.456	40.295	32.152	30.302	29.525	
380	37.343	38.572	40.447	31.847	30.094	29.22	
381	37.409	38.691	40.601	31.78	29.805	28.874	
382	37.478	38.812	40.756	31.618	29.702	28.718	
383	37.549	38.935	40.914	31.407	29.37	28.494	
384	37.624	39.061	41.075	31.178	29.194	28.195	
385	37.701	39.189	41.238	31.074	29.021	28.069	
386	37.781	39.321	41.405	30.864	28.789	27.848	
387	37.865	39.455	41.574	30.652	28.633	27.637	
388	37.952	39.593	41.747	30.583	28.41	27.476	
389	38.043	39.734	41.924	30.461	28.307	27.256	
390	38.137	39.879	42.104	30.26	28.108	27.05	
391	38.235	40.027	42.288	30.191	27.915	26.895	
392	38.337	40.179	42.475	29.981	27.735	26.665	
393	38.442	40.334	42.667	29.878	27.587	26.582	
394	38.551	40.493	42.863	29.682	27.397	26.4	
395	38.663	40.656	43.063	29.63	27.355	26.298	
396	38.78	40.823	43.267	29.422	27.142	26.077	
397	38.9	40.993	43.475	29.335	27.036	25.925	
398	39.024	41.168	43.688	29.275	26.882	25.776	
399	39.151	41.346	43.906	29.093	26.69	25.637	
400	39.282	41.529	44.128	29.072	26.6	25.423	
401	39.417	41.715	44.355	28.922	26.451	25.337	
402	39.555	41.905	44.586	28.768	26.379	25.181	
403	39.697	42.099	44.823	28.682	26.196	25.041	
404	39.841	42.297	45.064	28.573	26.143	24.894	
405	39.99	42.499	45.311	28.511	25.929	24.83	
406	40.141	42.705	45.562	28.418	25.831	24.647	
407	40.296	42.914	45.819	28.306	25.691	24.585	
408	40.453	43.127	46.081	28.204	25.67	24.441	
409	40.614	43.345	46.348	28.091	25.533	24.21	
410	40.778	43.566	46.62	28.031	25.423	24.179	
411	40.944	43.791	46.898	27.868	25.362	24.088	
412	41.114	44.019	47.181	27.819	25.199	23.977	
413	41.286	44.251	47.47	27.751	25.068	23.815	
414	41.461	44.488	47.764	27.647	25.046	23.779	
415	41.638	44.727	48.064	27.567	24.906	23.666	
416	41.819	44.971	48.37	27.436	24.81	23.564	
417	42.002	45.218	48.681	27.395	24.667	23.442	
418	42.187	45.469	48.997	27.242	24.576	23.314	
419	42.375	45.723	49.32	27.24	24.539	23.278	
420	42.566	45.982	49.648	27.177	24.391	23.051	
421	42.759	46.243	49.983	26.993	24.277	23.05	
422	42.954	46.509	50.323	27.016	24.164	22.99	
423	43.152	46.778	50.669	26.934	24.088	22.879	
424	43.353	47.051	51.021	26.867	24.049	22.714	
425	43.555	47.327	51.379	26.755	23.89	22.644	
426	43.76	47.607	51.743	26.651	23.86	22.58	
427	43.967	47.89	52.113	26.553	23.755	22.538	
428	44.177	48.177	52.489	26.479	23.663	22.372	
429	44.388	48.467	52.871	26.519	23.569	22.282	
430	44.602	48.76	53.259	26.369	23.426	22.284	
431	44.818	49.057	53.653	26.264	23.503	22.162	
432	45.036	49.358	54.053	26.276	23.311	21.984	
433	45.256	49.661	54.459	26.141	23.339	21.941	
434	45.478	49.968	54.871	26.086	23.175	21.795	
435	45.701	50.278	55.289	26.006	23.033	21.804	
436	45.927	50.592	55.713	25.973	22.899	21.543	
437	46.155	50.908	56.143	25.893	22.922	21.617	
438	46.384	51.227	56.579	25.872	22.893	21.469	
439	46.615	51.549	57.021	25.71	22.818	21.435	
440	46.847	51.874	57.468	25.695	22.639	21.343	
441	47.082	52.202	57.921	25.63	22.648	21.261	
442	47.317	52.532	58.379	25.588	22.648	21.104	
443	47.555	52.865	58.843	25.507	22.442	21.184	
444	47.793	53.2	59.312	25.556	22.424	20.985	
445	48.033	53.538	59.787	25.392	22.277	20.91	
446	48.274	53.878	60.267	25.234	22.293	20.863	
447	48.517	54.22	60.751	25.292	22.112	20.749	
448	48.76	54.564	61.24	25.195	22.141	20.723	
449	49.004	54.91	61.734	25.183	22.026	20.627	
450	49.25	55.257	62.232	25.118	21.916	20.654	
451	49.496	55.606	62.735	25.118	21.857	20.554	
452	49.743	55.957	63.241	25.026	21.784	20.444	
453	49.991	56.308	63.751	24.922	21.755	20.443	
454	50.239	56.661	64.265	24.835	21.684	20.273	
455	50.487	57.014	64.782	24.769	21.671	20.279	
456	50.736	57.369	65.302	24.72	21.58	20.095	
457	50.986	57.723	65.824	24.709	21.546	20.092	
458	51.235	58.078	66.349	24.66	21.441	20.062	
459	51.484	58.432	66.876	24.663	21.481	19.975	
460	51.734	58.787	67.404	24.545	21.331	19.906	
461	51.983	59.141	67.934	24.62	21.233	19.818	
462	52.231	59.494	68.464	24.431	21.183	19.772	
463	52.48	59.847	68.995	24.46	21.21	19.722	
464	52.728	60.198	69.525	24.327	21.031	19.609	
465	52.975	60.548	70.054	24.36	21.017	19.608	
466	53.221	60.896	70.583	24.267	20.954	19.454	
467	53.466	61.241	71.109	24.206	20.854	19.484	
468	53.71	61.585	71.632	24.17	20.799	19.396	
469	53.953	61.925	72.152	24.092	20.77	19.34	
470	54.195	62.263	72.669	24.061	20.699	19.193	
471	54.435	62.597	73.18	24.012	20.652	19.217	
472	54.673	62.928	73.686	23.934	20.679	19.142	
473	54.909	63.255	74.184	23.947	20.517	19.035	
474	55.144	63.577	74.675	23.908	20.509	19.076	
475	55.376	63.895	75.158	23.846	20.472	18.955	
476	55.606	64.207	75.629	23.824	20.439	18.928	
477	55.834	64.514	76.09	23.74	20.279	18.806	
478	56.059	64.815	76.537	23.684	20.28	18.775	
479	56.282	65.11	76.97	23.667	20.197	18.72	
480	56.501	65.398	77.387	23.599	20.142	18.638	
481	56.718	65.679	77.786	23.572	20.093	18.615	
482	56.931	65.953	78.165	23.495	20.1	18.561	
483	57.141	66.219	78.522	23.543	20.037	18.524	
484	57.347	66.477	78.855	23.447	19.952	18.437	
485	57.55	66.727	79.163	23.405	19.904	18.479	
486	57.749	66.968	79.442	23.388	19.787	18.36	
487	57.944	67.199	79.69	23.308	19.783	18.254	
488	58.135	67.421	79.907	23.318	19.714	18.213	
489	58.322	67.632	80.089	23.228	19.691	18.178	
490	58.504	67.834	80.236	23.239	19.606	18.185	
491	58.682	68.025	80.346	23.162	19.598	18.078	
492	58.855	68.205	80.419	23.125	19.513	18.036	
493	59.023	68.374	80.453	23.098	19.505	17.975	
494	59.187	68.531	80.45	23.049	19.475	17.976	
495	59.345	68.677	80.409	23.039	19.452	17.877	
496	59.499	68.811	80.333	22.991	19.38	17.876	
497	59.646	68.933	80.222	22.952	19.303	17.874	
498	59.789	69.043	80.079	22.922	19.281	17.787	
499	59.926	69.14	79.905	22.888	19.204	17.73	
500	60.057	69.225	79.703	22.873	19.164	17.653	
501	60.183	69.298	79.474	22.799	19.155	17.607	
502	60.303	69.358	79.223	22.748	19.072	17.553	
503	60.417	69.405	78.95	22.745	19.08	17.515	
504	60.525	69.441	78.658	22.67	18.989	17.461	
505	60.627	69.464	78.349	22.66	18.966	17.426	
506	60.724	69.475	78.026	22.59	18.9	17.357	
507	60.814	69.473	77.69	22.573	18.858	17.36	
508	60.898	69.46	77.343	22.544	18.831	17.264	
509	60.976	69.435	76.986	22.54	18.784	17.234	
510	61.047	69.399	76.621	22.464	18.744	17.185	
511	61.113	69.352	76.249	22.441	18.672	17.172	
512	61.172	69.293	75.872	22.411	18.653	17.095	
513	61.225	69.224	75.489	22.38	18.604	17.039	
514	61.272	69.145	75.103	22.329	18.581	17.008	
515	61.312	69.056	74.714	22.323	18.521	16.956	
516	61.347	68.957	74.323	22.272	18.488	16.925	
517	61.375	68.849	73.931	22.233	18.453	16.889	
518	61.398	68.731	73.537	22.213	18.429	16.8	
519	61.414	68.606	73.144	22.156	18.383	16.8	
520	61.424	68.472	72.75	22.155	18.329	16.783	
521	61.429	68.33	72.358	22.107	18.281	16.705	
522	61.427	68.181	71.966	22.082	18.236	16.682	
523	61.42	68.025	71.575	22.044	18.197	16.633	
524	61.407	67.863	71.186	22.008	18.175	16.576	
525	61.389	67.694	70.8	21.973	18.11	16.541	
526	61.365	67.519	70.415	21.948	18.101	16.479	
527	61.335	67.338	70.033	21.919	18.041	16.467	
528	61.301	67.153	69.653	21.871	18.015	16.444	
529	61.261	66.962	69.276	21.848	17.935	16.346	
530	61.216	66.767	68.902	21.807	17.963	16.332	
531	61.166	66.567	68.531	21.787	17.894	16.282	
532	61.111	66.364	68.164	21.792	17.872	16.249	
533	61.051	66.157	67.799	21.715	17.836	16.21	
534	60.987	65.947	67.438	21.688	17.765	16.173	
535	60.918	65.734	67.081	21.675	17.736	16.118	
536	60.845	65.518	66.726	21.642	17.728	16.071	
537	60.768	65.299	66.376	21.635	17.67	16.051	
538	60.687	65.078	66.029	21.595	17.649	16.008	
539	60.602	64.856	65.686	21.569	17.626	15.99	
540	60.512	64.631	65.346	21.55	17.587	15.938	
541	60.419	64.405	65.01	21.51	17.537	15.923	
542	60.323	64.177	64.678	21.482	17.509	15.858	
543	60.223	63.948	64.349	21.476	17.461	15.814	
544	60.12	63.718	64.025	21.431	17.422	15.773	
545	60.013	63.487	63.704	21.41	17.437	15.761	
546	59.904	63.256	63.386	21.352	17.352	15.71	
547	59.791	63.024	63.073	21.367	17.317	15.707	
548	59.676	62.792	62.763	21.329	17.285	15.648	
549	59.558	62.56	62.456	21.326	17.238	15.622	
550	59.438	62.327	62.154	21.261	17.228	15.591	
551	59.315	62.095	61.855	21.239	17.193	15.54	
552	59.189	61.862	61.559	21.241	17.157	15.508	
553	59.062	61.63	61.268	21.207	17.129	15.477	
554	58.932	61.398	60.979	21.168	17.077	15.44	
555	58.801	61.167	60.695	21.16	17.056	15.395	
556	58.667	60.936	60.413	21.131	17.016	15.362	
557	58.532	60.706	60.136	21.103	16.947	15.317	
558	58.395	60.477	59.861	21.084	16.962	15.3	
559	58.256	60.249	59.591	21.046	16.928	15.278	
560	58.116	60.021	59.323	21.019	16.886	15.228	
561	57.975	59.794	59.059	21.007	16.84	15.186	
562	57.832	59.568	58.798	21	16.812	15.184	
563	57.689	59.344	58.54	20.961	16.801	15.133	
564	57.544	59.12	58.286	20.944	16.75	15.126	
565	57.398	58.898	58.034	20.9	16.721	15.064	
566	57.251	58.676	57.786	20.879	16.684	15.074	
567	57.103	58.456	57.541	20.845	16.66	15.01	
568	56.954	58.238	57.299	20.818	16.626	14.969	
569	56.805	58.02	57.06	20.805	16.591	14.939	
570	56.655	57.804	56.824	20.791	16.566	14.891	
571	56.505	57.59	56.591	20.756	16.54	14.877	
572	56.354	57.376	56.361	20.734	16.528	14.866	
573	56.202	57.164	56.133	20.719	16.489	14.815	
574	56.051	56.954	55.909	20.685	16.473	14.755	
575	55.898	56.745	55.687	20.662	16.434	14.74	
576	55.746	56.537	55.468	20.631	16.404	14.719	
577	55.594	56.331	55.252	20.644	16.385	14.694	
578	55.441	56.127	55.038	20.618	16.331	14.681	
579	55.288	55.924	54.827	20.576	16.316	14.62	
580	55.135	55.722	54.618	20.577	16.277	14.621	
581	54.982	55.522	54.412	20.535	16.251	14.584	
582	54.829	55.324	54.209	20.524	16.22	14.522	
583	54.677	55.127	54.008	20.504	16.18	14.507	
584	54.524	54.932	53.809	20.492	16.17	14.517	
585	54.372	54.738	53.613	20.442	16.155	14.449	
586	54.219	54.546	53.419	20.431	16.123	14.417	
587	54.067	54.355	53.227	20.436	16.098	14.362	
588	53.916	54.166	53.038	20.408	16.07	14.357	
589	53.764	53.978	52.851	20.364	16.041	14.332	
590	53.613	53.792	52.666	20.345	16.005	14.287	
591	53.462	53.608	52.484	20.333	15.99	14.25	
592	53.312	53.425	52.303	20.31	15.918	14.221	
593	53.162	53.243	52.125	20.296	15.969	14.198	
594	53.013	53.063	51.949	20.283	15.892	14.209	
595	52.864	52.885	51.774	20.24	15.88	14.155	
596	52.715	52.708	51.602	20.22	15.879	14.124	
597	52.567	52.532	51.432	20.21	15.839	14.089	
598	52.42	52.358	51.263	20.202	15.8	14.07	
599	52.273	52.186	51.097	20.184	15.748	14.033	
600	52.126	52.015	50.932	20.146	15.774	14.024	
601	51.98	51.846	50.77	20.111	15.734	13.982	
602	51.835	51.678	50.609	20.089	15.676	13.946	
603	51.691	51.511	50.45	20.073	15.681	13.918	
604	51.547	51.346	50.293	20.062	15.645	13.915	
605	51.404	51.182	50.137	20.041	15.608	13.859	
606	51.261	51.02	49.983	20.03	15.616	13.815	
607	51.119	50.859	49.831	19.998	15.592	13.779	
608	50.978	50.699	49.681	20.014	15.535	13.804	
609	50.837	50.541	49.532	19.982	15.547	13.748	
610	50.697	50.385	49.385	19.959	15.505	13.733	
611	50.558	50.229	49.239	19.939	15.468	13.708	
612	50.42	50.075	49.095	19.937	15.48	13.705	
613	50.282	49.922	48.953	19.905	15.44	13.625	
614	50.145	49.771	48.812	19.873	15.416	13.633	
615	50.009	49.621	48.672	19.872	15.373	13.599	
616	49.873	49.472	48.534	19.848	15.366	13.567	
617	49.738	49.325	48.398	19.833	15.339	13.548	
618	49.604	49.178	48.262	19.81	15.324	13.544	
619	49.471	49.033	48.129	19.793	15.289	13.484	
620	49.339	48.89	47.996	19.769	15.26	13.464	
621	49.207	48.747	47.865	19.744	15.245	13.463	
622	49.076	48.606	47.736	19.758	15.223	13.435	
623	48.946	48.466	47.607	19.727	15.19	13.375	
624	48.816	48.327	47.48	19.705	15.17	13.372	
625	48.688	48.189	47.354	19.678	15.168	13.392	
626	48.56	48.053	47.23	19.681	15.12	13.311	
627	48.432	47.917	47.106	19.667	15.098	13.304	
628	48.306	47.783	46.984	19.638	15.06	13.283	
629	48.18	47.65	46.863	19.635	15.075	13.294	
630	48.056	47.518	46.744	19.57	15.013	13.233	
631	47.932	47.388	46.625	19.565	15.066	13.236	
632	47.808	47.258	46.508	19.575	15.011	13.141	
633	47.686	47.129	46.391	19.564	14.965	13.12	
634	47.564	47.002	46.276	19.51	14.954	13.069	
635	47.443	46.875	46.162	19.493	14.942	13.106	
636	47.323	46.75	46.049	19.49	14.951	13.106	
637	47.203	46.625	45.937	19.498	14.872	13.056	
638	47.084	46.502	45.826	19.454	14.846	13.046	
639	46.966	46.38	45.717	19.459	14.818	13.027	
640	46.849	46.258	45.608	19.425	14.799	13.018	
641	46.733	46.138	45.5	19.452	14.778	12.939	
642	46.617	46.019	45.393	19.402	14.772	12.986	
643	46.502	45.9	45.287	19.387	14.721	12.945	
644	46.388	45.783	45.182	19.404	14.727	12.899	
645	46.274	45.666	45.078	19.385	14.71	12.869	
646	46.162	45.551	44.975	19.341	14.67	12.857	
647	46.049	45.436	44.873	19.34	14.697	12.832	
648	45.938	45.322	44.772	19.298	14.644	12.833	
649	45.828	45.21	44.671	19.29	14.633	12.793	
650	45.718	45.098	44.572	19.268	14.571	12.757	
651	45.609	44.987	44.473	19.249	14.593	12.771	
652	45.5	44.877	44.376	19.245	14.544	12.718	
653	45.392	44.767	44.279	19.224	14.556	12.69	
654	45.285	44.659	44.183	19.213	14.505	12.636	
655	45.179	44.552	44.087	19.188	14.528	12.643	
656	45.073	44.445	43.993	19.173	14.551	12.655	
657	44.968	44.339	43.899	19.182	14.495	12.58	
658	44.864	44.234	43.806	19.145	14.451	12.585	
659	44.761	44.13	43.714	19.135	14.393	12.576	
660	44.658	44.026	43.623	19.131	14.406	12.557	
661	44.555	43.924	43.532	19.149	14.366	12.521	
662	44.454	43.822	43.442	19.141	14.38	12.487	
663	44.353	43.721	43.353	19.085	14.354	12.478	
664	44.253	43.62	43.265	19.067	14.358	12.46	
665	44.153	43.521	43.177	19.05	14.329	12.422	
666	44.054	43.422	43.09	19.037	14.283	12.4	
667	43.956	43.324	43.004	19.049	14.264	12.403	
668	43.858	43.226	42.918	19.03	14.28	12.379	
669	43.761	43.13	42.833	19.015	14.24	12.357	
670	43.665	43.034	42.749	18.996	14.227	12.341	
671	43.569	42.939	42.665	18.983	14.189	12.272	
672	43.474	42.844	42.582	18.968	14.151	12.307	
673	43.379	42.75	42.5	18.924	14.153	12.286	
674	43.285	42.657	42.418	18.939	14.161	12.278	
675	43.192	42.565	42.337	18.916	14.153	12.296	
676	43.099	42.473	42.256	18.918	14.072	12.203	
677	43.007	42.382	42.176	18.905	14.111	12.199	
678	42.916	42.291	42.097	18.877	14.073	12.219	
679	42.825	42.201	42.018	18.874	14.028	12.143	
680	42.735	42.112	41.94	18.865	14.013	12.153	
681	42.645	42.024	41.862	18.846	13.999	12.088	
682	42.556	41.936	41.785	18.845	14.005	12.109	
683	42.467	41.848	41.709	18.808	13.954	12.072	
684	42.379	41.761	41.633	18.784	13.945	12.093	
685	42.291	41.675	41.557	18.793	13.961	12.052	
686	42.204	41.59	41.483	18.775	13.924	12.002	
687	42.118	41.505	41.408	18.777	13.89	11.991	
688	42.032	41.42	41.334	18.772	13.868	11.962	
689	41.947	41.337	41.261	18.761	13.903	11.957	
690	41.862	41.253	41.188	18.716	13.875	11.965	
691	41.778	41.171	41.116	18.724	13.843	11.91	
692	41.694	41.089	41.044	18.709	13.782	11.94	
693	41.611	41.007	40.973	18.696	13.781	11.891	
694	41.528	40.926	40.902	18.682	13.775	11.898	
695	41.446	40.846	40.832	18.653	13.738	11.859	
696	41.365	40.766	40.762	18.654	13.704	11.854	
697	41.284	40.686	40.692	18.647	13.742	11.818	
698	41.203	40.607	40.624	18.656	13.697	11.76	
699	41.123	40.529	40.555	18.615	13.678	11.745	
700	41.043	40.451	40.487	18.603	13.714	11.763	
701	40.964	40.374	40.419	18.616	13.601	11.754	
702	40.885	40.297	40.352	18.605	13.677	11.742	
703	40.807	40.22	40.285	18.55	13.664	11.695	
704	40.73	40.144	40.219	18.548	13.616	11.689	
705	40.652	40.069	40.153	18.593	13.586	11.663	
706	40.576	39.994	40.088	18.539	13.595	11.627	
707	40.499	39.92	40.023	18.519	13.587	11.625	
708	40.423	39.846	39.958	18.499	13.513	11.634	
709	40.348	39.772	39.894	18.52	13.555	11.58	
710	40.273	39.699	39.83	18.509	13.487	11.628	
711	40.199	39.626	39.766	18.491	13.491	11.511	
712	40.125	39.554	39.703	18.46	13.43	11.505	
713	40.051	39.482	39.641	18.443	13.501	11.532	
714	39.978	39.411	39.578	18.434	13.419	11.487	
715	39.905	39.34	39.516	18.397	13.433	11.469	
716	39.833	39.27	39.455	18.418	13.356	11.374	
717	39.761	39.2	39.394	18.408	13.398	11.468	
718	39.69	39.13	39.333	18.389	13.347	11.371	
719	39.619	39.061	39.272	18.416	13.365	11.461	
720	39.548	38.992	39.212	18.332	13.336	11.414	
721	39.478	38.924	39.152	18.377	13.311	11.389	
722	39.408	38.856	39.093	18.373	13.341	11.365	
723	39.339	38.788	39.034	18.316	13.339	11.362	
724	39.27	38.721	38.975	18.348	13.267	11.357	
725	39.201	38.654	38.916	18.293	13.366	11.278	
726	39.133	38.588	38.858	18.343	13.2	11.279	
727	39.066	38.522	38.801	18.3	13.25	11.255	
728	38.998	38.456	38.743	18.318	13.194	11.255	
729	38.931	38.391	38.686	18.272	13.178	11.254	
730	38.865	38.326	38.629	18.26	13.183	11.173	
731	38.798	38.262	38.573	18.22	13.167	11.208	
732	38.732	38.198	38.516	18.247	13.116	11.197	
733	38.667	38.134	38.461	18.236	13.152	11.165	
734	38.602	38.07	38.405	18.263	13.117	11.143	
735	38.537	38.007	38.35	18.212	13.131	11.119	
736	38.473	37.944	38.295	18.211	13.114	11.12	
737	38.409	37.882	38.24	18.221	13.084	11.153	
738	38.345	37.82	38.185	18.175	13.091	11.076	
739	38.282	37.758	38.131	18.168	13.067	11.094	
740	38.219	37.697	38.078	18.198	13.06	11.074	
741	38.156	37.636	38.024	18.146	13.012	11.072	
742	38.094	37.575	37.971	18.159	13.021	11.016	
743	38.032	37.515	37.918	18.16	13.027	10.987	
744	37.97	37.455	37.865	18.128	13	11.023	
745	37.909	37.395	37.812	18.098	13.023	11.013	
746	37.848	37.336	37.76	18.113	12.97	10.981	
747	37.787	37.277	37.708	18.112	13.001	10.944	
748	37.727	37.218	37.656	18.09	12.967	10.93	
749	37.667	37.159	37.605	18.087	12.928	10.902	
750	37.608	37.101	37.554	18.026	12.909	10.938	
751	37.548	37.043	37.503	18.064	12.892	10.873	
752	37.489	36.986	37.452	18.016	12.923	10.846	
753	37.431	36.928	37.402	18.042	12.881	10.845	
754	37.372	36.871	37.352	18.033	12.862	10.87	
755	37.314	36.815	37.302	17.998	12.896	10.794	
756	37.257	36.758	37.252	18.017	12.83	10.84	
757	37.199	36.702	37.202	18.016	12.778	10.837	
758	37.142	36.646	37.153	17.993	12.814	10.794	
759	37.085	36.591	37.104	17.991	12.817	10.766	
760	37.029	36.535	37.055	17.965	12.743	10.723	
761	36.972	36.48	37.007	17.94	12.757	10.727	
762	36.916	36.426	36.959	17.968	12.744	10.685	
763	36.861	36.371	36.91	17.942	12.757	10.67	
764	36.805	36.317	36.863	17.942	12.75	10.703	
765	36.75	36.263	36.815	17.928	12.723	10.649	
766	36.695	36.209	36.767	17.945	12.732	10.659	
767	36.641	36.156	36.72	17.932	12.689	10.658	
768	36.587	36.103	36.673	17.898	12.676	10.604	
769	36.533	36.05	36.626	17.901	12.684	10.63	
770	36.479	35.997	36.58	17.88	12.632	10.573	
771	36.425	35.945	36.533	17.839	12.621	10.567	
772	36.372	35.893	36.487	17.837	12.664	10.567	
773	36.319	35.841	36.441	17.851	12.613	10.567	
774	36.267	35.789	36.396	17.831	12.605	10.51	
775	36.214	35.738	36.35	17.81	12.584	10.517	
776	36.162	35.686	36.305	17.872	12.563	10.49	
777	36.11	35.636	36.259	17.813	12.541	10.499	
778	36.059	35.585	36.214	17.814	12.507	10.516	
779	36.007	35.534	36.17	17.771	12.515	10.473	
780	35.956	35.484	36.125	17.769	12.529	10.484	
781	35.905	35.434	36.081	17.816	12.552	10.405	
782	35.855	35.384	36.036	17.788	12.453	10.414	
783	35.804	35.335	35.992	17.766	12.44	10.413	
784	35.754	35.285	35.948	17.747	12.468	10.369	
785	35.704	35.236	35.905	17.727	12.424	10.347	
786	35.655	35.187	35.861	17.72	12.435	10.349	
787	35.605	35.139	35.818	17.725	12.412	10.345	
788	35.556	35.09	35.775	17.722	12.394	10.324	
789	35.507	35.042	35.732	17.703	12.376	10.317	
790	35.458	34.994	35.689	17.705	12.403	10.277	
791	35.41	34.946	35.646	17.675	12.368	10.278	
792	35.362	34.899	35.604	17.689	12.361	10.267	
793	35.314	34.851	35.562	17.679	12.381	10.266	
794	35.266	34.804	35.519	17.66	12.327	10.239	
795	35.218	34.757	35.477	17.659	12.309	10.224	
796	35.171	34.71	35.436	17.662	12.313	10.213	
797	35.124	34.664	35.394	17.654	12.325	10.176	
798	35.077	34.617	35.353	17.666	12.323	10.181	
799	35.03	34.571	35.311	17.647	12.261	10.206	
800	34.984	34.525	35.27	17.62	12.266	10.135	
801	34.938	34.479	35.229	17.605	12.279	10.152	
802	34.892	34.434	35.188	17.648	12.257	10.122	
803	34.846	34.388	35.148	17.585	12.228	10.092	
804	34.8	34.343	35.107	17.575	12.219	10.133	
805	34.755	34.298	35.067	17.566	12.198	10.093	
806	34.71	34.253	35.026	17.583	12.17	10.084	
807	34.665	34.208	34.986	17.566	12.126	10.115	
808	34.62	34.164	34.946	17.569	12.174	10.024	
809	34.575	34.119	34.907	17.516	12.099	10.047	
810	34.531	34.075	34.867	17.556	12.165	10.014	
811	34.487	34.031	34.828	17.537	12.131	9.9973	
812	34.443	33.988	34.788	17.532	12.176	10.005	
813	34.399	33.944	34.749	17.542	12.077	9.9926	
814	34.355	33.901	34.71	17.52	12.11	10.013	
815	34.312	33.857	34.671	17.499	12.091	9.9656	
816	34.268	33.814	34.632	17.51	12.082	9.9131	
817	34.225	33.771	34.594	17.487	12.062	9.9298	
818	34.183	33.729	34.555	17.492	12.059	9.9034	
819	34.14	33.686	34.517	17.483	12.042	9.9129	
820	34.097	33.644	34.479	17.46	12.018	9.8719	
821	34.055	33.601	34.44	17.453	12.005	9.8656	
822	34.013	33.559	34.402	17.45	12.012	9.8616	
823	33.971	33.517	34.365	17.451	12.006	9.8525	
824	33.929	33.476	34.327	17.443	12.007	9.8497	
825	33.888	33.434	34.289	17.437	11.988	9.8449	
826	33.846	33.393	34.252	17.433	11.98	9.8362	
827	33.805	33.351	34.215	17.43	11.974	9.8144	
828	33.764	33.31	34.177	17.419	11.964	9.8087	
829	33.723	33.269	34.14	17.407	11.95	9.7941	
830	33.682	33.228	34.103	17.407	11.946	9.8031	
831	33.642	33.188	34.067	17.4	11.919	9.7859	
832	33.602	33.147	34.03	17.384	11.91	9.7662	
833	33.561	33.107	33.993	17.379	11.905	9.7353	
834	33.521	33.067	33.957	17.367	11.897	9.7158	
835	33.481	33.027	33.921	17.36	11.889	9.7177	
836	33.442	32.987	33.884	17.358	11.888	9.6974	
837	33.402	32.947	33.848	17.35	11.861	9.7024	
838	33.363	32.907	33.812	17.356	11.846	9.6741	
839	33.324	32.868	33.776	17.339	11.835	9.6728	
840	33.285	32.829	33.741	17.323	11.851	9.6213	
841	33.246	32.79	33.705	17.338	11.799	9.6059	
842	33.207	32.75	33.67	17.35	11.812	9.6524	
843	33.168	32.712	33.634	17.333	11.79	9.6237	
844	33.13	32.673	33.599	17.328	11.8	9.6135	
845	33.092	32.634	33.564	17.337	11.83	9.5864	
846	33.054	32.596	33.529	17.25	11.762	9.5728	
847	33.016	32.557	33.494	17.316	11.671	9.6306	
848	32.978	32.519	33.459	17.299	11.801	9.6341	
849	32.94	32.481	33.424	17.296	11.713	9.5251	
850	32.903	32.443	33.39	17.278	11.74	9.5683	
851	32.866	32.405	33.355	17.254	11.712	9.5872	
852	32.828	32.368	33.321	17.249	11.723	9.4661	
853	32.791	32.33	33.286	17.279	11.658	9.4759	
854	32.754	32.293	33.252	17.228	11.704	9.4325	
855	32.718	32.255	33.218	17.23	11.626	9.478	
856	32.681	32.218	33.184	17.202	11.678	9.4881	
857	32.645	32.181	33.15	17.234	11.659	9.4508	
858	32.608	32.144	33.116	17.248	11.682	9.4151	
859	32.572	32.108	33.083	17.26	11.629	9.461	
860	32.536	32.071	33.049	17.206	11.667	9.4684	
861	32.5	32.034	33.016	17.177	11.615	9.3825	
862	32.464	31.998	32.982	17.215	11.595	9.3837	
863	32.429	31.962	32.949	17.205	11.644	9.3907	
864	32.393	31.926	32.916	17.208	11.589	9.387	
865	32.358	31.89	32.883	17.157	11.577	9.3165	
866	32.323	31.854	32.85	17.167	11.563	9.3468	
867	32.288	31.818	32.817	17.147	11.513	9.3459	
868	32.253	31.782	32.784	17.118	11.543	9.3501	
869	32.218	31.747	32.751	17.15	11.508	9.2901	
870	32.183	31.711	32.719	17.159	11.516	9.3057	
871	32.149	31.676	32.686	17.146	11.508	9.2767	
872	32.114	31.641	32.654	17.131	11.512	9.3136	
873	32.08	31.605	32.621	17.157	11.469	9.267	
874	32.046	31.57	32.589	17.129	11.488	9.2504	
875	32.012	31.536	32.557	17.111	11.474	9.2559	
876	31.978	31.501	32.525	17.115	11.465	9.2204	
877	31.944	31.466	32.493	17.112	11.46	9.2537	
878	31.91	31.432	32.461	17.083	11.444	9.2191	
879	31.877	31.397	32.429	17.079	11.432	9.1998	
880	31.843	31.363	32.397	17.071	11.421	9.1926	
881	31.81	31.329	32.366	17.069	11.417	9.1849	
882	31.777	31.295	32.334	17.067	11.412	9.1889	
883	31.744	31.261	32.303	17.063	11.408	9.1794	
884	31.711	31.227	32.271	17.061	11.404	9.1718	
885	31.678	31.193	32.24	17.061	11.396	9.1709	
886	31.645	31.159	32.209	17.056	11.388	9.1566	
887	31.613	31.126	32.178	17.046	11.371	9.1428	
888	31.58	31.092	32.147	17.044	11.364	9.1243	
889	31.548	31.059	32.116	17.031	11.351	9.1119	
890	31.516	31.026	32.085	17.018	11.337	9.0964	
891	31.484	30.992	32.054	17.012	11.328	9.0812	
892	31.452	30.959	32.024	17.01	11.316	9.0788	
893	31.42	30.926	31.993	17.003	11.31	9.0602	
894	31.388	30.894	31.962	16.991	11.308	9.0486	
895	31.356	30.861	31.932	16.999	11.303	9.0533	
896	31.325	30.828	31.902	16.989	11.29	9.0498	
897	31.293	30.796	31.871	16.989	11.285	9.0476	
898	31.262	30.763	31.841	16.987	11.282	9.0195	
899	31.231	30.731	31.811	16.979	11.268	9.0175	
900	31.2	30.699	31.781	16.966	11.258	8.9949	
901	31.169	30.666	31.751	16.947	11.247	8.9733	
902	31.138	30.634	31.721	16.948	11.229	8.9685	
903	31.107	30.602	31.691	16.945	11.226	8.9618	
904	31.076	30.571	31.661	16.94	11.217	8.9595	
905	31.046	30.539	31.632	16.932	11.215	8.9576	
906	31.015	30.507	31.602	16.934	11.21	8.9517	
907	30.985	30.475	31.573	16.929	11.206	8.9528	
908	30.955	30.444	31.543	16.931	11.194	8.9288	
909	30.925	30.413	31.514	16.916	11.183	8.9209	
910	30.895	30.381	31.484	16.902	11.167	8.91	
911	30.865	30.35	31.455	16.906	11.155	8.9055	
912	30.835	30.319	31.426	16.894	11.128	8.8691	
913	30.805	30.288	31.397	16.881	11.137	8.8493	
914	30.776	30.257	31.368	16.883	11.127	8.8511	
915	30.746	30.226	31.339	16.876	11.114	8.8449	
916	30.717	30.195	31.31	16.869	11.119	8.8435	
917	30.687	30.164	31.281	16.869	11.116	8.8377	
918	30.658	30.134	31.253	16.872	11.111	8.8326	
919	30.629	30.103	31.224	16.868	11.102	8.8198	
920	30.6	30.073	31.195	16.862	11.094	8.8106	
921	30.571	30.042	31.167	16.852	11.081	8.8013	
922	30.542	30.012	31.138	16.848	11.073	8.8045	
923	30.513	29.982	31.11	16.851	11.066	8.7956	
924	30.485	29.952	31.082	16.835	11.037	8.7695	
925	30.456	29.922	31.053	16.832	11.054	8.7564	
926	30.428	29.892	31.025	16.815	11.035	8.7417	
927	30.399	29.862	30.997	16.816	11.041	8.7315	
928	30.371	29.832	30.969	16.814	11.034	8.7362	
929	30.343	29.803	30.941	16.797	10.994	8.7477	
930	30.315	29.773	30.913	16.793	10.972	8.7269	
931	30.287	29.744	30.885	16.805	11.016	8.7154	
932	30.259	29.714	30.858	16.812	10.951	8.6826	
933	30.231	29.685	30.83	16.782	11.008	8.6791	
934	30.203	29.655	30.802	16.775	10.976	8.695	
935	30.176	29.626	30.775	16.773	10.978	8.6554	
936	30.148	29.597	30.747	16.753	10.941	8.6501	
937	30.121	29.568	30.72	16.753	10.935	8.6851	
938	30.093	29.539	30.692	16.783	10.944	8.6069	
939	30.066	29.51	30.665	16.761	10.933	8.6336	
940	30.039	29.481	30.638	16.766	10.894	8.6504	
941	30.012	29.453	30.61	16.76	10.92	8.6114	
942	29.985	29.424	30.583	16.739	10.886	8.5574	
943	29.958	29.396	30.556	16.715	10.91	8.5951	
944	29.931	29.367	30.529	16.717	10.929	8.5787	
945	29.904	29.339	30.502	16.744	10.893	8.5827	
946	29.877	29.31	30.475	16.743	10.888	8.5713	
947	29.851	29.282	30.448	16.722	10.888	8.5569	
948	29.824	29.254	30.422	16.718	10.861	8.5456	
949	29.798	29.226	30.395	16.708	10.84	8.5238	
950	29.771	29.198	30.368	16.702	10.832	8.5213	
951	29.745	29.17	30.342	16.691	10.851	8.5259	
952	29.719	29.142	30.315	16.683	10.844	8.5209	
953	29.693	29.114	30.289	16.694	10.825	8.4986	
954	29.667	29.086	30.262	16.695	10.819	8.5124	
955	29.641	29.058	30.236	16.682	10.807	8.4784	
956	29.615	29.031	30.209	16.663	10.812	8.4848	
957	29.589	29.003	30.183	16.664	10.803	8.5324	
958	29.563	28.976	30.157	16.644	10.785	8.4534	
959	29.538	28.948	30.131	16.666	10.771	8.4791	
960	29.512	28.921	30.105	16.678	10.753	8.4078	
961	29.487	28.894	30.079	16.673	10.778	8.3952	
962	29.461	28.866	30.053	16.661	10.689	8.3687	
963	29.436	28.839	30.027	16.62	10.712	8.4149	
964	29.411	28.812	30.001	16.649	10.748	8.3485	
965	29.386	28.785	29.975	16.617	10.733	8.3817	
966	29.361	28.758	29.949	16.628	10.753	8.359	
967	29.336	28.731	29.924	16.623	10.733	8.3919	
968	29.311	28.705	29.898	16.627	10.745	8.3832	
969	29.286	28.678	29.872	16.611	10.709	8.3707	
970	29.261	28.651	29.847	16.625	10.692	8.3925	
971	29.236	28.625	29.821	16.613	10.68	8.3706	
972	29.212	28.598	29.796	16.61	10.702	8.3492	
973	29.187	28.572	29.771	16.61	10.685	8.3224	
974	29.163	28.545	29.745	16.594	10.661	8.3374	
975	29.138	28.519	29.72	16.588	10.668	8.2816	
976	29.114	28.493	29.695	16.58	10.653	8.2972	
977	29.089	28.466	29.67	16.575	10.641	8.2843	
978	29.065	28.44	29.644	16.572	10.632	8.2858	
979	29.041	28.414	29.619	16.57	10.638	8.2719	
980	29.017	28.388	29.594	16.575	10.628	8.2724	
981	28.993	28.362	29.569	16.572	10.626	8.2804	
982	28.969	28.336	29.545	16.566	10.621	8.2707	
983	28.945	28.311	29.52	16.562	10.623	8.2828	
984	28.922	28.285	29.495	16.548	10.613	8.2676	
985	28.898	28.259	29.47	16.546	10.617	8.2362	
986	28.874	28.233	29.445	16.573	10.595	8.2584	
987	28.851	28.208	29.421	16.537	10.591	8.2149	
988	28.827	28.182	29.396	16.532	10.56	8.1936	
989	28.804	28.157	29.372	16.524	10.566	8.1933	
990	28.78	28.132	29.347	16.52	10.547	8.1876	
991	28.757	28.106	29.323	16.519	10.55	8.1676	
992	28.734	28.081	29.298	16.52	10.545	8.1802	
993	28.711	28.056	29.274	16.509	10.544	8.1739	
994	28.687	28.031	29.25	16.517	10.548	8.1768	
995	28.664	28.005	29.225	16.503	10.54	8.1619	
996	28.641	27.98	29.201	16.496	10.533	8.1554	
997	28.619	27.955	29.177	16.504	10.529	8.1444	
998	28.596	27.93	29.153	16.493	10.516	8.1417	
999	28.573	27.906	29.129	16.483	10.502	8.1776	
1000	28.55	27.881	29.105	16.5	10.478	8.1157	
1001	28.528	27.856	29.081	16.464	10.53	8.0949	
1002	28.505	27.831	29.057	16.485	10.51	8.0982	
1003	28.482	27.807	29.033	16.476	10.477	8.0989	
1004	28.46	27.782	29.009	16.475	10.443	8.0759	
1005	28.438	27.758	28.985	16.439	10.542	8.1117	
1006	28.415	27.733	28.962	16.467	10.428	8.1096	
1007	28.393	27.709	28.938	16.465	10.492	8.0327	
1008	28.371	27.684	28.914	16.449	10.484	8.0563	
1009	28.349	27.66	28.891	16.429	10.432	8.0496	
1010	28.327	27.636	28.867	16.466	10.451	8.0414	
1011	28.304	27.612	28.844	16.433	10.444	8.0428	
1012	28.283	27.588	28.82	16.438	10.431	8.0143	
1013	28.261	27.564	28.797	16.434	10.414	8.0082	
1014	28.239	27.539	28.773	16.435	10.394	8.0042	
1015	28.217	27.516	28.75	16.437	10.4	7.9932	
1016	28.195	27.492	28.727	16.413	10.402	8.087	
1017	28.174	27.468	28.703	16.395	10.365	7.9546	
1018	28.152	27.444	28.68	16.391	10.366	7.9748	
1019	28.13	27.42	28.657	16.377	10.349	7.938	
1020	28.109	27.396	28.634	16.428	10.409	7.9076	
1021	28.088	27.373	28.611	16.344	10.406	7.9482	
1022	28.066	27.349	28.588	16.399	10.335	7.9468	
1023	28.045	27.326	28.565	16.418	10.322	7.9437	
1024	28.024	27.302	28.542	16.374	10.301	7.9785	
1025	28.002	27.279	28.519	16.416	10.31	7.9159	
1026	27.981	27.255	28.496	16.38	10.359	7.8728	
1027	27.96	27.232	28.473	16.414	10.241	7.8987	
1028	27.939	27.209	28.451	16.371	10.339	7.8451	
1029	27.918	27.186	28.428	16.355	10.283	7.8299	
1030	27.897	27.162	28.405	16.359	10.328	7.903	
1031	27.876	27.139	28.383	16.422	10.333	7.9249	
1032	27.856	27.116	28.36	16.316	10.327	7.8632	
1033	27.835	27.093	28.337	16.382	10.287	7.887	
1034	27.814	27.07	28.315	16.356	10.309	7.8533	
1035	27.794	27.047	28.292	16.379	10.251	7.9231	
1036	27.773	27.024	28.27	16.253	10.285	7.8388	
1037	27.752	27.001	28.248	16.397	10.175	7.8035	
1038	27.732	26.979	28.225	16.319	10.24	7.9786	
1039	27.712	26.956	28.203	16.361	10.29	7.9209	
1040	27.691	26.933	28.181	16.298	10.088	7.8087	
1041	27.671	26.911	28.158	16.335	10.216	7.8567	
1042	27.651	26.888	28.136	16.445	10.238	7.6434	
1043	27.63	26.866	28.114	16.412	10.176	7.6925	
1044	27.61	26.843	28.092	16.267	10.268	7.7417	
1045	27.59	26.821	28.07	16.308	10.204	7.7873	
1046	27.57	26.798	28.048	16.204	10.35	7.5825	
1047	27.55	26.776	28.026	16.266	10.039	7.7932	
1048	27.53	26.754	28.004	16.229	10.157	7.8069	
1049	27.51	26.731	27.982	16.299	10.171	7.7236	
1050	27.49	26.709	27.96	16.276	10.083	7.8107	
1051	27.471	26.687	27.938	16.278	10.17	7.7396	
1052	27.451	26.665	27.916	16.273	10.161	7.7044	
1053	27.431	26.643	27.895	16.277	10.167	7.7231	
1054	27.412	26.621	27.873	16.277	10.148	7.7089	
1055	27.392	26.599	27.851	16.277	10.167	7.6972	
1056	27.373	26.577	27.83	16.273	10.135	7.687	
1057	27.353	26.555	27.808	16.269	10.153	7.6997	
1058	27.334	26.533	27.786	16.262	10.142	7.6709	
1059	27.314	26.511	27.765	16.247	10.134	7.6933	
1060	27.295	26.49	27.743	16.254	10.134	7.6648	
1061	27.276	26.468	27.722	16.263	10.116	7.6747	
1062	27.256	26.446	27.7	16.239	10.115	7.6648	
1063	27.237	26.425	27.679	16.235	10.098	7.6667	
1064	27.218	26.403	27.658	16.233	10.093	7.6472	
1065	27.199	26.382	27.636	16.225	10.087	7.629	
1066	27.18	26.36	27.615	16.232	10.086	7.618	
1067	27.161	26.339	27.594	16.223	10.089	7.6219	
1068	27.142	26.317	27.573	16.218	10.078	7.6284	
1069	27.123	26.296	27.552	16.223	10.054	7.6005	
1070	27.104	26.275	27.53	16.22	10.079	7.5985	
1071	27.085	26.253	27.509	16.218	10.063	7.599	
1072	27.067	26.232	27.488	16.202	10.065	7.5925	
1073	27.048	26.211	27.467	16.215	10.029	7.5661	
1074	27.029	26.19	27.446	16.199	10.044	7.5808	
1075	27.011	26.169	27.425	16.193	10.033	7.5517	
1076	26.992	26.148	27.404	16.201	10.022	7.5548	
1077	26.974	26.127	27.384	16.189	10.024	7.5511	
1078	26.955	26.106	27.363	16.185	10.008	7.5417	
1079	26.937	26.085	27.342	16.186	10.022	7.5314	
1080	26.918	26.064	27.321	16.186	10.011	7.5387	
1081	26.9	26.043	27.3	16.179	10.01	7.5348	
1082	26.882	26.022	27.28	16.172	10.007	7.5257	
1083	26.863	26.002	27.259	16.18	9.9947	7.5117	
1084	26.845	25.981	27.238	16.172	9.995	7.5129	
1085	26.827	25.96	27.218	16.166	9.9914	7.5014	
1086	26.809	25.94	27.197	16.171	9.9923	7.5038	
1087	26.791	25.919	27.177	16.156	9.9873	7.4945	
1088	26.773	25.898	27.156	16.166	9.9817	7.4997	
1089	26.755	25.878	27.136	16.159	9.9779	7.4821	
1090	26.737	25.857	27.115	16.158	9.9803	7.4881	
1091	26.719	25.837	27.095	16.153	9.9785	7.4853	
1092	26.701	25.817	27.075	16.144	9.9565	7.4715	
1093	26.683	25.796	27.054	16.148	9.9506	7.4729	
1094	26.666	25.776	27.034	16.141	9.9601	7.4722	
1095	26.648	25.756	27.014	16.15	9.9318	7.4483	
1096	26.63	25.736	26.993	16.144	9.9407	7.4519	
1097	26.613	25.715	26.973	16.13	9.9283	7.4383	
1098	26.595	25.695	26.953	16.124	9.9234	7.4168	
1099	26.577	25.675	26.933	16.123	9.9232	7.4195	
1100	26.56	25.655	26.913	16.113	9.9178	7.4139	
1101	26.543	25.635	26.893	16.124	9.9056	7.3964	
1102	26.525	25.615	26.873	16.116	9.8945	7.3888	
1103	26.508	25.595	26.853	16.109	9.8791	7.3797	
1104	26.49	25.575	26.833	16.105	9.888	7.3786	
1105	26.473	25.555	26.813	16.097	9.8862	7.3711	
1106	26.456	25.535	26.793	16.101	9.8753	7.3644	
1107	26.439	25.516	26.773	16.09	9.8672	7.3615	
1108	26.421	25.496	26.753	16.098	9.873	7.3533	
1109	26.404	25.476	26.734	16.089	9.8628	7.35	
1110	26.387	25.456	26.714	16.087	9.8562	7.3493	
1111	26.37	25.437	26.694	16.086	9.8575	7.3426	
1112	26.353	25.417	26.674	16.085	9.8439	7.3361	
1113	26.336	25.398	26.655	16.085	9.8491	7.3346	
1114	26.319	25.378	26.635	16.08	9.8466	7.3305	
1115	26.302	25.359	26.615	16.077	9.8484	7.3291	
1116	26.285	25.339	26.596	16.078	9.8409	7.3321	
1117	26.269	25.32	26.576	16.079	9.8416	7.3209	
1118	26.252	25.3	26.557	16.072	9.8334	7.3214	
1119	26.235	25.281	26.537	16.06	9.8347	7.3015	
1120	26.218	25.262	26.518	16.068	9.8313	7.2924	
1121	26.202	25.242	26.498	16.067	9.8176	7.2878	
1122	26.185	25.223	26.479	16.06	9.8063	7.2978	
1123	26.169	25.204	26.46	16.048	9.8069	7.2903	
1124	26.152	25.185	26.44	16.063	9.8076	7.2673	
1125	26.136	25.166	26.421	16.054	9.7979	7.2623	
1126	26.119	25.147	26.402	16.058	9.8085	7.2676	
1127	26.103	25.127	26.382	16.033	9.7894	7.2435	
1128	26.086	25.108	26.363	16.033	9.7801	7.246	
1129	26.07	25.089	26.344	16.039	9.78	7.2589	
1130	26.054	25.071	26.325	16.029	9.784	7.2303	
1131	26.037	25.052	26.306	16.028	9.7661	7.2327	
1132	26.021	25.033	26.287	16.029	9.7641	7.2224	
1133	26.005	25.014	26.268	16.022	9.7746	7.22	
1134	25.989	24.995	26.249	16.013	9.7404	7.2208	
1135	25.973	24.976	26.23	16.016	9.7516	7.1929	
1136	25.957	24.957	26.211	16.019	9.733	7.2045	
1137	25.94	24.939	26.192	16.012	9.7186	7.2018	
1138	25.924	24.92	26.173	16.011	9.7314	7.1817	
1139	25.909	24.901	26.154	16.007	9.7294	7.188	
1140	25.893	24.883	26.135	16	9.711	7.1734	
1141	25.877	24.864	26.116	16.013	9.7229	7.1701	
1142	25.861	24.846	26.097	16.009	9.7157	7.1425	
1143	25.845	24.827	26.079	15.991	9.7047	7.1754	
1144	25.829	24.809	26.06	15.991	9.6948	7.1627	
1145	25.813	24.79	26.041	15.994	9.7082	7.1617	
1146	25.798	24.772	26.023	15.991	9.6734	7.1488	
1147	25.782	24.754	26.004	15.987	9.6773	7.1375	
1148	25.766	24.735	25.985	15.993	9.6824	7.1398	
1149	25.751	24.717	25.967	15.982	9.6859	7.1336	
1150	25.735	24.699	25.948	15.971	9.6696	7.1285	
1151	25.72	24.68	25.93	15.973	9.6557	7.1144	
1152	25.704	24.662	25.911	15.974	9.6664	7.1066	
1153	25.689	24.644	25.893	15.967	9.6521	7.0941	
1154	25.673	24.626	25.874	15.961	9.6519	7.0958	
1155	25.658	24.608	25.856	15.966	9.6506	7.0979	
1156	25.642	24.59	25.837	15.955	9.6498	7.0837	
1157	25.627	24.572	25.819	15.955	9.6421	7.0727	
1158	25.612	24.554	25.801	15.956	9.6421	7.0731	
1159	25.596	24.536	25.782	15.96	9.6267	7.0708	
1160	25.581	24.518	25.764	15.957	9.628	7.0722	
1161	25.566	24.5	25.746	15.947	9.6061	7.0769	
1162	25.551	24.482	25.727	15.943	9.6372	7.0503	
1163	25.536	24.464	25.709	15.932	9.6109	7.0423	
1164	25.521	24.446	25.691	15.933	9.5892	7.0355	
1165	25.506	24.428	25.673	15.926	9.6021	7.0251	
1166	25.49	24.411	25.655	15.934	9.5923	7.0232	
1167	25.475	24.393	25.637	15.935	9.6092	7.0307	
1168	25.46	24.375	25.619	15.925	9.5875	7.0159	
1169	25.446	24.357	25.6	15.919	9.579	7.0094	
1170	25.431	24.34	25.582	15.923	9.5874	6.9969	
1171	25.416	24.322	25.564	15.918	9.5745	6.9927	
1172	25.401	24.305	25.546	15.915	9.5753	6.9904	
1173	25.386	24.287	25.529	15.913	9.572	6.9898	
1174	25.371	24.27	25.511	15.912	9.5717	6.9855	
1175	25.357	24.252	25.493	15.911	9.5671	6.9893	
1176	25.342	24.235	25.475	15.909	9.5553	6.9753	
1177	25.327	24.217	25.457	15.913	9.5548	6.9734	
1178	25.313	24.2	25.439	15.902	9.5491	6.9642	
1179	25.298	24.182	25.421	15.902	9.5544	6.9693	
1180	25.283	24.165	25.404	15.901	9.5467	6.9584	
1181	25.269	24.148	25.386	15.901	9.5467	6.9598	
1182	25.254	24.131	25.368	15.894	9.5385	6.9547	
1183	25.24	24.113	25.351	15.897	9.537	6.95	
1184	25.225	24.096	25.333	15.892	9.532	6.9421	
1185	25.211	24.079	25.315	15.883	9.531	6.946	
1186	25.196	24.062	25.298	15.885	9.5219	6.9289	
1187	25.182	24.045	25.28	15.884	9.5224	6.9354	
1188	25.168	24.028	25.263	15.877	9.523	6.9241	
1189	25.153	24.011	25.245	15.882	9.5084	6.9071	
1190	25.139	23.993	25.228	15.876	9.5137	6.9197	
1191	25.125	23.976	25.21	15.87	9.5099	6.9094	
1192	25.111	23.959	25.193	15.871	9.4961	6.8957	
1193	25.097	23.943	25.175	15.868	9.4961	6.8932	
1194	25.082	23.926	25.158	15.862	9.5027	6.9035	
1195	25.068	23.909	25.14	15.874	9.474	6.8908	
1196	25.054	23.892	25.123	15.86	9.4905	6.8699	
1197	25.04	23.875	25.106	15.862	9.4762	6.8911	
1198	25.026	23.858	25.088	15.852	9.4631	6.8864	
1199	25.012	23.841	25.071	15.851	9.477	6.8633	
1200	24.998	23.825	25.054	15.858	9.4625	6.8505	
1201	24.984	23.808	25.037	15.861	9.4796	6.8706	
1202	24.97	23.791	25.019	15.841	9.4636	6.8566	
1203	24.956	23.775	25.002	15.848	9.4582	6.8337	
1204	24.942	23.758	24.985	15.851	9.4464	6.8183	
1205	24.929	23.741	24.968	15.832	9.4472	6.8323	
1206	24.915	23.725	24.951	15.836	9.466	6.8321	
1207	24.901	23.708	24.934	15.846	9.4633	6.8204	
1208	24.887	23.692	24.917	15.832	9.4402	6.8124	
1209	24.874	23.675	24.9	15.836	9.4279	6.8174	
1210	24.86	23.659	24.883	15.829	9.4198	6.7981	
1211	24.846	23.642	24.866	15.824	9.4014	6.7811	
1212	24.833	23.626	24.849	15.822	9.4159	6.7865	
1213	24.819	23.61	24.832	15.831	9.4125	6.7945	
1214	24.805	23.593	24.815	15.818	9.422	6.771	
1215	24.792	23.577	24.798	15.827	9.4065	6.7776	
1216	24.778	23.561	24.781	15.816	9.3902	6.7962	
1217	24.765	23.544	24.764	15.82	9.3945	6.7799	
1218	24.751	23.528	24.747	15.792	9.3676	6.7812	
1219	24.738	23.512	24.731	15.814	9.3787	6.7488	
1220	24.725	23.496	24.714	15.812	9.3724	6.7566	
1221	24.711	23.479	24.697	15.792	9.3678	6.7577	
1222	24.698	23.463	24.68	15.806	9.4041	6.7482	
1223	24.685	23.447	24.664	15.808	9.3612	6.7497	
1224	24.671	23.431	24.647	15.802	9.3661	6.7322	
1225	24.658	23.415	24.63	15.793	9.3623	6.7376	
1226	24.645	23.399	24.614	15.803	9.3763	6.7294	
1227	24.632	23.383	24.597	15.81	9.3589	6.7325	
1228	24.618	23.367	24.581	15.774	9.3448	6.7237	
1229	24.605	23.351	24.564	15.767	9.3236	6.7278	
1230	24.592	23.335	24.547	15.774	9.3573	6.7086	
1231	24.579	23.319	24.531	15.796	9.3605	6.676	
1232	24.566	23.303	24.514	15.789	9.3331	6.7336	
1233	24.553	23.287	24.498	15.803	9.3612	6.6865	
1234	24.54	23.272	24.481	15.779	9.3636	6.7088	
1235	24.527	23.256	24.465	15.762	9.3504	6.6856	
1236	24.514	23.24	24.449	15.776	9.3508	6.7156	
1237	24.501	23.224	24.432	15.771	9.3581	6.6932	
1238	24.488	23.209	24.416	15.803	9.3178	6.7029	
1239	24.475	23.193	24.4	15.735	9.3726	6.7182	
1240	24.462	23.177	24.383	15.732	9.2717	6.6779	
1241	24.449	23.161	24.367	15.745	9.341	6.6356	
1242	24.437	23.146	24.351	15.735	9.3044	6.6996	
1243	24.424	23.13	24.334	15.764	9.3127	6.761	
1244	24.411	23.115	24.318	15.782	9.3076	6.6586	
1245	24.398	23.099	24.302	15.721	9.362	6.5928	
1246	24.386	23.084	24.286	15.748	9.298	6.6041	
1247	24.373	23.068	24.27	15.731	9.2333	6.6094	
1248	24.36	23.053	24.254	15.743	9.2731	6.5843	
1249	24.348	23.037	24.237	15.775	9.2931	6.6536	
1250	24.335	23.022	24.221	15.753	9.3398	6.5861	
1251	24.323	23.006	24.205	15.739	9.2561	6.6486	
1252	24.31	22.991	24.189	15.709	9.2021	6.5795	
1253	24.297	22.976	24.173	15.708	9.3079	6.5872	
1254	24.285	22.96	24.157	15.716	9.2289	6.5936	
1255	24.272	22.945	24.141	15.74	9.2415	6.623	
1256	24.26	22.93	24.125	15.719	9.2629	6.5966	
1257	24.248	22.914	24.109	15.717	9.2216	6.5567	
1258	24.235	22.899	24.093	15.725	9.2458	6.548	
1259	24.223	22.884	24.077	15.694	9.2312	6.5771	
1260	24.21	22.869	24.062	15.709	9.2387	6.553	
1261	24.198	22.854	24.046	15.706	9.2178	6.5473	
1262	24.186	22.839	24.03	15.689	9.2162	6.5425	
1263	24.173	22.823	24.014	15.706	9.2186	6.5313	
1264	24.161	22.808	23.998	15.682	9.2026	6.5444	
1265	24.149	22.793	23.982	15.708	9.2245	6.5324	
1266	24.137	22.778	23.967	15.696	9.2306	6.5176	
1267	24.125	22.763	23.951	15.709	9.2023	6.5414	
1268	24.112	22.748	23.935	15.714	9.2095	6.5453	
1269	24.1	22.733	23.92	15.701	9.2186	6.5538	
1270	24.088	22.718	23.904	15.696	9.198	6.5367	
1271	24.076	22.703	23.888	15.683	9.2039	6.5136	
1272	24.064	22.689	23.873	15.688	9.2189	6.5472	
1273	24.052	22.674	23.857	15.705	9.2243	6.5247	
1274	24.04	22.659	23.841	15.701	9.2005	6.5306	
1275	24.028	22.644	23.826	15.686	9.1823	6.4939	
1276	24.016	22.629	23.81	15.699	9.2087	6.5205	
1277	24.004	22.614	23.795	15.663	9.1993	6.5191	
1278	23.992	22.6	23.779	15.665	9.1892	6.5112	
1279	23.98	22.585	23.764	15.681	9.1589	6.4593	
1280	23.968	22.57	23.748	15.675	9.156	6.4798	
1281	23.956	22.555	23.733	15.682	9.1567	6.4748	
1282	23.945	22.541	23.718	15.676	9.169	6.4949	
1283	23.933	22.526	23.702	15.656	9.1537	6.4527	
1284	23.921	22.512	23.687	15.632	9.1916	6.4591	
1285	23.909	22.497	23.671	15.644	9.1608	6.4782	
1286	23.897	22.482	23.656	15.669	9.1557	6.4463	
1287	23.886	22.468	23.641	15.652	9.1412	6.4697	
1288	23.874	22.453	23.625	15.663	9.1606	6.4591	
1289	23.862	22.439	23.61	15.652	9.1422	6.4344	
1290	23.851	22.424	23.595	15.657	9.1551	6.4376	
1291	23.839	22.41	23.58	15.64	9.1345	6.4164	
1292	23.827	22.395	23.564	15.656	9.1345	6.4736	
1293	23.816	22.381	23.549	15.647	9.1239	6.4379	
1294	23.804	22.367	23.534	15.668	9.1578	6.4281	
1295	23.793	22.352	23.519	15.646	9.1369	6.3954	
1296	23.781	22.338	23.504	15.653	9.1292	6.3926	
1297	23.77	22.323	23.489	15.651	9.0942	6.4387	
1298	23.758	22.309	23.474	15.631	9.1357	6.4042	
1299	23.747	22.295	23.458	15.641	9.0837	6.373	
1300	23.735	22.281	23.443	15.624	9.1037	6.3995	
1301	23.724	22.266	23.428	15.641	9.126	6.3705	
1302	23.713	22.252	23.413	15.611	9.0799	6.4187	
1303	23.701	22.238	23.398	15.637	9.1245	6.3851	
1304	23.69	22.224	23.383	15.648	9.1135	6.3952	
1305	23.679	22.21	23.368	15.652	9.0861	6.3467	
1306	23.667	22.195	23.353	15.629	9.1235	6.3831	
1307	23.656	22.181	23.338	15.62	9.108	6.3954	
1308	23.645	22.167	23.324	15.613	9.0891	6.388	
1309	23.633	22.153	23.309	15.62	9.0991	6.3783	
1310	23.622	22.139	23.294	15.612	9.0767	6.3653	
1311	23.611	22.125	23.279	15.62	9.0461	6.3913	
1312	23.6	22.111	23.264	15.608	9.0606	6.3221	
1313	23.589	22.097	23.249	15.613	9.0866	6.3847	
1314	23.578	22.083	23.235	15.607	9.0596	6.3495	
1315	23.567	22.069	23.22	15.602	9.0327	6.3262	
1316	23.555	22.055	23.205	15.629	8.9941	6.3194	
1317	23.544	22.041	23.19	15.605	9.0557	6.3822	
1318	23.533	22.027	23.176	15.589	9.0545	6.3601	
1319	23.522	22.014	23.161	15.631	9.0479	6.354	
1320	23.511	22	23.146	15.574	9.0367	6.3584	
1321	23.5	21.986	23.131	15.612	9.0226	6.3347	
1322	23.489	21.972	23.117	15.601	8.9983	6.2378	
1323	23.478	21.958	23.102	15.554	9.0135	6.278	
1324	23.467	21.945	23.088	15.608	9.0519	6.2872	
1325	23.457	21.931	23.073	15.621	8.9865	6.3038	
1326	23.446	21.917	23.058	15.629	8.988	6.2721	
1327	23.435	21.903	23.044	15.6	9.0561	6.2622	
1328	23.424	21.89	23.029	15.561	8.9618	6.3632	
1329	23.413	21.876	23.015	15.563	8.9748	6.2771	
1330	23.402	21.862	23	15.621	9.0407	6.2531	
1331	23.392	21.849	22.986	15.566	9.0607	6.3246	
1332	23.381	21.835	22.971	15.561	8.9719	6.418	
1333	23.37	21.822	22.957	15.578	9.0236	6.2824	
1334	23.359	21.808	22.943	15.6	8.9906	6.2743	
1335	23.349	21.794	22.928	15.55	9.0051	6.153	
1336	23.338	21.781	22.914	15.537	9.0374	6.3185	
1337	23.327	21.767	22.899	15.618	8.9803	6.1591	
1338	23.317	21.754	22.885	15.535	9.048	6.2468	
1339	23.306	21.741	22.871	15.561	9.032	6.2708	
1340	23.295	21.727	22.856	15.593	9.0077	6.1586	
1341	23.285	21.714	22.842	15.666	8.8259	6.2786	
1342	23.274	21.7	22.828	15.575	8.9248	6.4947	
1343	23.264	21.687	22.814	15.64	9.0003	6.4568	
1344	23.253	21.674	22.799	15.52	9.0383	6.2736	
1345	23.243	21.66	22.785	15.567	9.1261	6.2256	
1346	23.232	21.647	22.771	15.405	8.8527	6.0078	
1347	23.222	21.634	22.757	15.559	9.1196	5.8337	
1348	23.211	21.62	22.743	15.504	9.1334	6.1728	
1349	23.201	21.607	22.728	15.419	9.278	6.2167	
1350	23.19	21.594	22.714	15.265	9.0644	6.2217	
1351	23.18	21.581	22.7	15.503	8.9301	5.9253	
1352	23.17	21.567	22.686	15.455	8.8241	6.3825	
1353	23.159	21.554	22.672	15.547	8.3823	6.2501	
1354	23.149	21.541	22.658	15.469	9.3073	6.3855	
1355	23.139	21.528	22.644	15.712	8.773	5.6078	
1356	23.128	21.515	22.63	15.648	9.1567	6.0752	
1357	23.118	21.502	22.616	15.444	9.0441	6.2724	
1358	23.108	21.489	22.602	16.248	9.371	6.3795	
1359	23.098	21.475	22.588	16.262	8.6908	6.918	
1426	22.451	20.641	21.689	15.655	9.2987	6.337	
1427	22.442	20.629	21.676	15.544	8.6458	6.0444	
1428	22.433	20.617	21.663	15.394	8.841	5.6434	
1429	22.424	20.605	21.65	15.638	8.6618	5.8162	
1430	22.415	20.593	21.638	15.645	8.8034	5.8313	
1431	22.406	20.581	21.625	15.324	8.9254	6.1083	
1432	22.397	20.57	21.612	15.558	8.5618	5.8907	
1433	22.388	20.558	21.599	15.35	8.5981	5.8503	
1434	22.379	20.546	21.586	15.504	8.9164	6.1849	
1435	22.37	20.534	21.574	15.523	8.856	5.7635	
1436	22.361	20.523	21.561	15.531	8.646	5.9371	
1437	22.352	20.511	21.548	15.437	8.9074	5.8618	
1438	22.343	20.499	21.535	15.329	8.6594	5.9473	
1439	22.335	20.488	21.523	15.448	8.7878	5.9026	
1440	22.326	20.476	21.51	15.332	8.7869	5.8234	
1441	22.317	20.464	21.497	15.418	8.6815	6.0523	
1442	22.308	20.453	21.485	15.471	8.6178	5.804	
1443	22.299	20.441	21.472	15.352	8.745	5.9607	
1444	22.29	20.429	21.459	15.461	8.7728	5.754	
1445	22.282	20.418	21.447	15.33	8.7337	5.8418	
1446	22.273	20.406	21.434	15.463	8.6349	5.8148	
1447	22.264	20.395	21.422	15.435	8.7027	5.7187	
1448	22.255	20.383	21.409	15.418	8.6759	5.8657	
1449	22.246	20.372	21.397	15.369	8.7286	5.8616	
1450	22.238	20.36	21.384	15.389	8.7223	5.7667	
1451	22.229	20.349	21.372	15.439	8.6835	5.8613	
1452	22.22	20.337	21.359	15.461	8.7416	5.9121	
1453	22.212	20.326	21.347	15.432	8.7434	5.9344	
1454	22.203	20.314	21.334	15.347	8.6775	5.7013	
1455	22.194	20.303	21.322	15.416	8.7501	5.778	
1456	22.186	20.291	21.309	15.442	8.7139	5.8162	
1457	22.177	20.28	21.297	15.384	8.5911	5.8161	
1458	22.168	20.269	21.284	15.382	8.7003	5.8269	
1459	22.16	20.257	21.272	15.364	8.5653	5.7475	
1460	22.151	20.246	21.259	15.406	8.6329	5.8577	
1461	22.143	20.234	21.247	15.425	8.6263	5.8131	
1462	22.134	20.223	21.235	15.392	8.6402	5.8205	
1463	22.126	20.212	21.222	15.378	8.6426	5.7707	
1464	22.117	20.201	21.21	15.356	8.6674	5.7556	
1465	22.109	20.189	21.198	15.367	8.7009	5.7782	
1466	22.1	20.178	21.185	15.362	8.5979	5.8152	
1467	22.092	20.167	21.173	15.382	8.6242	5.8072	
1468	22.083	20.156	21.161	15.351	8.6378	5.7845	
1469	22.075	20.144	21.149	15.375	8.6157	5.7777	
1470	22.066	20.133	21.136	15.368	8.6027	5.7829	
1471	22.058	20.122	21.124	15.371	8.6274	5.7814	
1472	22.049	20.111	21.112	15.372	8.6286	5.7604	
1473	22.041	20.1	21.1	15.361	8.64	5.7729	
1474	22.033	20.088	21.088	15.364	8.6233	5.7729	
1475	22.024	20.077	21.075	15.367	8.6216	5.7631	
1476	22.016	20.066	21.063	15.361	8.6167	5.7547	
1477	22.007	20.055	21.051	15.367	8.6407	5.7684	
1478	21.999	20.044	21.039	15.372	8.6251	5.7501	
1479	21.991	20.033	21.027	15.364	8.6199	5.7574	
1480	21.983	20.022	21.015	15.365	8.6238	5.7479	
1481	21.974	20.011	21.003	15.366	8.6113	5.7261	
1482	21.966	20	20.99	15.361	8.6283	5.7517	
1483	21.958	19.989	20.978	15.362	8.62	5.7472	
1484	21.95	19.978	20.966	15.378	8.6195	5.7384	
1485	21.941	19.967	20.954	15.355	8.6304	5.737	
1486	21.933	19.956	20.942	15.356	8.5946	5.6973	
1487	21.925	19.945	20.93	15.348	8.6228	5.7008	
1488	21.917	19.934	20.918	15.36	8.6145	5.7232	
1489	21.908	19.923	20.906	15.361	8.6151	5.7038	
1490	21.9	19.912	20.894	15.362	8.5895	5.747	
1491	21.892	19.901	20.882	15.345	8.6053	5.698	
1492	21.884	19.89	20.87	15.351	8.5961	5.7165	
1493	21.876	19.879	20.858	15.341	8.5614	5.7088	
1494	21.868	19.869	20.847	15.341	8.5719	5.697	
1495	21.86	19.858	20.835	15.332	8.5697	5.6877	
1496	21.852	19.847	20.823	15.36	8.6007	5.7053	
1497	21.844	19.836	20.811	15.331	8.5842	5.694	
1498	21.835	19.825	20.799	15.364	8.5808	5.6957	
1499	21.827	19.815	20.787	15.346	8.5729	5.7135	
1500	21.819	19.804	20.775	15.338	8.5688	5.6944	
1501	21.811	19.793	20.764	15.324	8.5615	5.6481	
1502	21.803	19.782	20.752	15.341	8.5663	5.6767	
1503	21.795	19.772	20.74	15.337	8.5858	5.6658	
1504	21.787	19.761	20.728	15.331	8.5525	5.6375	
1505	21.779	19.75	20.716	15.336	8.5556	5.6753	
1506	21.771	19.739	20.705	15.327	8.5511	5.6423	
1507	21.764	19.729	20.693	15.311	8.5398	5.6658	
1508	21.756	19.718	20.681	15.308	8.5416	5.6703	
1509	21.748	19.707	20.669	15.345	8.5427	5.6533	
1510	21.74	19.697	20.658	15.333	8.5601	5.6374	
1511	21.732	19.686	20.646	15.339	8.555	5.6471	
1512	21.724	19.676	20.634	15.33	8.5822	5.6517	
1513	21.716	19.665	20.623	15.364	8.5032	5.6648	
1514	21.708	19.654	20.611	15.322	8.5396	5.6835	
1515	21.7	19.644	20.599	15.295	8.5603	5.6483	
1516	21.693	19.633	20.588	15.318	8.5056	5.6522	
1517	21.685	19.623	20.576	15.315	8.5658	5.6102	
1518	21.677	19.612	20.565	15.295	8.5482	5.6359	
1519	21.669	19.602	20.553	15.297	8.5464	5.6432	
1520	21.662	19.591	20.541	15.291	8.534	5.6375	
1521	21.654	19.581	20.53	15.314	8.4871	5.5673	
1522	21.646	19.57	20.518	15.294	8.5187	5.5965	
1523	21.638	19.56	20.507	15.298	8.5355	5.6022	
1524	21.631	19.55	20.495	15.33	8.5488	5.6586	
1525	21.623	19.539	20.484	15.314	8.5414	5.6269	
1526	21.615	19.529	20.472	15.292	8.5151	5.6013	
1527	21.607	19.518	20.461	15.3	8.528	5.6024	
1528	21.6	19.508	20.449	15.288	8.5465	5.6141	
1529	21.592	19.497	20.438	15.293	8.4942	5.5902	
1530	21.584	19.487	20.426	15.303	8.5058	5.6026	
1531	21.577	19.477	20.415	15.28	8.4914	5.604	
1532	21.569	19.466	20.403	15.308	8.4916	5.603	
1533	21.562	19.456	20.392	15.284	8.4702	5.5967	
1534	21.554	19.446	20.381	15.305	8.4793	5.6376	
1535	21.546	19.436	20.369	15.298	8.4926	5.5712	
1536	21.539	19.425	20.358	15.276	8.4891	5.5791	
1537	21.531	19.415	20.347	15.283	8.4941	5.5846	
1538	21.524	19.405	20.335	15.277	8.5252	5.5789	
1539	21.516	19.395	20.324	15.294	8.4816	5.577	
1540	21.509	19.384	20.313	15.287	8.4628	5.578	
1541	21.501	19.374	20.301	15.275	8.4525	5.5494	
1542	21.494	19.364	20.29	15.281	8.4651	5.5754	
1543	21.486	19.354	20.279	15.279	8.4722	5.544	
1544	21.479	19.344	20.267	15.282	8.4897	5.5788	
1545	21.471	19.333	20.256	15.263	8.493	5.5536	
1546	21.464	19.323	20.245	15.278	8.4662	5.5539	
1547	21.456	19.313	20.234	15.274	8.4734	5.5453	
1548	21.449	19.303	20.222	15.277	8.4642	5.5399	
1549	21.441	19.293	20.211	15.277	8.4838	5.5347	
1550	21.434	19.283	20.2	15.282	8.4621	5.5433	
1551	21.427	19.273	20.189	15.26	8.4848	5.5405	
1552	21.419	19.263	20.178	15.272	8.4641	5.5476	
1553	21.412	19.253	20.167	15.253	8.4528	5.5522	
1554	21.404	19.242	20.155	15.262	8.4672	5.5335	
1555	21.397	19.232	20.144	15.281	8.442	5.52	
1556	21.39	19.222	20.133	15.259	8.4567	5.5561	
1557	21.382	19.212	20.122	15.253	8.4481	5.5181	
1558	21.375	19.202	20.111	15.256	8.4504	5.5207	
1559	21.368	19.192	20.1	15.276	8.4324	5.4932	
1560	21.361	19.182	20.089	15.271	8.4614	5.517	
1561	21.353	19.173	20.078	15.28	8.463	5.5073	
1562	21.346	19.163	20.067	15.286	8.4263	5.5184	
1563	21.339	19.153	20.056	15.246	8.4494	5.5213	
1564	21.332	19.143	20.045	15.253	8.4738	5.4959	
1565	21.324	19.133	20.034	15.26	8.475	5.4892	
1566	21.317	19.123	20.023	15.25	8.4211	5.471	
1567	21.31	19.113	20.012	15.272	8.4036	5.5013	
1568	21.303	19.103	20.001	15.254	8.4459	5.5132	
1569	21.295	19.093	19.99	15.273	8.4673	5.5183	
1570	21.288	19.083	19.979	15.258	8.4541	5.5109	
1571	21.281	19.074	19.968	15.251	8.43	5.5032	
1572	21.274	19.064	19.957	15.247	8.4216	5.516	
1573	21.267	19.054	19.946	15.253	8.4038	5.4898	
1574	21.26	19.044	19.935	15.271	8.4254	5.4739	
1575	21.253	19.034	19.924	15.231	8.4078	5.4942	
1576	21.245	19.025	19.913	15.249	8.3978	5.4296	
1577	21.238	19.015	19.902	15.217	8.3749	5.4756	
1578	21.231	19.005	19.891	15.237	8.4288	5.4607	
1579	21.224	18.995	19.881	15.228	8.4205	5.4795	
1580	21.217	18.986	19.87	15.239	8.3869	5.4487	
1581	21.21	18.976	19.859	15.234	8.4189	5.4105	
1582	21.203	18.966	19.848	15.257	8.4008	5.48	
1583	21.196	18.957	19.837	15.226	8.4345	5.4544	
1584	21.189	18.947	19.827	15.259	8.3606	5.4227	
1585	21.182	18.937	19.816	15.244	8.4289	5.4566	
1586	21.175	18.928	19.805	15.233	8.3734	5.502	
1587	21.168	18.918	19.794	15.238	8.4237	5.4611	
1588	21.161	18.908	19.783	15.245	8.3774	5.3926	
1589	21.154	18.899	19.773	15.215	8.3875	5.4566	
1590	21.147	18.889	19.762	15.228	8.3519	5.4219	
1591	21.14	18.879	19.751	15.219	8.3652	5.442	
1592	21.133	18.87	19.741	15.22	8.4063	5.4059	
1593	21.126	18.86	19.73	15.242	8.3902	5.4055	
1594	21.119	18.851	19.719	15.227	8.3533	5.4718	
1595	21.112	18.841	19.709	15.251	8.3693	5.388	
1596	21.106	18.832	19.698	15.218	8.396	5.4089	
1597	21.099	18.822	19.687	15.224	8.3787	5.4234	
1598	21.092	18.813	19.677	15.233	8.3674	5.3693	
1599	21.085	18.803	19.666	15.229	8.3583	5.4027	
1600	21.078	18.794	19.655	15.215	8.372	5.3582	
1601	21.071	18.784	19.645	15.245	8.3609	5.4297	
1602	21.064	18.775	19.634	15.238	8.3485	5.3855	
1603	21.058	18.765	19.624	15.243	8.3307	5.3756	
1604	21.051	18.756	19.613	15.231	8.3665	5.3766	
1605	21.044	18.746	19.603	15.219	8.355	5.4195	
1606	21.037	18.737	19.592	15.218	8.3515	5.381	
1607	21.03	18.728	19.582	15.236	8.3546	5.3807	
1608	21.024	18.718	19.571	15.198	8.3743	5.3834	
1609	21.017	18.709	19.56	15.209	8.3542	5.3865	
1610	21.01	18.699	19.55	15.217	8.3669	5.3679	
1611	21.003	18.69	19.539	15.223	8.3448	5.3933	
1612	20.997	18.681	19.529	15.243	8.3307	5.3638	
1613	20.99	18.671	19.519	15.178	8.3644	5.3728	
1614	20.983	18.662	19.508	15.202	8.361	5.4227	
1615	20.977	18.653	19.498	15.227	8.3397	5.3958	
1616	20.97	18.644	19.487	15.22	8.3127	5.3666	
1617	20.963	18.634	19.477	15.246	8.3553	5.3936	
1618	20.957	18.625	19.466	15.226	8.3236	5.3726	
1619	20.95	18.616	19.456	15.199	8.3466	5.3731	
1620	20.943	18.606	19.446	15.181	8.3603	5.3781	
1621	20.937	18.597	19.435	15.208	8.3253	5.3494	
1622	20.93	18.588	19.425	15.178	8.3112	5.3902	
1623	20.923	18.579	19.415	15.171	8.3181	5.3343	
1624	20.917	18.57	19.404	15.213	8.3478	5.3601	
1625	20.91	18.56	19.394	15.221	8.3268	5.3138	
1626	20.904	18.551	19.384	15.189	8.3195	5.3457	
1627	20.897	18.542	19.373	15.194	8.2845	5.3273	
1628	20.89	18.533	19.363	15.187	8.3499	5.3401	
1629	20.884	18.524	19.353	15.19	8.342	5.3735	
1630	20.877	18.514	19.342	15.179	8.3391	5.3371	
1631	20.871	18.505	19.332	15.173	8.3154	5.3855	
1632	20.864	18.496	19.322	15.186	8.35	5.3166	
1633	20.858	18.487	19.312	15.203	8.3497	5.3381	
1634	20.851	18.478	19.301	15.171	8.297	5.3258	
1635	20.845	18.469	19.291	15.194	8.3312	5.3287	
1636	20.838	18.46	19.281	15.188	8.3212	5.3036	
1637	20.832	18.451	19.271	15.199	8.3059	5.3668	
1638	20.825	18.442	19.261	15.222	8.2801	5.3259	
1639	20.819	18.433	19.25	15.182	8.3194	5.2974	
1640	20.813	18.424	19.24	15.173	8.2818	5.3281	
1641	20.806	18.415	19.23	15.175	8.354	5.2891	
1642	20.8	18.406	19.22	15.205	8.2703	5.335	
1643	20.793	18.397	19.21	15.19	8.3112	5.2849	
1644	20.787	18.388	19.2	15.187	8.2906	5.3078	
1645	20.78	18.379	19.19	15.188	8.2927	5.329	
1646	20.774	18.37	19.179	15.208	8.31	5.2496	
1647	20.768	18.361	19.169	15.15	8.3281	5.3322	
1648	20.761	18.352	19.159	15.196	8.214	5.2562	
1649	20.755	18.343	19.149	15.203	8.3041	5.32	
1650	20.749	18.334	19.139	15.183	8.3097	5.3172	
1651	20.742	18.325	19.129	15.183	8.2823	5.2789	
1652	20.736	18.316	19.119	15.167	8.2903	5.2806	
1653	20.73	18.307	19.109	15.222	8.273	5.3132	
1654	20.723	18.298	19.099	15.187	8.2721	5.3	
1655	20.717	18.289	19.089	15.181	8.3124	5.2674	
1656	20.711	18.281	19.079	15.178	8.2858	5.2886	
1657	20.704	18.272	19.069	15.182	8.2736	5.2715	
1658	20.698	18.263	19.059	15.168	8.2909	5.2684	
1659	20.692	18.254	19.049	15.198	8.2389	5.2994	
1660	20.686	18.245	19.039	15.134	8.2013	5.3163	
1661	20.679	18.236	19.029	15.18	8.22	5.277	
1662	20.673	18.228	19.019	15.141	8.2754	5.2561	
1663	20.667	18.219	19.009	15.16	8.3068	5.3083	
1664	20.661	18.21	18.999	15.139	8.2076	5.1903	
1665	20.655	18.201	18.989	15.134	8.2768	5.2901	
1666	20.648	18.193	18.98	15.203	8.2376	5.2267	
1667	20.642	18.184	18.97	15.116	8.178	5.2636	
1668	20.636	18.175	18.96	15.094	8.2587	5.2816	
1669	20.63	18.166	18.95	15.177	8.2221	5.1642	
1670	20.624	18.158	18.94	15.177	8.3188	5.28	
1671	20.617	18.149	18.93	15.144	8.2985	5.1962	
1672	20.611	18.14	18.92	15.205	8.2434	5.1552	
1673	20.605	18.132	18.911	15.194	8.2671	5.2595	
1674	20.599	18.123	18.901	15.196	8.273	5.2443	
1675	20.593	18.114	18.891	15.123	8.1082	5.2754	
1676	20.587	18.106	18.881	15.177	8.2951	5.2414	
1677	20.581	18.097	18.871	15.141	8.2686	5.3115	
1678	20.575	18.088	18.862	15.131	8.1656	5.2901	
1679	20.569	18.08	18.852	15.153	8.2106	5.2576	
1680	20.562	18.071	18.842	15.136	8.2649	5.3272	
1681	20.556	18.062	18.832	15.15	8.3289	5.2473	
1682	20.55	18.054	18.823	15.105	8.2398	5.2015	
1683	20.544	18.045	18.813	15.132	8.2922	5.1972	
1684	20.538	18.037	18.803	15.112	8.2552	5.3479	
1685	20.532	18.028	18.793	15.14	8.0623	5.0309	
1686	20.526	18.02	18.784	15.254	8.287	5.2897	
1687	20.52	18.011	18.774	15.066	8.3556	5.4453	
1688	20.514	18.002	18.764	15.075	8.27	5.2045	
1689	20.508	17.994	18.755	15.151	8.2085	5.0922	
1690	20.502	17.985	18.745	15.044	8.425	5.2279	
1691	20.496	17.977	18.735	15.226	8.1621	5.1941	
1692	20.49	17.968	18.726	15.228	8.4692	5.2754	
1693	20.484	17.96	18.716	14.99	8.3545	5.5722	
1694	20.478	17.951	18.707	14.9	8.082	5.2263	
1695	20.472	17.943	18.697	15.192	8.4939	5.4261	
1696	20.467	17.935	18.687	15.082	8.2301	5.4347	
1697	20.461	17.926	18.678	15.142	8.3357	5.437	
1698	20.455	17.918	18.668	14.719	8.2576	4.9981	
1699	20.449	17.909	18.659	14.916	8.6842	5.3629	
1700	20.443	17.901	18.649	14.932	8.1696	5.1826	
