	65	70	75	65	70	75	
300	34.032	30.944	26.724	37.511	37.209	37.514	
301	33.732	30.508	26.028	37.295	36.907	37.453	
302	33.447	30.091	25.358	37.087	36.772	37.279	
303	33.175	29.692	24.711	37.019	36.553	37.024	
304	32.916	29.311	24.091	36.99	36.489	37.052	
305	32.671	28.949	23.5	36.884	36.423	36.867	
306	32.437	28.604	22.937	36.614	36.185	36.77	
307	32.216	28.278	22.406	36.511	36.277	36.641	
308	32.006	27.97	21.909	36.334	36.128	36.541	
309	31.808	27.68	21.446	36.365	35.959	36.377	
310	31.62	27.407	21.02	36.171	35.873	36.379	
311	31.443	27.153	20.633	36.159	35.715	36.319	
312	31.277	26.916	20.286	36.209	35.719	36.207	
313	31.12	26.697	19.98	35.89	35.526	36.139	
314	30.972	26.496	19.716	35.955	35.547	35.953	
315	30.835	26.313	19.496	35.892	35.364	35.909	
316	30.707	26.147	19.319	35.798	35.418	35.815	
317	30.587	25.999	19.185	35.661	35.298	35.754	
318	30.476	25.868	19.094	35.561	35.153	35.59	
319	30.375	25.755	19.046	35.518	35.053	35.611	
320	30.282	25.658	19.039	35.535	35.035	35.459	
321	30.197	25.578	19.07	35.427	34.977	35.375	
322	30.12	25.514	19.14	35.393	34.901	35.332	
323	30.051	25.466	19.245	35.355	34.78	35.278	
324	29.99	25.434	19.383	35.23	34.786	35.152	
325	29.937	25.417	19.551	35.241	34.578	35.091	
326	29.892	25.415	19.748	35.155	34.568	35.032	
327	29.854	25.428	19.97	35.062	34.546	34.927	
328	29.824	25.454	20.215	35.028	34.498	34.847	
329	29.801	25.494	20.481	34.999	34.432	34.774	
330	29.786	25.548	20.766	35.011	34.459	34.767	
331	29.778	25.613	21.066	34.888	34.365	34.712	
332	29.777	25.691	21.38	34.842	34.23	34.555	
333	29.783	25.781	21.706	34.885	34.182	34.577	
334	29.796	25.881	22.042	34.798	34.161	34.525	
335	29.816	25.993	22.387	34.731	34.097	34.447	
336	29.843	26.114	22.738	34.609	34.041	34.358	
337	29.876	26.245	23.096	34.687	34.006	34.353	
338	29.917	26.386	23.459	34.632	33.962	34.303	
339	29.965	26.536	23.825	34.529	33.832	34.23	
340	30.019	26.694	24.194	34.579	33.724	34.179	
341	30.08	26.861	24.565	34.486	33.766	34.165	
342	30.147	27.036	24.937	34.466	33.725	34.1	
343	30.221	27.218	25.311	34.549	33.733	34.023	
344	30.302	27.407	25.685	34.521	33.702	33.95	
345	30.39	27.603	26.059	34.424	33.661	33.933	
346	30.484	27.807	26.433	34.455	33.622	33.892	
347	30.585	28.017	26.806	34.458	33.593	33.865	
348	30.693	28.234	27.18	34.377	33.616	33.812	
349	30.809	28.458	27.554	34.389	33.625	33.81	
350	30.932	28.689	27.928	34.388	33.625	33.767	
351	31.064	28.928	28.303	34.35	33.524	33.743	
352	31.204	29.175	28.68	34.396	33.574	33.8	
353	31.353	29.43	29.059	34.351	33.52	33.614	
354	31.513	29.695	29.442	34.458	33.583	33.722	
355	31.682	29.97	29.829	34.599	33.444	33.575	
356	31.861	30.255	30.221	34.579	33.535	33.58	
357	32.051	30.549	30.618	34.514	33.694	33.653	
358	32.248	30.851	31.019	34.45	33.599	33.561	
359	32.452	31.16	31.423	34.557	33.626	33.604	
360	32.659	31.472	31.827	34.568	33.602	33.533	
361	32.866	31.782	32.226	34.519	33.534	33.614	
362	33.067	32.087	32.617	34.468	33.471	33.318	
363	33.259	32.381	32.994	34.502	33.373	33.27	
364	33.437	32.659	33.354	34.485	33.406	33.141	
365	33.599	32.919	33.693	34.48	33.239	33.257	
366	33.743	33.158	34.008	34.43	33.18	32.916	
367	33.867	33.375	34.299	34.217	33.026	32.627	
368	33.973	33.57	34.565	34.2	33.006	32.484	
369	34.058	33.742	34.806	34.034	32.568	32.257	
370	34.125	33.892	35.022	33.841	32.395	31.955	
371	34.177	34.025	35.219	33.737	32.227	31.762	
372	34.218	34.143	35.4	33.555	32.089	31.437	
373	34.249	34.25	35.565	33.39	31.779	31.262	
374	34.273	34.347	35.719	33.076	31.523	30.992	
375	34.292	34.437	35.863	32.972	31.289	30.557	
376	34.308	34.521	36	32.744	31.026	30.281	
377	34.322	34.602	36.13	32.512	30.758	29.935	
378	34.335	34.679	36.256	32.361	30.452	29.755	
379	34.349	34.755	36.377	32.152	30.302	29.525	
380	34.363	34.831	36.497	31.847	30.094	29.22	
381	34.38	34.907	36.615	31.78	29.805	28.874	
382	34.399	34.985	36.733	31.618	29.702	28.718	
383	34.421	35.063	36.851	31.407	29.37	28.494	
384	34.446	35.143	36.968	31.178	29.194	28.195	
385	34.473	35.225	37.086	31.074	29.021	28.069	
386	34.504	35.309	37.204	30.864	28.789	27.848	
387	34.538	35.395	37.324	30.652	28.633	27.637	
388	34.576	35.484	37.444	30.583	28.41	27.476	
389	34.617	35.575	37.567	30.461	28.307	27.256	
390	34.662	35.669	37.69	30.26	28.108	27.05	
391	34.711	35.766	37.816	30.191	27.915	26.895	
392	34.763	35.866	37.944	29.981	27.735	26.665	
393	34.82	35.968	38.073	29.878	27.587	26.582	
394	34.88	36.074	38.205	29.682	27.397	26.4	
395	34.944	36.183	38.339	29.63	27.355	26.298	
396	35.012	36.295	38.476	29.422	27.142	26.077	
397	35.084	36.41	38.615	29.335	27.036	25.925	
398	35.159	36.529	38.757	29.275	26.882	25.776	
399	35.238	36.65	38.902	29.093	26.69	25.637	
400	35.321	36.775	39.049	29.072	26.6	25.423	
401	35.407	36.903	39.199	28.922	26.451	25.337	
402	35.497	37.034	39.351	28.768	26.379	25.181	
403	35.59	37.168	39.507	28.682	26.196	25.041	
404	35.686	37.304	39.665	28.573	26.143	24.894	
405	35.785	37.444	39.826	28.511	25.929	24.83	
406	35.888	37.586	39.99	28.418	25.831	24.647	
407	35.993	37.732	40.156	28.306	25.691	24.585	
408	36.1	37.879	40.325	28.204	25.67	24.441	
409	36.211	38.03	40.497	28.091	25.533	24.21	
410	36.324	38.183	40.672	28.031	25.423	24.179	
411	36.439	38.339	40.85	27.868	25.362	24.088	
412	36.557	38.497	41.031	27.819	25.199	23.977	
413	36.678	38.658	41.215	27.751	25.068	23.815	
414	36.801	38.822	41.401	27.647	25.046	23.779	
415	36.926	38.988	41.59	27.567	24.906	23.666	
416	37.053	39.156	41.783	27.436	24.81	23.564	
417	37.182	39.327	41.978	27.395	24.667	23.442	
418	37.314	39.5	42.177	27.242	24.576	23.314	
419	37.448	39.676	42.379	27.24	24.539	23.278	
420	37.584	39.854	42.584	27.177	24.391	23.051	
421	37.722	40.035	42.792	26.993	24.277	23.05	
422	37.862	40.218	43.003	27.016	24.164	22.99	
423	38.004	40.404	43.218	26.934	24.088	22.879	
424	38.149	40.592	43.436	26.867	24.049	22.714	
425	38.295	40.783	43.658	26.755	23.89	22.644	
426	38.443	40.977	43.883	26.651	23.86	22.58	
427	38.594	41.173	44.111	26.553	23.755	22.538	
428	38.746	41.371	44.344	26.479	23.663	22.372	
429	38.901	41.573	44.58	26.519	23.569	22.282	
430	39.057	41.776	44.819	26.369	23.426	22.284	
431	39.216	41.983	45.063	26.264	23.503	22.162	
432	39.376	42.192	45.31	26.276	23.311	21.984	
433	39.539	42.404	45.562	26.141	23.339	21.941	
434	39.703	42.619	45.817	26.086	23.175	21.795	
435	39.869	42.836	46.076	26.006	23.033	21.804	
436	40.038	43.056	46.339	25.973	22.899	21.543	
437	40.208	43.279	46.607	25.893	22.922	21.617	
438	40.38	43.504	46.879	25.872	22.893	21.469	
439	40.554	43.733	47.154	25.71	22.818	21.435	
440	40.73	43.964	47.435	25.695	22.639	21.343	
441	40.909	44.198	47.719	25.63	22.648	21.261	
442	41.088	44.435	48.008	25.588	22.648	21.104	
443	41.27	44.674	48.302	25.507	22.442	21.184	
444	41.454	44.917	48.6	25.556	22.424	20.985	
445	41.64	45.162	48.902	25.392	22.277	20.91	
446	41.827	45.41	49.209	25.234	22.293	20.863	
447	42.017	45.661	49.521	25.292	22.112	20.749	
448	42.208	45.915	49.838	25.195	22.141	20.723	
449	42.401	46.172	50.159	25.183	22.026	20.627	
450	42.596	46.431	50.485	25.118	21.916	20.654	
451	42.793	46.694	50.816	25.118	21.857	20.554	
452	42.991	46.959	51.151	25.026	21.784	20.444	
453	43.192	47.227	51.492	24.922	21.755	20.443	
454	43.394	47.498	51.837	24.835	21.684	20.273	
455	43.598	47.772	52.187	24.769	21.671	20.279	
456	43.803	48.049	52.542	24.72	21.58	20.095	
457	44.011	48.328	52.902	24.709	21.546	20.092	
458	44.22	48.61	53.268	24.66	21.441	20.062	
459	44.43	48.895	53.638	24.663	21.481	19.975	
460	44.642	49.183	54.013	24.545	21.331	19.906	
461	44.856	49.473	54.393	24.62	21.233	19.818	
462	45.072	49.766	54.778	24.431	21.183	19.772	
463	45.289	50.062	55.167	24.46	21.21	19.722	
464	45.507	50.36	55.562	24.327	21.031	19.609	
465	45.727	50.661	55.962	24.36	21.017	19.608	
466	45.948	50.965	56.367	24.267	20.954	19.454	
467	46.171	51.27	56.776	24.206	20.854	19.484	
468	46.395	51.579	57.191	24.17	20.799	19.396	
469	46.621	51.889	57.61	24.092	20.77	19.34	
470	46.847	52.202	58.034	24.061	20.699	19.193	
471	47.075	52.517	58.462	24.012	20.652	19.217	
472	47.304	52.835	58.896	23.934	20.679	19.142	
473	47.534	53.154	59.333	23.947	20.517	19.035	
474	47.766	53.476	59.776	23.908	20.509	19.076	
475	47.998	53.799	60.222	23.846	20.472	18.955	
476	48.231	54.124	60.673	23.824	20.439	18.928	
477	48.466	54.451	61.129	23.74	20.279	18.806	
478	48.701	54.78	61.588	23.684	20.28	18.775	
479	48.936	55.11	62.051	23.667	20.197	18.72	
480	49.173	55.441	62.518	23.599	20.142	18.638	
481	49.41	55.774	62.989	23.572	20.093	18.615	
482	49.648	56.108	63.464	23.495	20.1	18.561	
483	49.886	56.443	63.941	23.543	20.037	18.524	
484	50.125	56.78	64.422	23.447	19.952	18.437	
485	50.364	57.117	64.907	23.405	19.904	18.479	
486	50.604	57.454	65.394	23.388	19.787	18.36	
487	50.843	57.792	65.883	23.308	19.783	18.254	
488	51.083	58.131	66.375	23.318	19.714	18.213	
489	51.323	58.469	66.87	23.228	19.691	18.178	
490	51.563	58.808	67.366	23.239	19.606	18.185	
491	51.802	59.146	67.864	23.162	19.598	18.078	
492	52.042	59.485	68.363	23.125	19.513	18.036	
493	52.281	59.822	68.863	23.098	19.505	17.975	
494	52.52	60.159	69.365	23.049	19.475	17.976	
495	52.758	60.495	69.866	23.039	19.452	17.877	
496	52.996	60.83	70.368	22.991	19.38	17.876	
497	53.232	61.163	70.869	22.952	19.303	17.874	
498	53.469	61.495	71.37	22.922	19.281	17.787	
499	53.704	61.824	71.869	22.888	19.204	17.73	
500	53.938	62.152	72.367	22.873	19.164	17.653	
501	54.17	62.478	72.862	22.799	19.155	17.607	
502	54.402	62.801	73.355	22.748	19.072	17.553	
503	54.632	63.12	73.844	22.745	19.08	17.515	
504	54.861	63.437	74.329	22.67	18.989	17.461	
505	55.088	63.75	74.809	22.66	18.966	17.426	
506	55.314	64.06	75.284	22.59	18.9	17.357	
507	55.537	64.366	75.752	22.573	18.858	17.36	
508	55.759	64.667	76.213	22.544	18.831	17.264	
509	55.978	64.964	76.665	22.54	18.784	17.234	
510	56.196	65.256	77.108	22.464	18.744	17.185	
511	56.411	65.542	77.54	22.441	18.672	17.172	
512	56.623	65.823	77.96	22.411	18.653	17.095	
513	56.833	66.098	78.366	22.38	18.604	17.039	
514	57.04	66.367	78.757	22.329	18.581	17.008	
515	57.244	66.629	79.132	22.323	18.521	16.956	
516	57.446	66.885	79.488	22.272	18.488	16.925	
517	57.644	67.133	79.823	22.233	18.453	16.889	
518	57.839	67.374	80.135	22.213	18.429	16.8	
519	58.03	67.607	80.423	22.156	18.383	16.8	
520	58.218	67.832	80.684	22.155	18.329	16.783	
521	58.403	68.049	80.916	22.107	18.281	16.705	
522	58.584	68.256	81.117	22.082	18.236	16.682	
523	58.761	68.455	81.285	22.044	18.197	16.633	
524	58.934	68.644	81.418	22.008	18.175	16.576	
525	59.103	68.824	81.516	21.973	18.11	16.541	
526	59.267	68.994	81.577	21.948	18.101	16.479	
527	59.428	69.154	81.601	21.919	18.041	16.467	
528	59.584	69.303	81.589	21.871	18.015	16.444	
529	59.735	69.442	81.54	21.848	17.935	16.346	
530	59.883	69.571	81.457	21.807	17.963	16.332	
531	60.025	69.688	81.34	21.787	17.894	16.282	
532	60.162	69.795	81.193	21.792	17.872	16.249	
533	60.295	69.89	81.016	21.715	17.836	16.21	
534	60.422	69.974	80.812	21.688	17.765	16.173	
535	60.545	70.047	80.584	21.675	17.736	16.118	
536	60.662	70.109	80.333	21.642	17.728	16.071	
537	60.774	70.16	80.063	21.635	17.67	16.051	
538	60.881	70.199	79.776	21.595	17.649	16.008	
539	60.983	70.227	79.473	21.569	17.626	15.99	
540	61.079	70.243	79.156	21.55	17.587	15.938	
541	61.17	70.249	78.827	21.51	17.537	15.923	
542	61.256	70.244	78.488	21.482	17.509	15.858	
543	61.336	70.228	78.141	21.476	17.461	15.814	
544	61.41	70.201	77.786	21.431	17.422	15.773	
545	61.479	70.164	77.424	21.41	17.437	15.761	
546	61.543	70.117	77.058	21.352	17.352	15.71	
547	61.6	70.06	76.687	21.367	17.317	15.707	
548	61.653	69.993	76.313	21.329	17.285	15.648	
549	61.7	69.918	75.936	21.326	17.238	15.622	
550	61.741	69.832	75.557	21.261	17.228	15.591	
551	61.777	69.738	75.177	21.239	17.193	15.54	
552	61.807	69.636	74.795	21.241	17.157	15.508	
553	61.832	69.525	74.414	21.207	17.129	15.477	
554	61.851	69.407	74.033	21.168	17.077	15.44	
555	61.865	69.28	73.652	21.16	17.056	15.395	
556	61.874	69.147	73.272	21.131	17.016	15.362	
557	61.877	69.007	72.893	21.103	16.947	15.317	
558	61.875	68.86	72.515	21.084	16.962	15.3	
559	61.868	68.707	72.14	21.046	16.928	15.278	
560	61.856	68.548	71.766	21.019	16.886	15.228	
561	61.839	68.383	71.394	21.007	16.84	15.186	
562	61.816	68.213	71.024	21	16.812	15.184	
563	61.789	68.038	70.657	20.961	16.801	15.133	
564	61.758	67.859	70.293	20.944	16.75	15.126	
565	61.721	67.675	69.931	20.9	16.721	15.064	
566	61.68	67.487	69.572	20.879	16.684	15.074	
567	61.635	67.295	69.216	20.845	16.66	15.01	
568	61.585	67.1	68.862	20.818	16.626	14.969	
569	61.53	66.901	68.512	20.805	16.591	14.939	
570	61.472	66.699	68.165	20.791	16.566	14.891	
571	61.409	66.494	67.822	20.756	16.54	14.877	
572	61.343	66.287	67.481	20.734	16.528	14.866	
573	61.272	66.078	67.144	20.719	16.489	14.815	
574	61.198	65.866	66.81	20.685	16.473	14.755	
575	61.12	65.652	66.479	20.662	16.434	14.74	
576	61.039	65.437	66.151	20.631	16.404	14.719	
577	60.954	65.22	65.827	20.644	16.385	14.694	
578	60.866	65.002	65.507	20.618	16.331	14.681	
579	60.774	64.782	65.19	20.576	16.316	14.62	
580	60.68	64.562	64.876	20.577	16.277	14.621	
581	60.582	64.341	64.565	20.535	16.251	14.584	
582	60.482	64.119	64.258	20.524	16.22	14.522	
583	60.378	63.896	63.954	20.504	16.18	14.507	
584	60.272	63.673	63.654	20.492	16.17	14.517	
585	60.164	63.45	63.357	20.442	16.155	14.449	
586	60.053	63.226	63.063	20.431	16.123	14.417	
587	59.939	63.002	62.772	20.436	16.098	14.362	
588	59.824	62.779	62.485	20.408	16.07	14.357	
589	59.706	62.555	62.201	20.364	16.041	14.332	
590	59.586	62.332	61.92	20.345	16.005	14.287	
591	59.464	62.109	61.643	20.333	15.99	14.25	
592	59.34	61.886	61.369	20.31	15.918	14.221	
593	59.215	61.664	61.098	20.296	15.969	14.198	
594	59.088	61.442	60.83	20.283	15.892	14.209	
595	58.959	61.221	60.565	20.24	15.88	14.155	
596	58.829	61.001	60.303	20.22	15.879	14.124	
597	58.697	60.782	60.044	20.21	15.839	14.089	
598	58.564	60.563	59.788	20.202	15.8	14.07	
599	58.429	60.345	59.536	20.184	15.748	14.033	
600	58.294	60.128	59.286	20.146	15.774	14.024	
601	58.157	59.912	59.039	20.111	15.734	13.982	
602	58.019	59.697	58.795	20.089	15.676	13.946	
603	57.881	59.483	58.554	20.073	15.681	13.918	
604	57.741	59.27	58.315	20.062	15.645	13.915	
605	57.601	59.059	58.08	20.041	15.608	13.859	
606	57.46	58.848	57.847	20.03	15.616	13.815	
607	57.318	58.638	57.617	19.998	15.592	13.779	
608	57.175	58.43	57.389	20.014	15.535	13.804	
609	57.032	58.223	57.165	19.982	15.547	13.748	
610	56.889	58.018	56.943	19.959	15.505	13.733	
611	56.745	57.813	56.723	19.939	15.468	13.708	
612	56.601	57.61	56.506	19.937	15.48	13.705	
613	56.456	57.408	56.291	19.905	15.44	13.625	
614	56.311	57.208	56.079	19.873	15.416	13.633	
615	56.166	57.008	55.87	19.872	15.373	13.599	
616	56.02	56.811	55.663	19.848	15.366	13.567	
617	55.875	56.614	55.458	19.833	15.339	13.548	
618	55.729	56.419	55.256	19.81	15.324	13.544	
619	55.583	56.225	55.055	19.793	15.289	13.484	
620	55.437	56.033	54.858	19.769	15.26	13.464	
621	55.291	55.842	54.662	19.744	15.245	13.463	
622	55.146	55.653	54.469	19.758	15.223	13.435	
623	55	55.465	54.278	19.727	15.19	13.375	
624	54.854	55.278	54.089	19.705	15.17	13.372	
625	54.709	55.092	53.902	19.678	15.168	13.392	
626	54.564	54.909	53.717	19.681	15.12	13.311	
627	54.419	54.726	53.534	19.667	15.098	13.304	
628	54.274	54.545	53.354	19.638	15.06	13.283	
629	54.129	54.365	53.175	19.635	15.075	13.294	
630	53.985	54.187	52.998	19.57	15.013	13.233	
631	53.841	54.01	52.824	19.565	15.066	13.236	
632	53.698	53.835	52.651	19.575	15.011	13.141	
633	53.555	53.66	52.48	19.564	14.965	13.12	
634	53.412	53.488	52.311	19.51	14.954	13.069	
635	53.27	53.316	52.144	19.493	14.942	13.106	
636	53.128	53.146	51.979	19.49	14.951	13.106	
637	52.986	52.978	51.815	19.498	14.872	13.056	
638	52.845	52.81	51.653	19.454	14.846	13.046	
639	52.705	52.644	51.493	19.459	14.818	13.027	
640	52.564	52.48	51.335	19.425	14.799	13.018	
641	52.425	52.316	51.178	19.452	14.778	12.939	
642	52.286	52.155	51.023	19.402	14.772	12.986	
643	52.147	51.994	50.87	19.387	14.721	12.945	
644	52.01	51.835	50.718	19.404	14.727	12.899	
645	51.872	51.677	50.568	19.385	14.71	12.869	
646	51.735	51.52	50.419	19.341	14.67	12.857	
647	51.599	51.364	50.272	19.34	14.697	12.832	
648	51.464	51.21	50.127	19.298	14.644	12.833	
649	51.329	51.057	49.983	19.29	14.633	12.793	
650	51.194	50.906	49.84	19.268	14.571	12.757	
651	51.061	50.755	49.699	19.249	14.593	12.771	
652	50.928	50.606	49.56	19.245	14.544	12.718	
653	50.795	50.458	49.421	19.224	14.556	12.69	
654	50.663	50.311	49.285	19.213	14.505	12.636	
655	50.532	50.166	49.149	19.188	14.528	12.643	
656	50.402	50.021	49.015	19.173	14.551	12.655	
657	50.272	49.878	48.882	19.182	14.495	12.58	
658	50.143	49.736	48.751	19.145	14.451	12.585	
659	50.014	49.595	48.621	19.135	14.393	12.576	
660	49.886	49.456	48.492	19.131	14.406	12.557	
661	49.759	49.317	48.364	19.149	14.366	12.521	
662	49.633	49.18	48.238	19.141	14.38	12.487	
663	49.507	49.043	48.113	19.085	14.354	12.478	
664	49.382	48.908	47.989	19.067	14.358	12.46	
665	49.257	48.774	47.866	19.05	14.329	12.422	
666	49.134	48.641	47.744	19.037	14.283	12.4	
667	49.011	48.509	47.624	19.049	14.264	12.403	
668	48.888	48.378	47.504	19.03	14.28	12.379	
669	48.766	48.248	47.386	19.015	14.24	12.357	
670	48.646	48.119	47.269	18.996	14.227	12.341	
671	48.525	47.992	47.153	18.983	14.189	12.272	
672	48.406	47.865	47.038	18.968	14.151	12.307	
673	48.287	47.739	46.924	18.924	14.153	12.286	
674	48.169	47.614	46.812	18.939	14.161	12.278	
675	48.051	47.491	46.7	18.916	14.153	12.296	
676	47.934	47.368	46.589	18.918	14.072	12.203	
677	47.818	47.246	46.479	18.905	14.111	12.199	
678	47.703	47.125	46.37	18.877	14.073	12.219	
679	47.588	47.006	46.263	18.874	14.028	12.143	
680	47.474	46.887	46.156	18.865	14.013	12.153	
681	47.36	46.769	46.05	18.846	13.999	12.088	
682	47.248	46.652	45.945	18.845	14.005	12.109	
683	47.136	46.535	45.841	18.808	13.954	12.072	
684	47.024	46.42	45.737	18.784	13.945	12.093	
685	46.914	46.306	45.635	18.793	13.961	12.052	
686	46.804	46.192	45.534	18.775	13.924	12.002	
687	46.694	46.08	45.433	18.777	13.89	11.991	
688	46.586	45.968	45.334	18.772	13.868	11.962	
689	46.477	45.857	45.235	18.761	13.903	11.957	
690	46.37	45.747	45.137	18.716	13.875	11.965	
691	46.263	45.638	45.04	18.724	13.843	11.91	
692	46.157	45.529	44.943	18.709	13.782	11.94	
693	46.052	45.422	44.848	18.696	13.781	11.891	
694	45.947	45.315	44.753	18.682	13.775	11.898	
695	45.843	45.209	44.659	18.653	13.738	11.859	
696	45.74	45.104	44.566	18.654	13.704	11.854	
697	45.637	45	44.473	18.647	13.742	11.818	
698	45.535	44.896	44.382	18.656	13.697	11.76	
699	45.433	44.793	44.291	18.615	13.678	11.745	
700	45.332	44.691	44.2	18.603	13.714	11.763	
701	45.232	44.59	44.111	18.616	13.601	11.754	
702	45.132	44.489	44.022	18.605	13.677	11.742	
703	45.033	44.39	43.934	18.55	13.664	11.695	
704	44.934	44.291	43.846	18.548	13.616	11.689	
705	44.837	44.192	43.76	18.593	13.586	11.663	
706	44.739	44.095	43.674	18.539	13.595	11.627	
707	44.643	43.998	43.588	18.519	13.587	11.625	
708	44.547	43.901	43.503	18.499	13.513	11.634	
709	44.451	43.806	43.419	18.52	13.555	11.58	
710	44.356	43.711	43.336	18.509	13.487	11.628	
711	44.262	43.617	43.253	18.491	13.491	11.511	
712	44.168	43.523	43.171	18.46	13.43	11.505	
713	44.075	43.43	43.089	18.443	13.501	11.532	
714	43.982	43.338	43.008	18.434	13.419	11.487	
715	43.89	43.246	42.928	18.397	13.433	11.469	
716	43.799	43.155	42.848	18.418	13.356	11.374	
717	43.708	43.065	42.769	18.408	13.398	11.468	
718	43.618	42.975	42.69	18.389	13.347	11.371	
719	43.528	42.886	42.612	18.416	13.365	11.461	
720	43.439	42.798	42.535	18.332	13.336	11.414	
721	43.35	42.71	42.458	18.377	13.311	11.389	
722	43.262	42.623	42.381	18.373	13.341	11.365	
723	43.174	42.536	42.305	18.316	13.339	11.362	
724	43.087	42.45	42.23	18.348	13.267	11.357	
725	43.001	42.365	42.155	18.293	13.366	11.278	
726	42.915	42.28	42.081	18.343	13.2	11.279	
727	42.829	42.195	42.007	18.3	13.25	11.255	
728	42.744	42.112	41.934	18.318	13.194	11.255	
729	42.66	42.028	41.861	18.272	13.178	11.254	
730	42.576	41.946	41.789	18.26	13.183	11.173	
731	42.493	41.864	41.717	18.22	13.167	11.208	
732	42.41	41.782	41.646	18.247	13.116	11.197	
733	42.327	41.701	41.575	18.236	13.152	11.165	
734	42.245	41.62	41.505	18.263	13.117	11.143	
735	42.164	41.54	41.435	18.212	13.131	11.119	
736	42.083	41.461	41.365	18.211	13.114	11.12	
737	42.002	41.382	41.296	18.221	13.084	11.153	
738	41.922	41.303	41.228	18.175	13.091	11.076	
739	41.843	41.225	41.16	18.168	13.067	11.094	
740	41.764	41.148	41.092	18.198	13.06	11.074	
741	41.685	41.071	41.025	18.146	13.012	11.072	
742	41.607	40.995	40.958	18.159	13.021	11.016	
743	41.529	40.918	40.892	18.16	13.027	10.987	
744	41.452	40.843	40.826	18.128	13	11.023	
745	41.375	40.768	40.761	18.098	13.023	11.013	
746	41.299	40.693	40.696	18.113	12.97	10.981	
747	41.223	40.619	40.631	18.112	13.001	10.944	
748	41.148	40.545	40.567	18.09	12.967	10.93	
749	41.073	40.472	40.503	18.087	12.928	10.902	
750	40.998	40.399	40.439	18.026	12.909	10.938	
751	40.924	40.327	40.376	18.064	12.892	10.873	
752	40.85	40.255	40.313	18.016	12.923	10.846	
753	40.777	40.184	40.251	18.042	12.881	10.845	
754	40.704	40.113	40.189	18.033	12.862	10.87	
755	40.632	40.042	40.128	17.998	12.896	10.794	
756	40.56	39.972	40.066	18.017	12.83	10.84	
757	40.488	39.902	40.005	18.016	12.778	10.837	
758	40.417	39.833	39.945	17.993	12.814	10.794	
759	40.346	39.764	39.885	17.991	12.817	10.766	
760	40.276	39.695	39.825	17.965	12.743	10.723	
761	40.206	39.627	39.765	17.94	12.757	10.727	
762	40.136	39.559	39.706	17.968	12.744	10.685	
763	40.067	39.492	39.648	17.942	12.757	10.67	
764	39.998	39.425	39.589	17.942	12.75	10.703	
765	39.93	39.358	39.531	17.928	12.723	10.649	
766	39.862	39.292	39.473	17.945	12.732	10.659	
767	39.794	39.226	39.416	17.932	12.689	10.658	
768	39.727	39.161	39.359	17.898	12.676	10.604	
769	39.66	39.095	39.302	17.901	12.684	10.63	
770	39.593	39.031	39.245	17.88	12.632	10.573	
771	39.527	38.966	39.189	17.839	12.621	10.567	
772	39.461	38.902	39.133	17.837	12.664	10.567	
773	39.396	38.839	39.078	17.851	12.613	10.567	
774	39.331	38.775	39.022	17.831	12.605	10.51	
775	39.266	38.712	38.967	17.81	12.584	10.517	
776	39.202	38.65	38.913	17.872	12.563	10.49	
777	39.138	38.588	38.858	17.813	12.541	10.499	
778	39.074	38.526	38.804	17.814	12.507	10.516	
779	39.011	38.464	38.75	17.771	12.515	10.473	
780	38.948	38.403	38.697	17.769	12.529	10.484	
781	38.885	38.342	38.643	17.816	12.552	10.405	
782	38.823	38.281	38.59	17.788	12.453	10.414	
783	38.761	38.221	38.538	17.766	12.44	10.413	
784	38.699	38.161	38.485	17.747	12.468	10.369	
785	38.638	38.101	38.433	17.727	12.424	10.347	
786	38.577	38.042	38.381	17.72	12.435	10.349	
787	38.516	37.983	38.329	17.725	12.412	10.345	
788	38.456	37.924	38.278	17.722	12.394	10.324	
789	38.396	37.866	38.227	17.703	12.376	10.317	
790	38.336	37.808	38.176	17.705	12.403	10.277	
791	38.276	37.75	38.125	17.675	12.368	10.278	
792	38.217	37.692	38.075	17.689	12.361	10.267	
793	38.159	37.635	38.025	17.679	12.381	10.266	
794	38.1	37.578	37.975	17.66	12.327	10.239	
795	38.042	37.521	37.925	17.659	12.309	10.224	
796	37.984	37.465	37.876	17.662	12.313	10.213	
797	37.926	37.409	37.827	17.654	12.325	10.176	
798	37.869	37.353	37.778	17.666	12.323	10.181	
799	37.812	37.298	37.729	17.647	12.261	10.206	
800	37.755	37.242	37.681	17.62	12.266	10.135	
801	37.699	37.187	37.632	17.605	12.279	10.152	
802	37.643	37.133	37.584	17.648	12.257	10.122	
803	37.587	37.078	37.537	17.585	12.228	10.092	
804	37.531	37.024	37.489	17.575	12.219	10.133	
805	37.476	36.97	37.442	17.566	12.198	10.093	
806	37.421	36.917	37.394	17.583	12.17	10.084	
807	37.366	36.863	37.348	17.566	12.126	10.115	
808	37.312	36.81	37.301	17.569	12.174	10.024	
809	37.257	36.757	37.254	17.516	12.099	10.047	
810	37.204	36.705	37.208	17.556	12.165	10.014	
811	37.15	36.652	37.162	17.537	12.131	9.9973	
812	37.096	36.6	37.116	17.532	12.176	10.005	
813	37.043	36.548	37.07	17.542	12.077	9.9926	
814	36.99	36.497	37.025	17.52	12.11	10.013	
815	36.938	36.445	36.98	17.499	12.091	9.9656	
816	36.885	36.394	36.935	17.51	12.082	9.9131	
817	36.833	36.343	36.89	17.487	12.062	9.9298	
818	36.781	36.293	36.845	17.492	12.059	9.9034	
819	36.73	36.242	36.801	17.483	12.042	9.9129	
820	36.678	36.192	36.756	17.46	12.018	9.8719	
821	36.627	36.142	36.712	17.453	12.005	9.8656	
822	36.576	36.092	36.668	17.45	12.012	9.8616	
823	36.526	36.043	36.624	17.451	12.006	9.8525	
824	36.475	35.993	36.581	17.443	12.007	9.8497	
825	36.425	35.944	36.538	17.437	11.988	9.8449	
826	36.375	35.895	36.494	17.433	11.98	9.8362	
827	36.326	35.847	36.451	17.43	11.974	9.8144	
828	36.276	35.798	36.409	17.419	11.964	9.8087	
829	36.227	35.75	36.366	17.407	11.95	9.7941	
830	36.178	35.702	36.323	17.407	11.946	9.8031	
831	36.129	35.654	36.281	17.4	11.919	9.7859	
832	36.081	35.607	36.239	17.384	11.91	9.7662	
833	36.032	35.559	36.197	17.379	11.905	9.7353	
834	35.984	35.512	36.155	17.367	11.897	9.7158	
835	35.937	35.465	36.114	17.36	11.889	9.7177	
836	35.889	35.419	36.072	17.358	11.888	9.6974	
837	35.841	35.372	36.031	17.35	11.861	9.7024	
838	35.794	35.326	35.99	17.356	11.846	9.6741	
839	35.747	35.279	35.949	17.339	11.835	9.6728	
840	35.701	35.233	35.908	17.323	11.851	9.6213	
841	35.654	35.188	35.867	17.338	11.799	9.6059	
842	35.608	35.142	35.827	17.35	11.812	9.6524	
843	35.561	35.097	35.786	17.333	11.79	9.6237	
844	35.516	35.051	35.746	17.328	11.8	9.6135	
845	35.47	35.006	35.706	17.337	11.83	9.5864	
846	35.424	34.962	35.666	17.25	11.762	9.5728	
847	35.379	34.917	35.627	17.316	11.671	9.6306	
848	35.334	34.873	35.587	17.299	11.801	9.6341	
849	35.289	34.828	35.548	17.296	11.713	9.5251	
850	35.244	34.784	35.508	17.278	11.74	9.5683	
851	35.2	34.74	35.469	17.254	11.712	9.5872	
852	35.155	34.697	35.43	17.249	11.723	9.4661	
853	35.111	34.653	35.391	17.279	11.658	9.4759	
854	35.067	34.61	35.353	17.228	11.704	9.4325	
855	35.024	34.566	35.314	17.23	11.626	9.478	
856	34.98	34.523	35.276	17.202	11.678	9.4881	
857	34.937	34.481	35.237	17.234	11.659	9.4508	
858	34.893	34.438	35.199	17.248	11.682	9.4151	
859	34.85	34.395	35.161	17.26	11.629	9.461	
860	34.808	34.353	35.123	17.206	11.667	9.4684	
861	34.765	34.311	35.086	17.177	11.615	9.3825	
862	34.723	34.269	35.048	17.215	11.595	9.3837	
863	34.68	34.227	35.011	17.205	11.644	9.3907	
864	34.638	34.185	34.973	17.208	11.589	9.387	
865	34.596	34.144	34.936	17.157	11.577	9.3165	
866	34.555	34.102	34.899	17.167	11.563	9.3468	
867	34.513	34.061	34.862	17.147	11.513	9.3459	
868	34.472	34.02	34.825	17.118	11.543	9.3501	
869	34.43	33.979	34.789	17.15	11.508	9.2901	
870	34.389	33.938	34.752	17.159	11.516	9.3057	
871	34.349	33.898	34.716	17.146	11.508	9.2767	
872	34.308	33.857	34.679	17.131	11.512	9.3136	
873	34.267	33.817	34.643	17.157	11.469	9.267	
874	34.227	33.777	34.607	17.129	11.488	9.2504	
875	34.187	33.737	34.571	17.111	11.474	9.2559	
876	34.147	33.697	34.535	17.115	11.465	9.2204	
877	34.107	33.657	34.499	17.112	11.46	9.2537	
878	34.067	33.618	34.464	17.083	11.444	9.2191	
879	34.028	33.578	34.428	17.079	11.432	9.1998	
880	33.988	33.539	34.393	17.071	11.421	9.1926	
881	33.949	33.5	34.358	17.069	11.417	9.1849	
882	33.91	33.461	34.323	17.067	11.412	9.1889	
883	33.871	33.422	34.288	17.063	11.408	9.1794	
884	33.832	33.383	34.253	17.061	11.404	9.1718	
885	33.794	33.345	34.218	17.061	11.396	9.1709	
886	33.755	33.306	34.183	17.056	11.388	9.1566	
887	33.717	33.268	34.149	17.046	11.371	9.1428	
888	33.679	33.23	34.114	17.044	11.364	9.1243	
889	33.641	33.192	34.08	17.031	11.351	9.1119	
890	33.603	33.154	34.046	17.018	11.337	9.0964	
891	33.565	33.116	34.012	17.012	11.328	9.0812	
892	33.528	33.079	33.978	17.01	11.316	9.0788	
893	33.491	33.041	33.944	17.003	11.31	9.0602	
894	33.453	33.004	33.91	16.991	11.308	9.0486	
895	33.416	32.967	33.876	16.999	11.303	9.0533	
896	33.379	32.93	33.843	16.989	11.29	9.0498	
897	33.343	32.893	33.809	16.989	11.285	9.0476	
898	33.306	32.856	33.776	16.987	11.282	9.0195	
899	33.269	32.819	33.742	16.979	11.268	9.0175	
900	33.233	32.783	33.709	16.966	11.258	8.9949	
901	33.197	32.746	33.676	16.947	11.247	8.9733	
902	33.161	32.71	33.643	16.948	11.229	8.9685	
903	33.125	32.674	33.61	16.945	11.226	8.9618	
904	33.089	32.638	33.577	16.94	11.217	8.9595	
905	33.053	32.602	33.545	16.932	11.215	8.9576	
906	33.018	32.566	33.512	16.934	11.21	8.9517	
907	32.982	32.53	33.48	16.929	11.206	8.9528	
908	32.947	32.494	33.447	16.931	11.194	8.9288	
909	32.912	32.459	33.415	16.916	11.183	8.9209	
910	32.877	32.424	33.383	16.902	11.167	8.91	
911	32.842	32.388	33.351	16.906	11.155	8.9055	
912	32.807	32.353	33.318	16.894	11.128	8.8691	
913	32.772	32.318	33.287	16.881	11.137	8.8493	
914	32.738	32.283	33.255	16.883	11.127	8.8511	
915	32.704	32.248	33.223	16.876	11.114	8.8449	
916	32.669	32.214	33.191	16.869	11.119	8.8435	
917	32.635	32.179	33.16	16.869	11.116	8.8377	
918	32.601	32.145	33.128	16.872	11.111	8.8326	
919	32.567	32.11	33.097	16.868	11.102	8.8198	
920	32.534	32.076	33.066	16.862	11.094	8.8106	
921	32.5	32.042	33.034	16.852	11.081	8.8013	
922	32.467	32.008	33.003	16.848	11.073	8.8045	
923	32.433	31.974	32.972	16.851	11.066	8.7956	
924	32.4	31.94	32.941	16.835	11.037	8.7695	
925	32.367	31.907	32.91	16.832	11.054	8.7564	
926	32.334	31.873	32.88	16.815	11.035	8.7417	
927	32.301	31.84	32.849	16.816	11.041	8.7315	
928	32.268	31.806	32.818	16.814	11.034	8.7362	
929	32.235	31.773	32.788	16.797	10.994	8.7477	
930	32.203	31.74	32.757	16.793	10.972	8.7269	
931	32.17	31.707	32.727	16.805	11.016	8.7154	
932	32.138	31.674	32.697	16.812	10.951	8.6826	
933	32.106	31.641	32.666	16.782	11.008	8.6791	
934	32.074	31.608	32.636	16.775	10.976	8.695	
935	32.042	31.575	32.606	16.773	10.978	8.6554	
936	32.01	31.543	32.576	16.753	10.941	8.6501	
937	31.978	31.51	32.546	16.753	10.935	8.6851	
938	31.947	31.478	32.517	16.783	10.944	8.6069	
939	31.915	31.446	32.487	16.761	10.933	8.6336	
940	31.884	31.414	32.457	16.766	10.894	8.6504	
941	31.852	31.382	32.428	16.76	10.92	8.6114	
942	31.821	31.35	32.398	16.739	10.886	8.5574	
943	31.79	31.318	32.369	16.715	10.91	8.5951	
944	31.759	31.286	32.339	16.717	10.929	8.5787	
945	31.728	31.254	32.31	16.744	10.893	8.5827	
946	31.698	31.223	32.281	16.743	10.888	8.5713	
947	31.667	31.191	32.252	16.722	10.888	8.5569	
948	31.636	31.16	32.223	16.718	10.861	8.5456	
949	31.606	31.128	32.194	16.708	10.84	8.5238	
950	31.576	31.097	32.165	16.702	10.832	8.5213	
951	31.545	31.066	32.136	16.691	10.851	8.5259	
952	31.515	31.035	32.107	16.683	10.844	8.5209	
953	31.485	31.004	32.079	16.694	10.825	8.4986	
954	31.455	30.973	32.05	16.695	10.819	8.5124	
955	31.425	30.942	32.022	16.682	10.807	8.4784	
956	31.396	30.912	31.993	16.663	10.812	8.4848	
957	31.366	30.881	31.965	16.664	10.803	8.5324	
958	31.336	30.851	31.936	16.644	10.785	8.4534	
959	31.307	30.82	31.908	16.666	10.771	8.4791	
960	31.278	30.79	31.88	16.678	10.753	8.4078	
961	31.248	30.76	31.852	16.673	10.778	8.3952	
962	31.219	30.729	31.824	16.661	10.689	8.3687	
963	31.19	30.699	31.796	16.62	10.712	8.4149	
964	31.161	30.669	31.768	16.649	10.748	8.3485	
965	31.132	30.639	31.74	16.617	10.733	8.3817	
966	31.103	30.61	31.712	16.628	10.753	8.359	
967	31.075	30.58	31.685	16.623	10.733	8.3919	
968	31.046	30.55	31.657	16.627	10.745	8.3832	
969	31.018	30.521	31.629	16.611	10.709	8.3707	
970	30.989	30.491	31.602	16.625	10.692	8.3925	
971	30.961	30.462	31.574	16.613	10.68	8.3706	
972	30.933	30.432	31.547	16.61	10.702	8.3492	
973	30.905	30.403	31.52	16.61	10.685	8.3224	
974	30.877	30.374	31.493	16.594	10.661	8.3374	
975	30.849	30.345	31.465	16.588	10.668	8.2816	
976	30.821	30.316	31.438	16.58	10.653	8.2972	
977	30.793	30.287	31.411	16.575	10.641	8.2843	
978	30.765	30.258	31.384	16.572	10.632	8.2858	
979	30.738	30.229	31.357	16.57	10.638	8.2719	
980	30.71	30.2	31.33	16.575	10.628	8.2724	
981	30.683	30.172	31.304	16.572	10.626	8.2804	
982	30.656	30.143	31.277	16.566	10.621	8.2707	
983	30.628	30.115	31.25	16.562	10.623	8.2828	
984	30.601	30.086	31.224	16.548	10.613	8.2676	
985	30.574	30.058	31.197	16.546	10.617	8.2362	
986	30.547	30.03	31.17	16.573	10.595	8.2584	
987	30.52	30.002	31.144	16.537	10.591	8.2149	
988	30.493	29.974	31.118	16.532	10.56	8.1936	
989	30.467	29.946	31.091	16.524	10.566	8.1933	
990	30.44	29.918	31.065	16.52	10.547	8.1876	
991	30.413	29.89	31.039	16.519	10.55	8.1676	
992	30.387	29.862	31.013	16.52	10.545	8.1802	
993	30.361	29.834	30.987	16.509	10.544	8.1739	
994	30.334	29.806	30.961	16.517	10.548	8.1768	
995	30.308	29.779	30.935	16.503	10.54	8.1619	
996	30.282	29.751	30.909	16.496	10.533	8.1554	
997	30.256	29.724	30.883	16.504	10.529	8.1444	
998	30.23	29.697	30.857	16.493	10.516	8.1417	
999	30.204	29.669	30.831	16.483	10.502	8.1776	
1000	30.178	29.642	30.806	16.5	10.478	8.1157	
1001	30.152	29.615	30.78	16.464	10.53	8.0949	
1002	30.126	29.588	30.754	16.485	10.51	8.0982	
1003	30.101	29.561	30.729	16.476	10.477	8.0989	
1004	30.075	29.534	30.704	16.475	10.443	8.0759	
1005	30.05	29.507	30.678	16.439	10.542	8.1117	
1006	30.025	29.48	30.653	16.467	10.428	8.1096	
1007	29.999	29.453	30.627	16.465	10.492	8.0327	
1008	29.974	29.427	30.602	16.449	10.484	8.0563	
1009	29.949	29.4	30.577	16.429	10.432	8.0496	
1010	29.924	29.373	30.552	16.466	10.451	8.0414	
1011	29.899	29.347	30.527	16.433	10.444	8.0428	
1012	29.874	29.32	30.502	16.438	10.431	8.0143	
1013	29.849	29.294	30.477	16.434	10.414	8.0082	
1014	29.824	29.268	30.452	16.435	10.394	8.0042	
1015	29.799	29.242	30.427	16.437	10.4	7.9932	
1016	29.775	29.215	30.402	16.413	10.402	8.087	
1017	29.75	29.189	30.377	16.395	10.365	7.9546	
1018	29.726	29.163	30.353	16.391	10.366	7.9748	
1019	29.701	29.137	30.328	16.377	10.349	7.938	
1020	29.677	29.111	30.303	16.428	10.409	7.9076	
1021	29.653	29.086	30.279	16.344	10.406	7.9482	
1022	29.629	29.06	30.254	16.399	10.335	7.9468	
1023	29.604	29.034	30.23	16.418	10.322	7.9437	
1024	29.58	29.008	30.205	16.374	10.301	7.9785	
1025	29.556	28.983	30.181	16.416	10.31	7.9159	
1026	29.532	28.957	30.157	16.38	10.359	7.8728	
1027	29.509	28.932	30.133	16.414	10.241	7.8987	
1028	29.485	28.906	30.108	16.371	10.339	7.8451	
1029	29.461	28.881	30.084	16.355	10.283	7.8299	
1030	29.437	28.856	30.06	16.359	10.328	7.903	
1031	29.414	28.83	30.036	16.422	10.333	7.9249	
1032	29.39	28.805	30.012	16.316	10.327	7.8632	
1033	29.367	28.78	29.988	16.382	10.287	7.887	
1034	29.343	28.755	29.964	16.356	10.309	7.8533	
1035	29.32	28.73	29.94	16.379	10.251	7.9231	
1036	29.297	28.705	29.916	16.253	10.285	7.8388	
1037	29.274	28.68	29.893	16.397	10.175	7.8035	
1038	29.25	28.655	29.869	16.319	10.24	7.9786	
1039	29.227	28.631	29.845	16.361	10.29	7.9209	
1040	29.204	28.606	29.822	16.298	10.088	7.8087	
1041	29.181	28.581	29.798	16.335	10.216	7.8567	
1042	29.159	28.557	29.774	16.445	10.238	7.6434	
1043	29.136	28.532	29.751	16.412	10.176	7.6925	
1044	29.113	28.508	29.727	16.267	10.268	7.7417	
1045	29.09	28.483	29.704	16.308	10.204	7.7873	
1046	29.068	28.459	29.681	16.204	10.35	7.5825	
1047	29.045	28.435	29.657	16.266	10.039	7.7932	
1048	29.023	28.41	29.634	16.229	10.157	7.8069	
1049	29	28.386	29.611	16.299	10.171	7.7236	
1050	28.978	28.362	29.588	16.276	10.083	7.8107	
1051	28.956	28.338	29.565	16.278	10.17	7.7396	
1052	28.933	28.314	29.541	16.273	10.161	7.7044	
1053	28.911	28.29	29.518	16.277	10.167	7.7231	
1054	28.889	28.266	29.495	16.277	10.148	7.7089	
1055	28.867	28.242	29.472	16.277	10.167	7.6972	
1056	28.845	28.218	29.45	16.273	10.135	7.687	
1057	28.823	28.194	29.427	16.269	10.153	7.6997	
1058	28.801	28.171	29.404	16.262	10.142	7.6709	
1059	28.779	28.147	29.381	16.247	10.134	7.6933	
1060	28.758	28.123	29.358	16.254	10.134	7.6648	
1061	28.736	28.1	29.336	16.263	10.116	7.6747	
1062	28.714	28.076	29.313	16.239	10.115	7.6648	
1063	28.693	28.053	29.29	16.235	10.098	7.6667	
1064	28.671	28.03	29.268	16.233	10.093	7.6472	
1065	28.65	28.006	29.245	16.225	10.087	7.629	
1066	28.628	27.983	29.223	16.232	10.086	7.618	
1067	28.607	27.96	29.2	16.223	10.089	7.6219	
1068	28.586	27.937	29.178	16.218	10.078	7.6284	
1069	28.564	27.913	29.156	16.223	10.054	7.6005	
1070	28.543	27.89	29.133	16.22	10.079	7.5985	
1071	28.522	27.867	29.111	16.218	10.063	7.599	
1072	28.501	27.844	29.089	16.202	10.065	7.5925	
1073	28.48	27.821	29.067	16.215	10.029	7.5661	
1074	28.459	27.798	29.044	16.199	10.044	7.5808	
1075	28.438	27.776	29.022	16.193	10.033	7.5517	
1076	28.417	27.753	29	16.201	10.022	7.5548	
1077	28.397	27.73	28.978	16.189	10.024	7.5511	
1078	28.376	27.707	28.956	16.185	10.008	7.5417	
1079	28.355	27.685	28.934	16.186	10.022	7.5314	
1080	28.334	27.662	28.912	16.186	10.011	7.5387	
1081	28.314	27.64	28.89	16.179	10.01	7.5348	
1082	28.293	27.617	28.869	16.172	10.007	7.5257	
1083	28.273	27.595	28.847	16.18	9.9947	7.5117	
1084	28.252	27.572	28.825	16.172	9.995	7.5129	
1085	28.232	27.55	28.803	16.166	9.9914	7.5014	
1086	28.212	27.528	28.782	16.171	9.9923	7.5038	
1087	28.192	27.505	28.76	16.156	9.9873	7.4945	
1088	28.171	27.483	28.738	16.166	9.9817	7.4997	
1089	28.151	27.461	28.717	16.159	9.9779	7.4821	
1090	28.131	27.439	28.695	16.158	9.9803	7.4881	
1091	28.111	27.417	28.674	16.153	9.9785	7.4853	
1092	28.091	27.395	28.652	16.144	9.9565	7.4715	
1093	28.071	27.373	28.631	16.148	9.9506	7.4729	
1094	28.051	27.351	28.61	16.141	9.9601	7.4722	
1095	28.031	27.329	28.588	16.15	9.9318	7.4483	
1096	28.011	27.307	28.567	16.144	9.9407	7.4519	
1097	27.992	27.285	28.546	16.13	9.9283	7.4383	
1098	27.972	27.263	28.524	16.124	9.9234	7.4168	
1099	27.952	27.242	28.503	16.123	9.9232	7.4195	
1100	27.933	27.22	28.482	16.113	9.9178	7.4139	
1101	27.913	27.198	28.461	16.124	9.9056	7.3964	
1102	27.894	27.177	28.44	16.116	9.8945	7.3888	
1103	27.874	27.155	28.419	16.109	9.8791	7.3797	
1104	27.855	27.134	28.398	16.105	9.888	7.3786	
1105	27.836	27.112	28.377	16.097	9.8862	7.3711	
1106	27.816	27.091	28.356	16.101	9.8753	7.3644	
1107	27.797	27.07	28.335	16.09	9.8672	7.3615	
1108	27.778	27.048	28.314	16.098	9.873	7.3533	
1109	27.759	27.027	28.293	16.089	9.8628	7.35	
1110	27.739	27.006	28.272	16.087	9.8562	7.3493	
1111	27.72	26.985	28.252	16.086	9.8575	7.3426	
1112	27.701	26.964	28.231	16.085	9.8439	7.3361	
1113	27.682	26.942	28.21	16.085	9.8491	7.3346	
1114	27.663	26.921	28.19	16.08	9.8466	7.3305	
1115	27.645	26.9	28.169	16.077	9.8484	7.3291	
1116	27.626	26.879	28.148	16.078	9.8409	7.3321	
1117	27.607	26.858	28.128	16.079	9.8416	7.3209	
1118	27.588	26.838	28.107	16.072	9.8334	7.3214	
1119	27.57	26.817	28.087	16.06	9.8347	7.3015	
1120	27.551	26.796	28.066	16.068	9.8313	7.2924	
1121	27.532	26.775	28.046	16.067	9.8176	7.2878	
1122	27.514	26.754	28.026	16.06	9.8063	7.2978	
1123	27.495	26.734	28.005	16.048	9.8069	7.2903	
1124	27.477	26.713	27.985	16.063	9.8076	7.2673	
1125	27.458	26.692	27.965	16.054	9.7979	7.2623	
1126	27.44	26.672	27.944	16.058	9.8085	7.2676	
1127	27.422	26.651	27.924	16.033	9.7894	7.2435	
1128	27.403	26.631	27.904	16.033	9.7801	7.246	
1129	27.385	26.61	27.884	16.039	9.78	7.2589	
1130	27.367	26.59	27.864	16.029	9.784	7.2303	
1131	27.349	26.57	27.844	16.028	9.7661	7.2327	
1132	27.331	26.549	27.824	16.029	9.7641	7.2224	
1133	27.313	26.529	27.804	16.022	9.7746	7.22	
1134	27.295	26.509	27.784	16.013	9.7404	7.2208	
1135	27.277	26.489	27.764	16.016	9.7516	7.1929	
1136	27.259	26.468	27.744	16.019	9.733	7.2045	
1137	27.241	26.448	27.724	16.012	9.7186	7.2018	
1138	27.223	26.428	27.704	16.011	9.7314	7.1817	
1139	27.205	26.408	27.684	16.007	9.7294	7.188	
1140	27.187	26.388	27.664	16	9.711	7.1734	
1141	27.17	26.368	27.645	16.013	9.7229	7.1701	
1142	27.152	26.348	27.625	16.009	9.7157	7.1425	
1143	27.134	26.328	27.605	15.991	9.7047	7.1754	
1144	27.117	26.309	27.586	15.991	9.6948	7.1627	
1145	27.099	26.289	27.566	15.994	9.7082	7.1617	
1146	27.081	26.269	27.546	15.991	9.6734	7.1488	
1147	27.064	26.249	27.527	15.987	9.6773	7.1375	
1148	27.047	26.229	27.507	15.993	9.6824	7.1398	
1149	27.029	26.21	27.488	15.982	9.6859	7.1336	
1150	27.012	26.19	27.468	15.971	9.6696	7.1285	
1151	26.994	26.171	27.449	15.973	9.6557	7.1144	
1152	26.977	26.151	27.43	15.974	9.6664	7.1066	
1153	26.96	26.132	27.41	15.967	9.6521	7.0941	
1154	26.943	26.112	27.391	15.961	9.6519	7.0958	
1155	26.926	26.093	27.371	15.966	9.6506	7.0979	
1156	26.908	26.073	27.352	15.955	9.6498	7.0837	
1157	26.891	26.054	27.333	15.955	9.6421	7.0727	
1158	26.874	26.034	27.314	15.956	9.6421	7.0731	
1159	26.857	26.015	27.294	15.96	9.6267	7.0708	
1160	26.84	25.996	27.275	15.957	9.628	7.0722	
1161	26.823	25.977	27.256	15.947	9.6061	7.0769	
1162	26.807	25.957	27.237	15.943	9.6372	7.0503	
1163	26.79	25.938	27.218	15.932	9.6109	7.0423	
1164	26.773	25.919	27.199	15.933	9.5892	7.0355	
1165	26.756	25.9	27.18	15.926	9.6021	7.0251	
1166	26.739	25.881	27.161	15.934	9.5923	7.0232	
1167	26.723	25.862	27.142	15.935	9.6092	7.0307	
1168	26.706	25.843	27.123	15.925	9.5875	7.0159	
1169	26.689	25.824	27.104	15.919	9.579	7.0094	
1170	26.673	25.805	27.085	15.923	9.5874	6.9969	
1171	26.656	25.786	27.066	15.918	9.5745	6.9927	
1172	26.64	25.767	27.048	15.915	9.5753	6.9904	
1173	26.623	25.749	27.029	15.913	9.572	6.9898	
1174	26.607	25.73	27.01	15.912	9.5717	6.9855	
1175	26.591	25.711	26.991	15.911	9.5671	6.9893	
1176	26.574	25.692	26.973	15.909	9.5553	6.9753	
1177	26.558	25.674	26.954	15.913	9.5548	6.9734	
1178	26.542	25.655	26.935	15.902	9.5491	6.9642	
1179	26.525	25.636	26.917	15.902	9.5544	6.9693	
1180	26.509	25.618	26.898	15.901	9.5467	6.9584	
1181	26.493	25.599	26.879	15.901	9.5467	6.9598	
1182	26.477	25.581	26.861	15.894	9.5385	6.9547	
1183	26.461	25.562	26.842	15.897	9.537	6.95	
1184	26.445	25.544	26.824	15.892	9.532	6.9421	
1185	26.429	25.525	26.806	15.883	9.531	6.946	
1186	26.413	25.507	26.787	15.885	9.5219	6.9289	
1187	26.397	25.489	26.769	15.884	9.5224	6.9354	
1188	26.381	25.47	26.75	15.877	9.523	6.9241	
1189	26.365	25.452	26.732	15.882	9.5084	6.9071	
1190	26.349	25.434	26.714	15.876	9.5137	6.9197	
1191	26.333	25.416	26.695	15.87	9.5099	6.9094	
1192	26.317	25.397	26.677	15.871	9.4961	6.8957	
1193	26.302	25.379	26.659	15.868	9.4961	6.8932	
1194	26.286	25.361	26.641	15.862	9.5027	6.9035	
1195	26.27	25.343	26.623	15.874	9.474	6.8908	
1196	26.255	25.325	26.604	15.86	9.4905	6.8699	
1197	26.239	25.307	26.586	15.862	9.4762	6.8911	
1198	26.224	25.289	26.568	15.852	9.4631	6.8864	
1199	26.208	25.271	26.55	15.851	9.477	6.8633	
1200	26.192	25.253	26.532	15.858	9.4625	6.8505	
1201	26.177	25.235	26.514	15.861	9.4796	6.8706	
1202	26.162	25.217	26.496	15.841	9.4636	6.8566	
1203	26.146	25.2	26.478	15.848	9.4582	6.8337	
1204	26.131	25.182	26.46	15.851	9.4464	6.8183	
1205	26.115	25.164	26.442	15.832	9.4472	6.8323	
1206	26.1	25.146	26.424	15.836	9.466	6.8321	
1207	26.085	25.129	26.406	15.846	9.4633	6.8204	
1208	26.07	25.111	26.389	15.832	9.4402	6.8124	
1209	26.054	25.093	26.371	15.836	9.4279	6.8174	
1210	26.039	25.076	26.353	15.829	9.4198	6.7981	
1211	26.024	25.058	26.335	15.824	9.4014	6.7811	
1212	26.009	25.04	26.318	15.822	9.4159	6.7865	
1213	25.994	25.023	26.3	15.831	9.4125	6.7945	
1214	25.979	25.005	26.282	15.818	9.422	6.771	
1215	25.964	24.988	26.264	15.827	9.4065	6.7776	
1216	25.949	24.97	26.247	15.816	9.3902	6.7962	
1217	25.934	24.953	26.229	15.82	9.3945	6.7799	
1218	25.919	24.936	26.212	15.792	9.3676	6.7812	
1219	25.904	24.918	26.194	15.814	9.3787	6.7488	
1220	25.889	24.901	26.177	15.812	9.3724	6.7566	
1221	25.874	24.884	26.159	15.792	9.3678	6.7577	
1222	25.86	24.866	26.142	15.806	9.4041	6.7482	
1223	25.845	24.849	26.124	15.808	9.3612	6.7497	
1224	25.83	24.832	26.107	15.802	9.3661	6.7322	
1225	25.815	24.815	26.089	15.793	9.3623	6.7376	
1226	25.801	24.798	26.072	15.803	9.3763	6.7294	
1227	25.786	24.781	26.055	15.81	9.3589	6.7325	
1228	25.772	24.763	26.037	15.774	9.3448	6.7237	
1229	25.757	24.746	26.02	15.767	9.3236	6.7278	
1230	25.742	24.729	26.003	15.774	9.3573	6.7086	
1231	25.728	24.712	25.985	15.796	9.3605	6.676	
1232	25.713	24.695	25.968	15.789	9.3331	6.7336	
1233	25.699	24.679	25.951	15.803	9.3612	6.6865	
1234	25.685	24.662	25.934	15.779	9.3636	6.7088	
1235	25.67	24.645	25.917	15.762	9.3504	6.6856	
1236	25.656	24.628	25.899	15.776	9.3508	6.7156	
1237	25.641	24.611	25.882	15.771	9.3581	6.6932	
1238	25.627	24.594	25.865	15.803	9.3178	6.7029	
1239	25.613	24.577	25.848	15.735	9.3726	6.7182	
1240	25.599	24.561	25.831	15.732	9.2717	6.6779	
1241	25.584	24.544	25.814	15.745	9.341	6.6356	
1242	25.57	24.527	25.797	15.735	9.3044	6.6996	
1243	25.556	24.511	25.78	15.764	9.3127	6.761	
1244	25.542	24.494	25.763	15.782	9.3076	6.6586	
1245	25.528	24.477	25.746	15.721	9.362	6.5928	
1246	25.514	24.461	25.729	15.748	9.298	6.6041	
1247	25.5	24.444	25.713	15.731	9.2333	6.6094	
1248	25.486	24.428	25.696	15.743	9.2731	6.5843	
1249	25.472	24.411	25.679	15.775	9.2931	6.6536	
1250	25.458	24.395	25.662	15.753	9.3398	6.5861	
1251	25.444	24.378	25.645	15.739	9.2561	6.6486	
1252	25.43	24.362	25.628	15.709	9.2021	6.5795	
1253	25.416	24.345	25.612	15.708	9.3079	6.5872	
1254	25.402	24.329	25.595	15.716	9.2289	6.5936	
1255	25.389	24.313	25.578	15.74	9.2415	6.623	
1256	25.375	24.296	25.562	15.719	9.2629	6.5966	
1257	25.361	24.28	25.545	15.717	9.2216	6.5567	
1258	25.347	24.264	25.528	15.725	9.2458	6.548	
1259	25.334	24.248	25.512	15.694	9.2312	6.5771	
1260	25.32	24.231	25.495	15.709	9.2387	6.553	
1261	25.306	24.215	25.479	15.706	9.2178	6.5473	
1262	25.293	24.199	25.462	15.689	9.2162	6.5425	
1263	25.279	24.183	25.446	15.706	9.2186	6.5313	
1264	25.265	24.167	25.429	15.682	9.2026	6.5444	
1265	25.252	24.151	25.413	15.708	9.2245	6.5324	
1266	25.238	24.135	25.396	15.696	9.2306	6.5176	
1267	25.225	24.119	25.38	15.709	9.2023	6.5414	
1268	25.212	24.103	25.363	15.714	9.2095	6.5453	
1269	25.198	24.087	25.347	15.701	9.2186	6.5538	
1270	25.185	24.071	25.331	15.696	9.198	6.5367	
1271	25.171	24.055	25.314	15.683	9.2039	6.5136	
1272	25.158	24.039	25.298	15.688	9.2189	6.5472	
1273	25.145	24.023	25.282	15.705	9.2243	6.5247	
1274	25.131	24.007	25.266	15.701	9.2005	6.5306	
1275	25.118	23.991	25.249	15.686	9.1823	6.4939	
1276	25.105	23.976	25.233	15.699	9.2087	6.5205	
1277	25.092	23.96	25.217	15.663	9.1993	6.5191	
1278	25.078	23.944	25.201	15.665	9.1892	6.5112	
1279	25.065	23.928	25.185	15.681	9.1589	6.4593	
1280	25.052	23.913	25.168	15.675	9.156	6.4798	
1281	25.039	23.897	25.152	15.682	9.1567	6.4748	
1282	25.026	23.881	25.136	15.676	9.169	6.4949	
1283	25.013	23.866	25.12	15.656	9.1537	6.4527	
1284	25	23.85	25.104	15.632	9.1916	6.4591	
1285	24.987	23.835	25.088	15.644	9.1608	6.4782	
1286	24.974	23.819	25.072	15.669	9.1557	6.4463	
1287	24.961	23.804	25.056	15.652	9.1412	6.4697	
1288	24.948	23.788	25.04	15.663	9.1606	6.4591	
1289	24.935	23.773	25.024	15.652	9.1422	6.4344	
1290	24.922	23.757	25.008	15.657	9.1551	6.4376	
1291	24.909	23.742	24.992	15.64	9.1345	6.4164	
1292	24.897	23.726	24.976	15.656	9.1345	6.4736	
1293	24.884	23.711	24.961	15.647	9.1239	6.4379	
1294	24.871	23.696	24.945	15.668	9.1578	6.4281	
1295	24.858	23.68	24.929	15.646	9.1369	6.3954	
1296	24.846	23.665	24.913	15.653	9.1292	6.3926	
1297	24.833	23.65	24.897	15.651	9.0942	6.4387	
1298	24.82	23.634	24.882	15.631	9.1357	6.4042	
1299	24.808	23.619	24.866	15.641	9.0837	6.373	
1300	24.795	23.604	24.85	15.624	9.1037	6.3995	
1301	24.782	23.589	24.834	15.641	9.126	6.3705	
1302	24.77	23.574	24.819	15.611	9.0799	6.4187	
1303	24.757	23.558	24.803	15.637	9.1245	6.3851	
1304	24.745	23.543	24.787	15.648	9.1135	6.3952	
1305	24.732	23.528	24.772	15.652	9.0861	6.3467	
1306	24.72	23.513	24.756	15.629	9.1235	6.3831	
1307	24.707	23.498	24.741	15.62	9.108	6.3954	
1308	24.695	23.483	24.725	15.613	9.0891	6.388	
1309	24.682	23.468	24.71	15.62	9.0991	6.3783	
1310	24.67	23.453	24.694	15.612	9.0767	6.3653	
1311	24.658	23.438	24.679	15.62	9.0461	6.3913	
1312	24.645	23.423	24.663	15.608	9.0606	6.3221	
1313	24.633	23.408	24.648	15.613	9.0866	6.3847	
1314	24.621	23.393	24.632	15.607	9.0596	6.3495	
1315	24.608	23.378	24.617	15.602	9.0327	6.3262	
1316	24.596	23.364	24.601	15.629	8.9941	6.3194	
1317	24.584	23.349	24.586	15.605	9.0557	6.3822	
1318	24.572	23.334	24.571	15.589	9.0545	6.3601	
1319	24.56	23.319	24.555	15.631	9.0479	6.354	
1320	24.547	23.304	24.54	15.574	9.0367	6.3584	
1321	24.535	23.29	24.525	15.612	9.0226	6.3347	
1322	24.523	23.275	24.509	15.601	8.9983	6.2378	
1323	24.511	23.26	24.494	15.554	9.0135	6.278	
1324	24.499	23.246	24.479	15.608	9.0519	6.2872	
1325	24.487	23.231	24.464	15.621	8.9865	6.3038	
1326	24.475	23.216	24.449	15.629	8.988	6.2721	
1327	24.463	23.202	24.433	15.6	9.0561	6.2622	
1328	24.451	23.187	24.418	15.561	8.9618	6.3632	
1329	24.439	23.173	24.403	15.563	8.9748	6.2771	
1330	24.427	23.158	24.388	15.621	9.0407	6.2531	
1331	24.415	23.144	24.373	15.566	9.0607	6.3246	
1332	24.403	23.129	24.358	15.561	8.9719	6.418	
1333	24.391	23.115	24.343	15.578	9.0236	6.2824	
1334	24.38	23.1	24.328	15.6	8.9906	6.2743	
1335	24.368	23.086	24.313	15.55	9.0051	6.153	
1336	24.356	23.071	24.298	15.537	9.0374	6.3185	
1337	24.344	23.057	24.283	15.618	8.9803	6.1591	
1338	24.333	23.043	24.268	15.535	9.048	6.2468	
1339	24.321	23.028	24.253	15.561	9.032	6.2708	
1340	24.309	23.014	24.238	15.593	9.0077	6.1586	
1341	24.297	23	24.223	15.666	8.8259	6.2786	
1342	24.286	22.985	24.208	15.575	8.9248	6.4947	
1343	24.274	22.971	24.193	15.64	9.0003	6.4568	
1344	24.263	22.957	24.178	15.52	9.0383	6.2736	
1345	24.251	22.943	24.163	15.567	9.1261	6.2256	
1346	24.239	22.929	24.149	15.405	8.8527	6.0078	
1347	24.228	22.914	24.134	15.559	9.1196	5.8337	
1348	24.216	22.9	24.119	15.504	9.1334	6.1728	
1349	24.205	22.886	24.104	15.419	9.278	6.2167	
1350	24.193	22.872	24.089	15.265	9.0644	6.2217	
1351	24.182	22.858	24.075	15.503	8.9301	5.9253	
1352	24.17	22.844	24.06	15.455	8.8241	6.3825	
1353	24.159	22.83	24.045	15.547	8.3823	6.2501	
1354	24.148	22.816	24.031	15.469	9.3073	6.3855	
1355	24.136	22.802	24.016	15.712	8.773	5.6078	
1356	24.125	22.788	24.001	15.648	9.1567	6.0752	
1357	24.114	22.774	23.987	15.444	9.0441	6.2724	
1358	24.102	22.76	23.972	16.248	9.371	6.3795	
1359	24.091	22.746	23.958	16.262	8.6908	6.918	
1426	23.379	21.857	23.02	15.655	9.2987	6.337	
1427	23.369	21.845	23.006	15.544	8.6458	6.0444	
1428	23.359	21.832	22.993	15.394	8.841	5.6434	
1429	23.349	21.819	22.98	15.638	8.6618	5.8162	
1430	23.339	21.807	22.966	15.645	8.8034	5.8313	
1431	23.329	21.794	22.953	15.324	8.9254	6.1083	
1432	23.319	21.782	22.94	15.558	8.5618	5.8907	
1433	23.309	21.769	22.926	15.35	8.5981	5.8503	
1434	23.299	21.757	22.913	15.504	8.9164	6.1849	
1435	23.289	21.744	22.9	15.523	8.856	5.7635	
1436	23.279	21.732	22.886	15.531	8.646	5.9371	
1437	23.269	21.719	22.873	15.437	8.9074	5.8618	
1438	23.26	21.707	22.86	15.329	8.6594	5.9473	
1439	23.25	21.694	22.846	15.448	8.7878	5.9026	
1440	23.24	21.682	22.833	15.332	8.7869	5.8234	
1441	23.23	21.669	22.82	15.418	8.6815	6.0523	
1442	23.22	21.657	22.807	15.471	8.6178	5.804	
1443	23.211	21.645	22.794	15.352	8.745	5.9607	
1444	23.201	21.632	22.78	15.461	8.7728	5.754	
1445	23.191	21.62	22.767	15.33	8.7337	5.8418	
1446	23.182	21.608	22.754	15.463	8.6349	5.8148	
1447	23.172	21.595	22.741	15.435	8.7027	5.7187	
1448	23.162	21.583	22.728	15.418	8.6759	5.8657	
1449	23.153	21.571	22.715	15.369	8.7286	5.8616	
1450	23.143	21.558	22.702	15.389	8.7223	5.7667	
1451	23.133	21.546	22.689	15.439	8.6835	5.8613	
1452	23.124	21.534	22.676	15.461	8.7416	5.9121	
1453	23.114	21.522	22.663	15.432	8.7434	5.9344	
1454	23.105	21.51	22.65	15.347	8.6775	5.7013	
1455	23.095	21.497	22.637	15.416	8.7501	5.778	
1456	23.086	21.485	22.624	15.442	8.7139	5.8162	
1457	23.076	21.473	22.611	15.384	8.5911	5.8161	
1458	23.067	21.461	22.598	15.382	8.7003	5.8269	
1459	23.057	21.449	22.585	15.364	8.5653	5.7475	
1460	23.048	21.437	22.572	15.406	8.6329	5.8577	
1461	23.038	21.425	22.559	15.425	8.6263	5.8131	
1462	23.029	21.413	22.546	15.392	8.6402	5.8205	
1463	23.019	21.401	22.533	15.378	8.6426	5.7707	
1464	23.01	21.389	22.52	15.356	8.6674	5.7556	
1465	23.001	21.377	22.507	15.367	8.7009	5.7782	
1466	22.991	21.365	22.494	15.362	8.5979	5.8152	
1467	22.982	21.353	22.482	15.382	8.6242	5.8072	
1468	22.973	21.341	22.469	15.351	8.6378	5.7845	
1469	22.963	21.329	22.456	15.375	8.6157	5.7777	
1470	22.954	21.317	22.443	15.368	8.6027	5.7829	
1471	22.945	21.305	22.43	15.371	8.6274	5.7814	
1472	22.936	21.293	22.418	15.372	8.6286	5.7604	
1473	22.926	21.281	22.405	15.361	8.64	5.7729	
1474	22.917	21.269	22.392	15.364	8.6233	5.7729	
1475	22.908	21.257	22.379	15.367	8.6216	5.7631	
1476	22.899	21.246	22.367	15.361	8.6167	5.7547	
1477	22.889	21.234	22.354	15.367	8.6407	5.7684	
1478	22.88	21.222	22.341	15.372	8.6251	5.7501	
1479	22.871	21.21	22.329	15.364	8.6199	5.7574	
1480	22.862	21.198	22.316	15.365	8.6238	5.7479	
1481	22.853	21.187	22.303	15.366	8.6113	5.7261	
1482	22.844	21.175	22.291	15.361	8.6283	5.7517	
1483	22.835	21.163	22.278	15.362	8.62	5.7472	
1484	22.825	21.152	22.266	15.378	8.6195	5.7384	
1485	22.816	21.14	22.253	15.355	8.6304	5.737	
1486	22.807	21.128	22.241	15.356	8.5946	5.6973	
1487	22.798	21.116	22.228	15.348	8.6228	5.7008	
1488	22.789	21.105	22.215	15.36	8.6145	5.7232	
1489	22.78	21.093	22.203	15.361	8.6151	5.7038	
1490	22.771	21.082	22.19	15.362	8.5895	5.747	
1491	22.762	21.07	22.178	15.345	8.6053	5.698	
1492	22.753	21.058	22.165	15.351	8.5961	5.7165	
1493	22.744	21.047	22.153	15.341	8.5614	5.7088	
1494	22.735	21.035	22.141	15.341	8.5719	5.697	
1495	22.726	21.024	22.128	15.332	8.5697	5.6877	
1496	22.718	21.012	22.116	15.36	8.6007	5.7053	
1497	22.709	21.001	22.103	15.331	8.5842	5.694	
1498	22.7	20.989	22.091	15.364	8.5808	5.6957	
1499	22.691	20.978	22.079	15.346	8.5729	5.7135	
1500	22.682	20.966	22.066	15.338	8.5688	5.6944	
1501	22.673	20.955	22.054	15.324	8.5615	5.6481	
1502	22.664	20.943	22.042	15.341	8.5663	5.6767	
1503	22.656	20.932	22.029	15.337	8.5858	5.6658	
1504	22.647	20.921	22.017	15.331	8.5525	5.6375	
1505	22.638	20.909	22.005	15.336	8.5556	5.6753	
1506	22.629	20.898	21.992	15.327	8.5511	5.6423	
1507	22.621	20.886	21.98	15.311	8.5398	5.6658	
1508	22.612	20.875	21.968	15.308	8.5416	5.6703	
1509	22.603	20.864	21.956	15.345	8.5427	5.6533	
1510	22.594	20.852	21.943	15.333	8.5601	5.6374	
1511	22.586	20.841	21.931	15.339	8.555	5.6471	
1512	22.577	20.83	21.919	15.33	8.5822	5.6517	
1513	22.568	20.819	21.907	15.364	8.5032	5.6648	
1514	22.56	20.807	21.895	15.322	8.5396	5.6835	
1515	22.551	20.796	21.882	15.295	8.5603	5.6483	
1516	22.542	20.785	21.87	15.318	8.5056	5.6522	
1517	22.534	20.774	21.858	15.315	8.5658	5.6102	
1518	22.525	20.762	21.846	15.295	8.5482	5.6359	
1519	22.517	20.751	21.834	15.297	8.5464	5.6432	
1520	22.508	20.74	21.822	15.291	8.534	5.6375	
1521	22.5	20.729	21.81	15.314	8.4871	5.5673	
1522	22.491	20.718	21.798	15.294	8.5187	5.5965	
1523	22.483	20.707	21.786	15.298	8.5355	5.6022	
1524	22.474	20.695	21.774	15.33	8.5488	5.6586	
1525	22.466	20.684	21.762	15.314	8.5414	5.6269	
1526	22.457	20.673	21.75	15.292	8.5151	5.6013	
1527	22.449	20.662	21.738	15.3	8.528	5.6024	
1528	22.44	20.651	21.726	15.288	8.5465	5.6141	
1529	22.432	20.64	21.714	15.293	8.4942	5.5902	
1530	22.423	20.629	21.702	15.303	8.5058	5.6026	
1531	22.415	20.618	21.69	15.28	8.4914	5.604	
1532	22.406	20.607	21.678	15.308	8.4916	5.603	
1533	22.398	20.596	21.666	15.284	8.4702	5.5967	
1534	22.39	20.585	21.654	15.305	8.4793	5.6376	
1535	22.381	20.574	21.642	15.298	8.4926	5.5712	
1536	22.373	20.563	21.63	15.276	8.4891	5.5791	
1537	22.365	20.552	21.618	15.283	8.4941	5.5846	
1538	22.356	20.541	21.606	15.277	8.5252	5.5789	
1539	22.348	20.53	21.595	15.294	8.4816	5.577	
1540	22.34	20.52	21.583	15.287	8.4628	5.578	
1541	22.331	20.509	21.571	15.275	8.4525	5.5494	
1542	22.323	20.498	21.559	15.281	8.4651	5.5754	
1543	22.315	20.487	21.547	15.279	8.4722	5.544	
1544	22.307	20.476	21.536	15.282	8.4897	5.5788	
1545	22.298	20.465	21.524	15.263	8.493	5.5536	
1546	22.29	20.454	21.512	15.278	8.4662	5.5539	
1547	22.282	20.444	21.5	15.274	8.4734	5.5453	
1548	22.274	20.433	21.489	15.277	8.4642	5.5399	
1549	22.266	20.422	21.477	15.277	8.4838	5.5347	
1550	22.257	20.411	21.465	15.282	8.4621	5.5433	
1551	22.249	20.401	21.453	15.26	8.4848	5.5405	
1552	22.241	20.39	21.442	15.272	8.4641	5.5476	
1553	22.233	20.379	21.43	15.253	8.4528	5.5522	
1554	22.225	20.368	21.419	15.262	8.4672	5.5335	
1555	22.217	20.358	21.407	15.281	8.442	5.52	
1556	22.209	20.347	21.395	15.259	8.4567	5.5561	
1557	22.201	20.336	21.384	15.253	8.4481	5.5181	
1558	22.193	20.326	21.372	15.256	8.4504	5.5207	
1559	22.185	20.315	21.36	15.276	8.4324	5.4932	
1560	22.177	20.305	21.349	15.271	8.4614	5.517	
1561	22.169	20.294	21.337	15.28	8.463	5.5073	
1562	22.161	20.283	21.326	15.286	8.4263	5.5184	
1563	22.153	20.273	21.314	15.246	8.4494	5.5213	
1564	22.145	20.262	21.303	15.253	8.4738	5.4959	
1565	22.137	20.252	21.291	15.26	8.475	5.4892	
1566	22.129	20.241	21.28	15.25	8.4211	5.471	
1567	22.121	20.231	21.268	15.272	8.4036	5.5013	
1568	22.113	20.22	21.257	15.254	8.4459	5.5132	
1569	22.105	20.21	21.245	15.273	8.4673	5.5183	
1570	22.097	20.199	21.234	15.258	8.4541	5.5109	
1571	22.089	20.189	21.222	15.251	8.43	5.5032	
1572	22.081	20.178	21.211	15.247	8.4216	5.516	
1573	22.073	20.168	21.199	15.253	8.4038	5.4898	
1574	22.065	20.157	21.188	15.271	8.4254	5.4739	
1575	22.057	20.147	21.177	15.231	8.4078	5.4942	
1576	22.05	20.136	21.165	15.249	8.3978	5.4296	
1577	22.042	20.126	21.154	15.217	8.3749	5.4756	
1578	22.034	20.116	21.143	15.237	8.4288	5.4607	
1579	22.026	20.105	21.131	15.228	8.4205	5.4795	
1580	22.018	20.095	21.12	15.239	8.3869	5.4487	
1581	22.011	20.085	21.109	15.234	8.4189	5.4105	
1582	22.003	20.074	21.097	15.257	8.4008	5.48	
1583	21.995	20.064	21.086	15.226	8.4345	5.4544	
1584	21.987	20.054	21.075	15.259	8.3606	5.4227	
1585	21.98	20.043	21.063	15.244	8.4289	5.4566	
1586	21.972	20.033	21.052	15.233	8.3734	5.502	
1587	21.964	20.023	21.041	15.238	8.4237	5.4611	
1588	21.957	20.012	21.03	15.245	8.3774	5.3926	
1589	21.949	20.002	21.018	15.215	8.3875	5.4566	
1590	21.941	19.992	21.007	15.228	8.3519	5.4219	
1591	21.934	19.982	20.996	15.219	8.3652	5.442	
1592	21.926	19.972	20.985	15.22	8.4063	5.4059	
1593	21.918	19.961	20.974	15.242	8.3902	5.4055	
1594	21.911	19.951	20.963	15.227	8.3533	5.4718	
1595	21.903	19.941	20.951	15.251	8.3693	5.388	
1596	21.895	19.931	20.94	15.218	8.396	5.4089	
1597	21.888	19.921	20.929	15.224	8.3787	5.4234	
1598	21.88	19.911	20.918	15.233	8.3674	5.3693	
1599	21.873	19.901	20.907	15.229	8.3583	5.4027	
1600	21.865	19.89	20.896	15.215	8.372	5.3582	
1601	21.858	19.88	20.885	15.245	8.3609	5.4297	
1602	21.85	19.87	20.874	15.238	8.3485	5.3855	
1603	21.843	19.86	20.863	15.243	8.3307	5.3756	
1604	21.835	19.85	20.852	15.231	8.3665	5.3766	
1605	21.828	19.84	20.84	15.219	8.355	5.4195	
1606	21.82	19.83	20.829	15.218	8.3515	5.381	
1607	21.813	19.82	20.818	15.236	8.3546	5.3807	
1608	21.805	19.81	20.807	15.198	8.3743	5.3834	
1609	21.798	19.8	20.796	15.209	8.3542	5.3865	
1610	21.79	19.79	20.785	15.217	8.3669	5.3679	
1611	21.783	19.78	20.774	15.223	8.3448	5.3933	
1612	21.775	19.77	20.764	15.243	8.3307	5.3638	
1613	21.768	19.76	20.753	15.178	8.3644	5.3728	
1614	21.761	19.75	20.742	15.202	8.361	5.4227	
1615	21.753	19.74	20.731	15.227	8.3397	5.3958	
1616	21.746	19.73	20.72	15.22	8.3127	5.3666	
1617	21.739	19.72	20.709	15.246	8.3553	5.3936	
1618	21.731	19.711	20.698	15.226	8.3236	5.3726	
1619	21.724	19.701	20.687	15.199	8.3466	5.3731	
1620	21.717	19.691	20.676	15.181	8.3603	5.3781	
1621	21.709	19.681	20.665	15.208	8.3253	5.3494	
1622	21.702	19.671	20.655	15.178	8.3112	5.3902	
1623	21.695	19.661	20.644	15.171	8.3181	5.3343	
1624	21.687	19.651	20.633	15.213	8.3478	5.3601	
1625	21.68	19.642	20.622	15.221	8.3268	5.3138	
1626	21.673	19.632	20.611	15.189	8.3195	5.3457	
1627	21.666	19.622	20.601	15.194	8.2845	5.3273	
1628	21.658	19.612	20.59	15.187	8.3499	5.3401	
1629	21.651	19.603	20.579	15.19	8.342	5.3735	
1630	21.644	19.593	20.568	15.179	8.3391	5.3371	
1631	21.637	19.583	20.557	15.173	8.3154	5.3855	
1632	21.629	19.573	20.547	15.186	8.35	5.3166	
1633	21.622	19.564	20.536	15.203	8.3497	5.3381	
1634	21.615	19.554	20.525	15.171	8.297	5.3258	
1635	21.608	19.544	20.515	15.194	8.3312	5.3287	
1636	21.601	19.535	20.504	15.188	8.3212	5.3036	
1637	21.594	19.525	20.493	15.199	8.3059	5.3668	
1638	21.587	19.515	20.483	15.222	8.2801	5.3259	
1639	21.579	19.506	20.472	15.182	8.3194	5.2974	
1640	21.572	19.496	20.461	15.173	8.2818	5.3281	
1641	21.565	19.486	20.451	15.175	8.354	5.2891	
1642	21.558	19.477	20.44	15.205	8.2703	5.335	
1643	21.551	19.467	20.429	15.19	8.3112	5.2849	
1644	21.544	19.458	20.419	15.187	8.2906	5.3078	
1645	21.537	19.448	20.408	15.188	8.2927	5.329	
1646	21.53	19.438	20.398	15.208	8.31	5.2496	
1647	21.523	19.429	20.387	15.15	8.3281	5.3322	
1648	21.516	19.419	20.377	15.196	8.214	5.2562	
1649	21.509	19.41	20.366	15.203	8.3041	5.32	
1650	21.502	19.4	20.355	15.183	8.3097	5.3172	
1651	21.495	19.391	20.345	15.183	8.2823	5.2789	
1652	21.488	19.381	20.334	15.167	8.2903	5.2806	
1653	21.481	19.372	20.324	15.222	8.273	5.3132	
1654	21.474	19.362	20.313	15.187	8.2721	5.3	
1655	21.467	19.353	20.303	15.181	8.3124	5.2674	
1656	21.46	19.343	20.292	15.178	8.2858	5.2886	
1657	21.453	19.334	20.282	15.182	8.2736	5.2715	
1658	21.446	19.325	20.272	15.168	8.2909	5.2684	
1659	21.439	19.315	20.261	15.198	8.2389	5.2994	
1660	21.432	19.306	20.251	15.134	8.2013	5.3163	
1661	21.425	19.296	20.24	15.18	8.22	5.277	
1662	21.419	19.287	20.23	15.141	8.2754	5.2561	
1663	21.412	19.278	20.22	15.16	8.3068	5.3083	
1664	21.405	19.268	20.209	15.139	8.2076	5.1903	
1665	21.398	19.259	20.199	15.134	8.2768	5.2901	
1666	21.391	19.25	20.188	15.203	8.2376	5.2267	
1667	21.384	19.24	20.178	15.116	8.178	5.2636	
1668	21.378	19.231	20.168	15.094	8.2587	5.2816	
1669	21.371	19.222	20.157	15.177	8.2221	5.1642	
1670	21.364	19.212	20.147	15.177	8.3188	5.28	
1671	21.357	19.203	20.137	15.144	8.2985	5.1962	
1672	21.35	19.194	20.126	15.205	8.2434	5.1552	
1673	21.344	19.184	20.116	15.194	8.2671	5.2595	
1674	21.337	19.175	20.106	15.196	8.273	5.2443	
1675	21.33	19.166	20.096	15.123	8.1082	5.2754	
1676	21.323	19.157	20.085	15.177	8.2951	5.2414	
1677	21.317	19.147	20.075	15.141	8.2686	5.3115	
1678	21.31	19.138	20.065	15.131	8.1656	5.2901	
1679	21.303	19.129	20.055	15.153	8.2106	5.2576	
1680	21.297	19.12	20.044	15.136	8.2649	5.3272	
1681	21.29	19.111	20.034	15.15	8.3289	5.2473	
1682	21.283	19.102	20.024	15.105	8.2398	5.2015	
1683	21.276	19.092	20.014	15.132	8.2922	5.1972	
1684	21.27	19.083	20.004	15.112	8.2552	5.3479	
1685	21.263	19.074	19.993	15.14	8.0623	5.0309	
1686	21.257	19.065	19.983	15.254	8.287	5.2897	
1687	21.25	19.056	19.973	15.066	8.3556	5.4453	
1688	21.243	19.047	19.963	15.075	8.27	5.2045	
1689	21.237	19.038	19.953	15.151	8.2085	5.0922	
1690	21.23	19.029	19.943	15.044	8.425	5.2279	
1691	21.223	19.02	19.933	15.226	8.1621	5.1941	
1692	21.217	19.01	19.923	15.228	8.4692	5.2754	
1693	21.21	19.001	19.912	14.99	8.3545	5.5722	
1694	21.204	18.992	19.902	14.9	8.082	5.2263	
1695	21.197	18.983	19.892	15.192	8.4939	5.4261	
1696	21.191	18.974	19.882	15.082	8.2301	5.4347	
1697	21.184	18.965	19.872	15.142	8.3357	5.437	
1698	21.178	18.956	19.862	14.719	8.2576	4.9981	
1699	21.171	18.947	19.852	14.916	8.6842	5.3629	
1700	21.165	18.938	19.842	14.932	8.1696	5.1826	
