	65	70	75	65	70	75	
300	33.227	29.489	23.776	37.511	37.209	37.514	
301	32.955	29.109	23.213	37.295	36.907	37.453	
302	32.7	28.755	22.696	37.087	36.772	37.279	
303	32.459	28.423	22.221	37.019	36.553	37.024	
304	32.233	28.113	21.791	36.99	36.489	37.052	
305	32.021	27.828	21.408	36.884	36.423	36.867	
306	31.822	27.563	21.068	36.614	36.185	36.77	
307	31.636	27.319	20.773	36.511	36.277	36.641	
308	31.463	27.098	20.524	36.334	36.128	36.541	
309	31.302	26.895	20.318	36.365	35.959	36.377	
310	31.151	26.712	20.155	36.171	35.873	36.379	
311	31.012	26.549	20.035	36.159	35.715	36.319	
312	30.883	26.405	19.956	36.209	35.719	36.207	
313	30.764	26.278	19.915	35.89	35.526	36.139	
314	30.654	26.169	19.912	35.955	35.547	35.953	
315	30.555	26.077	19.946	35.892	35.364	35.909	
316	30.464	26.002	20.013	35.798	35.418	35.815	
317	30.381	25.943	20.111	35.661	35.298	35.754	
318	30.308	25.899	20.238	35.561	35.153	35.59	
319	30.242	25.87	20.392	35.518	35.053	35.611	
320	30.185	25.856	20.571	35.535	35.035	35.459	
321	30.135	25.856	20.772	35.427	34.977	35.375	
322	30.092	25.868	20.993	35.393	34.901	35.332	
323	30.057	25.894	21.232	35.355	34.78	35.278	
324	30.03	25.932	21.487	35.23	34.786	35.152	
325	30.009	25.981	21.756	35.241	34.578	35.091	
326	29.994	26.042	22.036	35.155	34.568	35.032	
327	29.987	26.113	22.327	35.062	34.546	34.927	
328	29.986	26.194	22.627	35.028	34.498	34.847	
329	29.991	26.285	22.934	34.999	34.432	34.774	
330	30.003	26.385	23.248	35.011	34.459	34.767	
331	30.021	26.494	23.567	34.888	34.365	34.712	
332	30.045	26.612	23.889	34.842	34.23	34.555	
333	30.074	26.737	24.215	34.885	34.182	34.577	
334	30.11	26.87	24.543	34.798	34.161	34.525	
335	30.152	27.01	24.873	34.731	34.097	34.447	
336	30.199	27.156	25.203	34.609	34.041	34.358	
337	30.252	27.31	25.535	34.687	34.006	34.353	
338	30.311	27.469	25.866	34.632	33.962	34.303	
339	30.376	27.635	26.198	34.529	33.832	34.23	
340	30.447	27.806	26.528	34.579	33.724	34.179	
341	30.522	27.983	26.859	34.486	33.766	34.165	
342	30.604	28.166	27.188	34.466	33.725	34.1	
343	30.691	28.353	27.517	34.549	33.733	34.023	
344	30.784	28.546	27.844	34.521	33.702	33.95	
345	30.883	28.743	28.17	34.424	33.661	33.933	
346	30.987	28.946	28.496	34.455	33.622	33.892	
347	31.097	29.153	28.821	34.458	33.593	33.865	
348	31.214	29.366	29.145	34.377	33.616	33.812	
349	31.337	29.584	29.469	34.389	33.625	33.81	
350	31.466	29.808	29.793	34.388	33.625	33.767	
351	31.603	30.038	30.118	34.35	33.524	33.743	
352	31.748	30.274	30.445	34.396	33.574	33.8	
353	31.901	30.518	30.775	34.351	33.52	33.614	
354	32.063	30.77	31.108	34.458	33.583	33.722	
355	32.234	31.03	31.445	34.599	33.444	33.575	
356	32.415	31.3	31.788	34.579	33.535	33.58	
357	32.605	31.578	32.135	34.514	33.694	33.653	
358	32.802	31.863	32.487	34.45	33.599	33.561	
359	33.006	32.155	32.842	34.557	33.626	33.604	
360	33.212	32.449	33.198	34.568	33.602	33.533	
361	33.417	32.741	33.551	34.519	33.534	33.614	
362	33.617	33.028	33.897	34.468	33.471	33.318	
363	33.808	33.305	34.231	34.502	33.373	33.27	
364	33.987	33.568	34.551	34.485	33.406	33.141	
365	34.149	33.813	34.852	34.48	33.239	33.257	
366	34.293	34.039	35.132	34.43	33.18	32.916	
367	34.42	34.245	35.392	34.217	33.026	32.627	
368	34.527	34.43	35.63	34.2	33.006	32.484	
369	34.615	34.593	35.845	34.034	32.568	32.257	
370	34.685	34.736	36.04	33.841	32.395	31.955	
371	34.741	34.863	36.218	33.737	32.227	31.762	
372	34.786	34.976	36.381	33.555	32.089	31.437	
373	34.822	35.079	36.531	33.39	31.779	31.262	
374	34.85	35.172	36.672	33.076	31.523	30.992	
375	34.874	35.259	36.804	32.972	31.289	30.557	
376	34.894	35.341	36.93	32.744	31.026	30.281	
377	34.912	35.419	37.051	32.512	30.758	29.935	
378	34.929	35.495	37.169	32.361	30.452	29.755	
379	34.947	35.569	37.283	32.152	30.302	29.525	
380	34.965	35.644	37.396	31.847	30.094	29.22	
381	34.986	35.719	37.508	31.78	29.805	28.874	
382	35.008	35.795	37.621	31.618	29.702	28.718	
383	35.033	35.872	37.734	31.407	29.37	28.494	
384	35.061	35.952	37.847	31.178	29.194	28.195	
385	35.091	36.032	37.961	31.074	29.021	28.069	
386	35.125	36.115	38.076	30.864	28.789	27.848	
387	35.162	36.201	38.193	30.652	28.633	27.637	
388	35.202	36.289	38.311	30.583	28.41	27.476	
389	35.245	36.379	38.431	30.461	28.307	27.256	
390	35.292	36.472	38.553	30.26	28.108	27.05	
391	35.342	36.568	38.678	30.191	27.915	26.895	
392	35.397	36.667	38.804	29.981	27.735	26.665	
393	35.455	36.769	38.933	29.878	27.587	26.582	
394	35.516	36.875	39.064	29.682	27.397	26.4	
395	35.581	36.983	39.198	29.63	27.355	26.298	
396	35.65	37.094	39.335	29.422	27.142	26.077	
397	35.723	37.209	39.474	29.335	27.036	25.925	
398	35.799	37.327	39.616	29.275	26.882	25.776	
399	35.879	37.448	39.761	29.093	26.69	25.637	
400	35.962	37.572	39.909	29.072	26.6	25.423	
401	36.049	37.699	40.06	28.922	26.451	25.337	
402	36.139	37.83	40.214	28.768	26.379	25.181	
403	36.232	37.963	40.371	28.682	26.196	25.041	
404	36.328	38.1	40.531	28.573	26.143	24.894	
405	36.428	38.239	40.694	28.511	25.929	24.83	
406	36.53	38.382	40.86	28.418	25.831	24.647	
407	36.635	38.527	41.029	28.306	25.691	24.585	
408	36.743	38.675	41.201	28.204	25.67	24.441	
409	36.853	38.825	41.376	28.091	25.533	24.21	
410	36.967	38.979	41.554	28.031	25.423	24.179	
411	37.082	39.135	41.735	27.868	25.362	24.088	
412	37.2	39.294	41.92	27.819	25.199	23.977	
413	37.32	39.455	42.107	27.751	25.068	23.815	
414	37.443	39.619	42.298	27.647	25.046	23.779	
415	37.568	39.785	42.492	27.567	24.906	23.666	
416	37.695	39.955	42.689	27.436	24.81	23.564	
417	37.824	40.126	42.889	27.395	24.667	23.442	
418	37.955	40.3	43.093	27.242	24.576	23.314	
419	38.089	40.477	43.3	27.24	24.539	23.278	
420	38.225	40.657	43.51	27.177	24.391	23.051	
421	38.363	40.839	43.724	26.993	24.277	23.05	
422	38.502	41.023	43.941	27.016	24.164	22.99	
423	38.644	41.21	44.162	26.934	24.088	22.879	
424	38.788	41.4	44.386	26.867	24.049	22.714	
425	38.934	41.592	44.614	26.755	23.89	22.644	
426	39.082	41.787	44.846	26.651	23.86	22.58	
427	39.233	41.985	45.082	26.553	23.755	22.538	
428	39.385	42.185	45.321	26.479	23.663	22.372	
429	39.539	42.388	45.564	26.519	23.569	22.282	
430	39.695	42.593	45.811	26.369	23.426	22.284	
431	39.853	42.801	46.062	26.264	23.503	22.162	
432	40.012	43.012	46.317	26.276	23.311	21.984	
433	40.174	43.226	46.576	26.141	23.339	21.941	
434	40.338	43.442	46.839	26.086	23.175	21.795	
435	40.504	43.661	47.106	26.006	23.033	21.804	
436	40.672	43.883	47.377	25.973	22.899	21.543	
437	40.841	44.107	47.653	25.893	22.922	21.617	
438	41.012	44.334	47.933	25.872	22.893	21.469	
439	41.186	44.564	48.217	25.71	22.818	21.435	
440	41.361	44.797	48.506	25.695	22.639	21.343	
441	41.538	45.033	48.799	25.63	22.648	21.261	
442	41.717	45.271	49.096	25.588	22.648	21.104	
443	41.898	45.512	49.398	25.507	22.442	21.184	
444	42.08	45.756	49.705	25.556	22.424	20.985	
445	42.265	46.002	50.016	25.392	22.277	20.91	
446	42.451	46.252	50.332	25.234	22.293	20.863	
447	42.639	46.504	50.652	25.292	22.112	20.749	
448	42.829	46.759	50.977	25.195	22.141	20.723	
449	43.021	47.017	51.307	25.183	22.026	20.627	
450	43.214	47.277	51.641	25.118	21.916	20.654	
451	43.409	47.541	51.98	25.118	21.857	20.554	
452	43.606	47.806	52.324	25.026	21.784	20.444	
453	43.804	48.075	52.673	24.922	21.755	20.443	
454	44.004	48.347	53.027	24.835	21.684	20.273	
455	44.206	48.621	53.385	24.769	21.671	20.279	
456	44.409	48.897	53.748	24.72	21.58	20.095	
457	44.614	49.177	54.116	24.709	21.546	20.092	
458	44.82	49.459	54.489	24.66	21.441	20.062	
459	45.028	49.743	54.866	24.663	21.481	19.975	
460	45.238	50.03	55.249	24.545	21.331	19.906	
461	45.449	50.32	55.636	24.62	21.233	19.818	
462	45.661	50.612	56.028	24.431	21.183	19.772	
463	45.875	50.906	56.424	24.46	21.21	19.722	
464	46.09	51.203	56.825	24.327	21.031	19.609	
465	46.307	51.502	57.231	24.36	21.017	19.608	
466	46.525	51.803	57.642	24.267	20.954	19.454	
467	46.743	52.107	58.057	24.206	20.854	19.484	
468	46.964	52.413	58.476	24.17	20.799	19.396	
469	47.185	52.72	58.9	24.092	20.77	19.34	
470	47.408	53.03	59.328	24.061	20.699	19.193	
471	47.631	53.342	59.761	24.012	20.652	19.217	
472	47.856	53.655	60.198	23.934	20.679	19.142	
473	48.081	53.971	60.639	23.947	20.517	19.035	
474	48.308	54.287	61.083	23.908	20.509	19.076	
475	48.535	54.606	61.532	23.846	20.472	18.955	
476	48.763	54.926	61.984	23.824	20.439	18.928	
477	48.992	55.247	62.441	23.74	20.279	18.806	
478	49.221	55.57	62.9	23.684	20.28	18.775	
479	49.451	55.894	63.363	23.667	20.197	18.72	
480	49.682	56.219	63.829	23.599	20.142	18.638	
481	49.913	56.544	64.299	23.572	20.093	18.615	
482	50.144	56.871	64.771	23.495	20.1	18.561	
483	50.376	57.198	65.245	23.543	20.037	18.524	
484	50.608	57.525	65.722	23.447	19.952	18.437	
485	50.84	57.853	66.202	23.405	19.904	18.479	
486	51.072	58.181	66.683	23.388	19.787	18.36	
487	51.304	58.51	67.166	23.308	19.783	18.254	
488	51.537	58.838	67.651	23.318	19.714	18.213	
489	51.769	59.165	68.136	23.228	19.691	18.178	
490	52	59.492	68.623	23.239	19.606	18.185	
491	52.232	59.819	69.11	23.162	19.598	18.078	
492	52.463	60.145	69.598	23.125	19.513	18.036	
493	52.693	60.469	70.085	23.098	19.505	17.975	
494	52.923	60.792	70.572	23.049	19.475	17.976	
495	53.152	61.114	71.058	23.039	19.452	17.877	
496	53.38	61.434	71.542	22.991	19.38	17.876	
497	53.608	61.752	72.024	22.952	19.303	17.874	
498	53.834	62.068	72.505	22.922	19.281	17.787	
499	54.059	62.381	72.982	22.888	19.204	17.73	
500	54.283	62.691	73.456	22.873	19.164	17.653	
501	54.505	62.999	73.925	22.799	19.155	17.607	
502	54.727	63.304	74.39	22.748	19.072	17.553	
503	54.946	63.604	74.848	22.745	19.08	17.515	
504	55.164	63.902	75.301	22.67	18.989	17.461	
505	55.38	64.195	75.746	22.66	18.966	17.426	
506	55.594	64.484	76.183	22.59	18.9	17.357	
507	55.806	64.768	76.61	22.573	18.858	17.36	
508	56.016	65.048	77.028	22.544	18.831	17.264	
509	56.224	65.322	77.433	22.54	18.784	17.234	
510	56.429	65.591	77.825	22.464	18.744	17.185	
511	56.632	65.854	78.203	22.441	18.672	17.172	
512	56.832	66.111	78.565	22.411	18.653	17.095	
513	57.029	66.362	78.91	22.38	18.604	17.039	
514	57.224	66.605	79.235	22.329	18.581	17.008	
515	57.415	66.842	79.54	22.323	18.521	16.956	
516	57.604	67.072	79.821	22.272	18.488	16.925	
517	57.789	67.294	80.078	22.233	18.453	16.889	
518	57.971	67.509	80.309	22.213	18.429	16.8	
519	58.149	67.715	80.511	22.156	18.383	16.8	
520	58.324	67.912	80.683	22.155	18.329	16.783	
521	58.495	68.102	80.825	22.107	18.281	16.705	
522	58.662	68.282	80.934	22.082	18.236	16.682	
523	58.826	68.453	81.01	22.044	18.197	16.633	
524	58.985	68.614	81.052	22.008	18.175	16.576	
525	59.141	68.766	81.061	21.973	18.11	16.541	
526	59.292	68.908	81.036	21.948	18.101	16.479	
527	59.439	69.041	80.979	21.919	18.041	16.467	
528	59.582	69.163	80.891	21.871	18.015	16.444	
529	59.719	69.274	80.772	21.848	17.935	16.346	
530	59.853	69.376	80.626	21.807	17.963	16.332	
531	59.982	69.466	80.453	21.787	17.894	16.282	
532	60.106	69.547	80.255	21.792	17.872	16.249	
533	60.225	69.616	80.035	21.715	17.836	16.21	
534	60.34	69.675	79.795	21.688	17.765	16.173	
535	60.449	69.723	79.537	21.675	17.736	16.118	
536	60.554	69.761	79.262	21.642	17.728	16.071	
537	60.653	69.788	78.972	21.635	17.67	16.051	
538	60.747	69.804	78.669	21.595	17.649	16.008	
539	60.837	69.81	78.355	21.569	17.626	15.99	
540	60.92	69.806	78.031	21.55	17.587	15.938	
541	60.999	69.792	77.698	21.51	17.537	15.923	
542	61.073	69.767	77.358	21.482	17.509	15.858	
543	61.141	69.733	77.011	21.476	17.461	15.814	
544	61.204	69.689	76.659	21.431	17.422	15.773	
545	61.262	69.635	76.302	21.41	17.437	15.761	
546	61.314	69.573	75.942	21.352	17.352	15.71	
547	61.361	69.501	75.579	21.367	17.317	15.707	
548	61.403	69.421	75.214	21.329	17.285	15.648	
549	61.44	69.332	74.846	21.326	17.238	15.622	
550	61.471	69.235	74.478	21.261	17.228	15.591	
551	61.497	69.131	74.109	21.239	17.193	15.54	
552	61.518	69.018	73.74	21.241	17.157	15.508	
553	61.534	68.899	73.371	21.207	17.129	15.477	
554	61.544	68.772	73.003	21.168	17.077	15.44	
555	61.55	68.639	72.635	21.16	17.056	15.395	
556	61.551	68.5	72.268	21.131	17.016	15.362	
557	61.546	68.354	71.903	21.103	16.947	15.317	
558	61.537	68.203	71.539	21.084	16.962	15.3	
559	61.523	68.046	71.177	21.046	16.928	15.278	
560	61.504	67.884	70.817	21.019	16.886	15.228	
561	61.48	67.717	70.46	21.007	16.84	15.186	
562	61.452	67.545	70.104	21	16.812	15.184	
563	61.419	67.369	69.751	20.961	16.801	15.133	
564	61.382	67.189	69.4	20.944	16.75	15.126	
565	61.34	67.005	69.052	20.9	16.721	15.064	
566	61.294	66.818	68.707	20.879	16.684	15.074	
567	61.244	66.627	68.365	20.845	16.66	15.01	
568	61.19	66.434	68.025	20.818	16.626	14.969	
569	61.132	66.237	67.689	20.805	16.591	14.939	
570	61.07	66.037	67.355	20.791	16.566	14.891	
571	61.004	65.836	67.024	20.756	16.54	14.877	
572	60.935	65.632	66.697	20.734	16.528	14.866	
573	60.862	65.426	66.373	20.719	16.489	14.815	
574	60.785	65.218	66.051	20.685	16.473	14.755	
575	60.705	65.009	65.733	20.662	16.434	14.74	
576	60.622	64.798	65.418	20.631	16.404	14.719	
577	60.535	64.586	65.107	20.644	16.385	14.694	
578	60.446	64.372	64.798	20.618	16.331	14.681	
579	60.353	64.158	64.493	20.576	16.316	14.62	
580	60.258	63.943	64.191	20.577	16.277	14.621	
581	60.16	63.727	63.892	20.535	16.251	14.584	
582	60.059	63.511	63.596	20.524	16.22	14.522	
583	59.956	63.294	63.303	20.504	16.18	14.507	
584	59.85	63.076	63.014	20.492	16.17	14.517	
585	59.741	62.859	62.728	20.442	16.155	14.449	
586	59.631	62.642	62.445	20.431	16.123	14.417	
587	59.518	62.424	62.165	20.436	16.098	14.362	
588	59.403	62.207	61.888	20.408	16.07	14.357	
589	59.287	61.989	61.614	20.364	16.041	14.332	
590	59.168	61.772	61.343	20.345	16.005	14.287	
591	59.047	61.556	61.076	20.333	15.99	14.25	
592	58.925	61.339	60.811	20.31	15.918	14.221	
593	58.801	61.124	60.55	20.296	15.969	14.198	
594	58.676	60.909	60.291	20.283	15.892	14.209	
595	58.549	60.694	60.035	20.24	15.88	14.155	
596	58.421	60.48	59.782	20.22	15.879	14.124	
597	58.291	60.267	59.532	20.21	15.839	14.089	
598	58.16	60.055	59.285	20.202	15.8	14.07	
599	58.028	59.843	59.041	20.184	15.748	14.033	
600	57.895	59.633	58.8	20.146	15.774	14.024	
601	57.761	59.423	58.561	20.111	15.734	13.982	
602	57.626	59.214	58.325	20.089	15.676	13.946	
603	57.49	59.007	58.092	20.073	15.681	13.918	
604	57.353	58.8	57.861	20.062	15.645	13.915	
605	57.215	58.595	57.633	20.041	15.608	13.859	
606	57.077	58.39	57.408	20.03	15.616	13.815	
607	56.938	58.187	57.185	19.998	15.592	13.779	
608	56.799	57.985	56.965	20.014	15.535	13.804	
609	56.659	57.784	56.747	19.982	15.547	13.748	
610	56.519	57.584	56.532	19.959	15.505	13.733	
611	56.378	57.385	56.319	19.939	15.468	13.708	
612	56.236	57.188	56.109	19.937	15.48	13.705	
613	56.095	56.992	55.901	19.905	15.44	13.625	
614	55.953	56.797	55.695	19.873	15.416	13.633	
615	55.811	56.604	55.492	19.872	15.373	13.599	
616	55.669	56.411	55.291	19.848	15.366	13.567	
617	55.527	56.221	55.092	19.833	15.339	13.548	
618	55.384	56.031	54.896	19.81	15.324	13.544	
619	55.242	55.843	54.702	19.793	15.289	13.484	
620	55.099	55.656	54.51	19.769	15.26	13.464	
621	54.957	55.47	54.32	19.744	15.245	13.463	
622	54.815	55.286	54.132	19.758	15.223	13.435	
623	54.672	55.103	53.946	19.727	15.19	13.375	
624	54.53	54.921	53.763	19.705	15.17	13.372	
625	54.388	54.741	53.581	19.678	15.168	13.392	
626	54.246	54.562	53.401	19.681	15.12	13.311	
627	54.105	54.384	53.224	19.667	15.098	13.304	
628	53.963	54.208	53.048	19.638	15.06	13.283	
629	53.822	54.033	52.874	19.635	15.075	13.294	
630	53.681	53.859	52.702	19.57	15.013	13.233	
631	53.54	53.687	52.532	19.565	15.066	13.236	
632	53.4	53.516	52.364	19.575	15.011	13.141	
633	53.26	53.346	52.197	19.564	14.965	13.12	
634	53.121	53.178	52.033	19.51	14.954	13.069	
635	52.982	53.011	51.87	19.493	14.942	13.106	
636	52.843	52.845	51.709	19.49	14.951	13.106	
637	52.705	52.68	51.549	19.498	14.872	13.056	
638	52.567	52.517	51.392	19.454	14.846	13.046	
639	52.43	52.355	51.236	19.459	14.818	13.027	
640	52.293	52.195	51.081	19.425	14.799	13.018	
641	52.156	52.036	50.928	19.452	14.778	12.939	
642	52.02	51.878	50.777	19.402	14.772	12.986	
643	51.885	51.721	50.627	19.387	14.721	12.945	
644	51.75	51.565	50.479	19.404	14.727	12.899	
645	51.616	51.411	50.333	19.385	14.71	12.869	
646	51.482	51.258	50.188	19.341	14.67	12.857	
647	51.349	51.106	50.044	19.34	14.697	12.832	
648	51.216	50.955	49.902	19.298	14.644	12.833	
649	51.084	50.806	49.761	19.29	14.633	12.793	
650	50.953	50.658	49.622	19.268	14.571	12.757	
651	50.822	50.511	49.484	19.249	14.593	12.771	
652	50.692	50.365	49.348	19.245	14.544	12.718	
653	50.562	50.22	49.212	19.224	14.556	12.69	
654	50.433	50.077	49.079	19.213	14.505	12.636	
655	50.304	49.934	48.946	19.188	14.528	12.643	
656	50.177	49.793	48.815	19.173	14.551	12.655	
657	50.049	49.653	48.685	19.182	14.495	12.58	
658	49.923	49.514	48.556	19.145	14.451	12.585	
659	49.797	49.376	48.429	19.135	14.393	12.576	
660	49.672	49.24	48.303	19.131	14.406	12.557	
661	49.547	49.104	48.178	19.149	14.366	12.521	
662	49.423	48.969	48.054	19.141	14.38	12.487	
663	49.3	48.836	47.931	19.085	14.354	12.478	
664	49.178	48.703	47.81	19.067	14.358	12.46	
665	49.056	48.572	47.69	19.05	14.329	12.422	
666	48.934	48.442	47.57	19.037	14.283	12.4	
667	48.814	48.312	47.452	19.049	14.264	12.403	
668	48.694	48.184	47.335	19.03	14.28	12.379	
669	48.574	48.057	47.219	19.015	14.24	12.357	
670	48.456	47.931	47.105	18.996	14.227	12.341	
671	48.338	47.805	46.991	18.983	14.189	12.272	
672	48.22	47.681	46.878	18.968	14.151	12.307	
673	48.104	47.558	46.766	18.924	14.153	12.286	
674	47.988	47.435	46.656	18.939	14.161	12.278	
675	47.872	47.314	46.546	18.916	14.153	12.296	
676	47.758	47.193	46.437	18.918	14.072	12.203	
677	47.644	47.074	46.329	18.905	14.111	12.199	
678	47.53	46.955	46.222	18.877	14.073	12.219	
679	47.418	46.838	46.117	18.874	14.028	12.143	
680	47.306	46.721	46.012	18.865	14.013	12.153	
681	47.194	46.605	45.907	18.846	13.999	12.088	
682	47.084	46.49	45.804	18.845	14.005	12.109	
683	46.974	46.376	45.702	18.808	13.954	12.072	
684	46.864	46.263	45.601	18.784	13.945	12.093	
685	46.755	46.15	45.5	18.793	13.961	12.052	
686	46.647	46.039	45.4	18.775	13.924	12.002	
687	46.54	45.928	45.302	18.777	13.89	11.991	
688	46.433	45.818	45.204	18.772	13.868	11.962	
689	46.327	45.709	45.106	18.761	13.903	11.957	
690	46.221	45.601	45.01	18.716	13.875	11.965	
691	46.116	45.494	44.914	18.724	13.843	11.91	
692	46.012	45.387	44.82	18.709	13.782	11.94	
693	45.908	45.281	44.726	18.696	13.781	11.891	
694	45.805	45.176	44.632	18.682	13.775	11.898	
695	45.703	45.072	44.54	18.653	13.738	11.859	
696	45.601	44.969	44.448	18.654	13.704	11.854	
697	45.5	44.866	44.357	18.647	13.742	11.818	
698	45.399	44.764	44.267	18.656	13.697	11.76	
699	45.299	44.663	44.177	18.615	13.678	11.745	
700	45.2	44.562	44.088	18.603	13.714	11.763	
701	45.101	44.463	44	18.616	13.601	11.754	
702	45.003	44.364	43.913	18.605	13.677	11.742	
703	44.905	44.265	43.826	18.55	13.664	11.695	
704	44.808	44.168	43.74	18.548	13.616	11.689	
705	44.712	44.071	43.654	18.593	13.586	11.663	
706	44.616	43.975	43.569	18.539	13.595	11.627	
707	44.521	43.879	43.485	18.519	13.587	11.625	
708	44.426	43.784	43.401	18.499	13.513	11.634	
709	44.332	43.69	43.319	18.52	13.555	11.58	
710	44.239	43.596	43.236	18.509	13.487	11.628	
711	44.146	43.504	43.155	18.491	13.491	11.511	
712	44.053	43.411	43.073	18.46	13.43	11.505	
713	43.962	43.32	42.993	18.443	13.501	11.532	
714	43.87	43.229	42.913	18.434	13.419	11.487	
715	43.78	43.139	42.834	18.397	13.433	11.469	
716	43.689	43.049	42.755	18.418	13.356	11.374	
717	43.6	42.96	42.677	18.408	13.398	11.468	
718	43.511	42.871	42.599	18.389	13.347	11.371	
719	43.422	42.783	42.522	18.416	13.365	11.461	
720	43.334	42.696	42.446	18.332	13.336	11.414	
721	43.247	42.609	42.37	18.377	13.311	11.389	
722	43.16	42.523	42.294	18.373	13.341	11.365	
723	43.073	42.438	42.219	18.316	13.339	11.362	
724	42.987	42.353	42.145	18.348	13.267	11.357	
725	42.902	42.268	42.071	18.293	13.366	11.278	
726	42.817	42.185	41.998	18.343	13.2	11.279	
727	42.733	42.101	41.925	18.3	13.25	11.255	
728	42.649	42.019	41.852	18.318	13.194	11.255	
729	42.565	41.936	41.78	18.272	13.178	11.254	
730	42.483	41.855	41.709	18.26	13.183	11.173	
731	42.4	41.774	41.638	18.22	13.167	11.208	
732	42.318	41.693	41.568	18.247	13.116	11.197	
733	42.237	41.613	41.498	18.236	13.152	11.165	
734	42.156	41.533	41.428	18.263	13.117	11.143	
735	42.075	41.454	41.359	18.212	13.131	11.119	
736	41.995	41.376	41.29	18.211	13.114	11.12	
737	41.916	41.298	41.222	18.221	13.084	11.153	
738	41.837	41.22	41.154	18.175	13.091	11.076	
739	41.758	41.143	41.087	18.168	13.067	11.094	
740	41.68	41.066	41.02	18.198	13.06	11.074	
741	41.602	40.99	40.954	18.146	13.012	11.072	
742	41.525	40.915	40.888	18.159	13.021	11.016	
743	41.448	40.839	40.822	18.16	13.027	10.987	
744	41.372	40.765	40.757	18.128	13	11.023	
745	41.296	40.69	40.692	18.098	13.023	11.013	
746	41.221	40.617	40.628	18.113	12.97	10.981	
747	41.146	40.543	40.564	18.112	13.001	10.944	
748	41.071	40.47	40.5	18.09	12.967	10.93	
749	40.997	40.398	40.437	18.087	12.928	10.902	
750	40.923	40.326	40.374	18.026	12.909	10.938	
751	40.85	40.254	40.312	18.064	12.892	10.873	
752	40.777	40.183	40.25	18.016	12.923	10.846	
753	40.705	40.112	40.188	18.042	12.881	10.845	
754	40.633	40.042	40.126	18.033	12.862	10.87	
755	40.561	39.972	40.065	17.998	12.896	10.794	
756	40.49	39.903	40.005	18.017	12.83	10.84	
757	40.419	39.834	39.945	18.016	12.778	10.837	
758	40.348	39.765	39.885	17.993	12.814	10.794	
759	40.278	39.697	39.825	17.991	12.817	10.766	
760	40.209	39.629	39.766	17.965	12.743	10.723	
761	40.139	39.561	39.707	17.94	12.757	10.727	
762	40.07	39.494	39.648	17.968	12.744	10.685	
763	40.002	39.427	39.59	17.942	12.757	10.67	
764	39.934	39.361	39.532	17.942	12.75	10.703	
765	39.866	39.295	39.475	17.928	12.723	10.649	
766	39.799	39.229	39.417	17.945	12.732	10.659	
767	39.732	39.164	39.36	17.932	12.689	10.658	
768	39.665	39.099	39.304	17.898	12.676	10.604	
769	39.599	39.035	39.247	17.901	12.684	10.63	
770	39.533	38.971	39.191	17.88	12.632	10.573	
771	39.467	38.907	39.136	17.839	12.621	10.567	
772	39.402	38.843	39.08	17.837	12.664	10.567	
773	39.337	38.78	39.025	17.851	12.613	10.567	
774	39.273	38.718	38.97	17.831	12.605	10.51	
775	39.209	38.655	38.916	17.81	12.584	10.517	
776	39.145	38.593	38.862	17.872	12.563	10.49	
777	39.081	38.531	38.808	17.813	12.541	10.499	
778	39.018	38.47	38.754	17.814	12.507	10.516	
779	38.955	38.409	38.7	17.771	12.515	10.473	
780	38.893	38.348	38.647	17.769	12.529	10.484	
781	38.831	38.288	38.595	17.816	12.552	10.405	
782	38.769	38.228	38.542	17.788	12.453	10.414	
783	38.708	38.168	38.49	17.766	12.44	10.413	
784	38.646	38.108	38.438	17.747	12.468	10.369	
785	38.586	38.049	38.386	17.727	12.424	10.347	
786	38.525	37.99	38.334	17.72	12.435	10.349	
787	38.465	37.932	38.283	17.725	12.412	10.345	
788	38.405	37.873	38.232	17.722	12.394	10.324	
789	38.345	37.815	38.181	17.703	12.376	10.317	
790	38.286	37.758	38.131	17.705	12.403	10.277	
791	38.227	37.7	38.08	17.675	12.368	10.278	
792	38.169	37.643	38.03	17.689	12.361	10.267	
793	38.11	37.587	37.981	17.679	12.381	10.266	
794	38.052	37.53	37.931	17.66	12.327	10.239	
795	37.995	37.474	37.882	17.659	12.309	10.224	
796	37.937	37.418	37.833	17.662	12.313	10.213	
797	37.88	37.362	37.784	17.654	12.325	10.176	
798	37.823	37.307	37.735	17.666	12.323	10.181	
799	37.767	37.252	37.687	17.647	12.261	10.206	
800	37.71	37.197	37.639	17.62	12.266	10.135	
801	37.654	37.142	37.591	17.605	12.279	10.152	
802	37.598	37.088	37.543	17.648	12.257	10.122	
803	37.543	37.034	37.496	17.585	12.228	10.092	
804	37.488	36.98	37.449	17.575	12.219	10.133	
805	37.433	36.927	37.402	17.566	12.198	10.093	
806	37.378	36.874	37.355	17.583	12.17	10.084	
807	37.324	36.821	37.308	17.566	12.126	10.115	
808	37.27	36.768	37.262	17.569	12.174	10.024	
809	37.216	36.715	37.216	17.516	12.099	10.047	
810	37.163	36.663	37.17	17.556	12.165	10.014	
811	37.109	36.611	37.124	17.537	12.131	9.9973	
812	37.056	36.559	37.078	17.532	12.176	10.005	
813	37.003	36.508	37.033	17.542	12.077	9.9926	
814	36.951	36.456	36.988	17.52	12.11	10.013	
815	36.899	36.405	36.943	17.499	12.091	9.9656	
816	36.847	36.355	36.898	17.51	12.082	9.9131	
817	36.795	36.304	36.853	17.487	12.062	9.9298	
818	36.743	36.254	36.809	17.492	12.059	9.9034	
819	36.692	36.204	36.765	17.483	12.042	9.9129	
820	36.641	36.154	36.721	17.46	12.018	9.8719	
821	36.59	36.104	36.677	17.453	12.005	9.8656	
822	36.54	36.055	36.633	17.45	12.012	9.8616	
823	36.489	36.005	36.59	17.451	12.006	9.8525	
824	36.439	35.956	36.546	17.443	12.007	9.8497	
825	36.39	35.908	36.503	17.437	11.988	9.8449	
826	36.34	35.859	36.46	17.433	11.98	9.8362	
827	36.291	35.811	36.418	17.43	11.974	9.8144	
828	36.241	35.763	36.375	17.419	11.964	9.8087	
829	36.193	35.715	36.333	17.407	11.95	9.7941	
830	36.144	35.667	36.29	17.407	11.946	9.8031	
831	36.095	35.619	36.248	17.4	11.919	9.7859	
832	36.047	35.572	36.206	17.384	11.91	9.7662	
833	35.999	35.525	36.165	17.379	11.905	9.7353	
834	35.951	35.478	36.123	17.367	11.897	9.7158	
835	35.904	35.431	36.082	17.36	11.889	9.7177	
836	35.857	35.385	36.041	17.358	11.888	9.6974	
837	35.809	35.339	35.999	17.35	11.861	9.7024	
838	35.762	35.293	35.959	17.356	11.846	9.6741	
839	35.716	35.247	35.918	17.339	11.835	9.6728	
840	35.669	35.201	35.877	17.323	11.851	9.6213	
841	35.623	35.155	35.837	17.338	11.799	9.6059	
842	35.577	35.11	35.797	17.35	11.812	9.6524	
843	35.531	35.065	35.756	17.333	11.79	9.6237	
844	35.485	35.02	35.716	17.328	11.8	9.6135	
845	35.44	34.975	35.677	17.337	11.83	9.5864	
846	35.395	34.931	35.637	17.25	11.762	9.5728	
847	35.35	34.886	35.597	17.316	11.671	9.6306	
848	35.305	34.842	35.558	17.299	11.801	9.6341	
849	35.26	34.798	35.519	17.296	11.713	9.5251	
850	35.216	34.754	35.48	17.278	11.74	9.5683	
851	35.171	34.71	35.441	17.254	11.712	9.5872	
852	35.127	34.667	35.402	17.249	11.723	9.4661	
853	35.083	34.624	35.363	17.279	11.658	9.4759	
854	35.04	34.58	35.325	17.228	11.704	9.4325	
855	34.996	34.537	35.286	17.23	11.626	9.478	
856	34.953	34.495	35.248	17.202	11.678	9.4881	
857	34.91	34.452	35.21	17.234	11.659	9.4508	
858	34.867	34.41	35.172	17.248	11.682	9.4151	
859	34.824	34.367	35.134	17.26	11.629	9.461	
860	34.781	34.325	35.097	17.206	11.667	9.4684	
861	34.739	34.283	35.059	17.177	11.615	9.3825	
862	34.697	34.241	35.022	17.215	11.595	9.3837	
863	34.655	34.2	34.984	17.205	11.644	9.3907	
864	34.613	34.158	34.947	17.208	11.589	9.387	
865	34.571	34.117	34.91	17.157	11.577	9.3165	
866	34.529	34.076	34.873	17.167	11.563	9.3468	
867	34.488	34.034	34.837	17.147	11.513	9.3459	
868	34.447	33.994	34.8	17.118	11.543	9.3501	
869	34.406	33.953	34.763	17.15	11.508	9.2901	
870	34.365	33.912	34.727	17.159	11.516	9.3057	
871	34.324	33.872	34.691	17.146	11.508	9.2767	
872	34.284	33.832	34.655	17.131	11.512	9.3136	
873	34.244	33.792	34.619	17.157	11.469	9.267	
874	34.203	33.752	34.583	17.129	11.488	9.2504	
875	34.163	33.712	34.547	17.111	11.474	9.2559	
876	34.124	33.672	34.511	17.115	11.465	9.2204	
877	34.084	33.633	34.476	17.112	11.46	9.2537	
878	34.044	33.593	34.44	17.083	11.444	9.2191	
879	34.005	33.554	34.405	17.079	11.432	9.1998	
880	33.966	33.515	34.37	17.071	11.421	9.1926	
881	33.927	33.476	34.335	17.069	11.417	9.1849	
882	33.888	33.437	34.3	17.067	11.412	9.1889	
883	33.849	33.399	34.265	17.063	11.408	9.1794	
884	33.811	33.36	34.23	17.061	11.404	9.1718	
885	33.772	33.322	34.195	17.061	11.396	9.1709	
886	33.734	33.283	34.161	17.056	11.388	9.1566	
887	33.696	33.245	34.126	17.046	11.371	9.1428	
888	33.658	33.207	34.092	17.044	11.364	9.1243	
889	33.62	33.169	34.058	17.031	11.351	9.1119	
890	33.582	33.132	34.024	17.018	11.337	9.0964	
891	33.545	33.094	33.99	17.012	11.328	9.0812	
892	33.508	33.057	33.956	17.01	11.316	9.0788	
893	33.47	33.019	33.922	17.003	11.31	9.0602	
894	33.433	32.982	33.888	16.991	11.308	9.0486	
895	33.396	32.945	33.855	16.999	11.303	9.0533	
896	33.36	32.908	33.821	16.989	11.29	9.0498	
897	33.323	32.871	33.788	16.989	11.285	9.0476	
898	33.286	32.835	33.755	16.987	11.282	9.0195	
899	33.25	32.798	33.722	16.979	11.268	9.0175	
900	33.214	32.762	33.688	16.966	11.258	8.9949	
901	33.178	32.725	33.656	16.947	11.247	8.9733	
902	33.142	32.689	33.623	16.948	11.229	8.9685	
903	33.106	32.653	33.59	16.945	11.226	8.9618	
904	33.07	32.617	33.557	16.94	11.217	8.9595	
905	33.035	32.581	33.525	16.932	11.215	8.9576	
906	32.999	32.546	33.492	16.934	11.21	8.9517	
907	32.964	32.51	33.46	16.929	11.206	8.9528	
908	32.929	32.475	33.427	16.931	11.194	8.9288	
909	32.894	32.439	33.395	16.916	11.183	8.9209	
910	32.859	32.404	33.363	16.902	11.167	8.91	
911	32.824	32.369	33.331	16.906	11.155	8.9055	
912	32.79	32.334	33.299	16.894	11.128	8.8691	
913	32.755	32.299	33.267	16.881	11.137	8.8493	
914	32.721	32.264	33.236	16.883	11.127	8.8511	
915	32.687	32.229	33.204	16.876	11.114	8.8449	
916	32.652	32.195	33.173	16.869	11.119	8.8435	
917	32.618	32.16	33.141	16.869	11.116	8.8377	
918	32.585	32.126	33.11	16.872	11.111	8.8326	
919	32.551	32.092	33.078	16.868	11.102	8.8198	
920	32.517	32.058	33.047	16.862	11.094	8.8106	
921	32.484	32.024	33.016	16.852	11.081	8.8013	
922	32.45	31.99	32.985	16.848	11.073	8.8045	
923	32.417	31.956	32.954	16.851	11.066	8.7956	
924	32.384	31.922	32.923	16.835	11.037	8.7695	
925	32.351	31.889	32.892	16.832	11.054	8.7564	
926	32.318	31.855	32.862	16.815	11.035	8.7417	
927	32.285	31.822	32.831	16.816	11.041	8.7315	
928	32.253	31.789	32.801	16.814	11.034	8.7362	
929	32.22	31.756	32.77	16.797	10.994	8.7477	
930	32.188	31.723	32.74	16.793	10.972	8.7269	
931	32.155	31.69	32.71	16.805	11.016	8.7154	
932	32.123	31.657	32.679	16.812	10.951	8.6826	
933	32.091	31.624	32.649	16.782	11.008	8.6791	
934	32.059	31.591	32.619	16.775	10.976	8.695	
935	32.027	31.559	32.589	16.773	10.978	8.6554	
936	31.995	31.526	32.559	16.753	10.941	8.6501	
937	31.964	31.494	32.53	16.753	10.935	8.6851	
938	31.932	31.462	32.5	16.783	10.944	8.6069	
939	31.901	31.429	32.47	16.761	10.933	8.6336	
940	31.869	31.397	32.441	16.766	10.894	8.6504	
941	31.838	31.365	32.411	16.76	10.92	8.6114	
942	31.807	31.334	32.382	16.739	10.886	8.5574	
943	31.776	31.302	32.353	16.715	10.91	8.5951	
944	31.745	31.27	32.323	16.717	10.929	8.5787	
945	31.715	31.238	32.294	16.744	10.893	8.5827	
946	31.684	31.207	32.265	16.743	10.888	8.5713	
947	31.653	31.176	32.236	16.722	10.888	8.5569	
948	31.623	31.144	32.207	16.718	10.861	8.5456	
949	31.592	31.113	32.178	16.708	10.84	8.5238	
950	31.562	31.082	32.149	16.702	10.832	8.5213	
951	31.532	31.051	32.121	16.691	10.851	8.5259	
952	31.502	31.02	32.092	16.683	10.844	8.5209	
953	31.472	30.989	32.063	16.694	10.825	8.4986	
954	31.442	30.958	32.035	16.695	10.819	8.5124	
955	31.412	30.928	32.006	16.682	10.807	8.4784	
956	31.383	30.897	31.978	16.663	10.812	8.4848	
957	31.353	30.866	31.95	16.664	10.803	8.5324	
958	31.324	30.836	31.921	16.644	10.785	8.4534	
959	31.294	30.806	31.893	16.666	10.771	8.4791	
960	31.265	30.775	31.865	16.678	10.753	8.4078	
961	31.236	30.745	31.837	16.673	10.778	8.3952	
962	31.207	30.715	31.809	16.661	10.689	8.3687	
963	31.178	30.685	31.781	16.62	10.712	8.4149	
964	31.149	30.655	31.753	16.649	10.748	8.3485	
965	31.12	30.625	31.726	16.617	10.733	8.3817	
966	31.092	30.596	31.698	16.628	10.753	8.359	
967	31.063	30.566	31.67	16.623	10.733	8.3919	
968	31.034	30.536	31.643	16.627	10.745	8.3832	
969	31.006	30.507	31.615	16.611	10.709	8.3707	
970	30.978	30.478	31.588	16.625	10.692	8.3925	
971	30.949	30.448	31.561	16.613	10.68	8.3706	
972	30.921	30.419	31.533	16.61	10.702	8.3492	
973	30.893	30.39	31.506	16.61	10.685	8.3224	
974	30.865	30.361	31.479	16.594	10.661	8.3374	
975	30.837	30.332	31.452	16.588	10.668	8.2816	
976	30.81	30.303	31.425	16.58	10.653	8.2972	
977	30.782	30.274	31.398	16.575	10.641	8.2843	
978	30.754	30.245	31.371	16.572	10.632	8.2858	
979	30.727	30.216	31.344	16.57	10.638	8.2719	
980	30.699	30.188	31.317	16.575	10.628	8.2724	
981	30.672	30.159	31.29	16.572	10.626	8.2804	
982	30.645	30.131	31.264	16.566	10.621	8.2707	
983	30.618	30.102	31.237	16.562	10.623	8.2828	
984	30.591	30.074	31.211	16.548	10.613	8.2676	
985	30.564	30.046	31.184	16.546	10.617	8.2362	
986	30.537	30.017	31.158	16.573	10.595	8.2584	
987	30.51	29.989	31.131	16.537	10.591	8.2149	
988	30.483	29.961	31.105	16.532	10.56	8.1936	
989	30.456	29.933	31.079	16.524	10.566	8.1933	
990	30.43	29.905	31.052	16.52	10.547	8.1876	
991	30.403	29.878	31.026	16.519	10.55	8.1676	
992	30.377	29.85	31	16.52	10.545	8.1802	
993	30.351	29.822	30.974	16.509	10.544	8.1739	
994	30.324	29.795	30.948	16.517	10.548	8.1768	
995	30.298	29.767	30.922	16.503	10.54	8.1619	
996	30.272	29.74	30.897	16.496	10.533	8.1554	
997	30.246	29.712	30.871	16.504	10.529	8.1444	
998	30.22	29.685	30.845	16.493	10.516	8.1417	
999	30.194	29.658	30.819	16.483	10.502	8.1776	
1000	30.168	29.631	30.794	16.5	10.478	8.1157	
1001	30.143	29.603	30.768	16.464	10.53	8.0949	
1002	30.117	29.576	30.743	16.485	10.51	8.0982	
1003	30.091	29.549	30.717	16.476	10.477	8.0989	
1004	30.066	29.523	30.692	16.475	10.443	8.0759	
1005	30.041	29.496	30.666	16.439	10.542	8.1117	
1006	30.015	29.469	30.641	16.467	10.428	8.1096	
1007	29.99	29.442	30.616	16.465	10.492	8.0327	
1008	29.965	29.416	30.591	16.449	10.484	8.0563	
1009	29.94	29.389	30.566	16.429	10.432	8.0496	
1010	29.915	29.363	30.54	16.466	10.451	8.0414	
1011	29.89	29.336	30.515	16.433	10.444	8.0428	
1012	29.865	29.31	30.49	16.438	10.431	8.0143	
1013	29.84	29.283	30.466	16.434	10.414	8.0082	
1014	29.815	29.257	30.441	16.435	10.394	8.0042	
1015	29.791	29.231	30.416	16.437	10.4	7.9932	
1016	29.766	29.205	30.391	16.413	10.402	8.087	
1017	29.742	29.179	30.366	16.395	10.365	7.9546	
1018	29.717	29.153	30.342	16.391	10.366	7.9748	
1019	29.693	29.127	30.317	16.377	10.349	7.938	
1020	29.669	29.101	30.293	16.428	10.409	7.9076	
1021	29.644	29.075	30.268	16.344	10.406	7.9482	
1022	29.62	29.05	30.244	16.399	10.335	7.9468	
1023	29.596	29.024	30.219	16.418	10.322	7.9437	
1024	29.572	28.998	30.195	16.374	10.301	7.9785	
1025	29.548	28.973	30.17	16.416	10.31	7.9159	
1026	29.524	28.947	30.146	16.38	10.359	7.8728	
1027	29.5	28.922	30.122	16.414	10.241	7.8987	
1028	29.477	28.896	30.098	16.371	10.339	7.8451	
1029	29.453	28.871	30.074	16.355	10.283	7.8299	
1030	29.429	28.846	30.05	16.359	10.328	7.903	
1031	29.406	28.821	30.026	16.422	10.333	7.9249	
1032	29.382	28.796	30.002	16.316	10.327	7.8632	
1033	29.359	28.771	29.978	16.382	10.287	7.887	
1034	29.336	28.746	29.954	16.356	10.309	7.8533	
1035	29.312	28.721	29.93	16.379	10.251	7.9231	
1036	29.289	28.696	29.906	16.253	10.285	7.8388	
1037	29.266	28.671	29.883	16.397	10.175	7.8035	
1038	29.243	28.646	29.859	16.319	10.24	7.9786	
1039	29.22	28.621	29.835	16.361	10.29	7.9209	
1040	29.197	28.597	29.812	16.298	10.088	7.8087	
1041	29.174	28.572	29.788	16.335	10.216	7.8567	
1042	29.151	28.548	29.765	16.445	10.238	7.6434	
1043	29.128	28.523	29.741	16.412	10.176	7.6925	
1044	29.106	28.499	29.718	16.267	10.268	7.7417	
1045	29.083	28.474	29.694	16.308	10.204	7.7873	
1046	29.061	28.45	29.671	16.204	10.35	7.5825	
1047	29.038	28.426	29.648	16.266	10.039	7.7932	
1048	29.016	28.401	29.625	16.229	10.157	7.8069	
1049	28.993	28.377	29.601	16.299	10.171	7.7236	
1050	28.971	28.353	29.578	16.276	10.083	7.8107	
1051	28.949	28.329	29.555	16.278	10.17	7.7396	
1052	28.926	28.305	29.532	16.273	10.161	7.7044	
1053	28.904	28.281	29.509	16.277	10.167	7.7231	
1054	28.882	28.257	29.486	16.277	10.148	7.7089	
1055	28.86	28.234	29.463	16.277	10.167	7.6972	
1056	28.838	28.21	29.44	16.273	10.135	7.687	
1057	28.816	28.186	29.418	16.269	10.153	7.6997	
1058	28.795	28.162	29.395	16.262	10.142	7.6709	
1059	28.773	28.139	29.372	16.247	10.134	7.6933	
1060	28.751	28.115	29.349	16.254	10.134	7.6648	
1061	28.729	28.092	29.327	16.263	10.116	7.6747	
1062	28.708	28.068	29.304	16.239	10.115	7.6648	
1063	28.686	28.045	29.281	16.235	10.098	7.6667	
1064	28.665	28.021	29.259	16.233	10.093	7.6472	
1065	28.643	27.998	29.236	16.225	10.087	7.629	
1066	28.622	27.975	29.214	16.232	10.086	7.618	
1067	28.601	27.952	29.192	16.223	10.089	7.6219	
1068	28.579	27.929	29.169	16.218	10.078	7.6284	
1069	28.558	27.905	29.147	16.223	10.054	7.6005	
1070	28.537	27.882	29.125	16.22	10.079	7.5985	
1071	28.516	27.859	29.102	16.218	10.063	7.599	
1072	28.495	27.836	29.08	16.202	10.065	7.5925	
1073	28.474	27.814	29.058	16.215	10.029	7.5661	
1074	28.453	27.791	29.036	16.199	10.044	7.5808	
1075	28.432	27.768	29.014	16.193	10.033	7.5517	
1076	28.411	27.745	28.992	16.201	10.022	7.5548	
1077	28.39	27.722	28.97	16.189	10.024	7.5511	
1078	28.37	27.7	28.948	16.185	10.008	7.5417	
1079	28.349	27.677	28.926	16.186	10.022	7.5314	
1080	28.329	27.655	28.904	16.186	10.011	7.5387	
1081	28.308	27.632	28.882	16.179	10.01	7.5348	
1082	28.287	27.61	28.86	16.172	10.007	7.5257	
1083	28.267	27.587	28.839	16.18	9.9947	7.5117	
1084	28.247	27.565	28.817	16.172	9.995	7.5129	
1085	28.226	27.542	28.795	16.166	9.9914	7.5014	
1086	28.206	27.52	28.774	16.171	9.9923	7.5038	
1087	28.186	27.498	28.752	16.156	9.9873	7.4945	
1088	28.166	27.476	28.73	16.166	9.9817	7.4997	
1089	28.145	27.454	28.709	16.159	9.9779	7.4821	
1090	28.125	27.432	28.687	16.158	9.9803	7.4881	
1091	28.105	27.41	28.666	16.153	9.9785	7.4853	
1092	28.085	27.388	28.644	16.144	9.9565	7.4715	
1093	28.066	27.366	28.623	16.148	9.9506	7.4729	
1094	28.046	27.344	28.602	16.141	9.9601	7.4722	
1095	28.026	27.322	28.58	16.15	9.9318	7.4483	
1096	28.006	27.3	28.559	16.144	9.9407	7.4519	
1097	27.986	27.278	28.538	16.13	9.9283	7.4383	
1098	27.967	27.257	28.517	16.124	9.9234	7.4168	
1099	27.947	27.235	28.496	16.123	9.9232	7.4195	
1100	27.927	27.213	28.474	16.113	9.9178	7.4139	
1101	27.908	27.192	28.453	16.124	9.9056	7.3964	
1102	27.888	27.17	28.432	16.116	9.8945	7.3888	
1103	27.869	27.149	28.411	16.109	9.8791	7.3797	
1104	27.85	27.127	28.39	16.105	9.888	7.3786	
1105	27.83	27.106	28.369	16.097	9.8862	7.3711	
1106	27.811	27.084	28.348	16.101	9.8753	7.3644	
1107	27.792	27.063	28.328	16.09	9.8672	7.3615	
1108	27.773	27.042	28.307	16.098	9.873	7.3533	
1109	27.754	27.02	28.286	16.089	9.8628	7.35	
1110	27.734	26.999	28.265	16.087	9.8562	7.3493	
1111	27.715	26.978	28.244	16.086	9.8575	7.3426	
1112	27.696	26.957	28.224	16.085	9.8439	7.3361	
1113	27.677	26.936	28.203	16.085	9.8491	7.3346	
1114	27.659	26.915	28.182	16.08	9.8466	7.3305	
1115	27.64	26.894	28.162	16.077	9.8484	7.3291	
1116	27.621	26.873	28.141	16.078	9.8409	7.3321	
1117	27.602	26.852	28.121	16.079	9.8416	7.3209	
1118	27.583	26.831	28.1	16.072	9.8334	7.3214	
1119	27.565	26.81	28.08	16.06	9.8347	7.3015	
1120	27.546	26.79	28.059	16.068	9.8313	7.2924	
1121	27.528	26.769	28.039	16.067	9.8176	7.2878	
1122	27.509	26.748	28.019	16.06	9.8063	7.2978	
1123	27.491	26.728	27.998	16.048	9.8069	7.2903	
1124	27.472	26.707	27.978	16.063	9.8076	7.2673	
1125	27.454	26.686	27.958	16.054	9.7979	7.2623	
1126	27.435	26.666	27.938	16.058	9.8085	7.2676	
1127	27.417	26.645	27.917	16.033	9.7894	7.2435	
1128	27.399	26.625	27.897	16.033	9.7801	7.246	
1129	27.381	26.604	27.877	16.039	9.78	7.2589	
1130	27.362	26.584	27.857	16.029	9.784	7.2303	
1131	27.344	26.564	27.837	16.028	9.7661	7.2327	
1132	27.326	26.543	27.817	16.029	9.7641	7.2224	
1133	27.308	26.523	27.797	16.022	9.7746	7.22	
1134	27.29	26.503	27.777	16.013	9.7404	7.2208	
1135	27.272	26.483	27.757	16.016	9.7516	7.1929	
1136	27.254	26.463	27.737	16.019	9.733	7.2045	
1137	27.236	26.443	27.717	16.012	9.7186	7.2018	
1138	27.218	26.422	27.698	16.011	9.7314	7.1817	
1139	27.201	26.402	27.678	16.007	9.7294	7.188	
1140	27.183	26.382	27.658	16	9.711	7.1734	
1141	27.165	26.363	27.638	16.013	9.7229	7.1701	
1142	27.148	26.343	27.619	16.009	9.7157	7.1425	
1143	27.13	26.323	27.599	15.991	9.7047	7.1754	
1144	27.112	26.303	27.579	15.991	9.6948	7.1627	
1145	27.095	26.283	27.56	15.994	9.7082	7.1617	
1146	27.077	26.263	27.54	15.991	9.6734	7.1488	
1147	27.06	26.244	27.521	15.987	9.6773	7.1375	
1148	27.042	26.224	27.501	15.993	9.6824	7.1398	
1149	27.025	26.204	27.482	15.982	9.6859	7.1336	
1150	27.008	26.185	27.462	15.971	9.6696	7.1285	
1151	26.99	26.165	27.443	15.973	9.6557	7.1144	
1152	26.973	26.146	27.423	15.974	9.6664	7.1066	
1153	26.956	26.126	27.404	15.967	9.6521	7.0941	
1154	26.939	26.107	27.385	15.961	9.6519	7.0958	
1155	26.922	26.087	27.365	15.966	9.6506	7.0979	
1156	26.905	26.068	27.346	15.955	9.6498	7.0837	
1157	26.887	26.048	27.327	15.955	9.6421	7.0727	
1158	26.87	26.029	27.308	15.956	9.6421	7.0731	
1159	26.853	26.01	27.288	15.96	9.6267	7.0708	
1160	26.836	25.991	27.269	15.957	9.628	7.0722	
1161	26.82	25.971	27.25	15.947	9.6061	7.0769	
1162	26.803	25.952	27.231	15.943	9.6372	7.0503	
1163	26.786	25.933	27.212	15.932	9.6109	7.0423	
1164	26.769	25.914	27.193	15.933	9.5892	7.0355	
1165	26.752	25.895	27.174	15.926	9.6021	7.0251	
1166	26.736	25.876	27.155	15.934	9.5923	7.0232	
1167	26.719	25.857	27.136	15.935	9.6092	7.0307	
1168	26.702	25.838	27.117	15.925	9.5875	7.0159	
1169	26.686	25.819	27.098	15.919	9.579	7.0094	
1170	26.669	25.8	27.079	15.923	9.5874	6.9969	
1171	26.653	25.781	27.061	15.918	9.5745	6.9927	
1172	26.636	25.762	27.042	15.915	9.5753	6.9904	
1173	26.62	25.744	27.023	15.913	9.572	6.9898	
1174	26.603	25.725	27.004	15.912	9.5717	6.9855	
1175	26.587	25.706	26.986	15.911	9.5671	6.9893	
1176	26.571	25.687	26.967	15.909	9.5553	6.9753	
1177	26.554	25.669	26.948	15.913	9.5548	6.9734	
1178	26.538	25.65	26.93	15.902	9.5491	6.9642	
1179	26.522	25.632	26.911	15.902	9.5544	6.9693	
1180	26.506	25.613	26.893	15.901	9.5467	6.9584	
1181	26.489	25.594	26.874	15.901	9.5467	6.9598	
1182	26.473	25.576	26.855	15.894	9.5385	6.9547	
1183	26.457	25.558	26.837	15.897	9.537	6.95	
1184	26.441	25.539	26.819	15.892	9.532	6.9421	
1185	26.425	25.521	26.8	15.883	9.531	6.946	
1186	26.409	25.502	26.782	15.885	9.5219	6.9289	
1187	26.393	25.484	26.763	15.884	9.5224	6.9354	
1188	26.377	25.466	26.745	15.877	9.523	6.9241	
1189	26.362	25.448	26.727	15.882	9.5084	6.9071	
1190	26.346	25.429	26.708	15.876	9.5137	6.9197	
1191	26.33	25.411	26.69	15.87	9.5099	6.9094	
1192	26.314	25.393	26.672	15.871	9.4961	6.8957	
1193	26.298	25.375	26.654	15.868	9.4961	6.8932	
1194	26.283	25.357	26.635	15.862	9.5027	6.9035	
1195	26.267	25.339	26.617	15.874	9.474	6.8908	
1196	26.251	25.321	26.599	15.86	9.4905	6.8699	
1197	26.236	25.303	26.581	15.862	9.4762	6.8911	
1198	26.22	25.285	26.563	15.852	9.4631	6.8864	
1199	26.205	25.267	26.545	15.851	9.477	6.8633	
1200	26.189	25.249	26.527	15.858	9.4625	6.8505	
1201	26.174	25.231	26.509	15.861	9.4796	6.8706	
1202	26.158	25.213	26.491	15.841	9.4636	6.8566	
1203	26.143	25.195	26.473	15.848	9.4582	6.8337	
1204	26.128	25.177	26.455	15.851	9.4464	6.8183	
1205	26.112	25.16	26.437	15.832	9.4472	6.8323	
1206	26.097	25.142	26.419	15.836	9.466	6.8321	
1207	26.082	25.124	26.401	15.846	9.4633	6.8204	
1208	26.067	25.107	26.384	15.832	9.4402	6.8124	
1209	26.051	25.089	26.366	15.836	9.4279	6.8174	
1210	26.036	25.071	26.348	15.829	9.4198	6.7981	
1211	26.021	25.054	26.33	15.824	9.4014	6.7811	
1212	26.006	25.036	26.313	15.822	9.4159	6.7865	
1213	25.991	25.019	26.295	15.831	9.4125	6.7945	
1214	25.976	25.001	26.277	15.818	9.422	6.771	
1215	25.961	24.984	26.26	15.827	9.4065	6.7776	
1216	25.946	24.966	26.242	15.816	9.3902	6.7962	
1217	25.931	24.949	26.224	15.82	9.3945	6.7799	
1218	25.916	24.932	26.207	15.792	9.3676	6.7812	
1219	25.901	24.914	26.189	15.814	9.3787	6.7488	
1220	25.886	24.897	26.172	15.812	9.3724	6.7566	
1221	25.872	24.88	26.154	15.792	9.3678	6.7577	
1222	25.857	24.862	26.137	15.806	9.4041	6.7482	
1223	25.842	24.845	26.119	15.808	9.3612	6.7497	
1224	25.827	24.828	26.102	15.802	9.3661	6.7322	
1225	25.813	24.811	26.085	15.793	9.3623	6.7376	
1226	25.798	24.794	26.067	15.803	9.3763	6.7294	
1227	25.783	24.777	26.05	15.81	9.3589	6.7325	
1228	25.769	24.76	26.033	15.774	9.3448	6.7237	
1229	25.754	24.743	26.015	15.767	9.3236	6.7278	
1230	25.74	24.726	25.998	15.774	9.3573	6.7086	
1231	25.725	24.709	25.981	15.796	9.3605	6.676	
1232	25.711	24.692	25.964	15.789	9.3331	6.7336	
1233	25.696	24.675	25.946	15.803	9.3612	6.6865	
1234	25.682	24.658	25.929	15.779	9.3636	6.7088	
1235	25.667	24.641	25.912	15.762	9.3504	6.6856	
1236	25.653	24.624	25.895	15.776	9.3508	6.7156	
1237	25.639	24.607	25.878	15.771	9.3581	6.6932	
1238	25.624	24.59	25.861	15.803	9.3178	6.7029	
1239	25.61	24.574	25.844	15.735	9.3726	6.7182	
1240	25.596	24.557	25.827	15.732	9.2717	6.6779	
1241	25.582	24.54	25.81	15.745	9.341	6.6356	
1242	25.568	24.524	25.793	15.735	9.3044	6.6996	
1243	25.553	24.507	25.776	15.764	9.3127	6.761	
1244	25.539	24.49	25.759	15.782	9.3076	6.6586	
1245	25.525	24.474	25.742	15.721	9.362	6.5928	
1246	25.511	24.457	25.725	15.748	9.298	6.6041	
1247	25.497	24.441	25.708	15.731	9.2333	6.6094	
1248	25.483	24.424	25.691	15.743	9.2731	6.5843	
1249	25.469	24.408	25.675	15.775	9.2931	6.6536	
1250	25.455	24.391	25.658	15.753	9.3398	6.5861	
1251	25.441	24.375	25.641	15.739	9.2561	6.6486	
1252	25.427	24.358	25.624	15.709	9.2021	6.5795	
1253	25.414	24.342	25.608	15.708	9.3079	6.5872	
1254	25.4	24.326	25.591	15.716	9.2289	6.5936	
1255	25.386	24.309	25.574	15.74	9.2415	6.623	
1256	25.372	24.293	25.558	15.719	9.2629	6.5966	
1257	25.359	24.277	25.541	15.717	9.2216	6.5567	
1258	25.345	24.26	25.524	15.725	9.2458	6.548	
1259	25.331	24.244	25.508	15.694	9.2312	6.5771	
1260	25.317	24.228	25.491	15.709	9.2387	6.553	
1261	25.304	24.212	25.475	15.706	9.2178	6.5473	
1262	25.29	24.196	25.458	15.689	9.2162	6.5425	
1263	25.277	24.18	25.442	15.706	9.2186	6.5313	
1264	25.263	24.163	25.425	15.682	9.2026	6.5444	
1265	25.25	24.147	25.409	15.708	9.2245	6.5324	
1266	25.236	24.131	25.392	15.696	9.2306	6.5176	
1267	25.223	24.115	25.376	15.709	9.2023	6.5414	
1268	25.209	24.099	25.359	15.714	9.2095	6.5453	
1269	25.196	24.083	25.343	15.701	9.2186	6.5538	
1270	25.182	24.067	25.327	15.696	9.198	6.5367	
1271	25.169	24.052	25.31	15.683	9.2039	6.5136	
1272	25.156	24.036	25.294	15.688	9.2189	6.5472	
1273	25.142	24.02	25.278	15.705	9.2243	6.5247	
1274	25.129	24.004	25.262	15.701	9.2005	6.5306	
1275	25.116	23.988	25.245	15.686	9.1823	6.4939	
1276	25.103	23.972	25.229	15.699	9.2087	6.5205	
1277	25.089	23.957	25.213	15.663	9.1993	6.5191	
1278	25.076	23.941	25.197	15.665	9.1892	6.5112	
1279	25.063	23.925	25.181	15.681	9.1589	6.4593	
1280	25.05	23.909	25.165	15.675	9.156	6.4798	
1281	25.037	23.894	25.148	15.682	9.1567	6.4748	
1282	25.024	23.878	25.132	15.676	9.169	6.4949	
1283	25.011	23.863	25.116	15.656	9.1537	6.4527	
1284	24.998	23.847	25.1	15.632	9.1916	6.4591	
1285	24.985	23.831	25.084	15.644	9.1608	6.4782	
1286	24.972	23.816	25.068	15.669	9.1557	6.4463	
1287	24.959	23.8	25.052	15.652	9.1412	6.4697	
1288	24.946	23.785	25.036	15.663	9.1606	6.4591	
1289	24.933	23.769	25.02	15.652	9.1422	6.4344	
1290	24.92	23.754	25.005	15.657	9.1551	6.4376	
1291	24.907	23.739	24.989	15.64	9.1345	6.4164	
1292	24.894	23.723	24.973	15.656	9.1345	6.4736	
1293	24.882	23.708	24.957	15.647	9.1239	6.4379	
1294	24.869	23.692	24.941	15.668	9.1578	6.4281	
1295	24.856	23.677	24.925	15.646	9.1369	6.3954	
1296	24.843	23.662	24.91	15.653	9.1292	6.3926	
1297	24.831	23.647	24.894	15.651	9.0942	6.4387	
1298	24.818	23.631	24.878	15.631	9.1357	6.4042	
1299	24.805	23.616	24.862	15.641	9.0837	6.373	
1300	24.793	23.601	24.847	15.624	9.1037	6.3995	
1301	24.78	23.586	24.831	15.641	9.126	6.3705	
1302	24.768	23.571	24.815	15.611	9.0799	6.4187	
1303	24.755	23.555	24.8	15.637	9.1245	6.3851	
1304	24.743	23.54	24.784	15.648	9.1135	6.3952	
1305	24.73	23.525	24.768	15.652	9.0861	6.3467	
1306	24.718	23.51	24.753	15.629	9.1235	6.3831	
1307	24.705	23.495	24.737	15.62	9.108	6.3954	
1308	24.693	23.48	24.722	15.613	9.0891	6.388	
1309	24.68	23.465	24.706	15.62	9.0991	6.3783	
1310	24.668	23.45	24.691	15.612	9.0767	6.3653	
1311	24.656	23.435	24.675	15.62	9.0461	6.3913	
1312	24.643	23.42	24.66	15.608	9.0606	6.3221	
1313	24.631	23.405	24.644	15.613	9.0866	6.3847	
1314	24.619	23.391	24.629	15.607	9.0596	6.3495	
1315	24.606	23.376	24.613	15.602	9.0327	6.3262	
1316	24.594	23.361	24.598	15.629	8.9941	6.3194	
1317	24.582	23.346	24.583	15.605	9.0557	6.3822	
1318	24.57	23.331	24.567	15.589	9.0545	6.3601	
1319	24.558	23.316	24.552	15.631	9.0479	6.354	
1320	24.545	23.302	24.537	15.574	9.0367	6.3584	
1321	24.533	23.287	24.521	15.612	9.0226	6.3347	
1322	24.521	23.272	24.506	15.601	8.9983	6.2378	
1323	24.509	23.258	24.491	15.554	9.0135	6.278	
1324	24.497	23.243	24.476	15.608	9.0519	6.2872	
1325	24.485	23.228	24.46	15.621	8.9865	6.3038	
1326	24.473	23.214	24.445	15.629	8.988	6.2721	
1327	24.461	23.199	24.43	15.6	9.0561	6.2622	
1328	24.449	23.185	24.415	15.561	8.9618	6.3632	
1329	24.437	23.17	24.4	15.563	8.9748	6.2771	
1330	24.425	23.156	24.385	15.621	9.0407	6.2531	
1331	24.413	23.141	24.37	15.566	9.0607	6.3246	
1332	24.402	23.127	24.355	15.561	8.9719	6.418	
1333	24.39	23.112	24.34	15.578	9.0236	6.2824	
1334	24.378	23.098	24.324	15.6	8.9906	6.2743	
1335	24.366	23.083	24.309	15.55	9.0051	6.153	
1336	24.354	23.069	24.294	15.537	9.0374	6.3185	
1337	24.343	23.054	24.28	15.618	8.9803	6.1591	
1338	24.331	23.04	24.265	15.535	9.048	6.2468	
1339	24.319	23.026	24.25	15.561	9.032	6.2708	
1340	24.307	23.011	24.235	15.593	9.0077	6.1586	
1341	24.296	22.997	24.22	15.666	8.8259	6.2786	
1342	24.284	22.983	24.205	15.575	8.9248	6.4947	
1343	24.272	22.969	24.19	15.64	9.0003	6.4568	
1344	24.261	22.954	24.175	15.52	9.0383	6.2736	
1345	24.249	22.94	24.16	15.567	9.1261	6.2256	
1346	24.238	22.926	24.146	15.405	8.8527	6.0078	
1347	24.226	22.912	24.131	15.559	9.1196	5.8337	
1348	24.215	22.898	24.116	15.504	9.1334	6.1728	
1349	24.203	22.884	24.101	15.419	9.278	6.2167	
1350	24.192	22.87	24.087	15.265	9.0644	6.2217	
1351	24.18	22.855	24.072	15.503	8.9301	5.9253	
1352	24.169	22.841	24.057	15.455	8.8241	6.3825	
1353	24.157	22.827	24.042	15.547	8.3823	6.2501	
1354	24.146	22.813	24.028	15.469	9.3073	6.3855	
1355	24.135	22.799	24.013	15.712	8.773	5.6078	
1356	24.123	22.785	23.998	15.648	9.1567	6.0752	
1357	24.112	22.771	23.984	15.444	9.0441	6.2724	
1358	24.101	22.758	23.969	16.248	9.371	6.3795	
1359	24.089	22.744	23.955	16.262	8.6908	6.918	
1426	23.377	21.855	23.018	15.655	9.2987	6.337	
1427	23.367	21.843	23.004	15.544	8.6458	6.0444	
1428	23.357	21.83	22.991	15.394	8.841	5.6434	
1429	23.347	21.817	22.977	15.638	8.6618	5.8162	
1430	23.337	21.805	22.964	15.645	8.8034	5.8313	
1431	23.328	21.792	22.951	15.324	8.9254	6.1083	
1432	23.318	21.78	22.937	15.558	8.5618	5.8907	
1433	23.308	21.767	22.924	15.35	8.5981	5.8503	
1434	23.298	21.755	22.911	15.504	8.9164	6.1849	
1435	23.288	21.742	22.897	15.523	8.856	5.7635	
1436	23.278	21.73	22.884	15.531	8.646	5.9371	
1437	23.268	21.717	22.871	15.437	8.9074	5.8618	
1438	23.258	21.705	22.857	15.329	8.6594	5.9473	
1439	23.249	21.692	22.844	15.448	8.7878	5.9026	
1440	23.239	21.68	22.831	15.332	8.7869	5.8234	
1441	23.229	21.668	22.818	15.418	8.6815	6.0523	
1442	23.219	21.655	22.805	15.471	8.6178	5.804	
1443	23.21	21.643	22.791	15.352	8.745	5.9607	
1444	23.2	21.63	22.778	15.461	8.7728	5.754	
1445	23.19	21.618	22.765	15.33	8.7337	5.8418	
1446	23.181	21.606	22.752	15.463	8.6349	5.8148	
1447	23.171	21.594	22.739	15.435	8.7027	5.7187	
1448	23.161	21.581	22.726	15.418	8.6759	5.8657	
1449	23.152	21.569	22.713	15.369	8.7286	5.8616	
1450	23.142	21.557	22.7	15.389	8.7223	5.7667	
1451	23.132	21.545	22.686	15.439	8.6835	5.8613	
1452	23.123	21.532	22.673	15.461	8.7416	5.9121	
1453	23.113	21.52	22.66	15.432	8.7434	5.9344	
1454	23.104	21.508	22.647	15.347	8.6775	5.7013	
1455	23.094	21.496	22.634	15.416	8.7501	5.778	
1456	23.085	21.484	22.621	15.442	8.7139	5.8162	
1457	23.075	21.471	22.608	15.384	8.5911	5.8161	
1458	23.066	21.459	22.595	15.382	8.7003	5.8269	
1459	23.056	21.447	22.583	15.364	8.5653	5.7475	
1460	23.047	21.435	22.57	15.406	8.6329	5.8577	
1461	23.037	21.423	22.557	15.425	8.6263	5.8131	
1462	23.028	21.411	22.544	15.392	8.6402	5.8205	
1463	23.018	21.399	22.531	15.378	8.6426	5.7707	
1464	23.009	21.387	22.518	15.356	8.6674	5.7556	
1465	23	21.375	22.505	15.367	8.7009	5.7782	
1466	22.99	21.363	22.492	15.362	8.5979	5.8152	
1467	22.981	21.351	22.48	15.382	8.6242	5.8072	
1468	22.972	21.339	22.467	15.351	8.6378	5.7845	
1469	22.962	21.327	22.454	15.375	8.6157	5.7777	
1470	22.953	21.315	22.441	15.368	8.6027	5.7829	
1471	22.944	21.303	22.428	15.371	8.6274	5.7814	
1472	22.934	21.291	22.416	15.372	8.6286	5.7604	
1473	22.925	21.28	22.403	15.361	8.64	5.7729	
1474	22.916	21.268	22.39	15.364	8.6233	5.7729	
1475	22.907	21.256	22.377	15.367	8.6216	5.7631	
1476	22.898	21.244	22.365	15.361	8.6167	5.7547	
1477	22.888	21.232	22.352	15.367	8.6407	5.7684	
1478	22.879	21.22	22.339	15.372	8.6251	5.7501	
1479	22.87	21.209	22.327	15.364	8.6199	5.7574	
1480	22.861	21.197	22.314	15.365	8.6238	5.7479	
1481	22.852	21.185	22.302	15.366	8.6113	5.7261	
1482	22.843	21.173	22.289	15.361	8.6283	5.7517	
1483	22.834	21.162	22.276	15.362	8.62	5.7472	
1484	22.825	21.15	22.264	15.378	8.6195	5.7384	
1485	22.815	21.138	22.251	15.355	8.6304	5.737	
1486	22.806	21.127	22.239	15.356	8.5946	5.6973	
1487	22.797	21.115	22.226	15.348	8.6228	5.7008	
1488	22.788	21.103	22.214	15.36	8.6145	5.7232	
1489	22.779	21.092	22.201	15.361	8.6151	5.7038	
1490	22.77	21.08	22.189	15.362	8.5895	5.747	
1491	22.761	21.068	22.176	15.345	8.6053	5.698	
1492	22.752	21.057	22.164	15.351	8.5961	5.7165	
1493	22.743	21.045	22.151	15.341	8.5614	5.7088	
1494	22.734	21.034	22.139	15.341	8.5719	5.697	
1495	22.726	21.022	22.126	15.332	8.5697	5.6877	
1496	22.717	21.011	22.114	15.36	8.6007	5.7053	
1497	22.708	20.999	22.101	15.331	8.5842	5.694	
1498	22.699	20.988	22.089	15.364	8.5808	5.6957	
1499	22.69	20.976	22.077	15.346	8.5729	5.7135	
1500	22.681	20.965	22.064	15.338	8.5688	5.6944	
1501	22.672	20.953	22.052	15.324	8.5615	5.6481	
1502	22.664	20.942	22.04	15.341	8.5663	5.6767	
1503	22.655	20.93	22.027	15.337	8.5858	5.6658	
1504	22.646	20.919	22.015	15.331	8.5525	5.6375	
1505	22.637	20.908	22.003	15.336	8.5556	5.6753	
1506	22.628	20.896	21.991	15.327	8.5511	5.6423	
1507	22.62	20.885	21.978	15.311	8.5398	5.6658	
1508	22.611	20.874	21.966	15.308	8.5416	5.6703	
1509	22.602	20.862	21.954	15.345	8.5427	5.6533	
1510	22.594	20.851	21.942	15.333	8.5601	5.6374	
1511	22.585	20.84	21.929	15.339	8.555	5.6471	
1512	22.576	20.828	21.917	15.33	8.5822	5.6517	
1513	22.567	20.817	21.905	15.364	8.5032	5.6648	
1514	22.559	20.806	21.893	15.322	8.5396	5.6835	
1515	22.55	20.795	21.881	15.295	8.5603	5.6483	
1516	22.542	20.783	21.869	15.318	8.5056	5.6522	
1517	22.533	20.772	21.856	15.315	8.5658	5.6102	
1518	22.524	20.761	21.844	15.295	8.5482	5.6359	
1519	22.516	20.75	21.832	15.297	8.5464	5.6432	
1520	22.507	20.739	21.82	15.291	8.534	5.6375	
1521	22.499	20.727	21.808	15.314	8.4871	5.5673	
1522	22.49	20.716	21.796	15.294	8.5187	5.5965	
1523	22.482	20.705	21.784	15.298	8.5355	5.6022	
1524	22.473	20.694	21.772	15.33	8.5488	5.6586	
1525	22.465	20.683	21.76	15.314	8.5414	5.6269	
1526	22.456	20.672	21.748	15.292	8.5151	5.6013	
1527	22.448	20.661	21.736	15.3	8.528	5.6024	
1528	22.439	20.65	21.724	15.288	8.5465	5.6141	
1529	22.431	20.639	21.712	15.293	8.4942	5.5902	
1530	22.422	20.628	21.7	15.303	8.5058	5.6026	
1531	22.414	20.617	21.688	15.28	8.4914	5.604	
1532	22.406	20.606	21.676	15.308	8.4916	5.603	
1533	22.397	20.595	21.664	15.284	8.4702	5.5967	
1534	22.389	20.584	21.652	15.305	8.4793	5.6376	
1535	22.38	20.573	21.64	15.298	8.4926	5.5712	
1536	22.372	20.562	21.629	15.276	8.4891	5.5791	
1537	22.364	20.551	21.617	15.283	8.4941	5.5846	
1538	22.356	20.54	21.605	15.277	8.5252	5.5789	
1539	22.347	20.529	21.593	15.294	8.4816	5.577	
1540	22.339	20.518	21.581	15.287	8.4628	5.578	
1541	22.331	20.507	21.569	15.275	8.4525	5.5494	
1542	22.322	20.497	21.558	15.281	8.4651	5.5754	
1543	22.314	20.486	21.546	15.279	8.4722	5.544	
1544	22.306	20.475	21.534	15.282	8.4897	5.5788	
1545	22.298	20.464	21.522	15.263	8.493	5.5536	
1546	22.289	20.453	21.51	15.278	8.4662	5.5539	
1547	22.281	20.442	21.499	15.274	8.4734	5.5453	
1548	22.273	20.432	21.487	15.277	8.4642	5.5399	
1549	22.265	20.421	21.475	15.277	8.4838	5.5347	
1550	22.257	20.41	21.464	15.282	8.4621	5.5433	
1551	22.249	20.399	21.452	15.26	8.4848	5.5405	
1552	22.24	20.389	21.44	15.272	8.4641	5.5476	
1553	22.232	20.378	21.429	15.253	8.4528	5.5522	
1554	22.224	20.367	21.417	15.262	8.4672	5.5335	
1555	22.216	20.357	21.405	15.281	8.442	5.52	
1556	22.208	20.346	21.394	15.259	8.4567	5.5561	
1557	22.2	20.335	21.382	15.253	8.4481	5.5181	
1558	22.192	20.325	21.37	15.256	8.4504	5.5207	
1559	22.184	20.314	21.359	15.276	8.4324	5.4932	
1560	22.176	20.303	21.347	15.271	8.4614	5.517	
1561	22.168	20.293	21.336	15.28	8.463	5.5073	
1562	22.16	20.282	21.324	15.286	8.4263	5.5184	
1563	22.152	20.272	21.313	15.246	8.4494	5.5213	
1564	22.144	20.261	21.301	15.253	8.4738	5.4959	
1565	22.136	20.25	21.29	15.26	8.475	5.4892	
1566	22.128	20.24	21.278	15.25	8.4211	5.471	
1567	22.12	20.229	21.267	15.272	8.4036	5.5013	
1568	22.112	20.219	21.255	15.254	8.4459	5.5132	
1569	22.104	20.208	21.244	15.273	8.4673	5.5183	
1570	22.096	20.198	21.232	15.258	8.4541	5.5109	
1571	22.088	20.187	21.221	15.251	8.43	5.5032	
1572	22.08	20.177	21.209	15.247	8.4216	5.516	
1573	22.072	20.167	21.198	15.253	8.4038	5.4898	
1574	22.065	20.156	21.187	15.271	8.4254	5.4739	
1575	22.057	20.146	21.175	15.231	8.4078	5.4942	
1576	22.049	20.135	21.164	15.249	8.3978	5.4296	
1577	22.041	20.125	21.152	15.217	8.3749	5.4756	
1578	22.033	20.115	21.141	15.237	8.4288	5.4607	
1579	22.026	20.104	21.13	15.228	8.4205	5.4795	
1580	22.018	20.094	21.118	15.239	8.3869	5.4487	
1581	22.01	20.083	21.107	15.234	8.4189	5.4105	
1582	22.002	20.073	21.096	15.257	8.4008	5.48	
1583	21.994	20.063	21.085	15.226	8.4345	5.4544	
1584	21.987	20.052	21.073	15.259	8.3606	5.4227	
1585	21.979	20.042	21.062	15.244	8.4289	5.4566	
1586	21.971	20.032	21.051	15.233	8.3734	5.502	
1587	21.964	20.022	21.039	15.238	8.4237	5.4611	
1588	21.956	20.011	21.028	15.245	8.3774	5.3926	
1589	21.948	20.001	21.017	15.215	8.3875	5.4566	
1590	21.94	19.991	21.006	15.228	8.3519	5.4219	
1591	21.933	19.981	20.995	15.219	8.3652	5.442	
1592	21.925	19.97	20.983	15.22	8.4063	5.4059	
1593	21.918	19.96	20.972	15.242	8.3902	5.4055	
1594	21.91	19.95	20.961	15.227	8.3533	5.4718	
1595	21.902	19.94	20.95	15.251	8.3693	5.388	
1596	21.895	19.93	20.939	15.218	8.396	5.4089	
1597	21.887	19.92	20.928	15.224	8.3787	5.4234	
1598	21.88	19.91	20.917	15.233	8.3674	5.3693	
1599	21.872	19.899	20.905	15.229	8.3583	5.4027	
1600	21.865	19.889	20.894	15.215	8.372	5.3582	
1601	21.857	19.879	20.883	15.245	8.3609	5.4297	
1602	21.849	19.869	20.872	15.238	8.3485	5.3855	
1603	21.842	19.859	20.861	15.243	8.3307	5.3756	
1604	21.834	19.849	20.85	15.231	8.3665	5.3766	
1605	21.827	19.839	20.839	15.219	8.355	5.4195	
1606	21.819	19.829	20.828	15.218	8.3515	5.381	
1607	21.812	19.819	20.817	15.236	8.3546	5.3807	
1608	21.805	19.809	20.806	15.198	8.3743	5.3834	
1609	21.797	19.799	20.795	15.209	8.3542	5.3865	
1610	21.79	19.789	20.784	15.217	8.3669	5.3679	
1611	21.782	19.779	20.773	15.223	8.3448	5.3933	
1612	21.775	19.769	20.762	15.243	8.3307	5.3638	
1613	21.767	19.759	20.751	15.178	8.3644	5.3728	
1614	21.76	19.749	20.74	15.202	8.361	5.4227	
1615	21.753	19.739	20.729	15.227	8.3397	5.3958	
1616	21.745	19.729	20.719	15.22	8.3127	5.3666	
1617	21.738	19.719	20.708	15.246	8.3553	5.3936	
1618	21.731	19.71	20.697	15.226	8.3236	5.3726	
1619	21.723	19.7	20.686	15.199	8.3466	5.3731	
1620	21.716	19.69	20.675	15.181	8.3603	5.3781	
1621	21.709	19.68	20.664	15.208	8.3253	5.3494	
1622	21.701	19.67	20.653	15.178	8.3112	5.3902	
1623	21.694	19.66	20.642	15.171	8.3181	5.3343	
1624	21.687	19.65	20.632	15.213	8.3478	5.3601	
1625	21.679	19.641	20.621	15.221	8.3268	5.3138	
1626	21.672	19.631	20.61	15.189	8.3195	5.3457	
1627	21.665	19.621	20.599	15.194	8.2845	5.3273	
1628	21.658	19.611	20.588	15.187	8.3499	5.3401	
1629	21.65	19.602	20.578	15.19	8.342	5.3735	
1630	21.643	19.592	20.567	15.179	8.3391	5.3371	
1631	21.636	19.582	20.556	15.173	8.3154	5.3855	
1632	21.629	19.572	20.546	15.186	8.35	5.3166	
1633	21.622	19.563	20.535	15.203	8.3497	5.3381	
1634	21.615	19.553	20.524	15.171	8.297	5.3258	
1635	21.607	19.543	20.513	15.194	8.3312	5.3287	
1636	21.6	19.534	20.503	15.188	8.3212	5.3036	
1637	21.593	19.524	20.492	15.199	8.3059	5.3668	
1638	21.586	19.514	20.481	15.222	8.2801	5.3259	
1639	21.579	19.505	20.471	15.182	8.3194	5.2974	
1640	21.572	19.495	20.46	15.173	8.2818	5.3281	
1641	21.565	19.485	20.449	15.175	8.354	5.2891	
1642	21.558	19.476	20.439	15.205	8.2703	5.335	
1643	21.551	19.466	20.428	15.19	8.3112	5.2849	
1644	21.543	19.457	20.418	15.187	8.2906	5.3078	
1645	21.536	19.447	20.407	15.188	8.2927	5.329	
1646	21.529	19.437	20.396	15.208	8.31	5.2496	
1647	21.522	19.428	20.386	15.15	8.3281	5.3322	
1648	21.515	19.418	20.375	15.196	8.214	5.2562	
1649	21.508	19.409	20.365	15.203	8.3041	5.32	
1650	21.501	19.399	20.354	15.183	8.3097	5.3172	
1651	21.494	19.39	20.344	15.183	8.2823	5.2789	
1652	21.487	19.38	20.333	15.167	8.2903	5.2806	
1653	21.48	19.371	20.323	15.222	8.273	5.3132	
1654	21.473	19.361	20.312	15.187	8.2721	5.3	
1655	21.466	19.352	20.302	15.181	8.3124	5.2674	
1656	21.459	19.342	20.291	15.178	8.2858	5.2886	
1657	21.453	19.333	20.281	15.182	8.2736	5.2715	
1658	21.446	19.324	20.27	15.168	8.2909	5.2684	
1659	21.439	19.314	20.26	15.198	8.2389	5.2994	
1660	21.432	19.305	20.25	15.134	8.2013	5.3163	
1661	21.425	19.295	20.239	15.18	8.22	5.277	
1662	21.418	19.286	20.229	15.141	8.2754	5.2561	
1663	21.411	19.277	20.218	15.16	8.3068	5.3083	
1664	21.404	19.267	20.208	15.139	8.2076	5.1903	
1665	21.398	19.258	20.198	15.134	8.2768	5.2901	
1666	21.391	19.249	20.187	15.203	8.2376	5.2267	
1667	21.384	19.239	20.177	15.116	8.178	5.2636	
1668	21.377	19.23	20.167	15.094	8.2587	5.2816	
1669	21.37	19.221	20.156	15.177	8.2221	5.1642	
1670	21.363	19.211	20.146	15.177	8.3188	5.28	
1671	21.357	19.202	20.136	15.144	8.2985	5.1962	
1672	21.35	19.193	20.125	15.205	8.2434	5.1552	
1673	21.343	19.184	20.115	15.194	8.2671	5.2595	
1674	21.336	19.174	20.105	15.196	8.273	5.2443	
1675	21.33	19.165	20.094	15.123	8.1082	5.2754	
1676	21.323	19.156	20.084	15.177	8.2951	5.2414	
1677	21.316	19.147	20.074	15.141	8.2686	5.3115	
1678	21.309	19.137	20.064	15.131	8.1656	5.2901	
1679	21.303	19.128	20.053	15.153	8.2106	5.2576	
1680	21.296	19.119	20.043	15.136	8.2649	5.3272	
1681	21.289	19.11	20.033	15.15	8.3289	5.2473	
1682	21.283	19.101	20.023	15.105	8.2398	5.2015	
1683	21.276	19.092	20.013	15.132	8.2922	5.1972	
1684	21.269	19.082	20.003	15.112	8.2552	5.3479	
1685	21.263	19.073	19.992	15.14	8.0623	5.0309	
1686	21.256	19.064	19.982	15.254	8.287	5.2897	
1687	21.249	19.055	19.972	15.066	8.3556	5.4453	
1688	21.243	19.046	19.962	15.075	8.27	5.2045	
1689	21.236	19.037	19.952	15.151	8.2085	5.0922	
1690	21.23	19.028	19.942	15.044	8.425	5.2279	
1691	21.223	19.019	19.932	15.226	8.1621	5.1941	
1692	21.216	19.01	19.921	15.228	8.4692	5.2754	
1693	21.21	19.001	19.911	14.99	8.3545	5.5722	
1694	21.203	18.992	19.901	14.9	8.082	5.2263	
1695	21.197	18.983	19.891	15.192	8.4939	5.4261	
1696	21.19	18.974	19.881	15.082	8.2301	5.4347	
1697	21.184	18.964	19.871	15.142	8.3357	5.437	
1698	21.177	18.955	19.861	14.719	8.2576	4.9981	
1699	21.171	18.947	19.851	14.916	8.6842	5.3629	
1700	21.164	18.938	19.841	14.932	8.1696	5.1826	
