	65	70	75	65	70	75	
300	37.409	35.84	34.653	37.511	37.209	37.514	
301	37.095	35.451	34.159	37.295	36.907	37.453	
302	36.792	35.071	33.667	37.087	36.772	37.279	
303	36.496	34.695	33.172	37.019	36.553	37.024	
304	36.209	34.325	32.677	36.99	36.489	37.052	
305	35.93	33.961	32.182	36.884	36.423	36.867	
306	35.658	33.602	31.684	36.614	36.185	36.77	
307	35.393	33.248	31.185	36.511	36.277	36.641	
308	35.136	32.899	30.685	36.334	36.128	36.541	
309	34.886	32.555	30.183	36.365	35.959	36.377	
310	34.641	32.215	29.679	36.171	35.873	36.379	
311	34.404	31.88	29.174	36.159	35.715	36.319	
312	34.172	31.55	28.667	36.209	35.719	36.207	
313	33.946	31.224	28.159	35.89	35.526	36.139	
314	33.726	30.902	27.651	35.955	35.547	35.953	
315	33.512	30.586	27.142	35.892	35.364	35.909	
316	33.303	30.274	26.634	35.798	35.418	35.815	
317	33.099	29.968	26.127	35.661	35.298	35.754	
318	32.9	29.666	25.622	35.561	35.153	35.59	
319	32.708	29.371	25.12	35.518	35.053	35.611	
320	32.52	29.081	24.623	35.535	35.035	35.459	
321	32.337	28.797	24.13	35.427	34.977	35.375	
322	32.16	28.52	23.644	35.393	34.901	35.332	
323	31.988	28.25	23.166	35.355	34.78	35.278	
324	31.821	27.987	22.697	35.23	34.786	35.152	
325	31.66	27.732	22.24	35.241	34.578	35.091	
326	31.504	27.485	21.795	35.155	34.568	35.032	
327	31.354	27.246	21.365	35.062	34.546	34.927	
328	31.209	27.017	20.951	35.028	34.498	34.847	
329	31.07	26.797	20.556	34.999	34.432	34.774	
330	30.938	26.587	20.181	35.011	34.459	34.767	
331	30.811	26.387	19.828	34.888	34.365	34.712	
332	30.69	26.199	19.5	34.842	34.23	34.555	
333	30.576	26.022	19.198	34.885	34.182	34.577	
334	30.468	25.857	18.923	34.798	34.161	34.525	
335	30.367	25.703	18.678	34.731	34.097	34.447	
336	30.272	25.563	18.465	34.609	34.041	34.358	
337	30.184	25.436	18.283	34.687	34.006	34.353	
338	30.104	25.322	18.136	34.632	33.962	34.303	
339	30.031	25.222	18.023	34.529	33.832	34.23	
340	29.966	25.137	17.945	34.579	33.724	34.179	
341	29.908	25.065	17.903	34.486	33.766	34.165	
342	29.857	25.008	17.896	34.466	33.725	34.1	
343	29.815	24.967	17.924	34.549	33.733	34.023	
344	29.781	24.94	17.988	34.521	33.702	33.95	
345	29.755	24.929	18.086	34.424	33.661	33.933	
346	29.738	24.933	18.217	34.455	33.622	33.892	
347	29.73	24.954	18.381	34.458	33.593	33.865	
348	29.731	24.99	18.577	34.377	33.616	33.812	
349	29.742	25.043	18.804	34.389	33.625	33.81	
350	29.763	25.114	19.061	34.388	33.625	33.767	
351	29.794	25.202	19.346	34.35	33.524	33.743	
352	29.838	25.309	19.661	34.396	33.574	33.8	
353	29.893	25.434	20.004	34.351	33.52	33.614	
354	29.961	25.58	20.375	34.458	33.583	33.722	
355	30.043	25.746	20.773	34.599	33.444	33.575	
356	30.137	25.931	21.199	34.579	33.535	33.58	
357	30.244	26.136	21.65	34.514	33.694	33.653	
358	30.361	26.358	22.124	34.45	33.599	33.561	
359	30.487	26.595	22.617	34.557	33.626	33.604	
360	30.617	26.842	23.124	34.568	33.602	33.533	
361	30.747	27.093	23.638	34.519	33.534	33.614	
362	30.872	27.342	24.151	34.468	33.471	33.318	
363	30.988	27.583	24.655	34.502	33.373	33.27	
364	31.089	27.81	25.143	34.485	33.406	33.141	
365	31.172	28.02	25.608	34.48	33.239	33.257	
366	31.236	28.208	26.045	34.43	33.18	32.916	
367	31.278	28.374	26.452	34.217	33.026	32.627	
368	31.3	28.516	26.826	34.2	33.006	32.484	
369	31.3	28.632	27.166	34.034	32.568	32.257	
370	31.28	28.726	27.471	33.841	32.395	31.955	
371	31.244	28.801	27.749	33.737	32.227	31.762	
372	31.197	28.861	28.001	33.555	32.089	31.437	
373	31.14	28.91	28.232	33.39	31.779	31.262	
374	31.076	28.949	28.445	33.076	31.523	30.992	
375	31.008	28.982	28.642	32.972	31.289	30.557	
376	30.938	29.011	28.827	32.744	31.026	30.281	
377	30.867	29.037	29.001	32.512	30.758	29.935	
378	30.796	29.062	29.166	32.361	30.452	29.755	
379	30.728	29.086	29.322	32.152	30.302	29.525	
380	30.662	29.112	29.474	31.847	30.094	29.22	
381	30.6	29.14	29.622	31.78	29.805	28.874	
382	30.541	29.171	29.766	31.618	29.702	28.718	
383	30.487	29.204	29.907	31.407	29.37	28.494	
384	30.437	29.24	30.046	31.178	29.194	28.195	
385	30.391	29.279	30.182	31.074	29.021	28.069	
386	30.351	29.321	30.316	30.864	28.789	27.848	
387	30.315	29.366	30.45	30.652	28.633	27.637	
388	30.284	29.415	30.582	30.583	28.41	27.476	
389	30.257	29.467	30.713	30.461	28.307	27.256	
390	30.236	29.522	30.844	30.26	28.108	27.05	
391	30.22	29.581	30.974	30.191	27.915	26.895	
392	30.209	29.644	31.105	29.981	27.735	26.665	
393	30.203	29.71	31.236	29.878	27.587	26.582	
394	30.202	29.78	31.367	29.682	27.397	26.4	
395	30.205	29.853	31.498	29.63	27.355	26.298	
396	30.214	29.929	31.63	29.422	27.142	26.077	
397	30.228	30.01	31.763	29.335	27.036	25.925	
398	30.246	30.093	31.896	29.275	26.882	25.776	
399	30.269	30.179	32.03	29.093	26.69	25.637	
400	30.295	30.268	32.164	29.072	26.6	25.423	
401	30.326	30.361	32.299	28.922	26.451	25.337	
402	30.361	30.456	32.435	28.768	26.379	25.181	
403	30.4	30.554	32.572	28.682	26.196	25.041	
404	30.441	30.653	32.709	28.573	26.143	24.894	
405	30.487	30.756	32.846	28.511	25.929	24.83	
406	30.535	30.86	32.984	28.418	25.831	24.647	
407	30.587	30.966	33.123	28.306	25.691	24.585	
408	30.641	31.074	33.261	28.204	25.67	24.441	
409	30.697	31.183	33.4	28.091	25.533	24.21	
410	30.757	31.294	33.539	28.031	25.423	24.179	
411	30.818	31.407	33.679	27.868	25.362	24.088	
412	30.882	31.52	33.818	27.819	25.199	23.977	
413	30.948	31.635	33.958	27.751	25.068	23.815	
414	31.016	31.751	34.098	27.647	25.046	23.779	
415	31.085	31.868	34.238	27.567	24.906	23.666	
416	31.156	31.986	34.377	27.436	24.81	23.564	
417	31.23	32.105	34.518	27.395	24.667	23.442	
418	31.305	32.225	34.658	27.242	24.576	23.314	
419	31.381	32.346	34.798	27.24	24.539	23.278	
420	31.46	32.468	34.939	27.177	24.391	23.051	
421	31.539	32.59	35.08	26.993	24.277	23.05	
422	31.62	32.714	35.221	27.016	24.164	22.99	
423	31.703	32.838	35.362	26.934	24.088	22.879	
424	31.787	32.963	35.504	26.867	24.049	22.714	
425	31.872	33.088	35.646	26.755	23.89	22.644	
426	31.959	33.215	35.788	26.651	23.86	22.58	
427	32.047	33.342	35.93	26.553	23.755	22.538	
428	32.136	33.47	36.073	26.479	23.663	22.372	
429	32.227	33.599	36.217	26.519	23.569	22.282	
430	32.319	33.728	36.361	26.369	23.426	22.284	
431	32.412	33.859	36.505	26.264	23.503	22.162	
432	32.506	33.99	36.65	26.276	23.311	21.984	
433	32.602	34.122	36.796	26.141	23.339	21.941	
434	32.699	34.255	36.942	26.086	23.175	21.795	
435	32.796	34.388	37.089	26.006	23.033	21.804	
436	32.896	34.523	37.237	25.973	22.899	21.543	
437	32.996	34.658	37.385	25.893	22.922	21.617	
438	33.097	34.795	37.535	25.872	22.893	21.469	
439	33.2	34.932	37.685	25.71	22.818	21.435	
440	33.303	35.07	37.836	25.695	22.639	21.343	
441	33.408	35.209	37.988	25.63	22.648	21.261	
442	33.514	35.349	38.141	25.588	22.648	21.104	
443	33.621	35.49	38.295	25.507	22.442	21.184	
444	33.73	35.631	38.45	25.556	22.424	20.985	
445	33.839	35.774	38.606	25.392	22.277	20.91	
446	33.949	35.918	38.763	25.234	22.293	20.863	
447	34.061	36.063	38.921	25.292	22.112	20.749	
448	34.173	36.209	39.081	25.195	22.141	20.723	
449	34.287	36.356	39.242	25.183	22.026	20.627	
450	34.402	36.504	39.404	25.118	21.916	20.654	
451	34.518	36.653	39.568	25.118	21.857	20.554	
452	34.635	36.803	39.733	25.026	21.784	20.444	
453	34.754	36.955	39.899	24.922	21.755	20.443	
454	34.873	37.108	40.067	24.835	21.684	20.273	
455	34.993	37.262	40.236	24.769	21.671	20.279	
456	35.115	37.417	40.407	24.72	21.58	20.095	
457	35.238	37.573	40.58	24.709	21.546	20.092	
458	35.362	37.73	40.754	24.66	21.441	20.062	
459	35.487	37.889	40.93	24.663	21.481	19.975	
460	35.613	38.05	41.108	24.545	21.331	19.906	
461	35.74	38.211	41.288	24.62	21.233	19.818	
462	35.869	38.374	41.469	24.431	21.183	19.772	
463	35.998	38.538	41.652	24.46	21.21	19.722	
464	36.129	38.704	41.837	24.327	21.031	19.609	
465	36.261	38.871	42.024	24.36	21.017	19.608	
466	36.394	39.039	42.213	24.267	20.954	19.454	
467	36.528	39.209	42.404	24.206	20.854	19.484	
468	36.664	39.38	42.597	24.17	20.799	19.396	
469	36.8	39.553	42.793	24.092	20.77	19.34	
470	36.938	39.728	42.99	24.061	20.699	19.193	
471	37.077	39.904	43.19	24.012	20.652	19.217	
472	37.217	40.081	43.392	23.934	20.679	19.142	
473	37.359	40.26	43.596	23.947	20.517	19.035	
474	37.501	40.441	43.802	23.908	20.509	19.076	
475	37.645	40.623	44.011	23.846	20.472	18.955	
476	37.79	40.807	44.222	23.824	20.439	18.928	
477	37.936	40.992	44.436	23.74	20.279	18.806	
478	38.083	41.18	44.652	23.684	20.28	18.775	
479	38.232	41.368	44.871	23.667	20.197	18.72	
480	38.382	41.559	45.092	23.599	20.142	18.638	
481	38.533	41.751	45.316	23.572	20.093	18.615	
482	38.685	41.945	45.543	23.495	20.1	18.561	
483	38.838	42.141	45.772	23.543	20.037	18.524	
484	38.993	42.339	46.004	23.447	19.952	18.437	
485	39.149	42.538	46.239	23.405	19.904	18.479	
486	39.306	42.739	46.476	23.388	19.787	18.36	
487	39.464	42.942	46.717	23.308	19.783	18.254	
488	39.624	43.147	46.96	23.318	19.714	18.213	
489	39.785	43.353	47.206	23.228	19.691	18.178	
490	39.946	43.562	47.455	23.239	19.606	18.185	
491	40.11	43.772	47.707	23.162	19.598	18.078	
492	40.274	43.984	47.962	23.125	19.513	18.036	
493	40.44	44.199	48.221	23.098	19.505	17.975	
494	40.607	44.415	48.482	23.049	19.475	17.976	
495	40.775	44.632	48.746	23.039	19.452	17.877	
496	40.944	44.852	49.014	22.991	19.38	17.876	
497	41.115	45.074	49.285	22.952	19.303	17.874	
498	41.287	45.298	49.559	22.922	19.281	17.787	
499	41.46	45.523	49.836	22.888	19.204	17.73	
500	41.634	45.751	50.116	22.873	19.164	17.653	
501	41.809	45.98	50.4	22.799	19.155	17.607	
502	41.986	46.212	50.687	22.748	19.072	17.553	
503	42.163	46.445	50.977	22.745	19.08	17.515	
504	42.342	46.68	51.271	22.67	18.989	17.461	
505	42.522	46.918	51.568	22.66	18.966	17.426	
506	42.704	47.157	51.869	22.59	18.9	17.357	
507	42.886	47.398	52.173	22.573	18.858	17.36	
508	43.07	47.641	52.48	22.544	18.831	17.264	
509	43.255	47.886	52.791	22.54	18.784	17.234	
510	43.44	48.133	53.105	22.464	18.744	17.185	
511	43.627	48.382	53.423	22.441	18.672	17.172	
512	43.815	48.633	53.744	22.411	18.653	17.095	
513	44.005	48.886	54.069	22.38	18.604	17.039	
514	44.195	49.14	54.397	22.329	18.581	17.008	
515	44.386	49.397	54.729	22.323	18.521	16.956	
516	44.579	49.655	55.064	22.272	18.488	16.925	
517	44.772	49.915	55.403	22.233	18.453	16.889	
518	44.966	50.177	55.745	22.213	18.429	16.8	
519	45.162	50.441	56.091	22.156	18.383	16.8	
520	45.358	50.707	56.44	22.155	18.329	16.783	
521	45.555	50.974	56.793	22.107	18.281	16.705	
522	45.754	51.243	57.149	22.082	18.236	16.682	
523	45.953	51.514	57.509	22.044	18.197	16.633	
524	46.153	51.786	57.872	22.008	18.175	16.576	
525	46.354	52.06	58.238	21.973	18.11	16.541	
526	46.556	52.335	58.608	21.948	18.101	16.479	
527	46.758	52.613	58.981	21.919	18.041	16.467	
528	46.962	52.891	59.357	21.871	18.015	16.444	
529	47.166	53.171	59.737	21.848	17.935	16.346	
530	47.371	53.453	60.119	21.807	17.963	16.332	
531	47.576	53.736	60.505	21.787	17.894	16.282	
532	47.782	54.02	60.894	21.792	17.872	16.249	
533	47.989	54.306	61.287	21.715	17.836	16.21	
534	48.197	54.592	61.682	21.688	17.765	16.173	
535	48.405	54.88	62.08	21.675	17.736	16.118	
536	48.613	55.169	62.481	21.642	17.728	16.071	
537	48.822	55.459	62.884	21.635	17.67	16.051	
538	49.032	55.75	63.291	21.595	17.649	16.008	
539	49.242	56.042	63.7	21.569	17.626	15.99	
540	49.452	56.335	64.111	21.55	17.587	15.938	
541	49.663	56.628	64.526	21.51	17.537	15.923	
542	49.873	56.922	64.942	21.482	17.509	15.858	
543	50.085	57.217	65.361	21.476	17.461	15.814	
544	50.296	57.512	65.781	21.431	17.422	15.773	
545	50.507	57.807	66.204	21.41	17.437	15.761	
546	50.719	58.103	66.629	21.352	17.352	15.71	
547	50.93	58.399	67.055	21.367	17.317	15.707	
548	51.142	58.695	67.483	21.329	17.285	15.648	
549	51.353	58.991	67.913	21.326	17.238	15.622	
550	51.565	59.287	68.344	21.261	17.228	15.591	
551	51.776	59.582	68.776	21.239	17.193	15.54	
552	51.987	59.878	69.208	21.241	17.157	15.508	
553	52.197	60.172	69.642	21.207	17.129	15.477	
554	52.408	60.466	70.076	21.168	17.077	15.44	
555	52.618	60.76	70.511	21.16	17.056	15.395	
556	52.827	61.052	70.946	21.131	17.016	15.362	
557	53.036	61.344	71.38	21.103	16.947	15.317	
558	53.244	61.634	71.815	21.084	16.962	15.3	
559	53.452	61.923	72.248	21.046	16.928	15.278	
560	53.658	62.211	72.681	21.019	16.886	15.228	
561	53.864	62.497	73.113	21.007	16.84	15.186	
562	54.069	62.781	73.543	21	16.812	15.184	
563	54.274	63.063	73.971	20.961	16.801	15.133	
564	54.477	63.343	74.397	20.944	16.75	15.126	
565	54.679	63.621	74.82	20.9	16.721	15.064	
566	54.88	63.896	75.24	20.879	16.684	15.074	
567	55.079	64.169	75.657	20.845	16.66	15.01	
568	55.278	64.439	76.069	20.818	16.626	14.969	
569	55.474	64.705	76.477	20.805	16.591	14.939	
570	55.67	64.969	76.88	20.791	16.566	14.891	
571	55.864	65.229	77.277	20.756	16.54	14.877	
572	56.056	65.486	77.667	20.734	16.528	14.866	
573	56.246	65.738	78.049	20.719	16.489	14.815	
574	56.435	65.987	78.424	20.685	16.473	14.755	
575	56.622	66.231	78.789	20.662	16.434	14.74	
576	56.807	66.471	79.144	20.631	16.404	14.719	
577	56.99	66.707	79.488	20.644	16.385	14.694	
578	57.17	66.937	79.819	20.618	16.331	14.681	
579	57.349	67.163	80.137	20.576	16.316	14.62	
580	57.525	67.383	80.44	20.577	16.277	14.621	
581	57.699	67.597	80.726	20.535	16.251	14.584	
582	57.87	67.806	80.994	20.524	16.22	14.522	
583	58.039	68.009	81.242	20.504	16.18	14.507	
584	58.206	68.206	81.47	20.492	16.17	14.517	
585	58.369	68.397	81.674	20.442	16.155	14.449	
586	58.53	68.581	81.854	20.431	16.123	14.417	
587	58.688	68.758	82.008	20.436	16.098	14.362	
588	58.843	68.928	82.135	20.408	16.07	14.357	
589	58.995	69.091	82.234	20.364	16.041	14.332	
590	59.144	69.247	82.304	20.345	16.005	14.287	
591	59.29	69.396	82.344	20.333	15.99	14.25	
592	59.433	69.536	82.355	20.31	15.918	14.221	
593	59.572	69.669	82.336	20.296	15.969	14.198	
594	59.708	69.794	82.288	20.283	15.892	14.209	
595	59.841	69.911	82.213	20.24	15.88	14.155	
596	59.97	70.02	82.111	20.22	15.879	14.124	
597	60.096	70.121	81.983	20.21	15.839	14.089	
598	60.218	70.213	81.831	20.202	15.8	14.07	
599	60.336	70.297	81.658	20.184	15.748	14.033	
600	60.451	70.372	81.464	20.146	15.774	14.024	
601	60.562	70.439	81.252	20.111	15.734	13.982	
602	60.669	70.497	81.023	20.089	15.676	13.946	
603	60.772	70.546	80.778	20.073	15.681	13.918	
604	60.871	70.587	80.521	20.062	15.645	13.915	
605	60.966	70.62	80.251	20.041	15.608	13.859	
606	61.058	70.643	79.97	20.03	15.616	13.815	
607	61.145	70.659	79.681	19.998	15.592	13.779	
608	61.228	70.666	79.383	20.014	15.535	13.804	
609	61.307	70.664	79.077	19.982	15.547	13.748	
610	61.382	70.654	78.766	19.959	15.505	13.733	
611	61.453	70.636	78.449	19.939	15.468	13.708	
612	61.519	70.61	78.128	19.937	15.48	13.705	
613	61.582	70.576	77.803	19.905	15.44	13.625	
614	61.64	70.534	77.474	19.873	15.416	13.633	
615	61.694	70.485	77.143	19.872	15.373	13.599	
616	61.744	70.428	76.81	19.848	15.366	13.567	
617	61.79	70.364	76.475	19.833	15.339	13.548	
618	61.831	70.293	76.139	19.81	15.324	13.544	
619	61.868	70.215	75.802	19.793	15.289	13.484	
620	61.901	70.131	75.465	19.769	15.26	13.464	
621	61.93	70.039	75.128	19.744	15.245	13.463	
622	61.955	69.942	74.79	19.758	15.223	13.435	
623	61.975	69.839	74.454	19.727	15.19	13.375	
624	61.992	69.729	74.117	19.705	15.17	13.372	
625	62.004	69.614	73.782	19.678	15.168	13.392	
626	62.013	69.494	73.447	19.681	15.12	13.311	
627	62.017	69.368	73.114	19.667	15.098	13.304	
628	62.017	69.238	72.782	19.638	15.06	13.283	
629	62.014	69.103	72.452	19.635	15.075	13.294	
630	62.006	68.963	72.123	19.57	15.013	13.233	
631	61.995	68.819	71.795	19.565	15.066	13.236	
632	61.979	68.67	71.47	19.575	15.011	13.141	
633	61.961	68.518	71.147	19.564	14.965	13.12	
634	61.938	68.362	70.825	19.51	14.954	13.069	
635	61.912	68.203	70.506	19.493	14.942	13.106	
636	61.882	68.04	70.189	19.49	14.951	13.106	
637	61.848	67.874	69.874	19.498	14.872	13.056	
638	61.811	67.705	69.561	19.454	14.846	13.046	
639	61.771	67.534	69.251	19.459	14.818	13.027	
640	61.727	67.359	68.943	19.425	14.799	13.018	
641	61.68	67.183	68.637	19.452	14.778	12.939	
642	61.63	67.004	68.334	19.402	14.772	12.986	
643	61.577	66.823	68.033	19.387	14.721	12.945	
644	61.52	66.64	67.735	19.404	14.727	12.899	
645	61.461	66.455	67.439	19.385	14.71	12.869	
646	61.399	66.269	67.146	19.341	14.67	12.857	
647	61.333	66.081	66.855	19.34	14.697	12.832	
648	61.265	65.891	66.567	19.298	14.644	12.833	
649	61.195	65.701	66.281	19.29	14.633	12.793	
650	61.121	65.509	65.998	19.268	14.571	12.757	
651	61.045	65.316	65.718	19.249	14.593	12.771	
652	60.967	65.123	65.44	19.245	14.544	12.718	
653	60.886	64.928	65.164	19.224	14.556	12.69	
654	60.803	64.733	64.892	19.213	14.505	12.636	
655	60.717	64.537	64.621	19.188	14.528	12.643	
656	60.629	64.341	64.354	19.173	14.551	12.655	
657	60.539	64.145	64.088	19.182	14.495	12.58	
658	60.447	63.948	63.826	19.145	14.451	12.585	
659	60.353	63.75	63.566	19.135	14.393	12.576	
660	60.258	63.553	63.308	19.131	14.406	12.557	
661	60.16	63.356	63.053	19.149	14.366	12.521	
662	60.06	63.158	62.8	19.141	14.38	12.487	
663	59.959	62.961	62.55	19.085	14.354	12.478	
664	59.856	62.764	62.302	19.067	14.358	12.46	
665	59.751	62.567	62.057	19.05	14.329	12.422	
666	59.645	62.37	61.814	19.037	14.283	12.4	
667	59.537	62.173	61.573	19.049	14.264	12.403	
668	59.428	61.977	61.335	19.03	14.28	12.379	
669	59.318	61.781	61.1	19.015	14.24	12.357	
670	59.206	61.586	60.866	18.996	14.227	12.341	
671	59.093	61.391	60.635	18.983	14.189	12.272	
672	58.979	61.197	60.407	18.968	14.151	12.307	
673	58.864	61.003	60.18	18.924	14.153	12.286	
674	58.748	60.81	59.956	18.939	14.161	12.278	
675	58.63	60.618	59.734	18.916	14.153	12.296	
676	58.512	60.426	59.514	18.918	14.072	12.203	
677	58.393	60.235	59.297	18.905	14.111	12.199	
678	58.273	60.045	59.082	18.877	14.073	12.219	
679	58.152	59.856	58.869	18.874	14.028	12.143	
680	58.031	59.667	58.658	18.865	14.013	12.153	
681	57.909	59.479	58.449	18.846	13.999	12.088	
682	57.786	59.292	58.242	18.845	14.005	12.109	
683	57.662	59.106	58.037	18.808	13.954	12.072	
684	57.538	58.921	57.835	18.784	13.945	12.093	
685	57.413	58.737	57.634	18.793	13.961	12.052	
686	57.288	58.554	57.436	18.775	13.924	12.002	
687	57.163	58.371	57.239	18.777	13.89	11.991	
688	57.037	58.19	57.045	18.772	13.868	11.962	
689	56.911	58.009	56.852	18.761	13.903	11.957	
690	56.784	57.83	56.661	18.716	13.875	11.965	
691	56.657	57.652	56.473	18.724	13.843	11.91	
692	56.53	57.474	56.286	18.709	13.782	11.94	
693	56.402	57.298	56.101	18.696	13.781	11.891	
694	56.275	57.122	55.917	18.682	13.775	11.898	
695	56.147	56.948	55.736	18.653	13.738	11.859	
696	56.019	56.775	55.556	18.654	13.704	11.854	
697	55.891	56.603	55.379	18.647	13.742	11.818	
698	55.763	56.431	55.203	18.656	13.697	11.76	
699	55.635	56.261	55.028	18.615	13.678	11.745	
700	55.506	56.092	54.856	18.603	13.714	11.763	
701	55.378	55.924	54.685	18.616	13.601	11.754	
702	55.25	55.757	54.516	18.605	13.677	11.742	
703	55.122	55.592	54.348	18.55	13.664	11.695	
704	54.994	55.427	54.182	18.548	13.616	11.689	
705	54.866	55.263	54.018	18.593	13.586	11.663	
706	54.738	55.1	53.855	18.539	13.595	11.627	
707	54.611	54.939	53.694	18.519	13.587	11.625	
708	54.483	54.779	53.534	18.499	13.513	11.634	
709	54.356	54.619	53.376	18.52	13.555	11.58	
710	54.229	54.461	53.22	18.509	13.487	11.628	
711	54.102	54.304	53.065	18.491	13.491	11.511	
712	53.975	54.147	52.911	18.46	13.43	11.505	
713	53.849	53.992	52.759	18.443	13.501	11.532	
714	53.722	53.838	52.608	18.434	13.419	11.487	
715	53.596	53.685	52.459	18.397	13.433	11.469	
716	53.471	53.533	52.311	18.418	13.356	11.374	
717	53.346	53.382	52.165	18.408	13.398	11.468	
718	53.221	53.233	52.02	18.389	13.347	11.371	
719	53.096	53.084	51.876	18.416	13.365	11.461	
720	52.972	52.936	51.734	18.332	13.336	11.414	
721	52.848	52.789	51.593	18.377	13.311	11.389	
722	52.724	52.644	51.453	18.373	13.341	11.365	
723	52.601	52.499	51.315	18.316	13.339	11.362	
724	52.478	52.355	51.178	18.348	13.267	11.357	
725	52.356	52.213	51.042	18.293	13.366	11.278	
726	52.234	52.071	50.907	18.343	13.2	11.279	
727	52.112	51.931	50.774	18.3	13.25	11.255	
728	51.991	51.791	50.642	18.318	13.194	11.255	
729	51.871	51.652	50.511	18.272	13.178	11.254	
730	51.75	51.515	50.381	18.26	13.183	11.173	
731	51.631	51.378	50.252	18.22	13.167	11.208	
732	51.511	51.242	50.125	18.247	13.116	11.197	
733	51.392	51.108	49.998	18.236	13.152	11.165	
734	51.274	50.974	49.873	18.263	13.117	11.143	
735	51.156	50.841	49.749	18.212	13.131	11.119	
736	51.039	50.709	49.626	18.211	13.114	11.12	
737	50.922	50.578	49.504	18.221	13.084	11.153	
738	50.805	50.448	49.383	18.175	13.091	11.076	
739	50.689	50.319	49.263	18.168	13.067	11.094	
740	50.574	50.191	49.144	18.198	13.06	11.074	
741	50.459	50.064	49.027	18.146	13.012	11.072	
742	50.344	49.938	48.91	18.159	13.021	11.016	
743	50.23	49.812	48.794	18.16	13.027	10.987	
744	50.117	49.688	48.679	18.128	13	11.023	
745	50.004	49.564	48.566	18.098	13.023	11.013	
746	49.891	49.441	48.453	18.113	12.97	10.981	
747	49.779	49.319	48.341	18.112	13.001	10.944	
748	49.668	49.198	48.23	18.09	12.967	10.93	
749	49.557	49.078	48.12	18.087	12.928	10.902	
750	49.447	48.959	48.011	18.026	12.909	10.938	
751	49.337	48.841	47.903	18.064	12.892	10.873	
752	49.228	48.723	47.796	18.016	12.923	10.846	
753	49.119	48.606	47.689	18.042	12.881	10.845	
754	49.011	48.49	47.584	18.033	12.862	10.87	
755	48.903	48.375	47.479	17.998	12.896	10.794	
756	48.796	48.261	47.375	18.017	12.83	10.84	
757	48.689	48.147	47.273	18.016	12.778	10.837	
758	48.583	48.034	47.17	17.993	12.814	10.794	
759	48.477	47.922	47.069	17.991	12.817	10.766	
760	48.372	47.811	46.969	17.965	12.743	10.723	
761	48.268	47.701	46.869	17.94	12.757	10.727	
762	48.164	47.591	46.77	17.968	12.744	10.685	
763	48.06	47.482	46.672	17.942	12.757	10.67	
764	47.957	47.374	46.575	17.942	12.75	10.703	
765	47.855	47.267	46.478	17.928	12.723	10.649	
766	47.753	47.16	46.382	17.945	12.732	10.659	
767	47.651	47.054	46.287	17.932	12.689	10.658	
768	47.551	46.949	46.193	17.898	12.676	10.604	
769	47.45	46.845	46.1	17.901	12.684	10.63	
770	47.35	46.741	46.007	17.88	12.632	10.573	
771	47.251	46.638	45.915	17.839	12.621	10.567	
772	47.152	46.535	45.823	17.837	12.664	10.567	
773	47.054	46.434	45.732	17.851	12.613	10.567	
774	46.956	46.333	45.642	17.831	12.605	10.51	
775	46.859	46.233	45.553	17.81	12.584	10.517	
776	46.763	46.133	45.464	17.872	12.563	10.49	
777	46.666	46.034	45.376	17.813	12.541	10.499	
778	46.571	45.936	45.289	17.814	12.507	10.516	
779	46.475	45.838	45.202	17.771	12.515	10.473	
780	46.381	45.741	45.116	17.769	12.529	10.484	
781	46.287	45.645	45.03	17.816	12.552	10.405	
782	46.193	45.549	44.946	17.788	12.453	10.414	
783	46.1	45.454	44.861	17.766	12.44	10.413	
784	46.007	45.36	44.778	17.747	12.468	10.369	
785	45.915	45.266	44.695	17.727	12.424	10.347	
786	45.823	45.173	44.612	17.72	12.435	10.349	
787	45.732	45.08	44.53	17.725	12.412	10.345	
788	45.642	44.988	44.449	17.722	12.394	10.324	
789	45.551	44.897	44.369	17.703	12.376	10.317	
790	45.462	44.806	44.288	17.705	12.403	10.277	
791	45.372	44.716	44.209	17.675	12.368	10.278	
792	45.284	44.627	44.13	17.689	12.361	10.267	
793	45.195	44.538	44.051	17.679	12.381	10.266	
794	45.108	44.449	43.973	17.66	12.327	10.239	
795	45.02	44.361	43.896	17.659	12.309	10.224	
796	44.933	44.274	43.819	17.662	12.313	10.213	
797	44.847	44.187	43.743	17.654	12.325	10.176	
798	44.761	44.101	43.667	17.666	12.323	10.181	
799	44.676	44.015	43.592	17.647	12.261	10.206	
800	44.591	43.93	43.517	17.62	12.266	10.135	
801	44.506	43.846	43.443	17.605	12.279	10.152	
802	44.422	43.762	43.369	17.648	12.257	10.122	
803	44.339	43.678	43.296	17.585	12.228	10.092	
804	44.255	43.595	43.223	17.575	12.219	10.133	
805	44.173	43.513	43.151	17.566	12.198	10.093	
806	44.09	43.431	43.079	17.583	12.17	10.084	
807	44.009	43.349	43.007	17.566	12.126	10.115	
808	43.927	43.268	42.936	17.569	12.174	10.024	
809	43.846	43.188	42.866	17.516	12.099	10.047	
810	43.766	43.108	42.796	17.556	12.165	10.014	
811	43.686	43.028	42.726	17.537	12.131	9.9973	
812	43.606	42.949	42.657	17.532	12.176	10.005	
813	43.527	42.871	42.589	17.542	12.077	9.9926	
814	43.448	42.793	42.52	17.52	12.11	10.013	
815	43.37	42.715	42.452	17.499	12.091	9.9656	
816	43.292	42.638	42.385	17.51	12.082	9.9131	
817	43.214	42.561	42.318	17.487	12.062	9.9298	
818	43.137	42.485	42.252	17.492	12.059	9.9034	
819	43.06	42.409	42.185	17.483	12.042	9.9129	
820	42.984	42.334	42.12	17.46	12.018	9.8719	
821	42.908	42.259	42.054	17.453	12.005	9.8656	
822	42.833	42.185	41.989	17.45	12.012	9.8616	
823	42.757	42.111	41.925	17.451	12.006	9.8525	
824	42.683	42.037	41.861	17.443	12.007	9.8497	
825	42.608	41.964	41.797	17.437	11.988	9.8449	
826	42.535	41.892	41.734	17.433	11.98	9.8362	
827	42.461	41.819	41.67	17.43	11.974	9.8144	
828	42.388	41.747	41.608	17.419	11.964	9.8087	
829	42.315	41.676	41.546	17.407	11.95	9.7941	
830	42.243	41.605	41.484	17.407	11.946	9.8031	
831	42.171	41.534	41.422	17.4	11.919	9.7859	
832	42.099	41.464	41.361	17.384	11.91	9.7662	
833	42.028	41.394	41.3	17.379	11.905	9.7353	
834	41.957	41.325	41.24	17.367	11.897	9.7158	
835	41.887	41.256	41.179	17.36	11.889	9.7177	
836	41.816	41.187	41.12	17.358	11.888	9.6974	
837	41.747	41.119	41.06	17.35	11.861	9.7024	
838	41.677	41.051	41.001	17.356	11.846	9.6741	
839	41.608	40.983	40.942	17.339	11.835	9.6728	
840	41.54	40.916	40.884	17.323	11.851	9.6213	
841	41.471	40.85	40.826	17.338	11.799	9.6059	
842	41.403	40.783	40.768	17.35	11.812	9.6524	
843	41.336	40.717	40.71	17.333	11.79	9.6237	
844	41.268	40.651	40.653	17.328	11.8	9.6135	
845	41.201	40.586	40.596	17.337	11.83	9.5864	
846	41.135	40.521	40.54	17.25	11.762	9.5728	
847	41.069	40.457	40.484	17.316	11.671	9.6306	
848	41.003	40.392	40.428	17.299	11.801	9.6341	
849	40.937	40.328	40.372	17.296	11.713	9.5251	
850	40.872	40.265	40.317	17.278	11.74	9.5683	
851	40.807	40.202	40.262	17.254	11.712	9.5872	
852	40.742	40.139	40.207	17.249	11.723	9.4661	
853	40.678	40.076	40.153	17.279	11.658	9.4759	
854	40.614	40.014	40.098	17.228	11.704	9.4325	
855	40.551	39.952	40.044	17.23	11.626	9.478	
856	40.487	39.89	39.991	17.202	11.678	9.4881	
857	40.424	39.829	39.938	17.234	11.659	9.4508	
858	40.362	39.768	39.885	17.248	11.682	9.4151	
859	40.299	39.707	39.832	17.26	11.629	9.461	
860	40.237	39.647	39.779	17.206	11.667	9.4684	
861	40.176	39.587	39.727	17.177	11.615	9.3825	
862	40.114	39.527	39.675	17.215	11.595	9.3837	
863	40.053	39.468	39.623	17.205	11.644	9.3907	
864	39.992	39.409	39.572	17.208	11.589	9.387	
865	39.932	39.35	39.521	17.157	11.577	9.3165	
866	39.872	39.291	39.47	17.167	11.563	9.3468	
867	39.812	39.233	39.419	17.147	11.513	9.3459	
868	39.752	39.175	39.369	17.118	11.543	9.3501	
869	39.693	39.118	39.318	17.15	11.508	9.2901	
870	39.634	39.06	39.269	17.159	11.516	9.3057	
871	39.575	39.003	39.219	17.146	11.508	9.2767	
872	39.516	38.947	39.169	17.131	11.512	9.3136	
873	39.458	38.89	39.12	17.157	11.469	9.267	
874	39.4	38.834	39.071	17.129	11.488	9.2504	
875	39.343	38.778	39.022	17.111	11.474	9.2559	
876	39.285	38.722	38.974	17.115	11.465	9.2204	
877	39.228	38.667	38.926	17.112	11.46	9.2537	
878	39.171	38.612	38.878	17.083	11.444	9.2191	
879	39.115	38.557	38.83	17.079	11.432	9.1998	
880	39.059	38.502	38.782	17.071	11.421	9.1926	
881	39.003	38.448	38.735	17.069	11.417	9.1849	
882	38.947	38.394	38.688	17.067	11.412	9.1889	
883	38.892	38.34	38.641	17.063	11.408	9.1794	
884	38.836	38.286	38.594	17.061	11.404	9.1718	
885	38.781	38.233	38.547	17.061	11.396	9.1709	
886	38.727	38.18	38.501	17.056	11.388	9.1566	
887	38.672	38.127	38.455	17.046	11.371	9.1428	
888	38.618	38.075	38.409	17.044	11.364	9.1243	
889	38.564	38.022	38.363	17.031	11.351	9.1119	
890	38.511	37.97	38.318	17.018	11.337	9.0964	
891	38.457	37.918	38.273	17.012	11.328	9.0812	
892	38.404	37.867	38.228	17.01	11.316	9.0788	
893	38.351	37.815	38.183	17.003	11.31	9.0602	
894	38.298	37.764	38.138	16.991	11.308	9.0486	
895	38.246	37.713	38.094	16.999	11.303	9.0533	
896	38.194	37.663	38.049	16.989	11.29	9.0498	
897	38.142	37.612	38.005	16.989	11.285	9.0476	
898	38.09	37.562	37.961	16.987	11.282	9.0195	
899	38.039	37.512	37.918	16.979	11.268	9.0175	
900	37.987	37.462	37.874	16.966	11.258	8.9949	
901	37.936	37.413	37.831	16.947	11.247	8.9733	
902	37.886	37.363	37.788	16.948	11.229	8.9685	
903	37.835	37.314	37.745	16.945	11.226	8.9618	
904	37.785	37.265	37.702	16.94	11.217	8.9595	
905	37.735	37.217	37.659	16.932	11.215	8.9576	
906	37.685	37.168	37.617	16.934	11.21	8.9517	
907	37.635	37.12	37.575	16.929	11.206	8.9528	
908	37.586	37.072	37.532	16.931	11.194	8.9288	
909	37.537	37.024	37.491	16.916	11.183	8.9209	
910	37.488	36.976	37.449	16.902	11.167	8.91	
911	37.439	36.929	37.407	16.906	11.155	8.9055	
912	37.39	36.882	37.366	16.894	11.128	8.8691	
913	37.342	36.835	37.325	16.881	11.137	8.8493	
914	37.294	36.788	37.284	16.883	11.127	8.8511	
915	37.246	36.741	37.243	16.876	11.114	8.8449	
916	37.198	36.695	37.202	16.869	11.119	8.8435	
917	37.151	36.649	37.161	16.869	11.116	8.8377	
918	37.103	36.603	37.121	16.872	11.111	8.8326	
919	37.056	36.557	37.081	16.868	11.102	8.8198	
920	37.01	36.511	37.041	16.862	11.094	8.8106	
921	36.963	36.466	37.001	16.852	11.081	8.8013	
922	36.916	36.42	36.961	16.848	11.073	8.8045	
923	36.87	36.375	36.921	16.851	11.066	8.7956	
924	36.824	36.33	36.882	16.835	11.037	8.7695	
925	36.778	36.286	36.843	16.832	11.054	8.7564	
926	36.732	36.241	36.803	16.815	11.035	8.7417	
927	36.687	36.197	36.764	16.816	11.041	8.7315	
928	36.642	36.153	36.726	16.814	11.034	8.7362	
929	36.597	36.109	36.687	16.797	10.994	8.7477	
930	36.552	36.065	36.648	16.793	10.972	8.7269	
931	36.507	36.021	36.61	16.805	11.016	8.7154	
932	36.462	35.978	36.572	16.812	10.951	8.6826	
933	36.418	35.934	36.533	16.782	11.008	8.6791	
934	36.374	35.891	36.495	16.775	10.976	8.695	
935	36.33	35.848	36.458	16.773	10.978	8.6554	
936	36.286	35.806	36.42	16.753	10.941	8.6501	
937	36.243	35.763	36.382	16.753	10.935	8.6851	
938	36.199	35.721	36.345	16.783	10.944	8.6069	
939	36.156	35.678	36.307	16.761	10.933	8.6336	
940	36.113	35.636	36.27	16.766	10.894	8.6504	
941	36.07	35.594	36.233	16.76	10.92	8.6114	
942	36.027	35.553	36.196	16.739	10.886	8.5574	
943	35.985	35.511	36.16	16.715	10.91	8.5951	
944	35.942	35.469	36.123	16.717	10.929	8.5787	
945	35.9	35.428	36.086	16.744	10.893	8.5827	
946	35.858	35.387	36.05	16.743	10.888	8.5713	
947	35.816	35.346	36.014	16.722	10.888	8.5569	
948	35.775	35.305	35.978	16.718	10.861	8.5456	
949	35.733	35.265	35.942	16.708	10.84	8.5238	
950	35.692	35.224	35.906	16.702	10.832	8.5213	
951	35.651	35.184	35.87	16.691	10.851	8.5259	
952	35.61	35.143	35.835	16.683	10.844	8.5209	
953	35.569	35.103	35.799	16.694	10.825	8.4986	
954	35.528	35.063	35.764	16.695	10.819	8.5124	
955	35.488	35.024	35.728	16.682	10.807	8.4784	
956	35.447	34.984	35.693	16.663	10.812	8.4848	
957	35.407	34.945	35.658	16.664	10.803	8.5324	
958	35.367	34.905	35.623	16.644	10.785	8.4534	
959	35.327	34.866	35.589	16.666	10.771	8.4791	
960	35.287	34.827	35.554	16.678	10.753	8.4078	
961	35.248	34.788	35.519	16.673	10.778	8.3952	
962	35.208	34.749	35.485	16.661	10.689	8.3687	
963	35.169	34.711	35.451	16.62	10.712	8.4149	
964	35.13	34.672	35.416	16.649	10.748	8.3485	
965	35.091	34.634	35.382	16.617	10.733	8.3817	
966	35.052	34.596	35.348	16.628	10.753	8.359	
967	35.014	34.558	35.314	16.623	10.733	8.3919	
968	34.975	34.52	35.281	16.627	10.745	8.3832	
969	34.937	34.482	35.247	16.611	10.709	8.3707	
970	34.898	34.444	35.213	16.625	10.692	8.3925	
971	34.86	34.407	35.18	16.613	10.68	8.3706	
972	34.823	34.369	35.147	16.61	10.702	8.3492	
973	34.785	34.332	35.113	16.61	10.685	8.3224	
974	34.747	34.295	35.08	16.594	10.661	8.3374	
975	34.71	34.258	35.047	16.588	10.668	8.2816	
976	34.672	34.221	35.014	16.58	10.653	8.2972	
977	34.635	34.184	34.982	16.575	10.641	8.2843	
978	34.598	34.148	34.949	16.572	10.632	8.2858	
979	34.561	34.111	34.916	16.57	10.638	8.2719	
980	34.524	34.075	34.884	16.575	10.628	8.2724	
981	34.488	34.038	34.851	16.572	10.626	8.2804	
982	34.451	34.002	34.819	16.566	10.621	8.2707	
983	34.415	33.966	34.787	16.562	10.623	8.2828	
984	34.378	33.93	34.755	16.548	10.613	8.2676	
985	34.342	33.895	34.723	16.546	10.617	8.2362	
986	34.306	33.859	34.691	16.573	10.595	8.2584	
987	34.271	33.823	34.659	16.537	10.591	8.2149	
988	34.235	33.788	34.627	16.532	10.56	8.1936	
989	34.199	33.753	34.596	16.524	10.566	8.1933	
990	34.164	33.717	34.564	16.52	10.547	8.1876	
991	34.128	33.682	34.533	16.519	10.55	8.1676	
992	34.093	33.647	34.501	16.52	10.545	8.1802	
993	34.058	33.613	34.47	16.509	10.544	8.1739	
994	34.023	33.578	34.439	16.517	10.548	8.1768	
995	33.988	33.543	34.408	16.503	10.54	8.1619	
996	33.954	33.509	34.377	16.496	10.533	8.1554	
997	33.919	33.474	34.346	16.504	10.529	8.1444	
998	33.885	33.44	34.315	16.493	10.516	8.1417	
999	33.85	33.406	34.285	16.483	10.502	8.1776	
1000	33.816	33.372	34.254	16.5	10.478	8.1157	
1001	33.782	33.338	34.223	16.464	10.53	8.0949	
1002	33.748	33.304	34.193	16.485	10.51	8.0982	
1003	33.714	33.271	34.163	16.476	10.477	8.0989	
1004	33.681	33.237	34.132	16.475	10.443	8.0759	
1005	33.647	33.203	34.102	16.439	10.542	8.1117	
1006	33.614	33.17	34.072	16.467	10.428	8.1096	
1007	33.58	33.137	34.042	16.465	10.492	8.0327	
1008	33.547	33.103	34.012	16.449	10.484	8.0563	
1009	33.514	33.07	33.982	16.429	10.432	8.0496	
1010	33.481	33.037	33.953	16.466	10.451	8.0414	
1011	33.448	33.005	33.923	16.433	10.444	8.0428	
1012	33.415	32.972	33.893	16.438	10.431	8.0143	
1013	33.383	32.939	33.864	16.434	10.414	8.0082	
1014	33.35	32.906	33.834	16.435	10.394	8.0042	
1015	33.318	32.874	33.805	16.437	10.4	7.9932	
1016	33.285	32.842	33.776	16.413	10.402	8.087	
1017	33.253	32.809	33.747	16.395	10.365	7.9546	
1018	33.221	32.777	33.717	16.391	10.366	7.9748	
1019	33.189	32.745	33.688	16.377	10.349	7.938	
1020	33.157	32.713	33.659	16.428	10.409	7.9076	
1021	33.125	32.681	33.631	16.344	10.406	7.9482	
1022	33.094	32.649	33.602	16.399	10.335	7.9468	
1023	33.062	32.618	33.573	16.418	10.322	7.9437	
1024	33.03	32.586	33.544	16.374	10.301	7.9785	
1025	32.999	32.555	33.516	16.416	10.31	7.9159	
1026	32.968	32.523	33.487	16.38	10.359	7.8728	
1027	32.937	32.492	33.459	16.414	10.241	7.8987	
1028	32.906	32.461	33.431	16.371	10.339	7.8451	
1029	32.875	32.429	33.402	16.355	10.283	7.8299	
1030	32.844	32.398	33.374	16.359	10.328	7.903	
1031	32.813	32.367	33.346	16.422	10.333	7.9249	
1032	32.783	32.337	33.318	16.316	10.327	7.8632	
1033	32.752	32.306	33.29	16.382	10.287	7.887	
1034	32.722	32.275	33.262	16.356	10.309	7.8533	
1035	32.691	32.244	33.234	16.379	10.251	7.9231	
1036	32.661	32.214	33.206	16.253	10.285	7.8388	
1037	32.631	32.184	33.179	16.397	10.175	7.8035	
1038	32.601	32.153	33.151	16.319	10.24	7.9786	
1039	32.571	32.123	33.124	16.361	10.29	7.9209	
1040	32.541	32.093	33.096	16.298	10.088	7.8087	
1041	32.511	32.063	33.069	16.335	10.216	7.8567	
1042	32.482	32.033	33.041	16.445	10.238	7.6434	
1043	32.452	32.003	33.014	16.412	10.176	7.6925	
1044	32.423	31.973	32.987	16.267	10.268	7.7417	
1045	32.393	31.943	32.96	16.308	10.204	7.7873	
1046	32.364	31.914	32.933	16.204	10.35	7.5825	
1047	32.335	31.884	32.906	16.266	10.039	7.7932	
1048	32.306	31.855	32.879	16.229	10.157	7.8069	
1049	32.277	31.825	32.852	16.299	10.171	7.7236	
1050	32.248	31.796	32.825	16.276	10.083	7.8107	
1051	32.219	31.767	32.798	16.278	10.17	7.7396	
1052	32.191	31.737	32.771	16.273	10.161	7.7044	
1053	32.162	31.708	32.745	16.277	10.167	7.7231	
1054	32.133	31.679	32.718	16.277	10.148	7.7089	
1055	32.105	31.65	32.692	16.277	10.167	7.6972	
1056	32.077	31.622	32.665	16.273	10.135	7.687	
1057	32.048	31.593	32.639	16.269	10.153	7.6997	
1058	32.02	31.564	32.613	16.262	10.142	7.6709	
1059	31.992	31.536	32.586	16.247	10.134	7.6933	
1060	31.964	31.507	32.56	16.254	10.134	7.6648	
1061	31.936	31.479	32.534	16.263	10.116	7.6747	
1062	31.908	31.45	32.508	16.239	10.115	7.6648	
1063	31.881	31.422	32.482	16.235	10.098	7.6667	
1064	31.853	31.394	32.456	16.233	10.093	7.6472	
1065	31.826	31.366	32.43	16.225	10.087	7.629	
1066	31.798	31.337	32.404	16.232	10.086	7.618	
1067	31.771	31.309	32.379	16.223	10.089	7.6219	
1068	31.743	31.282	32.353	16.218	10.078	7.6284	
1069	31.716	31.254	32.327	16.223	10.054	7.6005	
1070	31.689	31.226	32.302	16.22	10.079	7.5985	
1071	31.662	31.198	32.276	16.218	10.063	7.599	
1072	31.635	31.171	32.251	16.202	10.065	7.5925	
1073	31.608	31.143	32.225	16.215	10.029	7.5661	
1074	31.581	31.116	32.2	16.199	10.044	7.5808	
1075	31.554	31.088	32.175	16.193	10.033	7.5517	
1076	31.528	31.061	32.15	16.201	10.022	7.5548	
1077	31.501	31.033	32.124	16.189	10.024	7.5511	
1078	31.475	31.006	32.099	16.185	10.008	7.5417	
1079	31.448	30.979	32.074	16.186	10.022	7.5314	
1080	31.422	30.952	32.049	16.186	10.011	7.5387	
1081	31.396	30.925	32.024	16.179	10.01	7.5348	
1082	31.37	30.898	31.999	16.172	10.007	7.5257	
1083	31.344	30.871	31.975	16.18	9.9947	7.5117	
1084	31.317	30.845	31.95	16.172	9.995	7.5129	
1085	31.292	30.818	31.925	16.166	9.9914	7.5014	
1086	31.266	30.791	31.9	16.171	9.9923	7.5038	
1087	31.24	30.765	31.876	16.156	9.9873	7.4945	
1088	31.214	30.738	31.851	16.166	9.9817	7.4997	
1089	31.189	30.712	31.827	16.159	9.9779	7.4821	
1090	31.163	30.685	31.802	16.158	9.9803	7.4881	
1091	31.137	30.659	31.778	16.153	9.9785	7.4853	
1092	31.112	30.633	31.753	16.144	9.9565	7.4715	
1093	31.087	30.606	31.729	16.148	9.9506	7.4729	
1094	31.061	30.58	31.705	16.141	9.9601	7.4722	
1095	31.036	30.554	31.681	16.15	9.9318	7.4483	
1096	31.011	30.528	31.656	16.144	9.9407	7.4519	
1097	30.986	30.502	31.632	16.13	9.9283	7.4383	
1098	30.961	30.476	31.608	16.124	9.9234	7.4168	
1099	30.936	30.451	31.584	16.123	9.9232	7.4195	
1100	30.911	30.425	31.56	16.113	9.9178	7.4139	
1101	30.887	30.399	31.537	16.124	9.9056	7.3964	
1102	30.862	30.374	31.513	16.116	9.8945	7.3888	
1103	30.837	30.348	31.489	16.109	9.8791	7.3797	
1104	30.813	30.323	31.465	16.105	9.888	7.3786	
1105	30.788	30.297	31.441	16.097	9.8862	7.3711	
1106	30.764	30.272	31.418	16.101	9.8753	7.3644	
1107	30.739	30.246	31.394	16.09	9.8672	7.3615	
1108	30.715	30.221	31.371	16.098	9.873	7.3533	
1109	30.691	30.196	31.347	16.089	9.8628	7.35	
1110	30.667	30.171	31.324	16.087	9.8562	7.3493	
1111	30.643	30.146	31.3	16.086	9.8575	7.3426	
1112	30.619	30.121	31.277	16.085	9.8439	7.3361	
1113	30.595	30.096	31.254	16.085	9.8491	7.3346	
1114	30.571	30.071	31.23	16.08	9.8466	7.3305	
1115	30.547	30.046	31.207	16.077	9.8484	7.3291	
1116	30.523	30.021	31.184	16.078	9.8409	7.3321	
1117	30.5	29.997	31.161	16.079	9.8416	7.3209	
1118	30.476	29.972	31.138	16.072	9.8334	7.3214	
1119	30.453	29.947	31.115	16.06	9.8347	7.3015	
1120	30.429	29.923	31.092	16.068	9.8313	7.2924	
1121	30.406	29.898	31.069	16.067	9.8176	7.2878	
1122	30.382	29.874	31.046	16.06	9.8063	7.2978	
1123	30.359	29.85	31.023	16.048	9.8069	7.2903	
1124	30.336	29.825	31	16.063	9.8076	7.2673	
1125	30.313	29.801	30.977	16.054	9.7979	7.2623	
1126	30.29	29.777	30.955	16.058	9.8085	7.2676	
1127	30.267	29.753	30.932	16.033	9.7894	7.2435	
1128	30.244	29.729	30.909	16.033	9.7801	7.246	
1129	30.221	29.705	30.887	16.039	9.78	7.2589	
1130	30.198	29.681	30.864	16.029	9.784	7.2303	
1131	30.175	29.657	30.842	16.028	9.7661	7.2327	
1132	30.152	29.633	30.819	16.029	9.7641	7.2224	
1133	30.13	29.609	30.797	16.022	9.7746	7.22	
1134	30.107	29.585	30.775	16.013	9.7404	7.2208	
1135	30.085	29.561	30.752	16.016	9.7516	7.1929	
1136	30.062	29.538	30.73	16.019	9.733	7.2045	
1137	30.04	29.514	30.708	16.012	9.7186	7.2018	
1138	30.017	29.491	30.686	16.011	9.7314	7.1817	
1139	29.995	29.467	30.663	16.007	9.7294	7.188	
1140	29.973	29.444	30.641	16	9.711	7.1734	
1141	29.951	29.42	30.619	16.013	9.7229	7.1701	
1142	29.928	29.397	30.597	16.009	9.7157	7.1425	
1143	29.906	29.374	30.575	15.991	9.7047	7.1754	
1144	29.884	29.35	30.553	15.991	9.6948	7.1627	
1145	29.862	29.327	30.531	15.994	9.7082	7.1617	
1146	29.841	29.304	30.51	15.991	9.6734	7.1488	
1147	29.819	29.281	30.488	15.987	9.6773	7.1375	
1148	29.797	29.258	30.466	15.993	9.6824	7.1398	
1149	29.775	29.235	30.444	15.982	9.6859	7.1336	
1150	29.754	29.212	30.423	15.971	9.6696	7.1285	
1151	29.732	29.189	30.401	15.973	9.6557	7.1144	
1152	29.71	29.166	30.379	15.974	9.6664	7.1066	
1153	29.689	29.143	30.358	15.967	9.6521	7.0941	
1154	29.667	29.121	30.336	15.961	9.6519	7.0958	
1155	29.646	29.098	30.315	15.966	9.6506	7.0979	
1156	29.625	29.075	30.293	15.955	9.6498	7.0837	
1157	29.603	29.053	30.272	15.955	9.6421	7.0727	
1158	29.582	29.03	30.25	15.956	9.6421	7.0731	
1159	29.561	29.008	30.229	15.96	9.6267	7.0708	
1160	29.54	28.985	30.208	15.957	9.628	7.0722	
1161	29.519	28.963	30.187	15.947	9.6061	7.0769	
1162	29.498	28.941	30.165	15.943	9.6372	7.0503	
1163	29.477	28.918	30.144	15.932	9.6109	7.0423	
1164	29.456	28.896	30.123	15.933	9.5892	7.0355	
1165	29.435	28.874	30.102	15.926	9.6021	7.0251	
1166	29.414	28.852	30.081	15.934	9.5923	7.0232	
1167	29.394	28.829	30.06	15.935	9.6092	7.0307	
1168	29.373	28.807	30.039	15.925	9.5875	7.0159	
1169	29.352	28.785	30.018	15.919	9.579	7.0094	
1170	29.332	28.763	29.997	15.923	9.5874	6.9969	
1171	29.311	28.741	29.976	15.918	9.5745	6.9927	
1172	29.291	28.72	29.955	15.915	9.5753	6.9904	
1173	29.27	28.698	29.934	15.913	9.572	6.9898	
1174	29.25	28.676	29.913	15.912	9.5717	6.9855	
1175	29.23	28.654	29.893	15.911	9.5671	6.9893	
1176	29.209	28.632	29.872	15.909	9.5553	6.9753	
1177	29.189	28.611	29.851	15.913	9.5548	6.9734	
1178	29.169	28.589	29.831	15.902	9.5491	6.9642	
1179	29.149	28.568	29.81	15.902	9.5544	6.9693	
1180	29.129	28.546	29.79	15.901	9.5467	6.9584	
1181	29.109	28.525	29.769	15.901	9.5467	6.9598	
1182	29.089	28.503	29.749	15.894	9.5385	6.9547	
1183	29.069	28.482	29.728	15.897	9.537	6.95	
1184	29.049	28.46	29.708	15.892	9.532	6.9421	
1185	29.029	28.439	29.687	15.883	9.531	6.946	
1186	29.009	28.418	29.667	15.885	9.5219	6.9289	
1187	28.99	28.397	29.647	15.884	9.5224	6.9354	
1188	28.97	28.375	29.626	15.877	9.523	6.9241	
1189	28.95	28.354	29.606	15.882	9.5084	6.9071	
1190	28.931	28.333	29.586	15.876	9.5137	6.9197	
1191	28.911	28.312	29.566	15.87	9.5099	6.9094	
1192	28.892	28.291	29.545	15.871	9.4961	6.8957	
1193	28.872	28.27	29.525	15.868	9.4961	6.8932	
1194	28.853	28.249	29.505	15.862	9.5027	6.9035	
1195	28.834	28.228	29.485	15.874	9.474	6.8908	
1196	28.814	28.207	29.465	15.86	9.4905	6.8699	
1197	28.795	28.187	29.445	15.862	9.4762	6.8911	
1198	28.776	28.166	29.425	15.852	9.4631	6.8864	
1199	28.757	28.145	29.405	15.851	9.477	6.8633	
1200	28.737	28.124	29.386	15.858	9.4625	6.8505	
1201	28.718	28.104	29.366	15.861	9.4796	6.8706	
1202	28.699	28.083	29.346	15.841	9.4636	6.8566	
1203	28.68	28.063	29.326	15.848	9.4582	6.8337	
1204	28.661	28.042	29.306	15.851	9.4464	6.8183	
1205	28.643	28.021	29.287	15.832	9.4472	6.8323	
1206	28.624	28.001	29.267	15.836	9.466	6.8321	
1207	28.605	27.981	29.247	15.846	9.4633	6.8204	
1208	28.586	27.96	29.228	15.832	9.4402	6.8124	
1209	28.567	27.94	29.208	15.836	9.4279	6.8174	
1210	28.549	27.92	29.189	15.829	9.4198	6.7981	
1211	28.53	27.899	29.169	15.824	9.4014	6.7811	
1212	28.512	27.879	29.15	15.822	9.4159	6.7865	
1213	28.493	27.859	29.13	15.831	9.4125	6.7945	
1214	28.474	27.839	29.111	15.818	9.422	6.771	
1215	28.456	27.819	29.091	15.827	9.4065	6.7776	
1216	28.438	27.799	29.072	15.816	9.3902	6.7962	
1217	28.419	27.779	29.053	15.82	9.3945	6.7799	
1218	28.401	27.759	29.033	15.792	9.3676	6.7812	
1219	28.383	27.739	29.014	15.814	9.3787	6.7488	
1220	28.364	27.719	28.995	15.812	9.3724	6.7566	
1221	28.346	27.699	28.975	15.792	9.3678	6.7577	
1222	28.328	27.679	28.956	15.806	9.4041	6.7482	
1223	28.31	27.659	28.937	15.808	9.3612	6.7497	
1224	28.292	27.64	28.918	15.802	9.3661	6.7322	
1225	28.274	27.62	28.899	15.793	9.3623	6.7376	
1226	28.256	27.6	28.88	15.803	9.3763	6.7294	
1227	28.238	27.581	28.861	15.81	9.3589	6.7325	
1228	28.22	27.561	28.842	15.774	9.3448	6.7237	
1229	28.202	27.541	28.823	15.767	9.3236	6.7278	
1230	28.184	27.522	28.804	15.774	9.3573	6.7086	
1231	28.166	27.502	28.785	15.796	9.3605	6.676	
1232	28.149	27.483	28.766	15.789	9.3331	6.7336	
1233	28.131	27.464	28.747	15.803	9.3612	6.6865	
1234	28.113	27.444	28.728	15.779	9.3636	6.7088	
1235	28.096	27.425	28.71	15.762	9.3504	6.6856	
1236	28.078	27.405	28.691	15.776	9.3508	6.7156	
1237	28.061	27.386	28.672	15.771	9.3581	6.6932	
1238	28.043	27.367	28.653	15.803	9.3178	6.7029	
1239	28.026	27.348	28.635	15.735	9.3726	6.7182	
1240	28.008	27.329	28.616	15.732	9.2717	6.6779	
1241	27.991	27.309	28.597	15.745	9.341	6.6356	
1242	27.973	27.29	28.579	15.735	9.3044	6.6996	
1243	27.956	27.271	28.56	15.764	9.3127	6.761	
1244	27.939	27.252	28.542	15.782	9.3076	6.6586	
1245	27.922	27.233	28.523	15.721	9.362	6.5928	
1246	27.904	27.214	28.505	15.748	9.298	6.6041	
1247	27.887	27.195	28.486	15.731	9.2333	6.6094	
1248	27.87	27.176	28.468	15.743	9.2731	6.5843	
1249	27.853	27.158	28.45	15.775	9.2931	6.6536	
1250	27.836	27.139	28.431	15.753	9.3398	6.5861	
1251	27.819	27.12	28.413	15.739	9.2561	6.6486	
1252	27.802	27.101	28.394	15.709	9.2021	6.5795	
1253	27.785	27.082	28.376	15.708	9.3079	6.5872	
1254	27.768	27.064	28.358	15.716	9.2289	6.5936	
1255	27.751	27.045	28.34	15.74	9.2415	6.623	
1256	27.734	27.026	28.321	15.719	9.2629	6.5966	
1257	27.718	27.008	28.303	15.717	9.2216	6.5567	
1258	27.701	26.989	28.285	15.725	9.2458	6.548	
1259	27.684	26.971	28.267	15.694	9.2312	6.5771	
1260	27.668	26.952	28.249	15.709	9.2387	6.553	
1261	27.651	26.934	28.231	15.706	9.2178	6.5473	
1262	27.634	26.915	28.213	15.689	9.2162	6.5425	
1263	27.618	26.897	28.195	15.706	9.2186	6.5313	
1264	27.601	26.879	28.177	15.682	9.2026	6.5444	
1265	27.585	26.86	28.159	15.708	9.2245	6.5324	
1266	27.568	26.842	28.141	15.696	9.2306	6.5176	
1267	27.552	26.824	28.123	15.709	9.2023	6.5414	
1268	27.535	26.805	28.105	15.714	9.2095	6.5453	
1269	27.519	26.787	28.087	15.701	9.2186	6.5538	
1270	27.503	26.769	28.069	15.696	9.198	6.5367	
1271	27.487	26.751	28.052	15.683	9.2039	6.5136	
1272	27.47	26.733	28.034	15.688	9.2189	6.5472	
1273	27.454	26.715	28.016	15.705	9.2243	6.5247	
1274	27.438	26.697	27.998	15.701	9.2005	6.5306	
1275	27.422	26.679	27.981	15.686	9.1823	6.4939	
1276	27.406	26.661	27.963	15.699	9.2087	6.5205	
1277	27.39	26.643	27.945	15.663	9.1993	6.5191	
1278	27.373	26.625	27.928	15.665	9.1892	6.5112	
1279	27.357	26.607	27.91	15.681	9.1589	6.4593	
1280	27.342	26.589	27.893	15.675	9.156	6.4798	
1281	27.326	26.571	27.875	15.682	9.1567	6.4748	
1282	27.31	26.553	27.857	15.676	9.169	6.4949	
1283	27.294	26.536	27.84	15.656	9.1537	6.4527	
1284	27.278	26.518	27.822	15.632	9.1916	6.4591	
1285	27.262	26.5	27.805	15.644	9.1608	6.4782	
1286	27.246	26.482	27.788	15.669	9.1557	6.4463	
1287	27.231	26.465	27.77	15.652	9.1412	6.4697	
1288	27.215	26.447	27.753	15.663	9.1606	6.4591	
1289	27.199	26.429	27.735	15.652	9.1422	6.4344	
1290	27.184	26.412	27.718	15.657	9.1551	6.4376	
1291	27.168	26.394	27.701	15.64	9.1345	6.4164	
1292	27.152	26.377	27.684	15.656	9.1345	6.4736	
1293	27.137	26.359	27.666	15.647	9.1239	6.4379	
1294	27.121	26.342	27.649	15.668	9.1578	6.4281	
1295	27.106	26.325	27.632	15.646	9.1369	6.3954	
1296	27.09	26.307	27.615	15.653	9.1292	6.3926	
1297	27.075	26.29	27.598	15.651	9.0942	6.4387	
1298	27.06	26.272	27.58	15.631	9.1357	6.4042	
1299	27.044	26.255	27.563	15.641	9.0837	6.373	
1300	27.029	26.238	27.546	15.624	9.1037	6.3995	
1301	27.014	26.221	27.529	15.641	9.126	6.3705	
1302	26.998	26.203	27.512	15.611	9.0799	6.4187	
1303	26.983	26.186	27.495	15.637	9.1245	6.3851	
1304	26.968	26.169	27.478	15.648	9.1135	6.3952	
1305	26.953	26.152	27.461	15.652	9.0861	6.3467	
1306	26.938	26.135	27.444	15.629	9.1235	6.3831	
1307	26.923	26.118	27.427	15.62	9.108	6.3954	
1308	26.908	26.101	27.41	15.613	9.0891	6.388	
1309	26.893	26.084	27.394	15.62	9.0991	6.3783	
1310	26.878	26.067	27.377	15.612	9.0767	6.3653	
1311	26.863	26.05	27.36	15.62	9.0461	6.3913	
1312	26.848	26.033	27.343	15.608	9.0606	6.3221	
1313	26.833	26.016	27.326	15.613	9.0866	6.3847	
1314	26.818	25.999	27.309	15.607	9.0596	6.3495	
1315	26.803	25.982	27.293	15.602	9.0327	6.3262	
1316	26.788	25.965	27.276	15.629	8.9941	6.3194	
1317	26.773	25.949	27.259	15.605	9.0557	6.3822	
1318	26.759	25.932	27.243	15.589	9.0545	6.3601	
1319	26.744	25.915	27.226	15.631	9.0479	6.354	
1320	26.729	25.898	27.209	15.574	9.0367	6.3584	
1321	26.714	25.882	27.193	15.612	9.0226	6.3347	
1322	26.7	25.865	27.176	15.601	8.9983	6.2378	
1323	26.685	25.848	27.16	15.554	9.0135	6.278	
1324	26.671	25.832	27.143	15.608	9.0519	6.2872	
1325	26.656	25.815	27.127	15.621	8.9865	6.3038	
1326	26.642	25.799	27.11	15.629	8.988	6.2721	
1327	26.627	25.782	27.094	15.6	9.0561	6.2622	
1328	26.613	25.766	27.077	15.561	8.9618	6.3632	
1329	26.598	25.749	27.061	15.563	8.9748	6.2771	
1330	26.584	25.733	27.044	15.621	9.0407	6.2531	
1331	26.569	25.716	27.028	15.566	9.0607	6.3246	
1332	26.555	25.7	27.012	15.561	8.9719	6.418	
1333	26.541	25.683	26.995	15.578	9.0236	6.2824	
1334	26.526	25.667	26.979	15.6	8.9906	6.2743	
1335	26.512	25.651	26.963	15.55	9.0051	6.153	
1336	26.498	25.635	26.946	15.537	9.0374	6.3185	
1337	26.484	25.618	26.93	15.618	8.9803	6.1591	
1338	26.469	25.602	26.914	15.535	9.048	6.2468	
1339	26.455	25.586	26.898	15.561	9.032	6.2708	
1340	26.441	25.57	26.882	15.593	9.0077	6.1586	
1341	26.427	25.554	26.865	15.666	8.8259	6.2786	
1342	26.413	25.537	26.849	15.575	8.9248	6.4947	
1343	26.399	25.521	26.833	15.64	9.0003	6.4568	
1344	26.385	25.505	26.817	15.52	9.0383	6.2736	
1345	26.371	25.489	26.801	15.567	9.1261	6.2256	
1346	26.357	25.473	26.785	15.405	8.8527	6.0078	
1347	26.343	25.457	26.769	15.559	9.1196	5.8337	
1348	26.329	25.441	26.753	15.504	9.1334	6.1728	
1349	26.315	25.425	26.737	15.419	9.278	6.2167	
1350	26.301	25.409	26.721	15.265	9.0644	6.2217	
1351	26.287	25.393	26.705	15.503	8.9301	5.9253	
1352	26.274	25.377	26.689	15.455	8.8241	6.3825	
1353	26.26	25.362	26.673	15.547	8.3823	6.2501	
1354	26.246	25.346	26.657	15.469	9.3073	6.3855	
1355	26.232	25.33	26.641	15.712	8.773	5.6078	
1356	26.219	25.314	26.626	15.648	9.1567	6.0752	
1357	26.205	25.298	26.61	15.444	9.0441	6.2724	
1358	26.191	25.283	26.594	16.248	9.371	6.3795	
1359	26.178	25.267	26.578	16.262	8.6908	6.918	
1426	25.321	24.266	25.564	15.655	9.2987	6.337	
1427	25.309	24.251	25.55	15.544	8.6458	6.0444	
1428	25.297	24.237	25.535	15.394	8.841	5.6434	
1429	25.285	24.223	25.521	15.638	8.6618	5.8162	
1430	25.273	24.209	25.506	15.645	8.8034	5.8313	
1431	25.261	24.195	25.492	15.324	8.9254	6.1083	
1432	25.249	24.181	25.477	15.558	8.5618	5.8907	
1433	25.238	24.167	25.463	15.35	8.5981	5.8503	
1434	25.226	24.153	25.449	15.504	8.9164	6.1849	
1435	25.214	24.138	25.434	15.523	8.856	5.7635	
1436	25.202	24.124	25.42	15.531	8.646	5.9371	
1437	25.19	24.11	25.405	15.437	8.9074	5.8618	
1438	25.178	24.096	25.391	15.329	8.6594	5.9473	
1439	25.167	24.082	25.377	15.448	8.7878	5.9026	
1440	25.155	24.068	25.363	15.332	8.7869	5.8234	
1441	25.143	24.055	25.348	15.418	8.6815	6.0523	
1442	25.131	24.041	25.334	15.471	8.6178	5.804	
1443	25.12	24.027	25.32	15.352	8.745	5.9607	
1444	25.108	24.013	25.306	15.461	8.7728	5.754	
1445	25.097	23.999	25.291	15.33	8.7337	5.8418	
1446	25.085	23.985	25.277	15.463	8.6349	5.8148	
1447	25.073	23.971	25.263	15.435	8.7027	5.7187	
1448	25.062	23.958	25.249	15.418	8.6759	5.8657	
1449	25.05	23.944	25.235	15.369	8.7286	5.8616	
1450	25.039	23.93	25.221	15.389	8.7223	5.7667	
1451	25.027	23.916	25.206	15.439	8.6835	5.8613	
1452	25.016	23.903	25.192	15.461	8.7416	5.9121	
1453	25.004	23.889	25.178	15.432	8.7434	5.9344	
1454	24.993	23.875	25.164	15.347	8.6775	5.7013	
1455	24.981	23.861	25.15	15.416	8.7501	5.778	
1456	24.97	23.848	25.136	15.442	8.7139	5.8162	
1457	24.959	23.834	25.122	15.384	8.5911	5.8161	
1458	24.947	23.821	25.108	15.382	8.7003	5.8269	
1459	24.936	23.807	25.094	15.364	8.5653	5.7475	
1460	24.924	23.793	25.08	15.406	8.6329	5.8577	
1461	24.913	23.78	25.066	15.425	8.6263	5.8131	
1462	24.902	23.766	25.052	15.392	8.6402	5.8205	
1463	24.891	23.753	25.038	15.378	8.6426	5.7707	
1464	24.879	23.739	25.024	15.356	8.6674	5.7556	
1465	24.868	23.726	25.011	15.367	8.7009	5.7782	
1466	24.857	23.712	24.997	15.362	8.5979	5.8152	
1467	24.846	23.699	24.983	15.382	8.6242	5.8072	
1468	24.835	23.686	24.969	15.351	8.6378	5.7845	
1469	24.823	23.672	24.955	15.375	8.6157	5.7777	
1470	24.812	23.659	24.941	15.368	8.6027	5.7829	
1471	24.801	23.645	24.928	15.371	8.6274	5.7814	
1472	24.79	23.632	24.914	15.372	8.6286	5.7604	
1473	24.779	23.619	24.9	15.361	8.64	5.7729	
1474	24.768	23.605	24.886	15.364	8.6233	5.7729	
1475	24.757	23.592	24.873	15.367	8.6216	5.7631	
1476	24.746	23.579	24.859	15.361	8.6167	5.7547	
1477	24.735	23.566	24.845	15.367	8.6407	5.7684	
1478	24.724	23.552	24.832	15.372	8.6251	5.7501	
1479	24.713	23.539	24.818	15.364	8.6199	5.7574	
1480	24.702	23.526	24.804	15.365	8.6238	5.7479	
1481	24.691	23.513	24.791	15.366	8.6113	5.7261	
1482	24.68	23.499	24.777	15.361	8.6283	5.7517	
1483	24.669	23.486	24.763	15.362	8.62	5.7472	
1484	24.658	23.473	24.75	15.378	8.6195	5.7384	
1485	24.648	23.46	24.736	15.355	8.6304	5.737	
1486	24.637	23.447	24.723	15.356	8.5946	5.6973	
1487	24.626	23.434	24.709	15.348	8.6228	5.7008	
1488	24.615	23.421	24.696	15.36	8.6145	5.7232	
1489	24.604	23.408	24.682	15.361	8.6151	5.7038	
1490	24.593	23.395	24.669	15.362	8.5895	5.747	
1491	24.583	23.382	24.655	15.345	8.6053	5.698	
1492	24.572	23.369	24.642	15.351	8.5961	5.7165	
1493	24.561	23.356	24.628	15.341	8.5614	5.7088	
1494	24.551	23.343	24.615	15.341	8.5719	5.697	
1495	24.54	23.33	24.601	15.332	8.5697	5.6877	
1496	24.529	23.317	24.588	15.36	8.6007	5.7053	
1497	24.519	23.304	24.575	15.331	8.5842	5.694	
1498	24.508	23.291	24.561	15.364	8.5808	5.6957	
1499	24.497	23.278	24.548	15.346	8.5729	5.7135	
1500	24.487	23.265	24.535	15.338	8.5688	5.6944	
1501	24.476	23.253	24.521	15.324	8.5615	5.6481	
1502	24.466	23.24	24.508	15.341	8.5663	5.6767	
1503	24.455	23.227	24.495	15.337	8.5858	5.6658	
1504	24.445	23.214	24.481	15.331	8.5525	5.6375	
1505	24.434	23.201	24.468	15.336	8.5556	5.6753	
1506	24.424	23.189	24.455	15.327	8.5511	5.6423	
1507	24.413	23.176	24.442	15.311	8.5398	5.6658	
1508	24.403	23.163	24.428	15.308	8.5416	5.6703	
1509	24.392	23.15	24.415	15.345	8.5427	5.6533	
1510	24.382	23.138	24.402	15.333	8.5601	5.6374	
1511	24.372	23.125	24.389	15.339	8.555	5.6471	
1512	24.361	23.112	24.376	15.33	8.5822	5.6517	
1513	24.351	23.1	24.362	15.364	8.5032	5.6648	
1514	24.34	23.087	24.349	15.322	8.5396	5.6835	
1515	24.33	23.075	24.336	15.295	8.5603	5.6483	
1516	24.32	23.062	24.323	15.318	8.5056	5.6522	
1517	24.31	23.049	24.31	15.315	8.5658	5.6102	
1518	24.299	23.037	24.297	15.295	8.5482	5.6359	
1519	24.289	23.024	24.284	15.297	8.5464	5.6432	
1520	24.279	23.012	24.271	15.291	8.534	5.6375	
1521	24.269	22.999	24.258	15.314	8.4871	5.5673	
1522	24.258	22.987	24.245	15.294	8.5187	5.5965	
1523	24.248	22.974	24.232	15.298	8.5355	5.6022	
1524	24.238	22.962	24.219	15.33	8.5488	5.6586	
1525	24.228	22.949	24.206	15.314	8.5414	5.6269	
1526	24.218	22.937	24.193	15.292	8.5151	5.6013	
1527	24.208	22.924	24.18	15.3	8.528	5.6024	
1528	24.197	22.912	24.167	15.288	8.5465	5.6141	
1529	24.187	22.9	24.154	15.293	8.4942	5.5902	
1530	24.177	22.887	24.141	15.303	8.5058	5.6026	
1531	24.167	22.875	24.128	15.28	8.4914	5.604	
1532	24.157	22.863	24.115	15.308	8.4916	5.603	
1533	24.147	22.85	24.102	15.284	8.4702	5.5967	
1534	24.137	22.838	24.09	15.305	8.4793	5.6376	
1535	24.127	22.826	24.077	15.298	8.4926	5.5712	
1536	24.117	22.814	24.064	15.276	8.4891	5.5791	
1537	24.107	22.801	24.051	15.283	8.4941	5.5846	
1538	24.097	22.789	24.038	15.277	8.5252	5.5789	
1539	24.087	22.777	24.026	15.294	8.4816	5.577	
1540	24.077	22.765	24.013	15.287	8.4628	5.578	
1541	24.068	22.752	24	15.275	8.4525	5.5494	
1542	24.058	22.74	23.987	15.281	8.4651	5.5754	
1543	24.048	22.728	23.975	15.279	8.4722	5.544	
1544	24.038	22.716	23.962	15.282	8.4897	5.5788	
1545	24.028	22.704	23.949	15.263	8.493	5.5536	
1546	24.018	22.692	23.936	15.278	8.4662	5.5539	
1547	24.008	22.68	23.924	15.274	8.4734	5.5453	
1548	23.999	22.667	23.911	15.277	8.4642	5.5399	
1549	23.989	22.655	23.898	15.277	8.4838	5.5347	
1550	23.979	22.643	23.886	15.282	8.4621	5.5433	
1551	23.969	22.631	23.873	15.26	8.4848	5.5405	
1552	23.96	22.619	23.861	15.272	8.4641	5.5476	
1553	23.95	22.607	23.848	15.253	8.4528	5.5522	
1554	23.94	22.595	23.835	15.262	8.4672	5.5335	
1555	23.931	22.583	23.823	15.281	8.442	5.52	
1556	23.921	22.571	23.81	15.259	8.4567	5.5561	
1557	23.911	22.559	23.798	15.253	8.4481	5.5181	
1558	23.902	22.548	23.785	15.256	8.4504	5.5207	
1559	23.892	22.536	23.773	15.276	8.4324	5.4932	
1560	23.882	22.524	23.76	15.271	8.4614	5.517	
1561	23.873	22.512	23.748	15.28	8.463	5.5073	
1562	23.863	22.5	23.735	15.286	8.4263	5.5184	
1563	23.854	22.488	23.723	15.246	8.4494	5.5213	
1564	23.844	22.476	23.71	15.253	8.4738	5.4959	
1565	23.835	22.464	23.698	15.26	8.475	5.4892	
1566	23.825	22.453	23.686	15.25	8.4211	5.471	
1567	23.816	22.441	23.673	15.272	8.4036	5.5013	
1568	23.806	22.429	23.661	15.254	8.4459	5.5132	
1569	23.797	22.417	23.648	15.273	8.4673	5.5183	
1570	23.787	22.405	23.636	15.258	8.4541	5.5109	
1571	23.778	22.394	23.624	15.251	8.43	5.5032	
1572	23.768	22.382	23.611	15.247	8.4216	5.516	
1573	23.759	22.37	23.599	15.253	8.4038	5.4898	
1574	23.75	22.359	23.587	15.271	8.4254	5.4739	
1575	23.74	22.347	23.574	15.231	8.4078	5.4942	
1576	23.731	22.335	23.562	15.249	8.3978	5.4296	
1577	23.722	22.324	23.55	15.217	8.3749	5.4756	
1578	23.712	22.312	23.538	15.237	8.4288	5.4607	
1579	23.703	22.3	23.525	15.228	8.4205	5.4795	
1580	23.694	22.289	23.513	15.239	8.3869	5.4487	
1581	23.684	22.277	23.501	15.234	8.4189	5.4105	
1582	23.675	22.266	23.489	15.257	8.4008	5.48	
1583	23.666	22.254	23.476	15.226	8.4345	5.4544	
1584	23.657	22.243	23.464	15.259	8.3606	5.4227	
1585	23.647	22.231	23.452	15.244	8.4289	5.4566	
1586	23.638	22.219	23.44	15.233	8.3734	5.502	
1587	23.629	22.208	23.428	15.238	8.4237	5.4611	
1588	23.62	22.196	23.416	15.245	8.3774	5.3926	
1589	23.611	22.185	23.403	15.215	8.3875	5.4566	
1590	23.601	22.173	23.391	15.228	8.3519	5.4219	
1591	23.592	22.162	23.379	15.219	8.3652	5.442	
1592	23.583	22.151	23.367	15.22	8.4063	5.4059	
1593	23.574	22.139	23.355	15.242	8.3902	5.4055	
1594	23.565	22.128	23.343	15.227	8.3533	5.4718	
1595	23.556	22.116	23.331	15.251	8.3693	5.388	
1596	23.547	22.105	23.319	15.218	8.396	5.4089	
1597	23.538	22.094	23.307	15.224	8.3787	5.4234	
1598	23.529	22.082	23.295	15.233	8.3674	5.3693	
1599	23.52	22.071	23.283	15.229	8.3583	5.4027	
1600	23.511	22.06	23.271	15.215	8.372	5.3582	
1601	23.502	22.048	23.259	15.245	8.3609	5.4297	
1602	23.493	22.037	23.247	15.238	8.3485	5.3855	
1603	23.484	22.026	23.235	15.243	8.3307	5.3756	
1604	23.475	22.014	23.223	15.231	8.3665	5.3766	
1605	23.466	22.003	23.211	15.219	8.355	5.4195	
1606	23.457	21.992	23.199	15.218	8.3515	5.381	
1607	23.448	21.981	23.187	15.236	8.3546	5.3807	
1608	23.439	21.97	23.176	15.198	8.3743	5.3834	
1609	23.43	21.958	23.164	15.209	8.3542	5.3865	
1610	23.421	21.947	23.152	15.217	8.3669	5.3679	
1611	23.412	21.936	23.14	15.223	8.3448	5.3933	
1612	23.403	21.925	23.128	15.243	8.3307	5.3638	
1613	23.395	21.914	23.116	15.178	8.3644	5.3728	
1614	23.386	21.903	23.104	15.202	8.361	5.4227	
1615	23.377	21.891	23.093	15.227	8.3397	5.3958	
1616	23.368	21.88	23.081	15.22	8.3127	5.3666	
1617	23.359	21.869	23.069	15.246	8.3553	5.3936	
1618	23.351	21.858	23.057	15.226	8.3236	5.3726	
1619	23.342	21.847	23.046	15.199	8.3466	5.3731	
1620	23.333	21.836	23.034	15.181	8.3603	5.3781	
1621	23.324	21.825	23.022	15.208	8.3253	5.3494	
1622	23.316	21.814	23.01	15.178	8.3112	5.3902	
1623	23.307	21.803	22.999	15.171	8.3181	5.3343	
1624	23.298	21.792	22.987	15.213	8.3478	5.3601	
1625	23.29	21.781	22.975	15.221	8.3268	5.3138	
1626	23.281	21.77	22.964	15.189	8.3195	5.3457	
1627	23.272	21.759	22.952	15.194	8.2845	5.3273	
1628	23.264	21.748	22.94	15.187	8.3499	5.3401	
1629	23.255	21.737	22.929	15.19	8.342	5.3735	
1630	23.246	21.726	22.917	15.179	8.3391	5.3371	
1631	23.238	21.715	22.905	15.173	8.3154	5.3855	
1632	23.229	21.704	22.894	15.186	8.35	5.3166	
1633	23.221	21.694	22.882	15.203	8.3497	5.3381	
1634	23.212	21.683	22.871	15.171	8.297	5.3258	
1635	23.204	21.672	22.859	15.194	8.3312	5.3287	
1636	23.195	21.661	22.848	15.188	8.3212	5.3036	
1637	23.186	21.65	22.836	15.199	8.3059	5.3668	
1638	23.178	21.639	22.825	15.222	8.2801	5.3259	
1639	23.169	21.629	22.813	15.182	8.3194	5.2974	
1640	23.161	21.618	22.801	15.173	8.2818	5.3281	
1641	23.153	21.607	22.79	15.175	8.354	5.2891	
1642	23.144	21.596	22.779	15.205	8.2703	5.335	
1643	23.136	21.585	22.767	15.19	8.3112	5.2849	
1644	23.127	21.575	22.756	15.187	8.2906	5.3078	
1645	23.119	21.564	22.744	15.188	8.2927	5.329	
1646	23.11	21.553	22.733	15.208	8.31	5.2496	
1647	23.102	21.543	22.721	15.15	8.3281	5.3322	
1648	23.094	21.532	22.71	15.196	8.214	5.2562	
1649	23.085	21.521	22.698	15.203	8.3041	5.32	
1650	23.077	21.511	22.687	15.183	8.3097	5.3172	
1651	23.068	21.5	22.676	15.183	8.2823	5.2789	
1652	23.06	21.489	22.664	15.167	8.2903	5.2806	
1653	23.052	21.479	22.653	15.222	8.273	5.3132	
1654	23.043	21.468	22.642	15.187	8.2721	5.3	
1655	23.035	21.457	22.63	15.181	8.3124	5.2674	
1656	23.027	21.447	22.619	15.178	8.2858	5.2886	
1657	23.019	21.436	22.608	15.182	8.2736	5.2715	
1658	23.01	21.426	22.596	15.168	8.2909	5.2684	
1659	23.002	21.415	22.585	15.198	8.2389	5.2994	
1660	22.994	21.405	22.574	15.134	8.2013	5.3163	
1661	22.986	21.394	22.563	15.18	8.22	5.277	
1662	22.977	21.384	22.551	15.141	8.2754	5.2561	
1663	22.969	21.373	22.54	15.16	8.3068	5.3083	
1664	22.961	21.363	22.529	15.139	8.2076	5.1903	
1665	22.953	21.352	22.518	15.134	8.2768	5.2901	
1666	22.945	21.342	22.506	15.203	8.2376	5.2267	
1667	22.937	21.331	22.495	15.116	8.178	5.2636	
1668	22.928	21.321	22.484	15.094	8.2587	5.2816	
1669	22.92	21.31	22.473	15.177	8.2221	5.1642	
1670	22.912	21.3	22.462	15.177	8.3188	5.28	
1671	22.904	21.289	22.45	15.144	8.2985	5.1962	
1672	22.896	21.279	22.439	15.205	8.2434	5.1552	
1673	22.888	21.269	22.428	15.194	8.2671	5.2595	
1674	22.88	21.258	22.417	15.196	8.273	5.2443	
1675	22.872	21.248	22.406	15.123	8.1082	5.2754	
1676	22.864	21.238	22.395	15.177	8.2951	5.2414	
1677	22.856	21.227	22.384	15.141	8.2686	5.3115	
1678	22.848	21.217	22.373	15.131	8.1656	5.2901	
1679	22.84	21.207	22.362	15.153	8.2106	5.2576	
1680	22.832	21.196	22.351	15.136	8.2649	5.3272	
1681	22.824	21.186	22.34	15.15	8.3289	5.2473	
1682	22.816	21.176	22.329	15.105	8.2398	5.2015	
1683	22.808	21.165	22.317	15.132	8.2922	5.1972	
1684	22.8	21.155	22.306	15.112	8.2552	5.3479	
1685	22.792	21.145	22.295	15.14	8.0623	5.0309	
1686	22.784	21.135	22.284	15.254	8.287	5.2897	
1687	22.776	21.125	22.273	15.066	8.3556	5.4453	
1688	22.768	21.114	22.263	15.075	8.27	5.2045	
1689	22.76	21.104	22.252	15.151	8.2085	5.0922	
1690	22.752	21.094	22.241	15.044	8.425	5.2279	
1691	22.745	21.084	22.23	15.226	8.1621	5.1941	
1692	22.737	21.074	22.219	15.228	8.4692	5.2754	
1693	22.729	21.064	22.208	14.99	8.3545	5.5722	
1694	22.721	21.053	22.197	14.9	8.082	5.2263	
1695	22.713	21.043	22.186	15.192	8.4939	5.4261	
1696	22.705	21.033	22.175	15.082	8.2301	5.4347	
1697	22.698	21.023	22.164	15.142	8.3357	5.437	
1698	22.69	21.013	22.153	14.719	8.2576	4.9981	
1699	22.682	21.003	22.143	14.916	8.6842	5.3629	
1700	22.674	20.993	22.132	14.932	8.1696	5.1826	
