	65	70	75	65	70	75	
300	62.95	63.271	58.801	37.511	37.209	37.514	
301	62.632	61.816	57.145	37.295	36.907	37.453	
302	62.081	60.34	55.637	37.087	36.772	37.279	
303	61.34	58.882	54.265	37.019	36.553	37.024	
304	60.453	57.469	53.016	36.99	36.489	37.052	
305	59.462	56.117	51.877	36.884	36.423	36.867	
306	58.405	54.835	50.837	36.614	36.185	36.77	
307	57.313	53.625	49.884	36.511	36.277	36.641	
308	56.21	52.489	49.01	36.334	36.128	36.541	
309	55.116	51.425	48.204	36.365	35.959	36.377	
310	54.043	50.43	47.46	36.171	35.873	36.379	
311	53.003	49.499	46.77	36.159	35.715	36.319	
312	52.001	48.629	46.129	36.209	35.719	36.207	
313	51.041	47.815	45.53	35.89	35.526	36.139	
314	50.126	47.053	44.971	35.955	35.547	35.953	
315	49.255	46.339	44.445	35.892	35.364	35.909	
316	48.429	45.668	43.949	35.798	35.418	35.815	
317	47.647	45.037	43.481	35.661	35.298	35.754	
318	46.907	44.443	43.037	35.561	35.153	35.59	
319	46.206	43.882	42.614	35.518	35.053	35.611	
320	45.544	43.351	42.211	35.535	35.035	35.459	
321	44.917	42.848	41.825	35.427	34.977	35.375	
322	44.324	42.37	41.454	35.393	34.901	35.332	
323	43.763	41.915	41.096	35.355	34.78	35.278	
324	43.231	41.481	40.75	35.23	34.786	35.152	
325	42.726	41.066	40.416	35.241	34.578	35.091	
326	42.247	40.669	40.09	35.155	34.568	35.032	
327	41.792	40.287	39.774	35.062	34.546	34.927	
328	41.36	39.921	39.464	35.028	34.498	34.847	
329	40.948	39.568	39.162	34.999	34.432	34.774	
330	40.555	39.227	38.865	35.011	34.459	34.767	
331	40.181	38.898	38.573	34.888	34.365	34.712	
332	39.823	38.579	38.286	34.842	34.23	34.555	
333	39.482	38.27	38.003	34.885	34.182	34.577	
334	39.155	37.971	37.723	34.798	34.161	34.525	
335	38.843	37.679	37.446	34.731	34.097	34.447	
336	38.543	37.396	37.172	34.609	34.041	34.358	
337	38.257	37.119	36.901	34.687	34.006	34.353	
338	37.982	36.85	36.631	34.632	33.962	34.303	
339	37.718	36.588	36.363	34.529	33.832	34.23	
340	37.465	36.332	36.097	34.579	33.724	34.179	
341	37.223	36.082	35.832	34.486	33.766	34.165	
342	36.991	35.838	35.568	34.466	33.725	34.1	
343	36.768	35.599	35.305	34.549	33.733	34.023	
344	36.554	35.367	35.043	34.521	33.702	33.95	
345	36.35	35.139	34.781	34.424	33.661	33.933	
346	36.154	34.917	34.521	34.455	33.622	33.892	
347	35.967	34.701	34.262	34.458	33.593	33.865	
348	35.789	34.491	34.004	34.377	33.616	33.812	
349	35.62	34.286	33.747	34.389	33.625	33.81	
350	35.46	34.087	33.492	34.388	33.625	33.767	
351	35.309	33.895	33.238	34.35	33.524	33.743	
352	35.167	33.71	32.986	34.396	33.574	33.8	
353	35.035	33.532	32.737	34.351	33.52	33.614	
354	34.913	33.362	32.489	34.458	33.583	33.722	
355	34.801	33.199	32.244	34.599	33.444	33.575	
356	34.697	33.042	31.999	34.579	33.535	33.58	
357	34.602	32.892	31.754	34.514	33.694	33.653	
358	34.514	32.744	31.505	34.45	33.599	33.561	
359	34.43	32.598	31.249	34.557	33.626	33.604	
360	34.347	32.449	30.982	34.568	33.602	33.533	
361	34.262	32.292	30.698	34.519	33.534	33.614	
362	34.169	32.124	30.391	34.468	33.471	33.318	
363	34.066	31.939	30.058	34.502	33.373	33.27	
364	33.948	31.734	29.694	34.485	33.406	33.141	
365	33.814	31.506	29.295	34.48	33.239	33.257	
366	33.661	31.252	28.86	34.43	33.18	32.916	
367	33.489	30.974	28.39	34.217	33.026	32.627	
368	33.297	30.67	27.884	34.2	33.006	32.484	
369	33.085	30.341	27.344	34.034	32.568	32.257	
370	32.855	29.99	26.774	33.841	32.395	31.955	
371	32.611	29.621	26.181	33.737	32.227	31.762	
372	32.356	29.239	25.569	33.555	32.089	31.437	
373	32.092	28.846	24.944	33.39	31.779	31.262	
374	31.822	28.447	24.309	33.076	31.523	30.992	
375	31.548	28.043	23.67	32.972	31.289	30.557	
376	31.272	27.638	23.028	32.744	31.026	30.281	
377	30.995	27.234	22.389	32.512	30.758	29.935	
378	30.719	26.832	21.754	32.361	30.452	29.755	
379	30.446	26.435	21.129	32.152	30.302	29.525	
380	30.176	26.044	20.512	31.847	30.094	29.22	
381	29.911	25.66	19.907	31.78	29.805	28.874	
382	29.649	25.282	19.313	31.618	29.702	28.718	
383	29.392	24.913	18.733	31.407	29.37	28.494	
384	29.139	24.551	18.167	31.178	29.194	28.195	
385	28.893	24.199	17.619	31.074	29.021	28.069	
386	28.653	23.858	17.09	30.864	28.789	27.848	
387	28.418	23.527	16.579	30.652	28.633	27.637	
388	28.19	23.205	16.087	30.583	28.41	27.476	
389	27.967	22.894	15.615	30.461	28.307	27.256	
390	27.751	22.593	15.165	30.26	28.108	27.05	
391	27.543	22.306	14.74	30.191	27.915	26.895	
392	27.342	22.03	14.339	29.981	27.735	26.665	
393	27.147	21.765	13.962	29.878	27.587	26.582	
394	26.958	21.511	13.609	29.682	27.397	26.4	
395	26.776	21.268	13.282	29.63	27.355	26.298	
396	26.602	21.039	12.984	29.422	27.142	26.077	
397	26.435	20.822	12.713	29.335	27.036	25.925	
398	26.274	20.615	12.469	29.275	26.882	25.776	
399	26.119	20.42	12.252	29.093	26.69	25.637	
400	25.97	20.235	12.063	29.072	26.6	25.423	
401	25.829	20.063	11.904	28.922	26.451	25.337	
402	25.693	19.902	11.773	28.768	26.379	25.181	
403	25.563	19.751	11.668	28.682	26.196	25.041	
404	25.437	19.609	11.59	28.573	26.143	24.894	
405	25.318	19.479	11.539	28.511	25.929	24.83	
406	25.204	19.359	11.515	28.418	25.831	24.647	
407	25.094	19.248	11.514	28.306	25.691	24.585	
408	24.989	19.146	11.537	28.204	25.67	24.441	
409	24.889	19.055	11.583	28.091	25.533	24.21	
410	24.793	18.972	11.65	28.031	25.423	24.179	
411	24.702	18.898	11.737	27.868	25.362	24.088	
412	24.614	18.831	11.843	27.819	25.199	23.977	
413	24.531	18.774	11.966	27.751	25.068	23.815	
414	24.452	18.725	12.105	27.647	25.046	23.779	
415	24.377	18.684	12.258	27.567	24.906	23.666	
416	24.305	18.65	12.424	27.436	24.81	23.564	
417	24.238	18.624	12.603	27.395	24.667	23.442	
418	24.174	18.605	12.793	27.242	24.576	23.314	
419	24.113	18.593	12.991	27.24	24.539	23.278	
420	24.056	18.588	13.199	27.177	24.391	23.051	
421	24.002	18.59	13.414	26.993	24.277	23.05	
422	23.952	18.598	13.636	27.016	24.164	22.99	
423	23.905	18.612	13.863	26.934	24.088	22.879	
424	23.861	18.633	14.096	26.867	24.049	22.714	
425	23.821	18.659	14.333	26.755	23.89	22.644	
426	23.783	18.69	14.573	26.651	23.86	22.58	
427	23.749	18.727	14.816	26.553	23.755	22.538	
428	23.717	18.769	15.061	26.479	23.663	22.372	
429	23.689	18.816	15.308	26.519	23.569	22.282	
430	23.663	18.867	15.557	26.369	23.426	22.284	
431	23.641	18.923	15.807	26.264	23.503	22.162	
432	23.62	18.983	16.056	26.276	23.311	21.984	
433	23.603	19.048	16.307	26.141	23.339	21.941	
434	23.589	19.116	16.557	26.086	23.175	21.795	
435	23.577	19.188	16.807	26.006	23.033	21.804	
436	23.567	19.264	17.056	25.973	22.899	21.543	
437	23.56	19.343	17.304	25.893	22.922	21.617	
438	23.556	19.425	17.552	25.872	22.893	21.469	
439	23.554	19.51	17.798	25.71	22.818	21.435	
440	23.554	19.598	18.042	25.695	22.639	21.343	
441	23.557	19.689	18.285	25.63	22.648	21.261	
442	23.562	19.782	18.527	25.588	22.648	21.104	
443	23.568	19.877	18.767	25.507	22.442	21.184	
444	23.578	19.975	19.005	25.556	22.424	20.985	
445	23.589	20.075	19.241	25.392	22.277	20.91	
446	23.602	20.177	19.475	25.234	22.293	20.863	
447	23.618	20.281	19.707	25.292	22.112	20.749	
448	23.635	20.386	19.937	25.195	22.141	20.723	
449	23.654	20.493	20.165	25.183	22.026	20.627	
450	23.676	20.602	20.391	25.118	21.916	20.654	
451	23.698	20.712	20.614	25.118	21.857	20.554	
452	23.723	20.823	20.836	25.026	21.784	20.444	
453	23.75	20.936	21.055	24.922	21.755	20.443	
454	23.778	21.05	21.272	24.835	21.684	20.273	
455	23.808	21.164	21.487	24.769	21.671	20.279	
456	23.839	21.28	21.699	24.72	21.58	20.095	
457	23.873	21.397	21.909	24.709	21.546	20.092	
458	23.907	21.514	22.118	24.66	21.441	20.062	
459	23.943	21.632	22.324	24.663	21.481	19.975	
460	23.981	21.751	22.528	24.545	21.331	19.906	
461	24.02	21.871	22.729	24.62	21.233	19.818	
462	24.061	21.991	22.929	24.431	21.183	19.772	
463	24.103	22.112	23.126	24.46	21.21	19.722	
464	24.146	22.233	23.322	24.327	21.031	19.609	
465	24.19	22.354	23.515	24.36	21.017	19.608	
466	24.236	22.476	23.707	24.267	20.954	19.454	
467	24.283	22.598	23.896	24.206	20.854	19.484	
468	24.332	22.721	24.084	24.17	20.799	19.396	
469	24.381	22.844	24.269	24.092	20.77	19.34	
470	24.432	22.966	24.453	24.061	20.699	19.193	
471	24.484	23.09	24.635	24.012	20.652	19.217	
472	24.537	23.213	24.815	23.934	20.679	19.142	
473	24.591	23.336	24.993	23.947	20.517	19.035	
474	24.646	23.46	25.169	23.908	20.509	19.076	
475	24.702	23.583	25.344	23.846	20.472	18.955	
476	24.759	23.707	25.517	23.824	20.439	18.928	
477	24.817	23.831	25.688	23.74	20.279	18.806	
478	24.876	23.955	25.858	23.684	20.28	18.775	
479	24.936	24.078	26.026	23.667	20.197	18.72	
480	24.997	24.202	26.192	23.599	20.142	18.638	
481	25.059	24.326	26.357	23.572	20.093	18.615	
482	25.122	24.449	26.521	23.495	20.1	18.561	
483	25.186	24.573	26.683	23.543	20.037	18.524	
484	25.25	24.697	26.843	23.447	19.952	18.437	
485	25.315	24.82	27.003	23.405	19.904	18.479	
486	25.381	24.943	27.16	23.388	19.787	18.36	
487	25.448	25.067	27.317	23.308	19.783	18.254	
488	25.516	25.19	27.472	23.318	19.714	18.213	
489	25.585	25.313	27.626	23.228	19.691	18.178	
490	25.654	25.436	27.779	23.239	19.606	18.185	
491	25.724	25.559	27.93	23.162	19.598	18.078	
492	25.795	25.682	28.081	23.125	19.513	18.036	
493	25.866	25.805	28.23	23.098	19.505	17.975	
494	25.938	25.927	28.378	23.049	19.475	17.976	
495	26.011	26.05	28.525	23.039	19.452	17.877	
496	26.085	26.172	28.671	22.991	19.38	17.876	
497	26.159	26.294	28.816	22.952	19.303	17.874	
498	26.234	26.416	28.96	22.922	19.281	17.787	
499	26.31	26.539	29.103	22.888	19.204	17.73	
500	26.386	26.661	29.245	22.873	19.164	17.653	
501	26.463	26.783	29.386	22.799	19.155	17.607	
502	26.541	26.904	29.526	22.748	19.072	17.553	
503	26.619	27.026	29.666	22.745	19.08	17.515	
504	26.698	27.148	29.805	22.67	18.989	17.461	
505	26.777	27.269	29.943	22.66	18.966	17.426	
506	26.857	27.391	30.08	22.59	18.9	17.357	
507	26.938	27.512	30.216	22.573	18.858	17.36	
508	27.019	27.634	30.352	22.544	18.831	17.264	
509	27.101	27.755	30.487	22.54	18.784	17.234	
510	27.183	27.876	30.621	22.464	18.744	17.185	
511	27.266	27.998	30.755	22.441	18.672	17.172	
512	27.35	28.119	30.888	22.411	18.653	17.095	
513	27.434	28.24	31.02	22.38	18.604	17.039	
514	27.519	28.361	31.152	22.329	18.581	17.008	
515	27.604	28.483	31.284	22.323	18.521	16.956	
516	27.69	28.604	31.415	22.272	18.488	16.925	
517	27.777	28.725	31.545	22.233	18.453	16.889	
518	27.864	28.847	31.675	22.213	18.429	16.8	
519	27.951	28.968	31.805	22.156	18.383	16.8	
520	28.04	29.089	31.934	22.155	18.329	16.783	
521	28.128	29.211	32.063	22.107	18.281	16.705	
522	28.218	29.332	32.191	22.082	18.236	16.682	
523	28.308	29.454	32.319	22.044	18.197	16.633	
524	28.398	29.576	32.447	22.008	18.175	16.576	
525	28.489	29.697	32.574	21.973	18.11	16.541	
526	28.581	29.819	32.702	21.948	18.101	16.479	
527	28.673	29.941	32.829	21.919	18.041	16.467	
528	28.766	30.063	32.955	21.871	18.015	16.444	
529	28.859	30.186	33.082	21.848	17.935	16.346	
530	28.953	30.308	33.208	21.807	17.963	16.332	
531	29.048	30.431	33.334	21.787	17.894	16.282	
532	29.143	30.553	33.46	21.792	17.872	16.249	
533	29.238	30.676	33.586	21.715	17.836	16.21	
534	29.335	30.8	33.712	21.688	17.765	16.173	
535	29.432	30.923	33.837	21.675	17.736	16.118	
536	29.529	31.047	33.963	21.642	17.728	16.071	
537	29.627	31.17	34.088	21.635	17.67	16.051	
538	29.726	31.295	34.214	21.595	17.649	16.008	
539	29.825	31.419	34.339	21.569	17.626	15.99	
540	29.925	31.544	34.465	21.55	17.587	15.938	
541	30.025	31.669	34.591	21.51	17.537	15.923	
542	30.126	31.794	34.716	21.482	17.509	15.858	
543	30.228	31.919	34.842	21.476	17.461	15.814	
544	30.33	32.045	34.968	21.431	17.422	15.773	
545	30.433	32.171	35.094	21.41	17.437	15.761	
546	30.537	32.298	35.22	21.352	17.352	15.71	
547	30.641	32.425	35.346	21.367	17.317	15.707	
548	30.746	32.552	35.472	21.329	17.285	15.648	
549	30.852	32.68	35.598	21.326	17.238	15.622	
550	30.958	32.808	35.725	21.261	17.228	15.591	
551	31.065	32.936	35.852	21.239	17.193	15.54	
552	31.173	33.065	35.979	21.241	17.157	15.508	
553	31.281	33.195	36.107	21.207	17.129	15.477	
554	31.39	33.324	36.234	21.168	17.077	15.44	
555	31.499	33.455	36.362	21.16	17.056	15.395	
556	31.61	33.585	36.491	21.131	17.016	15.362	
557	31.721	33.717	36.619	21.103	16.947	15.317	
558	31.833	33.849	36.748	21.084	16.962	15.3	
559	31.945	33.981	36.877	21.046	16.928	15.278	
560	32.058	34.114	37.007	21.019	16.886	15.228	
561	32.172	34.247	37.137	21.007	16.84	15.186	
562	32.287	34.381	37.268	21	16.812	15.184	
563	32.402	34.516	37.399	20.961	16.801	15.133	
564	32.519	34.651	37.53	20.944	16.75	15.126	
565	32.636	34.787	37.662	20.9	16.721	15.064	
566	32.753	34.923	37.794	20.879	16.684	15.074	
567	32.872	35.06	37.927	20.845	16.66	15.01	
568	32.991	35.198	38.06	20.818	16.626	14.969	
569	33.112	35.336	38.194	20.805	16.591	14.939	
570	33.233	35.475	38.328	20.791	16.566	14.891	
571	33.354	35.614	38.463	20.756	16.54	14.877	
572	33.477	35.755	38.599	20.734	16.528	14.866	
573	33.6	35.896	38.735	20.719	16.489	14.815	
574	33.725	36.038	38.872	20.685	16.473	14.755	
575	33.85	36.18	39.009	20.662	16.434	14.74	
576	33.976	36.324	39.147	20.631	16.404	14.719	
577	34.103	36.468	39.286	20.644	16.385	14.694	
578	34.231	36.613	39.425	20.618	16.331	14.681	
579	34.359	36.758	39.565	20.576	16.316	14.62	
580	34.489	36.905	39.706	20.577	16.277	14.621	
581	34.62	37.052	39.847	20.535	16.251	14.584	
582	34.751	37.2	39.989	20.524	16.22	14.522	
583	34.883	37.349	40.132	20.504	16.18	14.507	
584	35.017	37.499	40.276	20.492	16.17	14.517	
585	35.151	37.65	40.42	20.442	16.155	14.449	
586	35.286	37.802	40.565	20.431	16.123	14.417	
587	35.422	37.954	40.711	20.436	16.098	14.362	
588	35.56	38.108	40.858	20.408	16.07	14.357	
589	35.698	38.262	41.006	20.364	16.041	14.332	
590	35.837	38.418	41.154	20.345	16.005	14.287	
591	35.977	38.574	41.303	20.333	15.99	14.25	
592	36.119	38.732	41.454	20.31	15.918	14.221	
593	36.261	38.89	41.605	20.296	15.969	14.198	
594	36.404	39.05	41.757	20.283	15.892	14.209	
595	36.549	39.21	41.91	20.24	15.88	14.155	
596	36.694	39.371	42.063	20.22	15.879	14.124	
597	36.841	39.534	42.218	20.21	15.839	14.089	
598	36.988	39.698	42.374	20.202	15.8	14.07	
599	37.137	39.862	42.53	20.184	15.748	14.033	
600	37.287	40.028	42.688	20.146	15.774	14.024	
601	37.438	40.195	42.847	20.111	15.734	13.982	
602	37.59	40.363	43.006	20.089	15.676	13.946	
603	37.743	40.532	43.167	20.073	15.681	13.918	
604	37.898	40.703	43.329	20.062	15.645	13.915	
605	38.053	40.874	43.491	20.041	15.608	13.859	
606	38.21	41.047	43.655	20.03	15.616	13.815	
607	38.368	41.221	43.82	19.998	15.592	13.779	
608	38.527	41.396	43.986	20.014	15.535	13.804	
609	38.688	41.572	44.153	19.982	15.547	13.748	
610	38.849	41.75	44.321	19.959	15.505	13.733	
611	39.012	41.928	44.49	19.939	15.468	13.708	
612	39.176	42.108	44.66	19.937	15.48	13.705	
613	39.341	42.29	44.831	19.905	15.44	13.625	
614	39.508	42.472	45.004	19.873	15.416	13.633	
615	39.676	42.656	45.177	19.872	15.373	13.599	
616	39.845	42.841	45.352	19.848	15.366	13.567	
617	40.016	43.028	45.528	19.833	15.339	13.548	
618	40.188	43.216	45.705	19.81	15.324	13.544	
619	40.361	43.405	45.883	19.793	15.289	13.484	
620	40.535	43.595	46.063	19.769	15.26	13.464	
621	40.711	43.787	46.243	19.744	15.245	13.463	
622	40.888	43.981	46.425	19.758	15.223	13.435	
623	41.067	44.175	46.608	19.727	15.19	13.375	
624	41.247	44.372	46.792	19.705	15.17	13.372	
625	41.428	44.569	46.977	19.678	15.168	13.392	
626	41.611	44.768	47.164	19.681	15.12	13.311	
627	41.795	44.968	47.351	19.667	15.098	13.304	
628	41.981	45.17	47.54	19.638	15.06	13.283	
629	42.168	45.374	47.73	19.635	15.075	13.294	
630	42.356	45.578	47.922	19.57	15.013	13.233	
631	42.546	45.785	48.114	19.565	15.066	13.236	
632	42.737	45.992	48.308	19.575	15.011	13.141	
633	42.93	46.202	48.503	19.564	14.965	13.12	
634	43.125	46.412	48.699	19.51	14.954	13.069	
635	43.321	46.625	48.896	19.493	14.942	13.106	
636	43.518	46.839	49.095	19.49	14.951	13.106	
637	43.717	47.054	49.295	19.498	14.872	13.056	
638	43.918	47.271	49.496	19.454	14.846	13.046	
639	44.12	47.489	49.698	19.459	14.818	13.027	
640	44.323	47.709	49.902	19.425	14.799	13.018	
641	44.528	47.931	50.106	19.452	14.778	12.939	
642	44.735	48.154	50.312	19.402	14.772	12.986	
643	44.943	48.379	50.519	19.387	14.721	12.945	
644	45.153	48.605	50.728	19.404	14.727	12.899	
645	45.365	48.833	50.937	19.385	14.71	12.869	
646	45.578	49.063	51.148	19.341	14.67	12.857	
647	45.792	49.294	51.359	19.34	14.697	12.832	
648	46.009	49.527	51.572	19.298	14.644	12.833	
649	46.227	49.761	51.786	19.29	14.633	12.793	
650	46.446	49.997	52.002	19.268	14.571	12.757	
651	46.668	50.235	52.218	19.249	14.593	12.771	
652	46.891	50.474	52.435	19.245	14.544	12.718	
653	47.115	50.715	52.654	19.224	14.556	12.69	
654	47.342	50.957	52.873	19.213	14.505	12.636	
655	47.57	51.201	53.094	19.188	14.528	12.643	
656	47.799	51.447	53.316	19.173	14.551	12.655	
657	48.031	51.694	53.538	19.182	14.495	12.58	
658	48.264	51.944	53.762	19.145	14.451	12.585	
659	48.499	52.194	53.987	19.135	14.393	12.576	
660	48.735	52.447	54.212	19.131	14.406	12.557	
661	48.974	52.7	54.439	19.149	14.366	12.521	
662	49.214	52.956	54.667	19.141	14.38	12.487	
663	49.455	53.213	54.895	19.085	14.354	12.478	
664	49.699	53.472	55.124	19.067	14.358	12.46	
665	49.944	53.733	55.354	19.05	14.329	12.422	
666	50.191	53.995	55.585	19.037	14.283	12.4	
667	50.44	54.258	55.817	19.049	14.264	12.403	
668	50.691	54.524	56.05	19.03	14.28	12.379	
669	50.943	54.791	56.283	19.015	14.24	12.357	
670	51.197	55.059	56.517	18.996	14.227	12.341	
671	51.453	55.329	56.751	18.983	14.189	12.272	
672	51.711	55.601	56.986	18.968	14.151	12.307	
673	51.97	55.874	57.222	18.924	14.153	12.286	
674	52.231	56.149	57.458	18.939	14.161	12.278	
675	52.494	56.425	57.695	18.916	14.153	12.296	
676	52.759	56.703	57.932	18.918	14.072	12.203	
677	53.026	56.982	58.17	18.905	14.111	12.199	
678	53.294	57.263	58.408	18.877	14.073	12.219	
679	53.564	57.545	58.646	18.874	14.028	12.143	
680	53.836	57.829	58.884	18.865	14.013	12.153	
681	54.11	58.114	59.123	18.846	13.999	12.088	
682	54.385	58.401	59.362	18.845	14.005	12.109	
683	54.662	58.689	59.601	18.808	13.954	12.072	
684	54.941	58.979	59.84	18.784	13.945	12.093	
685	55.222	59.27	60.079	18.793	13.961	12.052	
686	55.505	59.562	60.318	18.775	13.924	12.002	
687	55.789	59.856	60.557	18.777	13.89	11.991	
688	56.075	60.151	60.795	18.772	13.868	11.962	
689	56.363	60.447	61.034	18.761	13.903	11.957	
690	56.653	60.744	61.272	18.716	13.875	11.965	
691	56.944	61.043	61.509	18.724	13.843	11.91	
692	57.238	61.343	61.746	18.709	13.782	11.94	
693	57.532	61.644	61.983	18.696	13.781	11.891	
694	57.829	61.946	62.219	18.682	13.775	11.898	
695	58.127	62.249	62.454	18.653	13.738	11.859	
696	58.427	62.554	62.688	18.654	13.704	11.854	
697	58.729	62.859	62.922	18.647	13.742	11.818	
698	59.033	63.165	63.155	18.656	13.697	11.76	
699	59.338	63.473	63.386	18.615	13.678	11.745	
700	59.644	63.781	63.617	18.603	13.714	11.763	
701	59.953	64.09	63.846	18.616	13.601	11.754	
702	60.263	64.4	64.074	18.605	13.677	11.742	
703	60.575	64.711	64.3	18.55	13.664	11.695	
704	60.888	65.022	64.525	18.548	13.616	11.689	
705	61.203	65.335	64.749	18.593	13.586	11.663	
706	61.52	65.647	64.971	18.539	13.595	11.627	
707	61.838	65.961	65.191	18.519	13.587	11.625	
708	62.157	66.275	65.409	18.499	13.513	11.634	
709	62.479	66.589	65.625	18.52	13.555	11.58	
710	62.801	66.904	65.838	18.509	13.487	11.628	
711	63.126	67.219	66.05	18.491	13.491	11.511	
712	63.451	67.534	66.259	18.46	13.43	11.505	
713	63.779	67.85	66.466	18.443	13.501	11.532	
714	64.107	68.166	66.671	18.434	13.419	11.487	
715	64.437	68.482	66.872	18.397	13.433	11.469	
716	64.769	68.797	67.071	18.418	13.356	11.374	
717	65.102	69.113	67.267	18.408	13.398	11.468	
718	65.436	69.429	67.46	18.389	13.347	11.371	
719	65.772	69.744	67.649	18.416	13.365	11.461	
720	66.109	70.059	67.836	18.332	13.336	11.414	
721	66.447	70.373	68.018	18.377	13.311	11.389	
722	66.787	70.687	68.198	18.373	13.341	11.365	
723	67.127	71.001	68.374	18.316	13.339	11.362	
724	67.469	71.313	68.546	18.348	13.267	11.357	
725	67.813	71.625	68.714	18.293	13.366	11.278	
726	68.157	71.936	68.878	18.343	13.2	11.279	
727	68.502	72.245	69.038	18.3	13.25	11.255	
728	68.849	72.554	69.193	18.318	13.194	11.255	
729	69.197	72.86	69.345	18.272	13.178	11.254	
730	69.545	73.166	69.491	18.26	13.183	11.173	
731	69.895	73.47	69.634	18.22	13.167	11.208	
732	70.246	73.772	69.771	18.247	13.116	11.197	
733	70.598	74.071	69.904	18.236	13.152	11.165	
734	70.95	74.369	70.031	18.263	13.117	11.143	
735	71.304	74.665	70.154	18.212	13.131	11.119	
736	71.658	74.957	70.272	18.211	13.114	11.12	
737	72.013	75.247	70.384	18.221	13.084	11.153	
738	72.37	75.534	70.491	18.175	13.091	11.076	
739	72.726	75.818	70.593	18.168	13.067	11.094	
740	73.084	76.099	70.689	18.198	13.06	11.074	
741	73.442	76.375	70.78	18.146	13.012	11.072	
742	73.801	76.648	70.865	18.159	13.021	11.016	
743	74.161	76.916	70.944	18.16	13.027	10.987	
744	74.521	77.18	71.018	18.128	13	11.023	
745	74.881	77.439	71.085	18.098	13.023	11.013	
746	75.242	77.693	71.147	18.113	12.97	10.981	
747	75.604	77.941	71.204	18.112	13.001	10.944	
748	75.966	78.183	71.254	18.09	12.967	10.93	
749	76.329	78.419	71.299	18.087	12.928	10.902	
750	76.691	78.649	71.337	18.026	12.909	10.938	
751	77.054	78.871	71.37	18.064	12.892	10.873	
752	77.418	79.085	71.396	18.016	12.923	10.846	
753	77.781	79.292	71.417	18.042	12.881	10.845	
754	78.145	79.49	71.432	18.033	12.862	10.87	
755	78.509	79.679	71.442	17.998	12.896	10.794	
756	78.873	79.859	71.445	18.017	12.83	10.84	
757	79.237	80.029	71.443	18.016	12.778	10.837	
758	79.601	80.188	71.435	17.993	12.814	10.794	
759	79.966	80.337	71.421	17.991	12.817	10.766	
760	80.33	80.475	71.402	17.965	12.743	10.723	
761	80.693	80.6	71.377	17.94	12.757	10.727	
762	81.057	80.714	71.347	17.968	12.744	10.685	
763	81.421	80.815	71.312	17.942	12.757	10.67	
764	81.784	80.903	71.271	17.942	12.75	10.703	
765	82.147	80.978	71.225	17.928	12.723	10.649	
766	82.509	81.04	71.175	17.945	12.732	10.659	
767	82.871	81.088	71.119	17.932	12.689	10.658	
768	83.232	81.123	71.058	17.898	12.676	10.604	
769	83.593	81.143	70.993	17.901	12.684	10.63	
770	83.953	81.15	70.923	17.88	12.632	10.573	
771	84.312	81.143	70.849	17.839	12.621	10.567	
772	84.67	81.123	70.77	17.837	12.664	10.567	
773	85.026	81.089	70.687	17.851	12.613	10.567	
774	85.382	81.043	70.6	17.831	12.605	10.51	
775	85.736	80.983	70.509	17.81	12.584	10.517	
776	86.088	80.912	70.414	17.872	12.563	10.49	
777	86.437	80.828	70.315	17.813	12.541	10.499	
778	86.784	80.733	70.213	17.814	12.507	10.516	
779	87.126	80.627	70.107	17.771	12.515	10.473	
780	87.464	80.51	69.997	17.769	12.529	10.484	
781	87.794	80.383	69.885	17.816	12.552	10.405	
782	88.113	80.247	69.769	17.788	12.453	10.414	
783	88.415	80.103	69.651	17.766	12.44	10.413	
784	88.69	79.949	69.529	17.747	12.468	10.369	
785	88.916	79.788	69.405	17.727	12.424	10.347	
786	89.059	79.619	69.278	17.72	12.435	10.349	
787	89.08	79.444	69.149	17.725	12.412	10.345	
788	88.973	79.262	69.017	17.722	12.394	10.324	
789	88.771	79.074	68.883	17.703	12.376	10.317	
790	88.514	78.881	68.746	17.705	12.403	10.277	
791	88.226	78.683	68.608	17.675	12.368	10.278	
792	87.92	78.48	68.468	17.689	12.361	10.267	
793	87.603	78.272	68.325	17.679	12.381	10.266	
794	87.281	78.061	68.181	17.66	12.327	10.239	
795	86.954	77.845	68.036	17.659	12.309	10.224	
796	86.625	77.627	67.888	17.662	12.313	10.213	
797	86.294	77.406	67.74	17.654	12.325	10.176	
798	85.963	77.182	67.59	17.666	12.323	10.181	
799	85.631	76.955	67.438	17.647	12.261	10.206	
800	85.3	76.726	67.285	17.62	12.266	10.135	
801	84.968	76.495	67.132	17.605	12.279	10.152	
802	84.638	76.263	66.977	17.648	12.257	10.122	
803	84.308	76.028	66.821	17.585	12.228	10.092	
804	83.978	75.793	66.664	17.575	12.219	10.133	
805	83.65	75.556	66.507	17.566	12.198	10.093	
806	83.323	75.318	66.348	17.583	12.17	10.084	
807	82.996	75.079	66.189	17.566	12.126	10.115	
808	82.671	74.839	66.03	17.569	12.174	10.024	
809	82.347	74.599	65.87	17.516	12.099	10.047	
810	82.025	74.358	65.709	17.556	12.165	10.014	
811	81.703	74.117	65.548	17.537	12.131	9.9973	
812	81.383	73.876	65.386	17.532	12.176	10.005	
813	81.064	73.634	65.224	17.542	12.077	9.9926	
814	80.747	73.393	65.062	17.52	12.11	10.013	
815	80.431	73.151	64.9	17.499	12.091	9.9656	
816	80.116	72.91	64.737	17.51	12.082	9.9131	
817	79.803	72.669	64.575	17.487	12.062	9.9298	
818	79.491	72.428	64.412	17.492	12.059	9.9034	
819	79.181	72.187	64.249	17.483	12.042	9.9129	
820	78.873	71.947	64.087	17.46	12.018	9.8719	
821	78.565	71.707	63.924	17.453	12.005	9.8656	
822	78.26	71.468	63.761	17.45	12.012	9.8616	
823	77.956	71.229	63.599	17.451	12.006	9.8525	
824	77.653	70.991	63.437	17.443	12.007	9.8497	
825	77.352	70.754	63.275	17.437	11.988	9.8449	
826	77.053	70.518	63.113	17.433	11.98	9.8362	
827	76.755	70.282	62.951	17.43	11.974	9.8144	
828	76.459	70.047	62.79	17.419	11.964	9.8087	
829	76.164	69.813	62.629	17.407	11.95	9.7941	
830	75.871	69.58	62.468	17.407	11.946	9.8031	
831	75.58	69.347	62.308	17.4	11.919	9.7859	
832	75.29	69.116	62.148	17.384	11.91	9.7662	
833	75.002	68.885	61.988	17.379	11.905	9.7353	
834	74.716	68.656	61.829	17.367	11.897	9.7158	
835	74.431	68.428	61.67	17.36	11.889	9.7177	
836	74.148	68.2	61.512	17.358	11.888	9.6974	
837	73.866	67.974	61.355	17.35	11.861	9.7024	
838	73.586	67.749	61.197	17.356	11.846	9.6741	
839	73.308	67.524	61.041	17.339	11.835	9.6728	
840	73.032	67.301	60.885	17.323	11.851	9.6213	
841	72.757	67.08	60.729	17.338	11.799	9.6059	
842	72.484	66.859	60.575	17.35	11.812	9.6524	
843	72.212	66.639	60.42	17.333	11.79	9.6237	
844	71.942	66.421	60.267	17.328	11.8	9.6135	
845	71.674	66.204	60.113	17.337	11.83	9.5864	
846	71.408	65.988	59.961	17.25	11.762	9.5728	
847	71.143	65.773	59.809	17.316	11.671	9.6306	
848	70.88	65.559	59.658	17.299	11.801	9.6341	
849	70.618	65.346	59.508	17.296	11.713	9.5251	
850	70.359	65.135	59.358	17.278	11.74	9.5683	
851	70.1	64.925	59.209	17.254	11.712	9.5872	
852	69.844	64.716	59.06	17.249	11.723	9.4661	
853	69.589	64.509	58.913	17.279	11.658	9.4759	
854	69.336	64.303	58.766	17.228	11.704	9.4325	
855	69.084	64.097	58.619	17.23	11.626	9.478	
856	68.834	63.894	58.474	17.202	11.678	9.4881	
857	68.586	63.691	58.329	17.234	11.659	9.4508	
858	68.339	63.49	58.185	17.248	11.682	9.4151	
859	68.094	63.29	58.042	17.26	11.629	9.461	
860	67.851	63.091	57.899	17.206	11.667	9.4684	
861	67.609	62.893	57.757	17.177	11.615	9.3825	
862	67.369	62.697	57.616	17.215	11.595	9.3837	
863	67.13	62.501	57.476	17.205	11.644	9.3907	
864	66.893	62.308	57.336	17.208	11.589	9.387	
865	66.658	62.115	57.197	17.157	11.577	9.3165	
866	66.424	61.923	57.059	17.167	11.563	9.3468	
867	66.192	61.733	56.921	17.147	11.513	9.3459	
868	65.961	61.544	56.785	17.118	11.543	9.3501	
869	65.732	61.356	56.649	17.15	11.508	9.2901	
870	65.505	61.17	56.514	17.159	11.516	9.3057	
871	65.279	60.985	56.38	17.146	11.508	9.2767	
872	65.054	60.8	56.246	17.131	11.512	9.3136	
873	64.831	60.618	56.113	17.157	11.469	9.267	
874	64.61	60.436	55.981	17.129	11.488	9.2504	
875	64.39	60.255	55.85	17.111	11.474	9.2559	
876	64.172	60.076	55.719	17.115	11.465	9.2204	
877	63.955	59.898	55.589	17.112	11.46	9.2537	
878	63.74	59.721	55.46	17.083	11.444	9.2191	
879	63.526	59.545	55.332	17.079	11.432	9.1998	
880	63.314	59.371	55.205	17.071	11.421	9.1926	
881	63.103	59.198	55.078	17.069	11.417	9.1849	
882	62.894	59.025	54.952	17.067	11.412	9.1889	
883	62.686	58.854	54.827	17.063	11.408	9.1794	
884	62.48	58.684	54.702	17.061	11.404	9.1718	
885	62.275	58.516	54.578	17.061	11.396	9.1709	
886	62.071	58.348	54.455	17.056	11.388	9.1566	
887	61.869	58.182	54.333	17.046	11.371	9.1428	
888	61.668	58.016	54.211	17.044	11.364	9.1243	
889	61.469	57.852	54.091	17.031	11.351	9.1119	
890	61.271	57.689	53.971	17.018	11.337	9.0964	
891	61.075	57.527	53.851	17.012	11.328	9.0812	
892	60.88	57.366	53.733	17.01	11.316	9.0788	
893	60.686	57.206	53.615	17.003	11.31	9.0602	
894	60.494	57.047	53.498	16.991	11.308	9.0486	
895	60.303	56.89	53.381	16.999	11.303	9.0533	
896	60.113	56.733	53.265	16.989	11.29	9.0498	
897	59.925	56.578	53.15	16.989	11.285	9.0476	
898	59.738	56.423	53.036	16.987	11.282	9.0195	
899	59.552	56.27	52.922	16.979	11.268	9.0175	
900	59.368	56.117	52.809	16.966	11.258	8.9949	
901	59.185	55.966	52.697	16.947	11.247	8.9733	
902	59.003	55.816	52.586	16.948	11.229	8.9685	
903	58.822	55.667	52.475	16.945	11.226	8.9618	
904	58.643	55.518	52.365	16.94	11.217	8.9595	
905	58.465	55.371	52.255	16.932	11.215	8.9576	
906	58.288	55.225	52.146	16.934	11.21	8.9517	
907	58.113	55.08	52.038	16.929	11.206	8.9528	
908	57.939	54.936	51.931	16.931	11.194	8.9288	
909	57.766	54.792	51.824	16.916	11.183	8.9209	
910	57.594	54.65	51.718	16.902	11.167	8.91	
911	57.424	54.509	51.612	16.906	11.155	8.9055	
912	57.254	54.368	51.508	16.894	11.128	8.8691	
913	57.086	54.229	51.404	16.881	11.137	8.8493	
914	56.919	54.09	51.3	16.883	11.127	8.8511	
915	56.753	53.953	51.197	16.876	11.114	8.8449	
916	56.589	53.816	51.095	16.869	11.119	8.8435	
917	56.425	53.681	50.993	16.869	11.116	8.8377	
918	56.263	53.546	50.892	16.872	11.111	8.8326	
919	56.102	53.412	50.792	16.868	11.102	8.8198	
920	55.942	53.279	50.692	16.862	11.094	8.8106	
921	55.783	53.147	50.593	16.852	11.081	8.8013	
922	55.625	53.016	50.494	16.848	11.073	8.8045	
923	55.468	52.886	50.397	16.851	11.066	8.7956	
924	55.313	52.756	50.299	16.835	11.037	8.7695	
925	55.158	52.628	50.203	16.832	11.054	8.7564	
926	55.005	52.5	50.106	16.815	11.035	8.7417	
927	54.852	52.373	50.011	16.816	11.041	8.7315	
928	54.701	52.247	49.916	16.814	11.034	8.7362	
929	54.551	52.122	49.822	16.797	10.994	8.7477	
930	54.402	51.998	49.728	16.793	10.972	8.7269	
931	54.253	51.874	49.635	16.805	11.016	8.7154	
932	54.106	51.752	49.542	16.812	10.951	8.6826	
933	53.96	51.63	49.45	16.782	11.008	8.6791	
934	53.815	51.509	49.358	16.775	10.976	8.695	
935	53.671	51.389	49.267	16.773	10.978	8.6554	
936	53.528	51.269	49.177	16.753	10.941	8.6501	
937	53.386	51.151	49.087	16.753	10.935	8.6851	
938	53.244	51.033	48.998	16.783	10.944	8.6069	
939	53.104	50.916	48.909	16.761	10.933	8.6336	
940	52.965	50.799	48.821	16.766	10.894	8.6504	
941	52.827	50.684	48.733	16.76	10.92	8.6114	
942	52.689	50.569	48.646	16.739	10.886	8.5574	
943	52.553	50.455	48.559	16.715	10.91	8.5951	
944	52.417	50.342	48.473	16.717	10.929	8.5787	
945	52.283	50.229	48.388	16.744	10.893	8.5827	
946	52.149	50.117	48.302	16.743	10.888	8.5713	
947	52.016	50.006	48.218	16.722	10.888	8.5569	
948	51.885	49.896	48.134	16.718	10.861	8.5456	
949	51.754	49.786	48.05	16.708	10.84	8.5238	
950	51.624	49.677	47.967	16.702	10.832	8.5213	
951	51.494	49.569	47.885	16.691	10.851	8.5259	
952	51.366	49.461	47.802	16.683	10.844	8.5209	
953	51.239	49.354	47.721	16.694	10.825	8.4986	
954	51.112	49.248	47.64	16.695	10.819	8.5124	
955	50.986	49.142	47.559	16.682	10.807	8.4784	
956	50.862	49.037	47.479	16.663	10.812	8.4848	
957	50.737	48.933	47.399	16.664	10.803	8.5324	
958	50.614	48.83	47.32	16.644	10.785	8.4534	
959	50.492	48.727	47.241	16.666	10.771	8.4791	
960	50.37	48.624	47.163	16.678	10.753	8.4078	
961	50.249	48.523	47.085	16.673	10.778	8.3952	
962	50.129	48.422	47.007	16.661	10.689	8.3687	
963	50.01	48.321	46.93	16.62	10.712	8.4149	
964	49.892	48.222	46.854	16.649	10.748	8.3485	
965	49.774	48.123	46.778	16.617	10.733	8.3817	
966	49.657	48.024	46.702	16.628	10.753	8.359	
967	49.541	47.926	46.627	16.623	10.733	8.3919	
968	49.426	47.829	46.552	16.627	10.745	8.3832	
969	49.311	47.732	46.478	16.611	10.709	8.3707	
970	49.197	47.636	46.404	16.625	10.692	8.3925	
971	49.084	47.541	46.33	16.613	10.68	8.3706	
972	48.972	47.446	46.257	16.61	10.702	8.3492	
973	48.86	47.352	46.184	16.61	10.685	8.3224	
974	48.749	47.258	46.112	16.594	10.661	8.3374	
975	48.639	47.165	46.04	16.588	10.668	8.2816	
976	48.53	47.072	45.969	16.58	10.653	8.2972	
977	48.421	46.98	45.898	16.575	10.641	8.2843	
978	48.313	46.889	45.827	16.572	10.632	8.2858	
979	48.205	46.798	45.757	16.57	10.638	8.2719	
980	48.099	46.707	45.687	16.575	10.628	8.2724	
981	47.993	46.617	45.617	16.572	10.626	8.2804	
982	47.887	46.528	45.548	16.566	10.621	8.2707	
983	47.783	46.439	45.479	16.562	10.623	8.2828	
984	47.679	46.351	45.411	16.548	10.613	8.2676	
985	47.575	46.263	45.343	16.546	10.617	8.2362	
986	47.472	46.176	45.275	16.573	10.595	8.2584	
987	47.37	46.09	45.208	16.537	10.591	8.2149	
988	47.269	46.003	45.141	16.532	10.56	8.1936	
989	47.168	45.918	45.075	16.524	10.566	8.1933	
990	47.068	45.833	45.009	16.52	10.547	8.1876	
991	46.968	45.748	44.943	16.519	10.55	8.1676	
992	46.87	45.664	44.877	16.52	10.545	8.1802	
993	46.771	45.58	44.812	16.509	10.544	8.1739	
994	46.674	45.497	44.747	16.517	10.548	8.1768	
995	46.577	45.414	44.683	16.503	10.54	8.1619	
996	46.48	45.332	44.619	16.496	10.533	8.1554	
997	46.384	45.25	44.555	16.504	10.529	8.1444	
998	46.289	45.169	44.492	16.493	10.516	8.1417	
999	46.194	45.088	44.429	16.483	10.502	8.1776	
1000	46.1	45.008	44.366	16.5	10.478	8.1157	
1001	46.006	44.928	44.304	16.464	10.53	8.0949	
1002	45.913	44.848	44.242	16.485	10.51	8.0982	
1003	45.821	44.769	44.18	16.476	10.477	8.0989	
1004	45.729	44.691	44.118	16.475	10.443	8.0759	
1005	45.638	44.613	44.057	16.439	10.542	8.1117	
1006	45.547	44.535	43.997	16.467	10.428	8.1096	
1007	45.457	44.458	43.936	16.465	10.492	8.0327	
1008	45.367	44.381	43.876	16.449	10.484	8.0563	
1009	45.278	44.305	43.816	16.429	10.432	8.0496	
1010	45.189	44.229	43.757	16.466	10.451	8.0414	
1011	45.101	44.153	43.697	16.433	10.444	8.0428	
1012	45.014	44.078	43.638	16.438	10.431	8.0143	
1013	44.927	44.003	43.58	16.434	10.414	8.0082	
1014	44.84	43.929	43.521	16.435	10.394	8.0042	
1015	44.754	43.855	43.463	16.437	10.4	7.9932	
1016	44.669	43.782	43.406	16.413	10.402	8.087	
1017	44.584	43.709	43.348	16.395	10.365	7.9546	
1018	44.499	43.636	43.291	16.391	10.366	7.9748	
1019	44.415	43.564	43.234	16.377	10.349	7.938	
1020	44.332	43.492	43.178	16.428	10.409	7.9076	
1021	44.249	43.42	43.121	16.344	10.406	7.9482	
1022	44.166	43.349	43.065	16.399	10.335	7.9468	
1023	44.084	43.279	43.009	16.418	10.322	7.9437	
1024	44.002	43.208	42.954	16.374	10.301	7.9785	
1025	43.921	43.138	42.899	16.416	10.31	7.9159	
1026	43.841	43.069	42.844	16.38	10.359	7.8728	
1027	43.76	42.999	42.789	16.414	10.241	7.8987	
1028	43.681	42.931	42.735	16.371	10.339	7.8451	
1029	43.601	42.862	42.68	16.355	10.283	7.8299	
1030	43.523	42.794	42.627	16.359	10.328	7.903	
1031	43.444	42.726	42.573	16.422	10.333	7.9249	
1032	43.366	42.659	42.52	16.316	10.327	7.8632	
1033	43.289	42.592	42.466	16.382	10.287	7.887	
1034	43.212	42.525	42.414	16.356	10.309	7.8533	
1035	43.135	42.459	42.361	16.379	10.251	7.9231	
1036	43.059	42.393	42.309	16.253	10.285	7.8388	
1037	42.983	42.327	42.257	16.397	10.175	7.8035	
1038	42.908	42.262	42.205	16.319	10.24	7.9786	
1039	42.833	42.197	42.153	16.361	10.29	7.9209	
1040	42.758	42.132	42.102	16.298	10.088	7.8087	
1041	42.684	42.068	42.05	16.335	10.216	7.8567	
1042	42.611	42.003	42	16.445	10.238	7.6434	
1043	42.537	41.94	41.949	16.412	10.176	7.6925	
1044	42.465	41.876	41.898	16.267	10.268	7.7417	
1045	42.392	41.813	41.848	16.308	10.204	7.7873	
1046	42.32	41.751	41.798	16.204	10.35	7.5825	
1047	42.248	41.688	41.749	16.266	10.039	7.7932	
1048	42.177	41.626	41.699	16.229	10.157	7.8069	
1049	42.106	41.564	41.65	16.299	10.171	7.7236	
1050	42.036	41.503	41.601	16.276	10.083	7.8107	
1051	41.966	41.442	41.552	16.278	10.17	7.7396	
1052	41.896	41.381	41.503	16.273	10.161	7.7044	
1053	41.826	41.32	41.455	16.277	10.167	7.7231	
1054	41.757	41.26	41.407	16.277	10.148	7.7089	
1055	41.689	41.2	41.359	16.277	10.167	7.6972	
1056	41.621	41.14	41.311	16.273	10.135	7.687	
1057	41.553	41.081	41.263	16.269	10.153	7.6997	
1058	41.485	41.022	41.216	16.262	10.142	7.6709	
1059	41.418	40.963	41.169	16.247	10.134	7.6933	
1060	41.351	40.904	41.122	16.254	10.134	7.6648	
1061	41.285	40.846	41.075	16.263	10.116	7.6747	
1062	41.219	40.788	41.029	16.239	10.115	7.6648	
1063	41.153	40.73	40.982	16.235	10.098	7.6667	
1064	41.087	40.673	40.936	16.233	10.093	7.6472	
1065	41.022	40.616	40.89	16.225	10.087	7.629	
1066	40.958	40.559	40.845	16.232	10.086	7.618	
1067	40.893	40.502	40.799	16.223	10.089	7.6219	
1068	40.829	40.446	40.754	16.218	10.078	7.6284	
1069	40.765	40.39	40.709	16.223	10.054	7.6005	
1070	40.702	40.334	40.664	16.22	10.079	7.5985	
1071	40.639	40.278	40.619	16.218	10.063	7.599	
1072	40.576	40.223	40.574	16.202	10.065	7.5925	
1073	40.514	40.168	40.53	16.215	10.029	7.5661	
1074	40.451	40.113	40.486	16.199	10.044	7.5808	
1075	40.39	40.059	40.442	16.193	10.033	7.5517	
1076	40.328	40.005	40.398	16.201	10.022	7.5548	
1077	40.267	39.951	40.354	16.189	10.024	7.5511	
1078	40.206	39.897	40.311	16.185	10.008	7.5417	
1079	40.146	39.843	40.268	16.186	10.022	7.5314	
1080	40.085	39.79	40.225	16.186	10.011	7.5387	
1081	40.025	39.737	40.182	16.179	10.01	7.5348	
1082	39.966	39.684	40.139	16.172	10.007	7.5257	
1083	39.906	39.632	40.096	16.18	9.9947	7.5117	
1084	39.847	39.579	40.054	16.172	9.995	7.5129	
1085	39.789	39.527	40.012	16.166	9.9914	7.5014	
1086	39.73	39.475	39.97	16.171	9.9923	7.5038	
1087	39.672	39.424	39.928	16.156	9.9873	7.4945	
1088	39.614	39.372	39.886	16.166	9.9817	7.4997	
1089	39.556	39.321	39.845	16.159	9.9779	7.4821	
1090	39.499	39.27	39.803	16.158	9.9803	7.4881	
1091	39.442	39.219	39.762	16.153	9.9785	7.4853	
1092	39.385	39.169	39.721	16.144	9.9565	7.4715	
1093	39.329	39.119	39.68	16.148	9.9506	7.4729	
1094	39.273	39.069	39.64	16.141	9.9601	7.4722	
1095	39.217	39.019	39.599	16.15	9.9318	7.4483	
1096	39.161	38.969	39.559	16.144	9.9407	7.4519	
1097	39.105	38.92	39.518	16.13	9.9283	7.4383	
1098	39.05	38.871	39.478	16.124	9.9234	7.4168	
1099	38.995	38.822	39.438	16.123	9.9232	7.4195	
1100	38.941	38.773	39.399	16.113	9.9178	7.4139	
1101	38.887	38.724	39.359	16.124	9.9056	7.3964	
1102	38.832	38.676	39.32	16.116	9.8945	7.3888	
1103	38.779	38.628	39.28	16.109	9.8791	7.3797	
1104	38.725	38.58	39.241	16.105	9.888	7.3786	
1105	38.672	38.532	39.202	16.097	9.8862	7.3711	
1106	38.619	38.485	39.163	16.101	9.8753	7.3644	
1107	38.566	38.437	39.124	16.09	9.8672	7.3615	
1108	38.513	38.39	39.086	16.098	9.873	7.3533	
1109	38.461	38.343	39.047	16.089	9.8628	7.35	
1110	38.409	38.296	39.009	16.087	9.8562	7.3493	
1111	38.357	38.25	38.971	16.086	9.8575	7.3426	
1112	38.305	38.204	38.933	16.085	9.8439	7.3361	
1113	38.254	38.157	38.895	16.085	9.8491	7.3346	
1114	38.203	38.111	38.857	16.08	9.8466	7.3305	
1115	38.152	38.066	38.82	16.077	9.8484	7.3291	
1116	38.101	38.02	38.782	16.078	9.8409	7.3321	
1117	38.051	37.975	38.745	16.079	9.8416	7.3209	
1118	38.001	37.929	38.708	16.072	9.8334	7.3214	
1119	37.951	37.884	38.671	16.06	9.8347	7.3015	
1120	37.901	37.84	38.634	16.068	9.8313	7.2924	
1121	37.852	37.795	38.597	16.067	9.8176	7.2878	
1122	37.802	37.75	38.561	16.06	9.8063	7.2978	
1123	37.753	37.706	38.524	16.048	9.8069	7.2903	
1124	37.704	37.662	38.488	16.063	9.8076	7.2673	
1125	37.656	37.618	38.452	16.054	9.7979	7.2623	
1126	37.607	37.574	38.415	16.058	9.8085	7.2676	
1127	37.559	37.531	38.379	16.033	9.7894	7.2435	
1128	37.511	37.487	38.344	16.033	9.7801	7.246	
1129	37.463	37.444	38.308	16.039	9.78	7.2589	
1130	37.416	37.401	38.272	16.029	9.784	7.2303	
1131	37.369	37.358	38.237	16.028	9.7661	7.2327	
1132	37.321	37.315	38.201	16.029	9.7641	7.2224	
1133	37.275	37.273	38.166	16.022	9.7746	7.22	
1134	37.228	37.23	38.131	16.013	9.7404	7.2208	
1135	37.181	37.188	38.096	16.016	9.7516	7.1929	
1136	37.135	37.146	38.061	16.019	9.733	7.2045	
1137	37.089	37.104	38.027	16.012	9.7186	7.2018	
1138	37.043	37.062	37.992	16.011	9.7314	7.1817	
1139	36.997	37.021	37.957	16.007	9.7294	7.188	
1140	36.952	36.979	37.923	16	9.711	7.1734	
1141	36.907	36.938	37.889	16.013	9.7229	7.1701	
1142	36.862	36.897	37.855	16.009	9.7157	7.1425	
1143	36.817	36.856	37.821	15.991	9.7047	7.1754	
1144	36.772	36.815	37.787	15.991	9.6948	7.1627	
1145	36.727	36.774	37.753	15.994	9.7082	7.1617	
1146	36.683	36.734	37.719	15.991	9.6734	7.1488	
1147	36.639	36.693	37.686	15.987	9.6773	7.1375	
1148	36.595	36.653	37.652	15.993	9.6824	7.1398	
1149	36.551	36.613	37.619	15.982	9.6859	7.1336	
1150	36.508	36.573	37.585	15.971	9.6696	7.1285	
1151	36.464	36.534	37.552	15.973	9.6557	7.1144	
1152	36.421	36.494	37.519	15.974	9.6664	7.1066	
1153	36.378	36.454	37.486	15.967	9.6521	7.0941	
1154	36.335	36.415	37.454	15.961	9.6519	7.0958	
1155	36.292	36.376	37.421	15.966	9.6506	7.0979	
1156	36.25	36.337	37.388	15.955	9.6498	7.0837	
1157	36.208	36.298	37.356	15.955	9.6421	7.0727	
1158	36.165	36.259	37.323	15.956	9.6421	7.0731	
1159	36.123	36.221	37.291	15.96	9.6267	7.0708	
1160	36.082	36.182	37.259	15.957	9.628	7.0722	
1161	36.04	36.144	37.227	15.947	9.6061	7.0769	
1162	35.999	36.106	37.195	15.943	9.6372	7.0503	
1163	35.957	36.068	37.163	15.932	9.6109	7.0423	
1164	35.916	36.03	37.131	15.933	9.5892	7.0355	
1165	35.875	35.992	37.099	15.926	9.6021	7.0251	
1166	35.834	35.954	37.068	15.934	9.5923	7.0232	
1167	35.794	35.917	37.036	15.935	9.6092	7.0307	
1168	35.753	35.88	37.005	15.925	9.5875	7.0159	
1169	35.713	35.842	36.974	15.919	9.579	7.0094	
1170	35.673	35.805	36.943	15.923	9.5874	6.9969	
1171	35.633	35.768	36.911	15.918	9.5745	6.9927	
1172	35.593	35.731	36.88	15.915	9.5753	6.9904	
1173	35.554	35.695	36.85	15.913	9.572	6.9898	
1174	35.514	35.658	36.819	15.912	9.5717	6.9855	
1175	35.475	35.622	36.788	15.911	9.5671	6.9893	
1176	35.436	35.585	36.757	15.909	9.5553	6.9753	
1177	35.397	35.549	36.727	15.913	9.5548	6.9734	
1178	35.358	35.513	36.696	15.902	9.5491	6.9642	
1179	35.319	35.477	36.666	15.902	9.5544	6.9693	
1180	35.28	35.441	36.636	15.901	9.5467	6.9584	
1181	35.242	35.405	36.606	15.901	9.5467	6.9598	
1182	35.204	35.37	36.576	15.894	9.5385	6.9547	
1183	35.166	35.334	36.546	15.897	9.537	6.95	
1184	35.128	35.299	36.516	15.892	9.532	6.9421	
1185	35.09	35.264	36.486	15.883	9.531	6.946	
1186	35.052	35.229	36.456	15.885	9.5219	6.9289	
1187	35.015	35.194	36.427	15.884	9.5224	6.9354	
1188	34.977	35.159	36.397	15.877	9.523	6.9241	
1189	34.94	35.124	36.368	15.882	9.5084	6.9071	
1190	34.903	35.089	36.338	15.876	9.5137	6.9197	
1191	34.866	35.055	36.309	15.87	9.5099	6.9094	
1192	34.829	35.02	36.28	15.871	9.4961	6.8957	
1193	34.793	34.986	36.251	15.868	9.4961	6.8932	
1194	34.756	34.952	36.222	15.862	9.5027	6.9035	
1195	34.72	34.918	36.193	15.874	9.474	6.8908	
1196	34.684	34.884	36.164	15.86	9.4905	6.8699	
1197	34.647	34.85	36.135	15.862	9.4762	6.8911	
1198	34.611	34.816	36.106	15.852	9.4631	6.8864	
1199	34.576	34.782	36.078	15.851	9.477	6.8633	
1200	34.54	34.749	36.049	15.858	9.4625	6.8505	
1201	34.504	34.715	36.021	15.861	9.4796	6.8706	
1202	34.469	34.682	35.992	15.841	9.4636	6.8566	
1203	34.434	34.649	35.964	15.848	9.4582	6.8337	
1204	34.398	34.616	35.936	15.851	9.4464	6.8183	
1205	34.363	34.583	35.908	15.832	9.4472	6.8323	
1206	34.329	34.55	35.879	15.836	9.466	6.8321	
1207	34.294	34.517	35.851	15.846	9.4633	6.8204	
1208	34.259	34.484	35.824	15.832	9.4402	6.8124	
1209	34.225	34.452	35.796	15.836	9.4279	6.8174	
1210	34.19	34.419	35.768	15.829	9.4198	6.7981	
1211	34.156	34.387	35.74	15.824	9.4014	6.7811	
1212	34.122	34.355	35.713	15.822	9.4159	6.7865	
1213	34.088	34.323	35.685	15.831	9.4125	6.7945	
1214	34.054	34.291	35.658	15.818	9.422	6.771	
1215	34.02	34.259	35.63	15.827	9.4065	6.7776	
1216	33.986	34.227	35.603	15.816	9.3902	6.7962	
1217	33.953	34.195	35.576	15.82	9.3945	6.7799	
1218	33.92	34.163	35.549	15.792	9.3676	6.7812	
1219	33.886	34.132	35.521	15.814	9.3787	6.7488	
1220	33.853	34.1	35.494	15.812	9.3724	6.7566	
1221	33.82	34.069	35.468	15.792	9.3678	6.7577	
1222	33.787	34.038	35.441	15.806	9.4041	6.7482	
1223	33.754	34.006	35.414	15.808	9.3612	6.7497	
1224	33.722	33.975	35.387	15.802	9.3661	6.7322	
1225	33.689	33.944	35.36	15.793	9.3623	6.7376	
1226	33.657	33.913	35.334	15.803	9.3763	6.7294	
1227	33.624	33.882	35.307	15.81	9.3589	6.7325	
1228	33.592	33.852	35.281	15.774	9.3448	6.7237	
1229	33.56	33.821	35.254	15.767	9.3236	6.7278	
1230	33.528	33.791	35.228	15.774	9.3573	6.7086	
1231	33.496	33.76	35.202	15.796	9.3605	6.676	
1232	33.464	33.73	35.176	15.789	9.3331	6.7336	
1233	33.433	33.699	35.15	15.803	9.3612	6.6865	
1234	33.401	33.669	35.124	15.779	9.3636	6.7088	
1235	33.37	33.639	35.098	15.762	9.3504	6.6856	
1236	33.338	33.609	35.072	15.776	9.3508	6.7156	
1237	33.307	33.579	35.046	15.771	9.3581	6.6932	
1238	33.276	33.549	35.02	15.803	9.3178	6.7029	
1239	33.245	33.52	34.994	15.735	9.3726	6.7182	
1240	33.214	33.49	34.969	15.732	9.2717	6.6779	
1241	33.183	33.46	34.943	15.745	9.341	6.6356	
1242	33.152	33.431	34.917	15.735	9.3044	6.6996	
1243	33.122	33.402	34.892	15.764	9.3127	6.761	
1244	33.091	33.372	34.867	15.782	9.3076	6.6586	
1245	33.061	33.343	34.841	15.721	9.362	6.5928	
1246	33.031	33.314	34.816	15.748	9.298	6.6041	
1247	33	33.285	34.791	15.731	9.2333	6.6094	
1248	32.97	33.256	34.766	15.743	9.2731	6.5843	
1249	32.94	33.227	34.74	15.775	9.2931	6.6536	
1250	32.91	33.198	34.715	15.753	9.3398	6.5861	
1251	32.881	33.169	34.69	15.739	9.2561	6.6486	
1252	32.851	33.141	34.666	15.709	9.2021	6.5795	
1253	32.821	33.112	34.641	15.708	9.3079	6.5872	
1254	32.792	33.084	34.616	15.716	9.2289	6.5936	
1255	32.763	33.055	34.591	15.74	9.2415	6.623	
1256	32.733	33.027	34.567	15.719	9.2629	6.5966	
1257	32.704	32.999	34.542	15.717	9.2216	6.5567	
1258	32.675	32.971	34.517	15.725	9.2458	6.548	
1259	32.646	32.943	34.493	15.694	9.2312	6.5771	
1260	32.617	32.915	34.468	15.709	9.2387	6.553	
1261	32.588	32.887	34.444	15.706	9.2178	6.5473	
1262	32.56	32.859	34.42	15.689	9.2162	6.5425	
1263	32.531	32.831	34.395	15.706	9.2186	6.5313	
1264	32.502	32.803	34.371	15.682	9.2026	6.5444	
1265	32.474	32.776	34.347	15.708	9.2245	6.5324	
1266	32.446	32.748	34.323	15.696	9.2306	6.5176	
1267	32.417	32.721	34.299	15.709	9.2023	6.5414	
1268	32.389	32.693	34.275	15.714	9.2095	6.5453	
1269	32.361	32.666	34.251	15.701	9.2186	6.5538	
1270	32.333	32.639	34.227	15.696	9.198	6.5367	
1271	32.305	32.611	34.203	15.683	9.2039	6.5136	
1272	32.277	32.584	34.18	15.688	9.2189	6.5472	
1273	32.25	32.557	34.156	15.705	9.2243	6.5247	
1274	32.222	32.53	34.132	15.701	9.2005	6.5306	
1275	32.195	32.503	34.109	15.686	9.1823	6.4939	
1276	32.167	32.477	34.085	15.699	9.2087	6.5205	
1277	32.14	32.45	34.062	15.663	9.1993	6.5191	
1278	32.113	32.423	34.038	15.665	9.1892	6.5112	
1279	32.085	32.396	34.015	15.681	9.1589	6.4593	
1280	32.058	32.37	33.991	15.675	9.156	6.4798	
1281	32.031	32.343	33.968	15.682	9.1567	6.4748	
1282	32.004	32.317	33.945	15.676	9.169	6.4949	
1283	31.977	32.291	33.922	15.656	9.1537	6.4527	
1284	31.951	32.264	33.899	15.632	9.1916	6.4591	
1285	31.924	32.238	33.875	15.644	9.1608	6.4782	
1286	31.897	32.212	33.852	15.669	9.1557	6.4463	
1287	31.871	32.186	33.829	15.652	9.1412	6.4697	
1288	31.844	32.16	33.807	15.663	9.1606	6.4591	
1289	31.818	32.134	33.784	15.652	9.1422	6.4344	
1290	31.792	32.108	33.761	15.657	9.1551	6.4376	
1291	31.766	32.083	33.738	15.64	9.1345	6.4164	
1292	31.74	32.057	33.715	15.656	9.1345	6.4736	
1293	31.714	32.031	33.693	15.647	9.1239	6.4379	
1294	31.688	32.006	33.67	15.668	9.1578	6.4281	
1295	31.662	31.98	33.647	15.646	9.1369	6.3954	
1296	31.636	31.955	33.625	15.653	9.1292	6.3926	
1297	31.61	31.929	33.602	15.651	9.0942	6.4387	
1298	31.585	31.904	33.58	15.631	9.1357	6.4042	
1299	31.559	31.879	33.558	15.641	9.0837	6.373	
1300	31.534	31.853	33.535	15.624	9.1037	6.3995	
1301	31.508	31.828	33.513	15.641	9.126	6.3705	
1302	31.483	31.803	33.491	15.611	9.0799	6.4187	
1303	31.458	31.778	33.468	15.637	9.1245	6.3851	
1304	31.432	31.753	33.446	15.648	9.1135	6.3952	
1305	31.407	31.728	33.424	15.652	9.0861	6.3467	
1306	31.382	31.703	33.402	15.629	9.1235	6.3831	
1307	31.357	31.679	33.38	15.62	9.108	6.3954	
1308	31.332	31.654	33.358	15.613	9.0891	6.388	
1309	31.308	31.629	33.336	15.62	9.0991	6.3783	
1310	31.283	31.605	33.314	15.612	9.0767	6.3653	
1311	31.258	31.58	33.293	15.62	9.0461	6.3913	
1312	31.234	31.556	33.271	15.608	9.0606	6.3221	
1313	31.209	31.531	33.249	15.613	9.0866	6.3847	
1314	31.185	31.507	33.227	15.607	9.0596	6.3495	
1315	31.16	31.483	33.206	15.602	9.0327	6.3262	
1316	31.136	31.458	33.184	15.629	8.9941	6.3194	
1317	31.112	31.434	33.162	15.605	9.0557	6.3822	
1318	31.088	31.41	33.141	15.589	9.0545	6.3601	
1319	31.064	31.386	33.119	15.631	9.0479	6.354	
1320	31.04	31.362	33.098	15.574	9.0367	6.3584	
1321	31.016	31.338	33.077	15.612	9.0226	6.3347	
1322	30.992	31.314	33.055	15.601	8.9983	6.2378	
1323	30.968	31.29	33.034	15.554	9.0135	6.278	
1324	30.944	31.267	33.013	15.608	9.0519	6.2872	
1325	30.921	31.243	32.991	15.621	8.9865	6.3038	
1326	30.897	31.219	32.97	15.629	8.988	6.2721	
1327	30.874	31.196	32.949	15.6	9.0561	6.2622	
1328	30.85	31.172	32.928	15.561	8.9618	6.3632	
1329	30.827	31.149	32.907	15.563	8.9748	6.2771	
1330	30.803	31.125	32.886	15.621	9.0407	6.2531	
1331	30.78	31.102	32.865	15.566	9.0607	6.3246	
1332	30.757	31.078	32.844	15.561	8.9719	6.418	
1333	30.734	31.055	32.823	15.578	9.0236	6.2824	
1334	30.711	31.032	32.802	15.6	8.9906	6.2743	
1335	30.688	31.009	32.782	15.55	9.0051	6.153	
1336	30.665	30.986	32.761	15.537	9.0374	6.3185	
1337	30.642	30.963	32.74	15.618	8.9803	6.1591	
1338	30.619	30.94	32.719	15.535	9.048	6.2468	
1339	30.596	30.917	32.699	15.561	9.032	6.2708	
1340	30.574	30.894	32.678	15.593	9.0077	6.1586	
1341	30.551	30.871	32.657	15.666	8.8259	6.2786	
1342	30.529	30.848	32.637	15.575	8.9248	6.4947	
1343	30.506	30.825	32.616	15.64	9.0003	6.4568	
1344	30.484	30.803	32.596	15.52	9.0383	6.2736	
1345	30.461	30.78	32.576	15.567	9.1261	6.2256	
1346	30.439	30.757	32.555	15.405	8.8527	6.0078	
1347	30.417	30.735	32.535	15.559	9.1196	5.8337	
1348	30.395	30.712	32.515	15.504	9.1334	6.1728	
1349	30.372	30.69	32.494	15.419	9.278	6.2167	
1350	30.35	30.667	32.474	15.265	9.0644	6.2217	
1351	30.328	30.645	32.454	15.503	8.9301	5.9253	
1352	30.306	30.623	32.434	15.455	8.8241	6.3825	
1353	30.285	30.601	32.414	15.547	8.3823	6.2501	
1354	30.263	30.578	32.394	15.469	9.3073	6.3855	
1355	30.241	30.556	32.374	15.712	8.773	5.6078	
1356	30.219	30.534	32.354	15.648	9.1567	6.0752	
1357	30.198	30.512	32.334	15.444	9.0441	6.2724	
1358	30.176	30.49	32.314	16.248	9.371	6.3795	
1359	30.155	30.468	32.294	16.262	8.6908	6.918	
1426	28.833	29.098	31.037	15.655	9.2987	6.337	
1427	28.815	29.079	31.019	15.544	8.6458	6.0444	
1428	28.797	29.06	31.002	15.394	8.841	5.6434	
1429	28.778	29.041	30.984	15.638	8.6618	5.8162	
1430	28.761	29.022	30.966	15.645	8.8034	5.8313	
1431	28.743	29.003	30.949	15.324	8.9254	6.1083	
1432	28.725	28.984	30.931	15.558	8.5618	5.8907	
1433	28.707	28.965	30.913	15.35	8.5981	5.8503	
1434	28.689	28.946	30.896	15.504	8.9164	6.1849	
1435	28.671	28.927	30.878	15.523	8.856	5.7635	
1436	28.654	28.908	30.861	15.531	8.646	5.9371	
1437	28.636	28.89	30.843	15.437	8.9074	5.8618	
1438	28.618	28.871	30.826	15.329	8.6594	5.9473	
1439	28.601	28.852	30.809	15.448	8.7878	5.9026	
1440	28.583	28.834	30.791	15.332	8.7869	5.8234	
1441	28.566	28.815	30.774	15.418	8.6815	6.0523	
1442	28.548	28.797	30.757	15.471	8.6178	5.804	
1443	28.531	28.778	30.739	15.352	8.745	5.9607	
1444	28.513	28.76	30.722	15.461	8.7728	5.754	
1445	28.496	28.741	30.705	15.33	8.7337	5.8418	
1446	28.479	28.723	30.688	15.463	8.6349	5.8148	
1447	28.461	28.704	30.67	15.435	8.7027	5.7187	
1448	28.444	28.686	30.653	15.418	8.6759	5.8657	
1449	28.427	28.668	30.636	15.369	8.7286	5.8616	
1450	28.41	28.649	30.619	15.389	8.7223	5.7667	
1451	28.393	28.631	30.602	15.439	8.6835	5.8613	
1452	28.376	28.613	30.585	15.461	8.7416	5.9121	
1453	28.359	28.595	30.568	15.432	8.7434	5.9344	
1454	28.342	28.577	30.551	15.347	8.6775	5.7013	
1455	28.325	28.558	30.534	15.416	8.7501	5.778	
1456	28.308	28.54	30.517	15.442	8.7139	5.8162	
1457	28.291	28.522	30.5	15.384	8.5911	5.8161	
1458	28.274	28.504	30.483	15.382	8.7003	5.8269	
1459	28.257	28.486	30.466	15.364	8.5653	5.7475	
1460	28.24	28.468	30.449	15.406	8.6329	5.8577	
1461	28.224	28.45	30.433	15.425	8.6263	5.8131	
1462	28.207	28.432	30.416	15.392	8.6402	5.8205	
1463	28.19	28.415	30.399	15.378	8.6426	5.7707	
1464	28.174	28.397	30.382	15.356	8.6674	5.7556	
1465	28.157	28.379	30.365	15.367	8.7009	5.7782	
1466	28.141	28.361	30.349	15.362	8.5979	5.8152	
1467	28.124	28.343	30.332	15.382	8.6242	5.8072	
1468	28.108	28.326	30.315	15.351	8.6378	5.7845	
1469	28.091	28.308	30.299	15.375	8.6157	5.7777	
1470	28.075	28.29	30.282	15.368	8.6027	5.7829	
1471	28.059	28.273	30.266	15.371	8.6274	5.7814	
1472	28.042	28.255	30.249	15.372	8.6286	5.7604	
1473	28.026	28.238	30.232	15.361	8.64	5.7729	
1474	28.01	28.22	30.216	15.364	8.6233	5.7729	
1475	27.993	28.203	30.199	15.367	8.6216	5.7631	
1476	27.977	28.185	30.183	15.361	8.6167	5.7547	
1477	27.961	28.168	30.167	15.367	8.6407	5.7684	
1478	27.945	28.15	30.15	15.372	8.6251	5.7501	
1479	27.929	28.133	30.134	15.364	8.6199	5.7574	
1480	27.913	28.116	30.117	15.365	8.6238	5.7479	
1481	27.897	28.098	30.101	15.366	8.6113	5.7261	
1482	27.881	28.081	30.085	15.361	8.6283	5.7517	
1483	27.865	28.064	30.068	15.362	8.62	5.7472	
1484	27.849	28.047	30.052	15.378	8.6195	5.7384	
1485	27.833	28.03	30.036	15.355	8.6304	5.737	
1486	27.818	28.012	30.02	15.356	8.5946	5.6973	
1487	27.802	27.995	30.003	15.348	8.6228	5.7008	
1488	27.786	27.978	29.987	15.36	8.6145	5.7232	
1489	27.77	27.961	29.971	15.361	8.6151	5.7038	
1490	27.755	27.944	29.955	15.362	8.5895	5.747	
1491	27.739	27.927	29.939	15.345	8.6053	5.698	
1492	27.723	27.91	29.923	15.351	8.5961	5.7165	
1493	27.708	27.893	29.907	15.341	8.5614	5.7088	
1494	27.692	27.876	29.89	15.341	8.5719	5.697	
1495	27.677	27.859	29.874	15.332	8.5697	5.6877	
1496	27.661	27.842	29.858	15.36	8.6007	5.7053	
1497	27.646	27.826	29.842	15.331	8.5842	5.694	
1498	27.63	27.809	29.826	15.364	8.5808	5.6957	
1499	27.615	27.792	29.811	15.346	8.5729	5.7135	
1500	27.6	27.775	29.795	15.338	8.5688	5.6944	
1501	27.584	27.759	29.779	15.324	8.5615	5.6481	
1502	27.569	27.742	29.763	15.341	8.5663	5.6767	
1503	27.554	27.725	29.747	15.337	8.5858	5.6658	
1504	27.539	27.709	29.731	15.331	8.5525	5.6375	
1505	27.523	27.692	29.715	15.336	8.5556	5.6753	
1506	27.508	27.675	29.7	15.327	8.5511	5.6423	
1507	27.493	27.659	29.684	15.311	8.5398	5.6658	
1508	27.478	27.642	29.668	15.308	8.5416	5.6703	
1509	27.463	27.626	29.652	15.345	8.5427	5.6533	
1510	27.448	27.609	29.637	15.333	8.5601	5.6374	
1511	27.433	27.593	29.621	15.339	8.555	5.6471	
1512	27.418	27.576	29.605	15.33	8.5822	5.6517	
1513	27.403	27.56	29.59	15.364	8.5032	5.6648	
1514	27.388	27.544	29.574	15.322	8.5396	5.6835	
1515	27.373	27.527	29.558	15.295	8.5603	5.6483	
1516	27.359	27.511	29.543	15.318	8.5056	5.6522	
1517	27.344	27.495	29.527	15.315	8.5658	5.6102	
1518	27.329	27.479	29.512	15.295	8.5482	5.6359	
1519	27.314	27.462	29.496	15.297	8.5464	5.6432	
1520	27.3	27.446	29.481	15.291	8.534	5.6375	
1521	27.285	27.43	29.465	15.314	8.4871	5.5673	
1522	27.27	27.414	29.45	15.294	8.5187	5.5965	
1523	27.256	27.398	29.434	15.298	8.5355	5.6022	
1524	27.241	27.382	29.419	15.33	8.5488	5.6586	
1525	27.226	27.365	29.403	15.314	8.5414	5.6269	
1526	27.212	27.349	29.388	15.292	8.5151	5.6013	
1527	27.197	27.333	29.373	15.3	8.528	5.6024	
1528	27.183	27.317	29.357	15.288	8.5465	5.6141	
1529	27.169	27.301	29.342	15.293	8.4942	5.5902	
1530	27.154	27.285	29.327	15.303	8.5058	5.6026	
1531	27.14	27.27	29.311	15.28	8.4914	5.604	
1532	27.125	27.254	29.296	15.308	8.4916	5.603	
1533	27.111	27.238	29.281	15.284	8.4702	5.5967	
1534	27.097	27.222	29.266	15.305	8.4793	5.6376	
1535	27.083	27.206	29.251	15.298	8.4926	5.5712	
1536	27.068	27.19	29.235	15.276	8.4891	5.5791	
1537	27.054	27.175	29.22	15.283	8.4941	5.5846	
1538	27.04	27.159	29.205	15.277	8.5252	5.5789	
1539	27.026	27.143	29.19	15.294	8.4816	5.577	
1540	27.012	27.127	29.175	15.287	8.4628	5.578	
1541	26.998	27.112	29.16	15.275	8.4525	5.5494	
1542	26.983	27.096	29.145	15.281	8.4651	5.5754	
1543	26.969	27.08	29.13	15.279	8.4722	5.544	
1544	26.955	27.065	29.115	15.282	8.4897	5.5788	
1545	26.941	27.049	29.1	15.263	8.493	5.5536	
1546	26.928	27.034	29.085	15.278	8.4662	5.5539	
1547	26.914	27.018	29.07	15.274	8.4734	5.5453	
1548	26.9	27.003	29.055	15.277	8.4642	5.5399	
1549	26.886	26.987	29.04	15.277	8.4838	5.5347	
1550	26.872	26.972	29.025	15.282	8.4621	5.5433	
1551	26.858	26.956	29.01	15.26	8.4848	5.5405	
1552	26.844	26.941	28.995	15.272	8.4641	5.5476	
1553	26.831	26.926	28.98	15.253	8.4528	5.5522	
1554	26.817	26.91	28.965	15.262	8.4672	5.5335	
1555	26.803	26.895	28.951	15.281	8.442	5.52	
1556	26.79	26.88	28.936	15.259	8.4567	5.5561	
1557	26.776	26.864	28.921	15.253	8.4481	5.5181	
1558	26.762	26.849	28.906	15.256	8.4504	5.5207	
1559	26.749	26.834	28.891	15.276	8.4324	5.4932	
1560	26.735	26.819	28.877	15.271	8.4614	5.517	
1561	26.722	26.803	28.862	15.28	8.463	5.5073	
1562	26.708	26.788	28.847	15.286	8.4263	5.5184	
1563	26.695	26.773	28.833	15.246	8.4494	5.5213	
1564	26.681	26.758	28.818	15.253	8.4738	5.4959	
1565	26.668	26.743	28.803	15.26	8.475	5.4892	
1566	26.654	26.728	28.789	15.25	8.4211	5.471	
1567	26.641	26.713	28.774	15.272	8.4036	5.5013	
1568	26.628	26.698	28.76	15.254	8.4459	5.5132	
1569	26.614	26.683	28.745	15.273	8.4673	5.5183	
1570	26.601	26.668	28.73	15.258	8.4541	5.5109	
1571	26.588	26.653	28.716	15.251	8.43	5.5032	
1572	26.574	26.638	28.701	15.247	8.4216	5.516	
1573	26.561	26.623	28.687	15.253	8.4038	5.4898	
1574	26.548	26.608	28.672	15.271	8.4254	5.4739	
1575	26.535	26.593	28.658	15.231	8.4078	5.4942	
1576	26.522	26.578	28.644	15.249	8.3978	5.4296	
1577	26.509	26.564	28.629	15.217	8.3749	5.4756	
1578	26.495	26.549	28.615	15.237	8.4288	5.4607	
1579	26.482	26.534	28.6	15.228	8.4205	5.4795	
1580	26.469	26.519	28.586	15.239	8.3869	5.4487	
1581	26.456	26.504	28.572	15.234	8.4189	5.4105	
1582	26.443	26.49	28.557	15.257	8.4008	5.48	
1583	26.43	26.475	28.543	15.226	8.4345	5.4544	
1584	26.417	26.46	28.529	15.259	8.3606	5.4227	
1585	26.404	26.446	28.514	15.244	8.4289	5.4566	
1586	26.392	26.431	28.5	15.233	8.3734	5.502	
1587	26.379	26.416	28.486	15.238	8.4237	5.4611	
1588	26.366	26.402	28.472	15.245	8.3774	5.3926	
1589	26.353	26.387	28.457	15.215	8.3875	5.4566	
1590	26.34	26.373	28.443	15.228	8.3519	5.4219	
1591	26.327	26.358	28.429	15.219	8.3652	5.442	
1592	26.315	26.344	28.415	15.22	8.4063	5.4059	
1593	26.302	26.329	28.401	15.242	8.3902	5.4055	
1594	26.289	26.315	28.387	15.227	8.3533	5.4718	
1595	26.277	26.3	28.372	15.251	8.3693	5.388	
1596	26.264	26.286	28.358	15.218	8.396	5.4089	
1597	26.251	26.272	28.344	15.224	8.3787	5.4234	
1598	26.239	26.257	28.33	15.233	8.3674	5.3693	
1599	26.226	26.243	28.316	15.229	8.3583	5.4027	
1600	26.214	26.229	28.302	15.215	8.372	5.3582	
1601	26.201	26.214	28.288	15.245	8.3609	5.4297	
1602	26.189	26.2	28.274	15.238	8.3485	5.3855	
1603	26.176	26.186	28.26	15.243	8.3307	5.3756	
1604	26.164	26.171	28.246	15.231	8.3665	5.3766	
1605	26.151	26.157	28.232	15.219	8.355	5.4195	
1606	26.139	26.143	28.218	15.218	8.3515	5.381	
1607	26.126	26.129	28.204	15.236	8.3546	5.3807	
1608	26.114	26.115	28.19	15.198	8.3743	5.3834	
1609	26.102	26.1	28.177	15.209	8.3542	5.3865	
1610	26.089	26.086	28.163	15.217	8.3669	5.3679	
1611	26.077	26.072	28.149	15.223	8.3448	5.3933	
1612	26.065	26.058	28.135	15.243	8.3307	5.3638	
1613	26.052	26.044	28.121	15.178	8.3644	5.3728	
1614	26.04	26.03	28.107	15.202	8.361	5.4227	
1615	26.028	26.016	28.094	15.227	8.3397	5.3958	
1616	26.016	26.002	28.08	15.22	8.3127	5.3666	
1617	26.004	25.988	28.066	15.246	8.3553	5.3936	
1618	25.991	25.974	28.052	15.226	8.3236	5.3726	
1619	25.979	25.96	28.039	15.199	8.3466	5.3731	
1620	25.967	25.946	28.025	15.181	8.3603	5.3781	
1621	25.955	25.932	28.011	15.208	8.3253	5.3494	
1622	25.943	25.918	27.997	15.178	8.3112	5.3902	
1623	25.931	25.905	27.984	15.171	8.3181	5.3343	
1624	25.919	25.891	27.97	15.213	8.3478	5.3601	
1625	25.907	25.877	27.957	15.221	8.3268	5.3138	
1626	25.895	25.863	27.943	15.189	8.3195	5.3457	
1627	25.883	25.849	27.929	15.194	8.2845	5.3273	
1628	25.871	25.835	27.916	15.187	8.3499	5.3401	
1629	25.859	25.822	27.902	15.19	8.342	5.3735	
1630	25.847	25.808	27.889	15.179	8.3391	5.3371	
1631	25.835	25.794	27.875	15.173	8.3154	5.3855	
1632	25.824	25.781	27.862	15.186	8.35	5.3166	
1633	25.812	25.767	27.848	15.203	8.3497	5.3381	
1634	25.8	25.753	27.835	15.171	8.297	5.3258	
1635	25.788	25.74	27.821	15.194	8.3312	5.3287	
1636	25.777	25.726	27.808	15.188	8.3212	5.3036	
1637	25.765	25.712	27.794	15.199	8.3059	5.3668	
1638	25.753	25.699	27.781	15.222	8.2801	5.3259	
1639	25.741	25.685	27.767	15.182	8.3194	5.2974	
1640	25.73	25.672	27.754	15.173	8.2818	5.3281	
1641	25.718	25.658	27.74	15.175	8.354	5.2891	
1642	25.706	25.645	27.727	15.205	8.2703	5.335	
1643	25.695	25.631	27.714	15.19	8.3112	5.2849	
1644	25.683	25.618	27.7	15.187	8.2906	5.3078	
1645	25.672	25.604	27.687	15.188	8.2927	5.329	
1646	25.66	25.591	27.674	15.208	8.31	5.2496	
1647	25.649	25.577	27.66	15.15	8.3281	5.3322	
1648	25.637	25.564	27.647	15.196	8.214	5.2562	
1649	25.626	25.551	27.634	15.203	8.3041	5.32	
1650	25.614	25.537	27.621	15.183	8.3097	5.3172	
1651	25.603	25.524	27.607	15.183	8.2823	5.2789	
1652	25.591	25.511	27.594	15.167	8.2903	5.2806	
1653	25.58	25.497	27.581	15.222	8.273	5.3132	
1654	25.568	25.484	27.568	15.187	8.2721	5.3	
1655	25.557	25.471	27.555	15.181	8.3124	5.2674	
1656	25.546	25.457	27.541	15.178	8.2858	5.2886	
1657	25.534	25.444	27.528	15.182	8.2736	5.2715	
1658	25.523	25.431	27.515	15.168	8.2909	5.2684	
1659	25.512	25.418	27.502	15.198	8.2389	5.2994	
1660	25.501	25.405	27.489	15.134	8.2013	5.3163	
1661	25.489	25.392	27.476	15.18	8.22	5.277	
1662	25.478	25.378	27.463	15.141	8.2754	5.2561	
1663	25.467	25.365	27.45	15.16	8.3068	5.3083	
1664	25.456	25.352	27.436	15.139	8.2076	5.1903	
1665	25.445	25.339	27.423	15.134	8.2768	5.2901	
1666	25.433	25.326	27.41	15.203	8.2376	5.2267	
1667	25.422	25.313	27.397	15.116	8.178	5.2636	
1668	25.411	25.3	27.384	15.094	8.2587	5.2816	
1669	25.4	25.287	27.371	15.177	8.2221	5.1642	
1670	25.389	25.274	27.358	15.177	8.3188	5.28	
1671	25.378	25.261	27.345	15.144	8.2985	5.1962	
1672	25.367	25.248	27.332	15.205	8.2434	5.1552	
1673	25.356	25.235	27.32	15.194	8.2671	5.2595	
1674	25.345	25.222	27.307	15.196	8.273	5.2443	
1675	25.334	25.209	27.294	15.123	8.1082	5.2754	
1676	25.323	25.196	27.281	15.177	8.2951	5.2414	
1677	25.312	25.183	27.268	15.141	8.2686	5.3115	
1678	25.301	25.17	27.255	15.131	8.1656	5.2901	
1679	25.29	25.158	27.242	15.153	8.2106	5.2576	
1680	25.279	25.145	27.229	15.136	8.2649	5.3272	
1681	25.268	25.132	27.217	15.15	8.3289	5.2473	
1682	25.258	25.119	27.204	15.105	8.2398	5.2015	
1683	25.247	25.106	27.191	15.132	8.2922	5.1972	
1684	25.236	25.094	27.178	15.112	8.2552	5.3479	
1685	25.225	25.081	27.165	15.14	8.0623	5.0309	
1686	25.214	25.068	27.153	15.254	8.287	5.2897	
1687	25.204	25.055	27.14	15.066	8.3556	5.4453	
1688	25.193	25.043	27.127	15.075	8.27	5.2045	
1689	25.182	25.03	27.114	15.151	8.2085	5.0922	
1690	25.172	25.017	27.102	15.044	8.425	5.2279	
1691	25.161	25.005	27.089	15.226	8.1621	5.1941	
1692	25.15	24.992	27.076	15.228	8.4692	5.2754	
1693	25.14	24.979	27.064	14.99	8.3545	5.5722	
1694	25.129	24.967	27.051	14.9	8.082	5.2263	
1695	25.118	24.954	27.038	15.192	8.4939	5.4261	
1696	25.108	24.942	27.026	15.082	8.2301	5.4347	
1697	25.097	24.929	27.013	15.142	8.3357	5.437	
1698	25.087	24.916	27.001	14.719	8.2576	4.9981	
1699	25.076	24.904	26.988	14.916	8.6842	5.3629	
1700	25.065	24.891	26.975	14.932	8.1696	5.1826	
