	65	70	75	65	70	75	
300	45.635	43.606	42.448	37.511	37.209	37.514	
301	45.103	43.14	42.068	37.295	36.907	37.453	
302	44.589	42.692	41.698	37.087	36.772	37.279	
303	44.092	42.26	41.337	37.019	36.553	37.024	
304	43.612	41.842	40.985	36.99	36.489	37.052	
305	43.151	41.439	40.641	36.884	36.423	36.867	
306	42.705	41.048	40.302	36.614	36.185	36.77	
307	42.277	40.669	39.969	36.511	36.277	36.641	
308	41.864	40.301	39.641	36.334	36.128	36.541	
309	41.466	39.943	39.317	36.365	35.959	36.377	
310	41.083	39.594	38.995	36.171	35.873	36.379	
311	40.713	39.254	38.677	36.159	35.715	36.319	
312	40.357	38.921	38.36	36.209	35.719	36.207	
313	40.012	38.595	38.044	35.89	35.526	36.139	
314	39.679	38.276	37.729	35.955	35.547	35.953	
315	39.357	37.962	37.414	35.892	35.364	35.909	
316	39.045	37.654	37.098	35.798	35.418	35.815	
317	38.743	37.351	36.782	35.661	35.298	35.754	
318	38.45	37.051	36.465	35.561	35.153	35.59	
319	38.166	36.756	36.146	35.518	35.053	35.611	
320	37.889	36.464	35.825	35.535	35.035	35.459	
321	37.62	36.176	35.501	35.427	34.977	35.375	
322	37.359	35.89	35.175	35.393	34.901	35.332	
323	37.104	35.607	34.846	35.355	34.78	35.278	
324	36.856	35.326	34.514	35.23	34.786	35.152	
325	36.614	35.048	34.179	35.241	34.578	35.091	
326	36.378	34.772	33.841	35.155	34.568	35.032	
327	36.147	34.498	33.499	35.062	34.546	34.927	
328	35.923	34.226	33.153	35.028	34.498	34.847	
329	35.703	33.956	32.804	34.999	34.432	34.774	
330	35.489	33.688	32.452	35.011	34.459	34.767	
331	35.28	33.422	32.096	34.888	34.365	34.712	
332	35.076	33.158	31.736	34.842	34.23	34.555	
333	34.877	32.897	31.373	34.885	34.182	34.577	
334	34.683	32.637	31.007	34.798	34.161	34.525	
335	34.494	32.381	30.638	34.731	34.097	34.447	
336	34.31	32.127	30.266	34.609	34.041	34.358	
337	34.131	31.876	29.891	34.687	34.006	34.353	
338	33.957	31.628	29.515	34.632	33.962	34.303	
339	33.789	31.383	29.137	34.529	33.832	34.23	
340	33.625	31.142	28.757	34.579	33.724	34.179	
341	33.467	30.906	28.376	34.486	33.766	34.165	
342	33.315	30.673	27.995	34.466	33.725	34.1	
343	33.168	30.446	27.614	34.549	33.733	34.023	
344	33.027	30.223	27.234	34.521	33.702	33.95	
345	32.892	30.006	26.856	34.424	33.661	33.933	
346	32.763	29.795	26.48	34.455	33.622	33.892	
347	32.641	29.591	26.107	34.458	33.593	33.865	
348	32.526	29.395	25.739	34.377	33.616	33.812	
349	32.419	29.206	25.376	34.389	33.625	33.81	
350	32.319	29.027	25.021	34.388	33.625	33.767	
351	32.228	28.857	24.674	34.35	33.524	33.743	
352	32.146	28.698	24.337	34.396	33.574	33.8	
353	32.074	28.552	24.013	34.351	33.52	33.614	
354	32.013	28.417	23.701	34.458	33.583	33.722	
355	31.961	28.296	23.404	34.599	33.444	33.575	
356	31.92	28.189	23.122	34.579	33.535	33.58	
357	31.889	28.093	22.855	34.514	33.694	33.653	
358	31.866	28.008	22.601	34.45	33.599	33.561	
359	31.848	27.931	22.359	34.557	33.626	33.604	
360	31.832	27.857	22.124	34.568	33.602	33.533	
361	31.813	27.782	21.892	34.519	33.534	33.614	
362	31.788	27.7	21.659	34.468	33.471	33.318	
363	31.751	27.607	21.422	34.502	33.373	33.27	
364	31.699	27.498	21.178	34.485	33.406	33.141	
365	31.629	27.37	20.925	34.48	33.239	33.257	
366	31.538	27.221	20.663	34.43	33.18	32.916	
367	31.426	27.05	20.396	34.217	33.026	32.627	
368	31.294	26.86	20.124	34.2	33.006	32.484	
369	31.14	26.648	19.85	34.034	32.568	32.257	
370	30.967	26.418	19.577	33.841	32.395	31.955	
371	30.779	26.178	19.315	33.737	32.227	31.762	
372	30.581	25.93	19.068	33.555	32.089	31.437	
373	30.374	25.679	18.84	33.39	31.779	31.262	
374	30.162	25.427	18.636	33.076	31.523	30.992	
375	29.947	25.179	18.456	32.972	31.289	30.557	
376	29.732	24.936	18.303	32.744	31.026	30.281	
377	29.517	24.701	18.178	32.512	30.758	29.935	
378	29.305	24.475	18.08	32.361	30.452	29.755	
379	29.098	24.26	18.01	32.152	30.302	29.525	
380	28.895	24.057	17.967	31.847	30.094	29.22	
381	28.698	23.867	17.951	31.78	29.805	28.874	
382	28.507	23.689	17.959	31.618	29.702	28.718	
383	28.322	23.523	17.99	31.407	29.37	28.494	
384	28.144	23.37	18.042	31.178	29.194	28.195	
385	27.973	23.231	18.113	31.074	29.021	28.069	
386	27.81	23.105	18.203	30.864	28.789	27.848	
387	27.654	22.991	18.309	30.652	28.633	27.637	
388	27.506	22.89	18.429	30.583	28.41	27.476	
389	27.364	22.801	18.563	30.461	28.307	27.256	
390	27.23	22.723	18.709	30.26	28.108	27.05	
391	27.105	22.659	18.867	30.191	27.915	26.895	
392	26.988	22.606	19.035	29.981	27.735	26.665	
393	26.878	22.565	19.211	29.878	27.587	26.582	
394	26.775	22.534	19.395	29.682	27.397	26.4	
395	26.68	22.513	19.586	29.63	27.355	26.298	
396	26.593	22.504	19.784	29.422	27.142	26.077	
397	26.513	22.505	19.988	29.335	27.036	25.925	
398	26.44	22.515	20.197	29.275	26.882	25.776	
399	26.374	22.533	20.409	29.093	26.69	25.637	
400	26.314	22.56	20.625	29.072	26.6	25.423	
401	26.261	22.596	20.846	28.922	26.451	25.337	
402	26.215	22.64	21.068	28.768	26.379	25.181	
403	26.174	22.69	21.292	28.682	26.196	25.041	
404	26.138	22.746	21.518	28.573	26.143	24.894	
405	26.108	22.809	21.745	28.511	25.929	24.83	
406	26.083	22.879	21.973	28.418	25.831	24.647	
407	26.063	22.953	22.2	28.306	25.691	24.585	
408	26.047	23.031	22.428	28.204	25.67	24.441	
409	26.036	23.115	22.656	28.091	25.533	24.21	
410	26.029	23.204	22.883	28.031	25.423	24.179	
411	26.025	23.295	23.109	27.868	25.362	24.088	
412	26.025	23.39	23.333	27.819	25.199	23.977	
413	26.03	23.489	23.557	27.751	25.068	23.815	
414	26.038	23.591	23.779	27.647	25.046	23.779	
415	26.048	23.695	23.999	27.567	24.906	23.666	
416	26.062	23.802	24.218	27.436	24.81	23.564	
417	26.08	23.911	24.435	27.395	24.667	23.442	
418	26.1	24.023	24.65	27.242	24.576	23.314	
419	26.122	24.136	24.863	27.24	24.539	23.278	
420	26.148	24.251	25.074	27.177	24.391	23.051	
421	26.176	24.368	25.283	26.993	24.277	23.05	
422	26.207	24.486	25.489	27.016	24.164	22.99	
423	26.24	24.605	25.694	26.934	24.088	22.879	
424	26.275	24.726	25.897	26.867	24.049	22.714	
425	26.313	24.848	26.097	26.755	23.89	22.644	
426	26.352	24.97	26.295	26.651	23.86	22.58	
427	26.395	25.094	26.491	26.553	23.755	22.538	
428	26.438	25.219	26.685	26.479	23.663	22.372	
429	26.484	25.344	26.877	26.519	23.569	22.282	
430	26.532	25.47	27.067	26.369	23.426	22.284	
431	26.582	25.596	27.255	26.264	23.503	22.162	
432	26.633	25.723	27.441	26.276	23.311	21.984	
433	26.686	25.851	27.625	26.141	23.339	21.941	
434	26.741	25.979	27.807	26.086	23.175	21.795	
435	26.797	26.107	27.987	26.006	23.033	21.804	
436	26.855	26.235	28.165	25.973	22.899	21.543	
437	26.915	26.364	28.341	25.893	22.922	21.617	
438	26.975	26.493	28.516	25.872	22.893	21.469	
439	27.038	26.622	28.689	25.71	22.818	21.435	
440	27.101	26.751	28.86	25.695	22.639	21.343	
441	27.166	26.881	29.03	25.63	22.648	21.261	
442	27.233	27.011	29.198	25.588	22.648	21.104	
443	27.3	27.14	29.364	25.507	22.442	21.184	
444	27.369	27.27	29.529	25.556	22.424	20.985	
445	27.439	27.4	29.693	25.392	22.277	20.91	
446	27.51	27.529	29.855	25.234	22.293	20.863	
447	27.582	27.659	30.016	25.292	22.112	20.749	
448	27.656	27.789	30.175	25.195	22.141	20.723	
449	27.73	27.919	30.334	25.183	22.026	20.627	
450	27.806	28.049	30.491	25.118	21.916	20.654	
451	27.882	28.179	30.646	25.118	21.857	20.554	
452	27.96	28.309	30.801	25.026	21.784	20.444	
453	28.038	28.438	30.955	24.922	21.755	20.443	
454	28.118	28.568	31.107	24.835	21.684	20.273	
455	28.198	28.698	31.259	24.769	21.671	20.279	
456	28.279	28.828	31.409	24.72	21.58	20.095	
457	28.362	28.958	31.559	24.709	21.546	20.092	
458	28.445	29.088	31.708	24.66	21.441	20.062	
459	28.529	29.217	31.856	24.663	21.481	19.975	
460	28.613	29.347	32.003	24.545	21.331	19.906	
461	28.699	29.477	32.149	24.62	21.233	19.818	
462	28.786	29.607	32.295	24.431	21.183	19.772	
463	28.873	29.737	32.44	24.46	21.21	19.722	
464	28.961	29.867	32.585	24.327	21.031	19.609	
465	29.05	29.997	32.729	24.36	21.017	19.608	
466	29.139	30.127	32.872	24.267	20.954	19.454	
467	29.23	30.257	33.015	24.206	20.854	19.484	
468	29.321	30.388	33.158	24.17	20.799	19.396	
469	29.413	30.518	33.3	24.092	20.77	19.34	
470	29.506	30.649	33.441	24.061	20.699	19.193	
471	29.599	30.779	33.583	24.012	20.652	19.217	
472	29.693	30.91	33.724	23.934	20.679	19.142	
473	29.788	31.041	33.864	23.947	20.517	19.035	
474	29.884	31.172	34.005	23.908	20.509	19.076	
475	29.98	31.303	34.145	23.846	20.472	18.955	
476	30.078	31.435	34.285	23.824	20.439	18.928	
477	30.175	31.567	34.425	23.74	20.279	18.806	
478	30.274	31.699	34.565	23.684	20.28	18.775	
479	30.373	31.831	34.705	23.667	20.197	18.72	
480	30.473	31.963	34.845	23.599	20.142	18.638	
481	30.574	32.096	34.984	23.572	20.093	18.615	
482	30.675	32.229	35.124	23.495	20.1	18.561	
483	30.777	32.362	35.264	23.543	20.037	18.524	
484	30.88	32.496	35.404	23.447	19.952	18.437	
485	30.984	32.63	35.545	23.405	19.904	18.479	
486	31.088	32.765	35.685	23.388	19.787	18.36	
487	31.193	32.899	35.826	23.308	19.783	18.254	
488	31.298	33.034	35.966	23.318	19.714	18.213	
489	31.405	33.17	36.107	23.228	19.691	18.178	
490	31.512	33.306	36.249	23.239	19.606	18.185	
491	31.62	33.443	36.391	23.162	19.598	18.078	
492	31.728	33.579	36.533	23.125	19.513	18.036	
493	31.838	33.717	36.675	23.098	19.505	17.975	
494	31.947	33.855	36.818	23.049	19.475	17.976	
495	32.058	33.993	36.962	23.039	19.452	17.877	
496	32.17	34.132	37.106	22.991	19.38	17.876	
497	32.282	34.272	37.25	22.952	19.303	17.874	
498	32.395	34.412	37.395	22.922	19.281	17.787	
499	32.509	34.553	37.541	22.888	19.204	17.73	
500	32.623	34.694	37.687	22.873	19.164	17.653	
501	32.738	34.836	37.834	22.799	19.155	17.607	
502	32.854	34.979	37.981	22.748	19.072	17.553	
503	32.971	35.122	38.129	22.745	19.08	17.515	
504	33.089	35.266	38.278	22.67	18.989	17.461	
505	33.207	35.411	38.428	22.66	18.966	17.426	
506	33.326	35.556	38.579	22.59	18.9	17.357	
507	33.446	35.702	38.73	22.573	18.858	17.36	
508	33.567	35.849	38.882	22.544	18.831	17.264	
509	33.688	35.997	39.035	22.54	18.784	17.234	
510	33.811	36.145	39.189	22.464	18.744	17.185	
511	33.934	36.295	39.344	22.441	18.672	17.172	
512	34.058	36.445	39.5	22.411	18.653	17.095	
513	34.183	36.596	39.657	22.38	18.604	17.039	
514	34.308	36.748	39.815	22.329	18.581	17.008	
515	34.435	36.901	39.974	22.323	18.521	16.956	
516	34.562	37.055	40.135	22.272	18.488	16.925	
517	34.691	37.209	40.296	22.233	18.453	16.889	
518	34.82	37.365	40.458	22.213	18.429	16.8	
519	34.95	37.521	40.622	22.156	18.383	16.8	
520	35.081	37.679	40.787	22.155	18.329	16.783	
521	35.212	37.838	40.953	22.107	18.281	16.705	
522	35.345	37.997	41.12	22.082	18.236	16.682	
523	35.479	38.158	41.289	22.044	18.197	16.633	
524	35.613	38.32	41.459	22.008	18.175	16.576	
525	35.749	38.483	41.63	21.973	18.11	16.541	
526	35.885	38.647	41.803	21.948	18.101	16.479	
527	36.022	38.812	41.977	21.919	18.041	16.467	
528	36.161	38.978	42.153	21.871	18.015	16.444	
529	36.3	39.146	42.33	21.848	17.935	16.346	
530	36.44	39.314	42.508	21.807	17.963	16.332	
531	36.581	39.484	42.688	21.787	17.894	16.282	
532	36.724	39.655	42.87	21.792	17.872	16.249	
533	36.867	39.827	43.053	21.715	17.836	16.21	
534	37.011	40.001	43.238	21.688	17.765	16.173	
535	37.156	40.176	43.425	21.675	17.736	16.118	
536	37.302	40.352	43.613	21.642	17.728	16.071	
537	37.45	40.529	43.803	21.635	17.67	16.051	
538	37.598	40.708	43.995	21.595	17.649	16.008	
539	37.747	40.888	44.188	21.569	17.626	15.99	
540	37.897	41.07	44.383	21.55	17.587	15.938	
541	38.049	41.253	44.58	21.51	17.537	15.923	
542	38.201	41.437	44.779	21.482	17.509	15.858	
543	38.355	41.623	44.98	21.476	17.461	15.814	
544	38.509	41.81	45.182	21.431	17.422	15.773	
545	38.665	41.998	45.387	21.41	17.437	15.761	
546	38.822	42.188	45.593	21.352	17.352	15.71	
547	38.98	42.38	45.802	21.367	17.317	15.707	
548	39.139	42.573	46.013	21.329	17.285	15.648	
549	39.299	42.768	46.225	21.326	17.238	15.622	
550	39.46	42.964	46.44	21.261	17.228	15.591	
551	39.622	43.162	46.656	21.239	17.193	15.54	
552	39.786	43.361	46.875	21.241	17.157	15.508	
553	39.951	43.562	47.096	21.207	17.129	15.477	
554	40.116	43.765	47.32	21.168	17.077	15.44	
555	40.283	43.969	47.545	21.16	17.056	15.395	
556	40.451	44.175	47.772	21.131	17.016	15.362	
557	40.621	44.382	48.002	21.103	16.947	15.317	
558	40.791	44.591	48.234	21.084	16.962	15.3	
559	40.963	44.802	48.469	21.046	16.928	15.278	
560	41.136	45.015	48.706	21.019	16.886	15.228	
561	41.31	45.229	48.945	21.007	16.84	15.186	
562	41.485	45.445	49.186	21	16.812	15.184	
563	41.661	45.663	49.43	20.961	16.801	15.133	
564	41.839	45.882	49.676	20.944	16.75	15.126	
565	42.017	46.104	49.925	20.9	16.721	15.064	
566	42.197	46.327	50.176	20.879	16.684	15.074	
567	42.379	46.552	50.43	20.845	16.66	15.01	
568	42.561	46.778	50.686	20.818	16.626	14.969	
569	42.744	47.007	50.945	20.805	16.591	14.939	
570	42.929	47.237	51.206	20.791	16.566	14.891	
571	43.115	47.469	51.469	20.756	16.54	14.877	
572	43.303	47.703	51.736	20.734	16.528	14.866	
573	43.491	47.939	52.005	20.719	16.489	14.815	
574	43.681	48.177	52.276	20.685	16.473	14.755	
575	43.872	48.416	52.55	20.662	16.434	14.74	
576	44.064	48.657	52.827	20.631	16.404	14.719	
577	44.257	48.901	53.107	20.644	16.385	14.694	
578	44.452	49.146	53.389	20.618	16.331	14.681	
579	44.647	49.393	53.673	20.576	16.316	14.62	
580	44.844	49.642	53.961	20.577	16.277	14.621	
581	45.043	49.893	54.251	20.535	16.251	14.584	
582	45.242	50.146	54.544	20.524	16.22	14.522	
583	45.443	50.4	54.84	20.504	16.18	14.507	
584	45.645	50.657	55.138	20.492	16.17	14.517	
585	45.848	50.915	55.439	20.442	16.155	14.449	
586	46.052	51.176	55.743	20.431	16.123	14.417	
587	46.257	51.438	56.049	20.436	16.098	14.362	
588	46.464	51.702	56.359	20.408	16.07	14.357	
589	46.672	51.968	56.671	20.364	16.041	14.332	
590	46.88	52.236	56.986	20.345	16.005	14.287	
591	47.09	52.506	57.303	20.333	15.99	14.25	
592	47.302	52.778	57.623	20.31	15.918	14.221	
593	47.514	53.052	57.947	20.296	15.969	14.198	
594	47.728	53.327	58.272	20.283	15.892	14.209	
595	47.942	53.604	58.601	20.24	15.88	14.155	
596	48.158	53.884	58.932	20.22	15.879	14.124	
597	48.375	54.165	59.266	20.21	15.839	14.089	
598	48.592	54.448	59.603	20.202	15.8	14.07	
599	48.811	54.732	59.943	20.184	15.748	14.033	
600	49.031	55.019	60.285	20.146	15.774	14.024	
601	49.252	55.307	60.63	20.111	15.734	13.982	
602	49.474	55.597	60.977	20.089	15.676	13.946	
603	49.697	55.889	61.327	20.073	15.681	13.918	
604	49.921	56.182	61.68	20.062	15.645	13.915	
605	50.146	56.477	62.036	20.041	15.608	13.859	
606	50.372	56.774	62.394	20.03	15.616	13.815	
607	50.599	57.073	62.754	19.998	15.592	13.779	
608	50.827	57.373	63.118	20.014	15.535	13.804	
609	51.055	57.675	63.483	19.982	15.547	13.748	
610	51.285	57.978	63.852	19.959	15.505	13.733	
611	51.515	58.283	64.222	19.939	15.468	13.708	
612	51.746	58.589	64.595	19.937	15.48	13.705	
613	51.978	58.897	64.971	19.905	15.44	13.625	
614	52.21	59.206	65.349	19.873	15.416	13.633	
615	52.444	59.517	65.729	19.872	15.373	13.599	
616	52.678	59.829	66.112	19.848	15.366	13.567	
617	52.912	60.142	66.497	19.833	15.339	13.548	
618	53.147	60.456	66.884	19.81	15.324	13.544	
619	53.383	60.772	67.273	19.793	15.289	13.484	
620	53.619	61.089	67.664	19.769	15.26	13.464	
621	53.856	61.407	68.058	19.744	15.245	13.463	
622	54.094	61.726	68.453	19.758	15.223	13.435	
623	54.331	62.046	68.851	19.727	15.19	13.375	
624	54.569	62.367	69.25	19.705	15.17	13.372	
625	54.808	62.689	69.651	19.678	15.168	13.392	
626	55.047	63.011	70.055	19.681	15.12	13.311	
627	55.286	63.335	70.46	19.667	15.098	13.304	
628	55.525	63.659	70.866	19.638	15.06	13.283	
629	55.764	63.983	71.275	19.635	15.075	13.294	
630	56.004	64.308	71.685	19.57	15.013	13.233	
631	56.243	64.634	72.096	19.565	15.066	13.236	
632	56.483	64.96	72.509	19.575	15.011	13.141	
633	56.722	65.286	72.924	19.564	14.965	13.12	
634	56.962	65.612	73.34	19.51	14.954	13.069	
635	57.201	65.939	73.757	19.493	14.942	13.106	
636	57.44	66.265	74.175	19.49	14.951	13.106	
637	57.679	66.592	74.595	19.498	14.872	13.056	
638	57.917	66.918	75.015	19.454	14.846	13.046	
639	58.155	67.243	75.437	19.459	14.818	13.027	
640	58.393	67.569	75.86	19.425	14.799	13.018	
641	58.63	67.893	76.283	19.452	14.778	12.939	
642	58.867	68.217	76.707	19.402	14.772	12.986	
643	59.102	68.54	77.132	19.387	14.721	12.945	
644	59.337	68.863	77.558	19.404	14.727	12.899	
645	59.572	69.184	77.984	19.385	14.71	12.869	
646	59.805	69.503	78.411	19.341	14.67	12.857	
647	60.038	69.822	78.838	19.34	14.697	12.832	
648	60.269	70.138	79.266	19.298	14.644	12.833	
649	60.499	70.454	79.694	19.29	14.633	12.793	
650	60.728	70.767	80.122	19.268	14.571	12.757	
651	60.956	71.077	80.55	19.249	14.593	12.771	
652	61.183	71.386	80.978	19.245	14.544	12.718	
653	61.408	71.692	81.406	19.224	14.556	12.69	
654	61.631	71.996	81.834	19.213	14.505	12.636	
655	61.853	72.296	82.262	19.188	14.528	12.643	
656	62.073	72.593	82.689	19.173	14.551	12.655	
657	62.292	72.887	83.116	19.182	14.495	12.58	
658	62.508	73.178	83.542	19.145	14.451	12.585	
659	62.723	73.464	83.968	19.135	14.393	12.576	
660	62.935	73.746	84.392	19.131	14.406	12.557	
661	63.145	74.024	84.816	19.149	14.366	12.521	
662	63.353	74.297	85.238	19.141	14.38	12.487	
663	63.559	74.565	85.659	19.085	14.354	12.478	
664	63.762	74.827	86.078	19.067	14.358	12.46	
665	63.963	75.084	86.495	19.05	14.329	12.422	
666	64.161	75.335	86.909	19.037	14.283	12.4	
667	64.356	75.579	87.319	19.049	14.264	12.403	
668	64.548	75.817	87.724	19.03	14.28	12.379	
669	64.738	76.047	88.121	19.015	14.24	12.357	
670	64.924	76.27	88.503	18.996	14.227	12.341	
671	65.107	76.486	88.859	18.983	14.189	12.272	
672	65.287	76.693	89.155	18.968	14.151	12.307	
673	65.464	76.891	89.311	18.924	14.153	12.286	
674	65.637	77.081	89.239	18.939	14.161	12.278	
675	65.806	77.261	88.988	18.916	14.153	12.296	
676	65.972	77.431	88.656	18.918	14.072	12.203	
677	66.134	77.591	88.291	18.905	14.111	12.199	
678	66.292	77.741	87.911	18.877	14.073	12.219	
679	66.446	77.879	87.524	18.874	14.028	12.143	
680	66.596	78.007	87.133	18.865	14.013	12.153	
681	66.742	78.123	86.74	18.846	13.999	12.088	
682	66.884	78.228	86.347	18.845	14.005	12.109	
683	67.021	78.32	85.955	18.808	13.954	12.072	
684	67.154	78.4	85.563	18.784	13.945	12.093	
685	67.283	78.468	85.172	18.793	13.961	12.052	
686	67.407	78.524	84.782	18.775	13.924	12.002	
687	67.526	78.566	84.394	18.777	13.89	11.991	
688	67.64	78.596	84.007	18.772	13.868	11.962	
689	67.75	78.614	83.623	18.761	13.903	11.957	
690	67.855	78.619	83.24	18.716	13.875	11.965	
691	67.955	78.611	82.859	18.724	13.843	11.91	
692	68.049	78.591	82.48	18.709	13.782	11.94	
693	68.139	78.56	82.103	18.696	13.781	11.891	
694	68.224	78.516	81.728	18.682	13.775	11.898	
695	68.303	78.46	81.356	18.653	13.738	11.859	
696	68.378	78.393	80.985	18.654	13.704	11.854	
697	68.447	78.315	80.617	18.647	13.742	11.818	
698	68.511	78.227	80.251	18.656	13.697	11.76	
699	68.569	78.128	79.887	18.615	13.678	11.745	
700	68.623	78.019	79.526	18.603	13.714	11.763	
701	68.671	77.901	79.167	18.616	13.601	11.754	
702	68.714	77.774	78.811	18.605	13.677	11.742	
703	68.751	77.638	78.456	18.55	13.664	11.695	
704	68.783	77.495	78.105	18.548	13.616	11.689	
705	68.81	77.343	77.755	18.593	13.586	11.663	
706	68.832	77.184	77.409	18.539	13.595	11.627	
707	68.848	77.018	77.064	18.519	13.587	11.625	
708	68.859	76.846	76.722	18.499	13.513	11.634	
709	68.865	76.668	76.383	18.52	13.555	11.58	
710	68.866	76.484	76.046	18.509	13.487	11.628	
711	68.862	76.294	75.712	18.491	13.491	11.511	
712	68.852	76.1	75.38	18.46	13.43	11.505	
713	68.838	75.901	75.051	18.443	13.501	11.532	
714	68.819	75.698	74.724	18.434	13.419	11.487	
715	68.795	75.49	74.4	18.397	13.433	11.469	
716	68.766	75.28	74.078	18.418	13.356	11.374	
717	68.732	75.066	73.759	18.408	13.398	11.468	
718	68.694	74.848	73.442	18.389	13.347	11.371	
719	68.651	74.628	73.128	18.416	13.365	11.461	
720	68.604	74.406	72.817	18.332	13.336	11.414	
721	68.552	74.181	72.508	18.377	13.311	11.389	
722	68.496	73.954	72.201	18.373	13.341	11.365	
723	68.435	73.725	71.897	18.316	13.339	11.362	
724	68.371	73.494	71.596	18.348	13.267	11.357	
725	68.303	73.262	71.297	18.293	13.366	11.278	
726	68.23	73.028	71	18.343	13.2	11.279	
727	68.154	72.794	70.707	18.3	13.25	11.255	
728	68.074	72.558	70.415	18.318	13.194	11.255	
729	67.99	72.322	70.126	18.272	13.178	11.254	
730	67.903	72.085	69.84	18.26	13.183	11.173	
731	67.812	71.847	69.556	18.22	13.167	11.208	
732	67.718	71.609	69.274	18.247	13.116	11.197	
733	67.621	71.371	68.995	18.236	13.152	11.165	
734	67.521	71.132	68.719	18.263	13.117	11.143	
735	67.418	70.894	68.444	18.212	13.131	11.119	
736	67.312	70.655	68.173	18.211	13.114	11.12	
737	67.203	70.416	67.903	18.221	13.084	11.153	
738	67.091	70.178	67.636	18.175	13.091	11.076	
739	66.976	69.94	67.371	18.168	13.067	11.094	
740	66.86	69.702	67.109	18.198	13.06	11.074	
741	66.74	69.465	66.849	18.146	13.012	11.072	
742	66.619	69.228	66.591	18.159	13.021	11.016	
743	66.495	68.992	66.336	18.16	13.027	10.987	
744	66.369	68.756	66.083	18.128	13	11.023	
745	66.241	68.521	65.832	18.098	13.023	11.013	
746	66.111	68.286	65.584	18.113	12.97	10.981	
747	65.979	68.053	65.338	18.112	13.001	10.944	
748	65.845	67.82	65.094	18.09	12.967	10.93	
749	65.71	67.588	64.852	18.087	12.928	10.902	
750	65.573	67.357	64.612	18.026	12.909	10.938	
751	65.434	67.127	64.375	18.064	12.892	10.873	
752	65.294	66.898	64.139	18.016	12.923	10.846	
753	65.153	66.67	63.906	18.042	12.881	10.845	
754	65.01	66.443	63.675	18.033	12.862	10.87	
755	64.866	66.217	63.446	17.998	12.896	10.794	
756	64.721	65.992	63.22	18.017	12.83	10.84	
757	64.575	65.768	62.995	18.016	12.778	10.837	
758	64.428	65.545	62.772	17.993	12.814	10.794	
759	64.28	65.324	62.552	17.991	12.817	10.766	
760	64.131	65.103	62.333	17.965	12.743	10.723	
761	63.981	64.884	62.116	17.94	12.757	10.727	
762	63.831	64.666	61.902	17.968	12.744	10.685	
763	63.68	64.45	61.689	17.942	12.757	10.67	
764	63.528	64.234	61.478	17.942	12.75	10.703	
765	63.375	64.02	61.269	17.928	12.723	10.649	
766	63.222	63.807	61.063	17.945	12.732	10.659	
767	63.069	63.595	60.858	17.932	12.689	10.658	
768	62.915	63.385	60.654	17.898	12.676	10.604	
769	62.76	63.175	60.453	17.901	12.684	10.63	
770	62.606	62.968	60.254	17.88	12.632	10.573	
771	62.451	62.761	60.056	17.839	12.621	10.567	
772	62.296	62.556	59.86	17.837	12.664	10.567	
773	62.14	62.352	59.666	17.851	12.613	10.567	
774	61.985	62.149	59.474	17.831	12.605	10.51	
775	61.829	61.948	59.284	17.81	12.584	10.517	
776	61.673	61.748	59.095	17.872	12.563	10.49	
777	61.517	61.549	58.908	17.813	12.541	10.499	
778	61.361	61.351	58.723	17.814	12.507	10.516	
779	61.205	61.155	58.539	17.771	12.515	10.473	
780	61.05	60.96	58.357	17.769	12.529	10.484	
781	60.894	60.767	58.176	17.816	12.552	10.405	
782	60.738	60.575	57.998	17.788	12.453	10.414	
783	60.583	60.384	57.821	17.766	12.44	10.413	
784	60.427	60.194	57.645	17.747	12.468	10.369	
785	60.272	60.006	57.471	17.727	12.424	10.347	
786	60.117	59.819	57.299	17.72	12.435	10.349	
787	59.963	59.634	57.128	17.725	12.412	10.345	
788	59.808	59.449	56.959	17.722	12.394	10.324	
789	59.654	59.266	56.791	17.703	12.376	10.317	
790	59.5	59.084	56.624	17.705	12.403	10.277	
791	59.347	58.904	56.46	17.675	12.368	10.278	
792	59.194	58.725	56.296	17.689	12.361	10.267	
793	59.041	58.547	56.134	17.679	12.381	10.266	
794	58.889	58.37	55.974	17.66	12.327	10.239	
795	58.737	58.195	55.815	17.659	12.309	10.224	
796	58.585	58.021	55.657	17.662	12.313	10.213	
797	58.434	57.848	55.501	17.654	12.325	10.176	
798	58.283	57.676	55.346	17.666	12.323	10.181	
799	58.133	57.505	55.192	17.647	12.261	10.206	
800	57.984	57.336	55.04	17.62	12.266	10.135	
801	57.834	57.168	54.889	17.605	12.279	10.152	
802	57.686	57.001	54.74	17.648	12.257	10.122	
803	57.538	56.836	54.591	17.585	12.228	10.092	
804	57.39	56.671	54.444	17.575	12.219	10.133	
805	57.243	56.508	54.299	17.566	12.198	10.093	
806	57.096	56.346	54.154	17.583	12.17	10.084	
807	56.95	56.185	54.011	17.566	12.126	10.115	
808	56.805	56.026	53.869	17.569	12.174	10.024	
809	56.66	55.867	53.728	17.516	12.099	10.047	
810	56.516	55.71	53.589	17.556	12.165	10.014	
811	56.372	55.554	53.45	17.537	12.131	9.9973	
812	56.229	55.399	53.313	17.532	12.176	10.005	
813	56.087	55.245	53.177	17.542	12.077	9.9926	
814	55.945	55.092	53.042	17.52	12.11	10.013	
815	55.804	54.94	52.908	17.499	12.091	9.9656	
816	55.663	54.79	52.775	17.51	12.082	9.9131	
817	55.523	54.64	52.644	17.487	12.062	9.9298	
818	55.384	54.492	52.513	17.492	12.059	9.9034	
819	55.245	54.344	52.384	17.483	12.042	9.9129	
820	55.107	54.198	52.256	17.46	12.018	9.8719	
821	54.97	54.053	52.129	17.453	12.005	9.8656	
822	54.833	53.909	52.002	17.45	12.012	9.8616	
823	54.697	53.765	51.877	17.451	12.006	9.8525	
824	54.562	53.623	51.753	17.443	12.007	9.8497	
825	54.427	53.482	51.63	17.437	11.988	9.8449	
826	54.293	53.342	51.508	17.433	11.98	9.8362	
827	54.16	53.203	51.387	17.43	11.974	9.8144	
828	54.027	53.065	51.267	17.419	11.964	9.8087	
829	53.895	52.928	51.147	17.407	11.95	9.7941	
830	53.764	52.792	51.029	17.407	11.946	9.8031	
831	53.633	52.657	50.912	17.4	11.919	9.7859	
832	53.503	52.523	50.796	17.384	11.91	9.7662	
833	53.373	52.39	50.68	17.379	11.905	9.7353	
834	53.245	52.258	50.566	17.367	11.897	9.7158	
835	53.117	52.126	50.452	17.36	11.889	9.7177	
836	52.989	51.996	50.339	17.358	11.888	9.6974	
837	52.862	51.867	50.228	17.35	11.861	9.7024	
838	52.736	51.738	50.117	17.356	11.846	9.6741	
839	52.611	51.611	50.007	17.339	11.835	9.6728	
840	52.486	51.484	49.897	17.323	11.851	9.6213	
841	52.362	51.358	49.789	17.338	11.799	9.6059	
842	52.239	51.234	49.682	17.35	11.812	9.6524	
843	52.116	51.11	49.575	17.333	11.79	9.6237	
844	51.994	50.987	49.469	17.328	11.8	9.6135	
845	51.873	50.864	49.364	17.337	11.83	9.5864	
846	51.752	50.743	49.26	17.25	11.762	9.5728	
847	51.632	50.622	49.156	17.316	11.671	9.6306	
848	51.512	50.503	49.054	17.299	11.801	9.6341	
849	51.394	50.384	48.952	17.296	11.713	9.5251	
850	51.276	50.266	48.851	17.278	11.74	9.5683	
851	51.158	50.149	48.75	17.254	11.712	9.5872	
852	51.041	50.032	48.651	17.249	11.723	9.4661	
853	50.925	49.917	48.552	17.279	11.658	9.4759	
854	50.81	49.802	48.454	17.228	11.704	9.4325	
855	50.695	49.688	48.356	17.23	11.626	9.478	
856	50.581	49.575	48.26	17.202	11.678	9.4881	
857	50.467	49.463	48.164	17.234	11.659	9.4508	
858	50.354	49.351	48.068	17.248	11.682	9.4151	
859	50.242	49.24	47.974	17.26	11.629	9.461	
860	50.13	49.13	47.88	17.206	11.667	9.4684	
861	50.019	49.021	47.787	17.177	11.615	9.3825	
862	49.909	48.912	47.694	17.215	11.595	9.3837	
863	49.799	48.804	47.602	17.205	11.644	9.3907	
864	49.69	48.697	47.511	17.208	11.589	9.387	
865	49.581	48.591	47.42	17.157	11.577	9.3165	
866	49.473	48.485	47.331	17.167	11.563	9.3468	
867	49.366	48.38	47.241	17.147	11.513	9.3459	
868	49.259	48.275	47.153	17.118	11.543	9.3501	
869	49.153	48.172	47.065	17.15	11.508	9.2901	
870	49.048	48.069	46.977	17.159	11.516	9.3057	
871	48.943	47.967	46.89	17.146	11.508	9.2767	
872	48.838	47.865	46.804	17.131	11.512	9.3136	
873	48.735	47.764	46.719	17.157	11.469	9.267	
874	48.631	47.664	46.634	17.129	11.488	9.2504	
875	48.529	47.565	46.549	17.111	11.474	9.2559	
876	48.427	47.466	46.465	17.115	11.465	9.2204	
877	48.325	47.367	46.382	17.112	11.46	9.2537	
878	48.225	47.27	46.299	17.083	11.444	9.2191	
879	48.124	47.173	46.217	17.079	11.432	9.1998	
880	48.025	47.076	46.136	17.071	11.421	9.1926	
881	47.926	46.981	46.055	17.069	11.417	9.1849	
882	47.827	46.886	45.974	17.067	11.412	9.1889	
883	47.729	46.791	45.894	17.063	11.408	9.1794	
884	47.632	46.697	45.815	17.061	11.404	9.1718	
885	47.535	46.604	45.736	17.061	11.396	9.1709	
886	47.438	46.511	45.657	17.056	11.388	9.1566	
887	47.343	46.419	45.58	17.046	11.371	9.1428	
888	47.247	46.328	45.502	17.044	11.364	9.1243	
889	47.153	46.237	45.425	17.031	11.351	9.1119	
890	47.058	46.146	45.349	17.018	11.337	9.0964	
891	46.965	46.057	45.273	17.012	11.328	9.0812	
892	46.872	45.967	45.198	17.01	11.316	9.0788	
893	46.779	45.879	45.123	17.003	11.31	9.0602	
894	46.687	45.791	45.049	16.991	11.308	9.0486	
895	46.595	45.703	44.975	16.999	11.303	9.0533	
896	46.504	45.616	44.901	16.989	11.29	9.0498	
897	46.414	45.529	44.828	16.989	11.285	9.0476	
898	46.324	45.444	44.756	16.987	11.282	9.0195	
899	46.234	45.358	44.684	16.979	11.268	9.0175	
900	46.145	45.273	44.612	16.966	11.258	8.9949	
901	46.057	45.189	44.541	16.947	11.247	8.9733	
902	45.969	45.105	44.47	16.948	11.229	8.9685	
903	45.881	45.022	44.4	16.945	11.226	8.9618	
904	45.794	44.939	44.33	16.94	11.217	8.9595	
905	45.708	44.856	44.261	16.932	11.215	8.9576	
906	45.621	44.775	44.192	16.934	11.21	8.9517	
907	45.536	44.693	44.123	16.929	11.206	8.9528	
908	45.451	44.612	44.055	16.931	11.194	8.9288	
909	45.366	44.532	43.987	16.916	11.183	8.9209	
910	45.282	44.452	43.92	16.902	11.167	8.91	
911	45.198	44.373	43.853	16.906	11.155	8.9055	
912	45.115	44.294	43.786	16.894	11.128	8.8691	
913	45.032	44.215	43.72	16.881	11.137	8.8493	
914	44.95	44.137	43.654	16.883	11.127	8.8511	
915	44.868	44.06	43.589	16.876	11.114	8.8449	
916	44.786	43.982	43.524	16.869	11.119	8.8435	
917	44.705	43.906	43.46	16.869	11.116	8.8377	
918	44.625	43.829	43.395	16.872	11.111	8.8326	
919	44.545	43.754	43.332	16.868	11.102	8.8198	
920	44.465	43.678	43.268	16.862	11.094	8.8106	
921	44.386	43.603	43.205	16.852	11.081	8.8013	
922	44.307	43.529	43.142	16.848	11.073	8.8045	
923	44.229	43.455	43.08	16.851	11.066	8.7956	
924	44.151	43.381	43.018	16.835	11.037	8.7695	
925	44.073	43.308	42.956	16.832	11.054	8.7564	
926	43.996	43.235	42.895	16.815	11.035	8.7417	
927	43.919	43.163	42.834	16.816	11.041	8.7315	
928	43.843	43.091	42.773	16.814	11.034	8.7362	
929	43.767	43.019	42.713	16.797	10.994	8.7477	
930	43.692	42.948	42.653	16.793	10.972	8.7269	
931	43.617	42.877	42.593	16.805	11.016	8.7154	
932	43.542	42.807	42.534	16.812	10.951	8.6826	
933	43.468	42.737	42.475	16.782	11.008	8.6791	
934	43.394	42.667	42.416	16.775	10.976	8.695	
935	43.32	42.598	42.358	16.773	10.978	8.6554	
936	43.247	42.529	42.3	16.753	10.941	8.6501	
937	43.174	42.461	42.242	16.753	10.935	8.6851	
938	43.102	42.393	42.185	16.783	10.944	8.6069	
939	43.03	42.325	42.128	16.761	10.933	8.6336	
940	42.959	42.257	42.071	16.766	10.894	8.6504	
941	42.887	42.191	42.015	16.76	10.92	8.6114	
942	42.817	42.124	41.958	16.739	10.886	8.5574	
943	42.746	42.058	41.903	16.715	10.91	8.5951	
944	42.676	41.992	41.847	16.717	10.929	8.5787	
945	42.606	41.926	41.792	16.744	10.893	8.5827	
946	42.537	41.861	41.737	16.743	10.888	8.5713	
947	42.468	41.796	41.682	16.722	10.888	8.5569	
948	42.399	41.731	41.628	16.718	10.861	8.5456	
949	42.331	41.667	41.573	16.708	10.84	8.5238	
950	42.263	41.603	41.519	16.702	10.832	8.5213	
951	42.196	41.54	41.466	16.691	10.851	8.5259	
952	42.128	41.477	41.413	16.683	10.844	8.5209	
953	42.061	41.414	41.36	16.694	10.825	8.4986	
954	41.995	41.351	41.307	16.695	10.819	8.5124	
955	41.929	41.289	41.254	16.682	10.807	8.4784	
956	41.863	41.227	41.202	16.663	10.812	8.4848	
957	41.797	41.166	41.15	16.664	10.803	8.5324	
958	41.732	41.104	41.098	16.644	10.785	8.4534	
959	41.667	41.043	41.047	16.666	10.771	8.4791	
960	41.603	40.983	40.996	16.678	10.753	8.4078	
961	41.538	40.922	40.945	16.673	10.778	8.3952	
962	41.474	40.862	40.894	16.661	10.689	8.3687	
963	41.411	40.803	40.843	16.62	10.712	8.4149	
964	41.348	40.743	40.793	16.649	10.748	8.3485	
965	41.285	40.684	40.743	16.617	10.733	8.3817	
966	41.222	40.625	40.694	16.628	10.753	8.359	
967	41.16	40.567	40.644	16.623	10.733	8.3919	
968	41.098	40.508	40.595	16.627	10.745	8.3832	
969	41.036	40.45	40.546	16.611	10.709	8.3707	
970	40.975	40.393	40.497	16.625	10.692	8.3925	
971	40.914	40.335	40.448	16.613	10.68	8.3706	
972	40.853	40.278	40.4	16.61	10.702	8.3492	
973	40.792	40.221	40.352	16.61	10.685	8.3224	
974	40.732	40.165	40.304	16.594	10.661	8.3374	
975	40.672	40.108	40.256	16.588	10.668	8.2816	
976	40.612	40.052	40.209	16.58	10.653	8.2972	
977	40.553	39.997	40.162	16.575	10.641	8.2843	
978	40.494	39.941	40.115	16.572	10.632	8.2858	
979	40.435	39.886	40.068	16.57	10.638	8.2719	
980	40.377	39.831	40.021	16.575	10.628	8.2724	
981	40.319	39.776	39.975	16.572	10.626	8.2804	
982	40.261	39.722	39.929	16.566	10.621	8.2707	
983	40.203	39.668	39.883	16.562	10.623	8.2828	
984	40.146	39.614	39.837	16.548	10.613	8.2676	
985	40.089	39.56	39.792	16.546	10.617	8.2362	
986	40.032	39.507	39.746	16.573	10.595	8.2584	
987	39.975	39.453	39.701	16.537	10.591	8.2149	
988	39.919	39.401	39.656	16.532	10.56	8.1936	
989	39.863	39.348	39.612	16.524	10.566	8.1933	
990	39.807	39.295	39.567	16.52	10.547	8.1876	
991	39.752	39.243	39.523	16.519	10.55	8.1676	
992	39.697	39.191	39.479	16.52	10.545	8.1802	
993	39.642	39.139	39.435	16.509	10.544	8.1739	
994	39.587	39.088	39.391	16.517	10.548	8.1768	
995	39.532	39.037	39.347	16.503	10.54	8.1619	
996	39.478	38.986	39.304	16.496	10.533	8.1554	
997	39.424	38.935	39.261	16.504	10.529	8.1444	
998	39.371	38.884	39.218	16.493	10.516	8.1417	
999	39.317	38.834	39.175	16.483	10.502	8.1776	
1000	39.264	38.784	39.132	16.5	10.478	8.1157	
1001	39.211	38.734	39.09	16.464	10.53	8.0949	
1002	39.158	38.684	39.048	16.485	10.51	8.0982	
1003	39.106	38.635	39.006	16.476	10.477	8.0989	
1004	39.053	38.586	38.964	16.475	10.443	8.0759	
1005	39.001	38.537	38.922	16.439	10.542	8.1117	
1006	38.95	38.488	38.88	16.467	10.428	8.1096	
1007	38.898	38.439	38.839	16.465	10.492	8.0327	
1008	38.847	38.391	38.798	16.449	10.484	8.0563	
1009	38.796	38.343	38.757	16.429	10.432	8.0496	
1010	38.745	38.295	38.716	16.466	10.451	8.0414	
1011	38.694	38.247	38.675	16.433	10.444	8.0428	
1012	38.644	38.199	38.634	16.438	10.431	8.0143	
1013	38.594	38.152	38.594	16.434	10.414	8.0082	
1014	38.544	38.105	38.554	16.435	10.394	8.0042	
1015	38.494	38.058	38.514	16.437	10.4	7.9932	
1016	38.445	38.011	38.474	16.413	10.402	8.087	
1017	38.395	37.965	38.434	16.395	10.365	7.9546	
1018	38.346	37.918	38.394	16.391	10.366	7.9748	
1019	38.298	37.872	38.355	16.377	10.349	7.938	
1020	38.249	37.826	38.316	16.428	10.409	7.9076	
1021	38.2	37.78	38.276	16.344	10.406	7.9482	
1022	38.152	37.735	38.237	16.399	10.335	7.9468	
1023	38.104	37.689	38.199	16.418	10.322	7.9437	
1024	38.056	37.644	38.16	16.374	10.301	7.9785	
1025	38.009	37.599	38.121	16.416	10.31	7.9159	
1026	37.962	37.554	38.083	16.38	10.359	7.8728	
1027	37.914	37.51	38.045	16.414	10.241	7.8987	
1028	37.867	37.465	38.007	16.371	10.339	7.8451	
1029	37.821	37.421	37.969	16.355	10.283	7.8299	
1030	37.774	37.377	37.931	16.359	10.328	7.903	
1031	37.728	37.333	37.893	16.422	10.333	7.9249	
1032	37.682	37.289	37.856	16.316	10.327	7.8632	
1033	37.636	37.245	37.818	16.382	10.287	7.887	
1034	37.59	37.202	37.781	16.356	10.309	7.8533	
1035	37.544	37.159	37.744	16.379	10.251	7.9231	
1036	37.499	37.116	37.707	16.253	10.285	7.8388	
1037	37.454	37.073	37.67	16.397	10.175	7.8035	
1038	37.409	37.03	37.633	16.319	10.24	7.9786	
1039	37.364	36.988	37.597	16.361	10.29	7.9209	
1040	37.319	36.945	37.56	16.298	10.088	7.8087	
1041	37.275	36.903	37.524	16.335	10.216	7.8567	
1042	37.23	36.861	37.488	16.445	10.238	7.6434	
1043	37.186	36.819	37.452	16.412	10.176	7.6925	
1044	37.142	36.777	37.416	16.267	10.268	7.7417	
1045	37.099	36.736	37.38	16.308	10.204	7.7873	
1046	37.055	36.694	37.344	16.204	10.35	7.5825	
1047	37.012	36.653	37.309	16.266	10.039	7.7932	
1048	36.969	36.612	37.273	16.229	10.157	7.8069	
1049	36.926	36.571	37.238	16.299	10.171	7.7236	
1050	36.883	36.53	37.203	16.276	10.083	7.8107	
1051	36.84	36.49	37.168	16.278	10.17	7.7396	
1052	36.798	36.449	37.133	16.273	10.161	7.7044	
1053	36.755	36.409	37.098	16.277	10.167	7.7231	
1054	36.713	36.369	37.063	16.277	10.148	7.7089	
1055	36.671	36.329	37.029	16.277	10.167	7.6972	
1056	36.63	36.289	36.994	16.273	10.135	7.687	
1057	36.588	36.249	36.96	16.269	10.153	7.6997	
1058	36.546	36.209	36.926	16.262	10.142	7.6709	
1059	36.505	36.17	36.892	16.247	10.134	7.6933	
1060	36.464	36.131	36.858	16.254	10.134	7.6648	
1061	36.423	36.092	36.824	16.263	10.116	7.6747	
1062	36.382	36.053	36.79	16.239	10.115	7.6648	
1063	36.342	36.014	36.757	16.235	10.098	7.6667	
1064	36.301	35.975	36.723	16.233	10.093	7.6472	
1065	36.261	35.936	36.69	16.225	10.087	7.629	
1066	36.221	35.898	36.656	16.232	10.086	7.618	
1067	36.181	35.86	36.623	16.223	10.089	7.6219	
1068	36.141	35.822	36.59	16.218	10.078	7.6284	
1069	36.101	35.783	36.557	16.223	10.054	7.6005	
1070	36.062	35.746	36.524	16.22	10.079	7.5985	
1071	36.022	35.708	36.492	16.218	10.063	7.599	
1072	35.983	35.67	36.459	16.202	10.065	7.5925	
1073	35.944	35.633	36.426	16.215	10.029	7.5661	
1074	35.905	35.595	36.394	16.199	10.044	7.5808	
1075	35.866	35.558	36.362	16.193	10.033	7.5517	
1076	35.828	35.521	36.329	16.201	10.022	7.5548	
1077	35.789	35.484	36.297	16.189	10.024	7.5511	
1078	35.751	35.447	36.265	16.185	10.008	7.5417	
1079	35.712	35.411	36.233	16.186	10.022	7.5314	
1080	35.674	35.374	36.201	16.186	10.011	7.5387	
1081	35.637	35.338	36.17	16.179	10.01	7.5348	
1082	35.599	35.301	36.138	16.172	10.007	7.5257	
1083	35.561	35.265	36.106	16.18	9.9947	7.5117	
1084	35.524	35.229	36.075	16.172	9.995	7.5129	
1085	35.486	35.193	36.044	16.166	9.9914	7.5014	
1086	35.449	35.157	36.012	16.171	9.9923	7.5038	
1087	35.412	35.122	35.981	16.156	9.9873	7.4945	
1088	35.375	35.086	35.95	16.166	9.9817	7.4997	
1089	35.338	35.05	35.919	16.159	9.9779	7.4821	
1090	35.302	35.015	35.888	16.158	9.9803	7.4881	
1091	35.265	34.98	35.858	16.153	9.9785	7.4853	
1092	35.229	34.945	35.827	16.144	9.9565	7.4715	
1093	35.193	34.91	35.796	16.148	9.9506	7.4729	
1094	35.157	34.875	35.766	16.141	9.9601	7.4722	
1095	35.121	34.84	35.736	16.15	9.9318	7.4483	
1096	35.085	34.806	35.705	16.144	9.9407	7.4519	
1097	35.049	34.771	35.675	16.13	9.9283	7.4383	
1098	35.013	34.737	35.645	16.124	9.9234	7.4168	
1099	34.978	34.702	35.615	16.123	9.9232	7.4195	
1100	34.943	34.668	35.585	16.113	9.9178	7.4139	
1101	34.907	34.634	35.555	16.124	9.9056	7.3964	
1102	34.872	34.6	35.525	16.116	9.8945	7.3888	
1103	34.837	34.566	35.496	16.109	9.8791	7.3797	
1104	34.803	34.532	35.466	16.105	9.888	7.3786	
1105	34.768	34.499	35.436	16.097	9.8862	7.3711	
1106	34.733	34.465	35.407	16.101	9.8753	7.3644	
1107	34.699	34.432	35.378	16.09	9.8672	7.3615	
1108	34.665	34.398	35.348	16.098	9.873	7.3533	
1109	34.63	34.365	35.319	16.089	9.8628	7.35	
1110	34.596	34.332	35.29	16.087	9.8562	7.3493	
1111	34.562	34.299	35.261	16.086	9.8575	7.3426	
1112	34.528	34.266	35.232	16.085	9.8439	7.3361	
1113	34.495	34.233	35.203	16.085	9.8491	7.3346	
1114	34.461	34.201	35.174	16.08	9.8466	7.3305	
1115	34.428	34.168	35.146	16.077	9.8484	7.3291	
1116	34.394	34.136	35.117	16.078	9.8409	7.3321	
1117	34.361	34.103	35.089	16.079	9.8416	7.3209	
1118	34.328	34.071	35.06	16.072	9.8334	7.3214	
1119	34.295	34.039	35.032	16.06	9.8347	7.3015	
1120	34.262	34.007	35.003	16.068	9.8313	7.2924	
1121	34.229	33.975	34.975	16.067	9.8176	7.2878	
1122	34.196	33.943	34.947	16.06	9.8063	7.2978	
1123	34.164	33.911	34.919	16.048	9.8069	7.2903	
1124	34.131	33.879	34.891	16.063	9.8076	7.2673	
1125	34.099	33.848	34.863	16.054	9.7979	7.2623	
1126	34.067	33.816	34.835	16.058	9.8085	7.2676	
1127	34.035	33.785	34.807	16.033	9.7894	7.2435	
1128	34.003	33.753	34.78	16.033	9.7801	7.246	
1129	33.971	33.722	34.752	16.039	9.78	7.2589	
1130	33.939	33.691	34.725	16.029	9.784	7.2303	
1131	33.907	33.66	34.697	16.028	9.7661	7.2327	
1132	33.876	33.629	34.67	16.029	9.7641	7.2224	
1133	33.844	33.598	34.642	16.022	9.7746	7.22	
1134	33.813	33.567	34.615	16.013	9.7404	7.2208	
1135	33.782	33.537	34.588	16.016	9.7516	7.1929	
1136	33.75	33.506	34.561	16.019	9.733	7.2045	
1137	33.719	33.476	34.534	16.012	9.7186	7.2018	
1138	33.688	33.445	34.507	16.011	9.7314	7.1817	
1139	33.657	33.415	34.48	16.007	9.7294	7.188	
1140	33.627	33.385	34.453	16	9.711	7.1734	
1141	33.596	33.355	34.426	16.013	9.7229	7.1701	
1142	33.565	33.325	34.4	16.009	9.7157	7.1425	
1143	33.535	33.295	34.373	15.991	9.7047	7.1754	
1144	33.505	33.265	34.346	15.991	9.6948	7.1627	
1145	33.474	33.235	34.32	15.994	9.7082	7.1617	
1146	33.444	33.205	34.293	15.991	9.6734	7.1488	
1147	33.414	33.176	34.267	15.987	9.6773	7.1375	
1148	33.384	33.146	34.241	15.993	9.6824	7.1398	
1149	33.354	33.117	34.215	15.982	9.6859	7.1336	
1150	33.325	33.087	34.188	15.971	9.6696	7.1285	
1151	33.295	33.058	34.162	15.973	9.6557	7.1144	
1152	33.265	33.029	34.136	15.974	9.6664	7.1066	
1153	33.236	33	34.11	15.967	9.6521	7.0941	
1154	33.207	32.971	34.084	15.961	9.6519	7.0958	
1155	33.177	32.942	34.059	15.966	9.6506	7.0979	
1156	33.148	32.913	34.033	15.955	9.6498	7.0837	
1157	33.119	32.884	34.007	15.955	9.6421	7.0727	
1158	33.09	32.855	33.981	15.956	9.6421	7.0731	
1159	33.061	32.827	33.956	15.96	9.6267	7.0708	
1160	33.032	32.798	33.93	15.957	9.628	7.0722	
1161	33.003	32.77	33.905	15.947	9.6061	7.0769	
1162	32.975	32.741	33.879	15.943	9.6372	7.0503	
1163	32.946	32.713	33.854	15.932	9.6109	7.0423	
1164	32.918	32.685	33.829	15.933	9.5892	7.0355	
1165	32.889	32.656	33.803	15.926	9.6021	7.0251	
1166	32.861	32.628	33.778	15.934	9.5923	7.0232	
1167	32.833	32.6	33.753	15.935	9.6092	7.0307	
1168	32.805	32.572	33.728	15.925	9.5875	7.0159	
1169	32.777	32.544	33.703	15.919	9.579	7.0094	
1170	32.749	32.517	33.678	15.923	9.5874	6.9969	
1171	32.721	32.489	33.653	15.918	9.5745	6.9927	
1172	32.693	32.461	33.629	15.915	9.5753	6.9904	
1173	32.665	32.434	33.604	15.913	9.572	6.9898	
1174	32.638	32.406	33.579	15.912	9.5717	6.9855	
1175	32.61	32.379	33.554	15.911	9.5671	6.9893	
1176	32.583	32.351	33.53	15.909	9.5553	6.9753	
1177	32.556	32.324	33.505	15.913	9.5548	6.9734	
1178	32.528	32.297	33.481	15.902	9.5491	6.9642	
1179	32.501	32.27	33.456	15.902	9.5544	6.9693	
1180	32.474	32.243	33.432	15.901	9.5467	6.9584	
1181	32.447	32.216	33.408	15.901	9.5467	6.9598	
1182	32.42	32.189	33.383	15.894	9.5385	6.9547	
1183	32.393	32.162	33.359	15.897	9.537	6.95	
1184	32.366	32.135	33.335	15.892	9.532	6.9421	
1185	32.34	32.108	33.311	15.883	9.531	6.946	
1186	32.313	32.082	33.287	15.885	9.5219	6.9289	
1187	32.287	32.055	33.263	15.884	9.5224	6.9354	
1188	32.26	32.029	33.239	15.877	9.523	6.9241	
1189	32.234	32.002	33.215	15.882	9.5084	6.9071	
1190	32.207	31.976	33.191	15.876	9.5137	6.9197	
1191	32.181	31.95	33.168	15.87	9.5099	6.9094	
1192	32.155	31.923	33.144	15.871	9.4961	6.8957	
1193	32.129	31.897	33.12	15.868	9.4961	6.8932	
1194	32.103	31.871	33.097	15.862	9.5027	6.9035	
1195	32.077	31.845	33.073	15.874	9.474	6.8908	
1196	32.051	31.819	33.049	15.86	9.4905	6.8699	
1197	32.025	31.793	33.026	15.862	9.4762	6.8911	
1198	32	31.767	33.003	15.852	9.4631	6.8864	
1199	31.974	31.741	32.979	15.851	9.477	6.8633	
1200	31.949	31.716	32.956	15.858	9.4625	6.8505	
1201	31.923	31.69	32.933	15.861	9.4796	6.8706	
1202	31.898	31.664	32.909	15.841	9.4636	6.8566	
1203	31.872	31.639	32.886	15.848	9.4582	6.8337	
1204	31.847	31.613	32.863	15.851	9.4464	6.8183	
1205	31.822	31.588	32.84	15.832	9.4472	6.8323	
1206	31.797	31.563	32.817	15.836	9.466	6.8321	
1207	31.772	31.537	32.794	15.846	9.4633	6.8204	
1208	31.747	31.512	32.771	15.832	9.4402	6.8124	
1209	31.722	31.487	32.748	15.836	9.4279	6.8174	
1210	31.697	31.462	32.725	15.829	9.4198	6.7981	
1211	31.673	31.437	32.703	15.824	9.4014	6.7811	
1212	31.648	31.412	32.68	15.822	9.4159	6.7865	
1213	31.623	31.387	32.657	15.831	9.4125	6.7945	
1214	31.599	31.362	32.635	15.818	9.422	6.771	
1215	31.574	31.337	32.612	15.827	9.4065	6.7776	
1216	31.55	31.313	32.59	15.816	9.3902	6.7962	
1217	31.526	31.288	32.567	15.82	9.3945	6.7799	
1218	31.501	31.263	32.545	15.792	9.3676	6.7812	
1219	31.477	31.239	32.522	15.814	9.3787	6.7488	
1220	31.453	31.214	32.5	15.812	9.3724	6.7566	
1221	31.429	31.19	32.477	15.792	9.3678	6.7577	
1222	31.405	31.165	32.455	15.806	9.4041	6.7482	
1223	31.381	31.141	32.433	15.808	9.3612	6.7497	
1224	31.357	31.117	32.411	15.802	9.3661	6.7322	
1225	31.333	31.093	32.389	15.793	9.3623	6.7376	
1226	31.31	31.068	32.367	15.803	9.3763	6.7294	
1227	31.286	31.044	32.345	15.81	9.3589	6.7325	
1228	31.262	31.02	32.323	15.774	9.3448	6.7237	
1229	31.239	30.996	32.301	15.767	9.3236	6.7278	
1230	31.215	30.972	32.279	15.774	9.3573	6.7086	
1231	31.192	30.948	32.257	15.796	9.3605	6.676	
1232	31.169	30.925	32.235	15.789	9.3331	6.7336	
1233	31.145	30.901	32.213	15.803	9.3612	6.6865	
1234	31.122	30.877	32.191	15.779	9.3636	6.7088	
1235	31.099	30.853	32.17	15.762	9.3504	6.6856	
1236	31.076	30.83	32.148	15.776	9.3508	6.7156	
1237	31.053	30.806	32.126	15.771	9.3581	6.6932	
1238	31.03	30.783	32.105	15.803	9.3178	6.7029	
1239	31.007	30.759	32.083	15.735	9.3726	6.7182	
1240	30.984	30.736	32.062	15.732	9.2717	6.6779	
1241	30.961	30.713	32.04	15.745	9.341	6.6356	
1242	30.939	30.689	32.019	15.735	9.3044	6.6996	
1243	30.916	30.666	31.998	15.764	9.3127	6.761	
1244	30.893	30.643	31.976	15.782	9.3076	6.6586	
1245	30.871	30.62	31.955	15.721	9.362	6.5928	
1246	30.848	30.597	31.934	15.748	9.298	6.6041	
1247	30.826	30.574	31.913	15.731	9.2333	6.6094	
1248	30.804	30.551	31.891	15.743	9.2731	6.5843	
1249	30.781	30.528	31.87	15.775	9.2931	6.6536	
1250	30.759	30.505	31.849	15.753	9.3398	6.5861	
1251	30.737	30.482	31.828	15.739	9.2561	6.6486	
1252	30.715	30.459	31.807	15.709	9.2021	6.5795	
1253	30.693	30.436	31.786	15.708	9.3079	6.5872	
1254	30.671	30.414	31.765	15.716	9.2289	6.5936	
1255	30.649	30.391	31.744	15.74	9.2415	6.623	
1256	30.627	30.369	31.723	15.719	9.2629	6.5966	
1257	30.605	30.346	31.703	15.717	9.2216	6.5567	
1258	30.583	30.324	31.682	15.725	9.2458	6.548	
1259	30.562	30.301	31.661	15.694	9.2312	6.5771	
1260	30.54	30.279	31.64	15.709	9.2387	6.553	
1261	30.518	30.256	31.62	15.706	9.2178	6.5473	
1262	30.497	30.234	31.599	15.689	9.2162	6.5425	
1263	30.475	30.212	31.579	15.706	9.2186	6.5313	
1264	30.454	30.19	31.558	15.682	9.2026	6.5444	
1265	30.432	30.167	31.537	15.708	9.2245	6.5324	
1266	30.411	30.145	31.517	15.696	9.2306	6.5176	
1267	30.39	30.123	31.497	15.709	9.2023	6.5414	
1268	30.369	30.101	31.476	15.714	9.2095	6.5453	
1269	30.347	30.079	31.456	15.701	9.2186	6.5538	
1270	30.326	30.057	31.435	15.696	9.198	6.5367	
1271	30.305	30.036	31.415	15.683	9.2039	6.5136	
1272	30.284	30.014	31.395	15.688	9.2189	6.5472	
1273	30.263	29.992	31.375	15.705	9.2243	6.5247	
1274	30.242	29.97	31.355	15.701	9.2005	6.5306	
1275	30.222	29.949	31.334	15.686	9.1823	6.4939	
1276	30.201	29.927	31.314	15.699	9.2087	6.5205	
1277	30.18	29.905	31.294	15.663	9.1993	6.5191	
1278	30.159	29.884	31.274	15.665	9.1892	6.5112	
1279	30.139	29.862	31.254	15.681	9.1589	6.4593	
1280	30.118	29.841	31.234	15.675	9.156	6.4798	
1281	30.098	29.819	31.214	15.682	9.1567	6.4748	
1282	30.077	29.798	31.194	15.676	9.169	6.4949	
1283	30.057	29.777	31.174	15.656	9.1537	6.4527	
1284	30.036	29.755	31.155	15.632	9.1916	6.4591	
1285	30.016	29.734	31.135	15.644	9.1608	6.4782	
1286	29.996	29.713	31.115	15.669	9.1557	6.4463	
1287	29.975	29.692	31.095	15.652	9.1412	6.4697	
1288	29.955	29.671	31.076	15.663	9.1606	6.4591	
1289	29.935	29.65	31.056	15.652	9.1422	6.4344	
1290	29.915	29.629	31.036	15.657	9.1551	6.4376	
1291	29.895	29.608	31.017	15.64	9.1345	6.4164	
1292	29.875	29.587	30.997	15.656	9.1345	6.4736	
1293	29.855	29.566	30.978	15.647	9.1239	6.4379	
1294	29.835	29.545	30.958	15.668	9.1578	6.4281	
1295	29.815	29.524	30.939	15.646	9.1369	6.3954	
1296	29.795	29.503	30.919	15.653	9.1292	6.3926	
1297	29.776	29.483	30.9	15.651	9.0942	6.4387	
1298	29.756	29.462	30.88	15.631	9.1357	6.4042	
1299	29.736	29.441	30.861	15.641	9.0837	6.373	
1300	29.717	29.421	30.842	15.624	9.1037	6.3995	
1301	29.697	29.4	30.823	15.641	9.126	6.3705	
1302	29.678	29.38	30.803	15.611	9.0799	6.4187	
1303	29.658	29.359	30.784	15.637	9.1245	6.3851	
1304	29.639	29.339	30.765	15.648	9.1135	6.3952	
1305	29.619	29.318	30.746	15.652	9.0861	6.3467	
1306	29.6	29.298	30.727	15.629	9.1235	6.3831	
1307	29.581	29.278	30.708	15.62	9.108	6.3954	
1308	29.562	29.257	30.689	15.613	9.0891	6.388	
1309	29.542	29.237	30.67	15.62	9.0991	6.3783	
1310	29.523	29.217	30.651	15.612	9.0767	6.3653	
1311	29.504	29.197	30.632	15.62	9.0461	6.3913	
1312	29.485	29.177	30.613	15.608	9.0606	6.3221	
1313	29.466	29.157	30.594	15.613	9.0866	6.3847	
1314	29.447	29.136	30.575	15.607	9.0596	6.3495	
1315	29.428	29.116	30.556	15.602	9.0327	6.3262	
1316	29.409	29.096	30.537	15.629	8.9941	6.3194	
1317	29.39	29.077	30.519	15.605	9.0557	6.3822	
1318	29.372	29.057	30.5	15.589	9.0545	6.3601	
1319	29.353	29.037	30.481	15.631	9.0479	6.354	
1320	29.334	29.017	30.462	15.574	9.0367	6.3584	
1321	29.316	28.997	30.444	15.612	9.0226	6.3347	
1322	29.297	28.977	30.425	15.601	8.9983	6.2378	
1323	29.278	28.958	30.407	15.554	9.0135	6.278	
1324	29.26	28.938	30.388	15.608	9.0519	6.2872	
1325	29.241	28.918	30.369	15.621	8.9865	6.3038	
1326	29.223	28.899	30.351	15.629	8.988	6.2721	
1327	29.205	28.879	30.332	15.6	9.0561	6.2622	
1328	29.186	28.86	30.314	15.561	8.9618	6.3632	
1329	29.168	28.84	30.296	15.563	8.9748	6.2771	
1330	29.15	28.821	30.277	15.621	9.0407	6.2531	
1331	29.131	28.801	30.259	15.566	9.0607	6.3246	
1332	29.113	28.782	30.241	15.561	8.9719	6.418	
1333	29.095	28.763	30.222	15.578	9.0236	6.2824	
1334	29.077	28.743	30.204	15.6	8.9906	6.2743	
1335	29.059	28.724	30.186	15.55	9.0051	6.153	
1336	29.041	28.705	30.168	15.537	9.0374	6.3185	
1337	29.023	28.686	30.149	15.618	8.9803	6.1591	
1338	29.005	28.667	30.131	15.535	9.048	6.2468	
1339	28.987	28.647	30.113	15.561	9.032	6.2708	
1340	28.969	28.628	30.095	15.593	9.0077	6.1586	
1341	28.951	28.609	30.077	15.666	8.8259	6.2786	
1342	28.934	28.59	30.059	15.575	8.9248	6.4947	
1343	28.916	28.571	30.041	15.64	9.0003	6.4568	
1344	28.898	28.552	30.023	15.52	9.0383	6.2736	
1345	28.881	28.533	30.005	15.567	9.1261	6.2256	
1346	28.863	28.515	29.987	15.405	8.8527	6.0078	
1347	28.845	28.496	29.969	15.559	9.1196	5.8337	
1348	28.828	28.477	29.951	15.504	9.1334	6.1728	
1349	28.81	28.458	29.933	15.419	9.278	6.2167	
1350	28.793	28.439	29.915	15.265	9.0644	6.2217	
1351	28.775	28.421	29.898	15.503	8.9301	5.9253	
1352	28.758	28.402	29.88	15.455	8.8241	6.3825	
1353	28.741	28.383	29.862	15.547	8.3823	6.2501	
1354	28.723	28.365	29.844	15.469	9.3073	6.3855	
1355	28.706	28.346	29.827	15.712	8.773	5.6078	
1356	28.689	28.328	29.809	15.648	9.1567	6.0752	
1357	28.672	28.309	29.791	15.444	9.0441	6.2724	
1358	28.654	28.291	29.774	16.248	9.371	6.3795	
1359	28.637	28.272	29.756	16.262	8.6908	6.918	
1426	27.569	27.106	28.633	15.655	9.2987	6.337	
1427	27.554	27.089	28.617	15.544	8.6458	6.0444	
1428	27.54	27.073	28.601	15.394	8.841	5.6434	
1429	27.525	27.056	28.585	15.638	8.6618	5.8162	
1430	27.51	27.04	28.569	15.645	8.8034	5.8313	
1431	27.495	27.024	28.553	15.324	8.9254	6.1083	
1432	27.481	27.007	28.537	15.558	8.5618	5.8907	
1433	27.466	26.991	28.521	15.35	8.5981	5.8503	
1434	27.451	26.975	28.506	15.504	8.9164	6.1849	
1435	27.437	26.959	28.49	15.523	8.856	5.7635	
1436	27.422	26.942	28.474	15.531	8.646	5.9371	
1437	27.407	26.926	28.458	15.437	8.9074	5.8618	
1438	27.393	26.91	28.442	15.329	8.6594	5.9473	
1439	27.378	26.894	28.427	15.448	8.7878	5.9026	
1440	27.364	26.878	28.411	15.332	8.7869	5.8234	
1441	27.349	26.862	28.395	15.418	8.6815	6.0523	
1442	27.335	26.846	28.379	15.471	8.6178	5.804	
1443	27.321	26.83	28.364	15.352	8.745	5.9607	
1444	27.306	26.813	28.348	15.461	8.7728	5.754	
1445	27.292	26.798	28.333	15.33	8.7337	5.8418	
1446	27.278	26.782	28.317	15.463	8.6349	5.8148	
1447	27.263	26.766	28.301	15.435	8.7027	5.7187	
1448	27.249	26.75	28.286	15.418	8.6759	5.8657	
1449	27.235	26.734	28.27	15.369	8.7286	5.8616	
1450	27.221	26.718	28.255	15.389	8.7223	5.7667	
1451	27.207	26.702	28.239	15.439	8.6835	5.8613	
1452	27.192	26.686	28.224	15.461	8.7416	5.9121	
1453	27.178	26.67	28.208	15.432	8.7434	5.9344	
1454	27.164	26.655	28.193	15.347	8.6775	5.7013	
1455	27.15	26.639	28.177	15.416	8.7501	5.778	
1456	27.136	26.623	28.162	15.442	8.7139	5.8162	
1457	27.122	26.608	28.147	15.384	8.5911	5.8161	
1458	27.108	26.592	28.131	15.382	8.7003	5.8269	
1459	27.094	26.576	28.116	15.364	8.5653	5.7475	
1460	27.08	26.561	28.1	15.406	8.6329	5.8577	
1461	27.066	26.545	28.085	15.425	8.6263	5.8131	
1462	27.052	26.529	28.07	15.392	8.6402	5.8205	
1463	27.039	26.514	28.055	15.378	8.6426	5.7707	
1464	27.025	26.498	28.039	15.356	8.6674	5.7556	
1465	27.011	26.483	28.024	15.367	8.7009	5.7782	
1466	26.997	26.467	28.009	15.362	8.5979	5.8152	
1467	26.983	26.452	27.994	15.382	8.6242	5.8072	
1468	26.97	26.436	27.979	15.351	8.6378	5.7845	
1469	26.956	26.421	27.963	15.375	8.6157	5.7777	
1470	26.942	26.406	27.948	15.368	8.6027	5.7829	
1471	26.929	26.39	27.933	15.371	8.6274	5.7814	
1472	26.915	26.375	27.918	15.372	8.6286	5.7604	
1473	26.901	26.36	27.903	15.361	8.64	5.7729	
1474	26.888	26.344	27.888	15.364	8.6233	5.7729	
1475	26.874	26.329	27.873	15.367	8.6216	5.7631	
1476	26.861	26.314	27.858	15.361	8.6167	5.7547	
1477	26.847	26.298	27.843	15.367	8.6407	5.7684	
1478	26.834	26.283	27.828	15.372	8.6251	5.7501	
1479	26.82	26.268	27.813	15.364	8.6199	5.7574	
1480	26.807	26.253	27.798	15.365	8.6238	5.7479	
1481	26.794	26.238	27.783	15.366	8.6113	5.7261	
1482	26.78	26.223	27.768	15.361	8.6283	5.7517	
1483	26.767	26.208	27.753	15.362	8.62	5.7472	
1484	26.754	26.192	27.738	15.378	8.6195	5.7384	
1485	26.74	26.177	27.723	15.355	8.6304	5.737	
1486	26.727	26.162	27.708	15.356	8.5946	5.6973	
1487	26.714	26.147	27.694	15.348	8.6228	5.7008	
1488	26.701	26.132	27.679	15.36	8.6145	5.7232	
1489	26.687	26.117	27.664	15.361	8.6151	5.7038	
1490	26.674	26.102	27.649	15.362	8.5895	5.747	
1491	26.661	26.088	27.635	15.345	8.6053	5.698	
1492	26.648	26.073	27.62	15.351	8.5961	5.7165	
1493	26.635	26.058	27.605	15.341	8.5614	5.7088	
1494	26.622	26.043	27.59	15.341	8.5719	5.697	
1495	26.609	26.028	27.576	15.332	8.5697	5.6877	
1496	26.596	26.013	27.561	15.36	8.6007	5.7053	
1497	26.583	25.998	27.546	15.331	8.5842	5.694	
1498	26.57	25.984	27.532	15.364	8.5808	5.6957	
1499	26.557	25.969	27.517	15.346	8.5729	5.7135	
1500	26.544	25.954	27.502	15.338	8.5688	5.6944	
1501	26.531	25.939	27.488	15.324	8.5615	5.6481	
1502	26.518	25.925	27.473	15.341	8.5663	5.6767	
1503	26.505	25.91	27.459	15.337	8.5858	5.6658	
1504	26.492	25.895	27.444	15.331	8.5525	5.6375	
1505	26.48	25.881	27.43	15.336	8.5556	5.6753	
1506	26.467	25.866	27.415	15.327	8.5511	5.6423	
1507	26.454	25.852	27.401	15.311	8.5398	5.6658	
1508	26.441	25.837	27.386	15.308	8.5416	5.6703	
1509	26.429	25.823	27.372	15.345	8.5427	5.6533	
1510	26.416	25.808	27.357	15.333	8.5601	5.6374	
1511	26.403	25.794	27.343	15.339	8.555	5.6471	
1512	26.39	25.779	27.329	15.33	8.5822	5.6517	
1513	26.378	25.765	27.314	15.364	8.5032	5.6648	
1514	26.365	25.75	27.3	15.322	8.5396	5.6835	
1515	26.353	25.736	27.286	15.295	8.5603	5.6483	
1516	26.34	25.721	27.271	15.318	8.5056	5.6522	
1517	26.328	25.707	27.257	15.315	8.5658	5.6102	
1518	26.315	25.693	27.243	15.295	8.5482	5.6359	
1519	26.303	25.678	27.228	15.297	8.5464	5.6432	
1520	26.29	25.664	27.214	15.291	8.534	5.6375	
1521	26.278	25.65	27.2	15.314	8.4871	5.5673	
1522	26.265	25.635	27.186	15.294	8.5187	5.5965	
1523	26.253	25.621	27.171	15.298	8.5355	5.6022	
1524	26.24	25.607	27.157	15.33	8.5488	5.6586	
1525	26.228	25.593	27.143	15.314	8.5414	5.6269	
1526	26.216	25.578	27.129	15.292	8.5151	5.6013	
1527	26.203	25.564	27.115	15.3	8.528	5.6024	
1528	26.191	25.55	27.101	15.288	8.5465	5.6141	
1529	26.179	25.536	27.086	15.293	8.4942	5.5902	
1530	26.167	25.522	27.072	15.303	8.5058	5.6026	
1531	26.154	25.508	27.058	15.28	8.4914	5.604	
1532	26.142	25.494	27.044	15.308	8.4916	5.603	
1533	26.13	25.48	27.03	15.284	8.4702	5.5967	
1534	26.118	25.466	27.016	15.305	8.4793	5.6376	
1535	26.106	25.452	27.002	15.298	8.4926	5.5712	
1536	26.094	25.438	26.988	15.276	8.4891	5.5791	
1537	26.081	25.424	26.974	15.283	8.4941	5.5846	
1538	26.069	25.41	26.96	15.277	8.5252	5.5789	
1539	26.057	25.396	26.946	15.294	8.4816	5.577	
1540	26.045	25.382	26.932	15.287	8.4628	5.578	
1541	26.033	25.368	26.918	15.275	8.4525	5.5494	
1542	26.021	25.354	26.904	15.281	8.4651	5.5754	
1543	26.009	25.34	26.891	15.279	8.4722	5.544	
1544	25.997	25.326	26.877	15.282	8.4897	5.5788	
1545	25.985	25.312	26.863	15.263	8.493	5.5536	
1546	25.973	25.299	26.849	15.278	8.4662	5.5539	
1547	25.961	25.285	26.835	15.274	8.4734	5.5453	
1548	25.95	25.271	26.821	15.277	8.4642	5.5399	
1549	25.938	25.257	26.808	15.277	8.4838	5.5347	
1550	25.926	25.244	26.794	15.282	8.4621	5.5433	
1551	25.914	25.23	26.78	15.26	8.4848	5.5405	
1552	25.902	25.216	26.766	15.272	8.4641	5.5476	
1553	25.891	25.202	26.753	15.253	8.4528	5.5522	
1554	25.879	25.189	26.739	15.262	8.4672	5.5335	
1555	25.867	25.175	26.725	15.281	8.442	5.52	
1556	25.855	25.162	26.711	15.259	8.4567	5.5561	
1557	25.844	25.148	26.698	15.253	8.4481	5.5181	
1558	25.832	25.134	26.684	15.256	8.4504	5.5207	
1559	25.82	25.121	26.67	15.276	8.4324	5.4932	
1560	25.809	25.107	26.657	15.271	8.4614	5.517	
1561	25.797	25.094	26.643	15.28	8.463	5.5073	
1562	25.785	25.08	26.63	15.286	8.4263	5.5184	
1563	25.774	25.067	26.616	15.246	8.4494	5.5213	
1564	25.762	25.053	26.602	15.253	8.4738	5.4959	
1565	25.751	25.04	26.589	15.26	8.475	5.4892	
1566	25.739	25.026	26.575	15.25	8.4211	5.471	
1567	25.728	25.013	26.562	15.272	8.4036	5.5013	
1568	25.716	24.999	26.548	15.254	8.4459	5.5132	
1569	25.705	24.986	26.535	15.273	8.4673	5.5183	
1570	25.693	24.973	26.521	15.258	8.4541	5.5109	
1571	25.682	24.959	26.508	15.251	8.43	5.5032	
1572	25.671	24.946	26.494	15.247	8.4216	5.516	
1573	25.659	24.933	26.481	15.253	8.4038	5.4898	
1574	25.648	24.919	26.468	15.271	8.4254	5.4739	
1575	25.636	24.906	26.454	15.231	8.4078	5.4942	
1576	25.625	24.893	26.441	15.249	8.3978	5.4296	
1577	25.614	24.88	26.427	15.217	8.3749	5.4756	
1578	25.603	24.866	26.414	15.237	8.4288	5.4607	
1579	25.591	24.853	26.401	15.228	8.4205	5.4795	
1580	25.58	24.84	26.387	15.239	8.3869	5.4487	
1581	25.569	24.827	26.374	15.234	8.4189	5.4105	
1582	25.558	24.814	26.361	15.257	8.4008	5.48	
1583	25.546	24.801	26.348	15.226	8.4345	5.4544	
1584	25.535	24.787	26.334	15.259	8.3606	5.4227	
1585	25.524	24.774	26.321	15.244	8.4289	5.4566	
1586	25.513	24.761	26.308	15.233	8.3734	5.502	
1587	25.502	24.748	26.294	15.238	8.4237	5.4611	
1588	25.491	24.735	26.281	15.245	8.3774	5.3926	
1589	25.48	24.722	26.268	15.215	8.3875	5.4566	
1590	25.469	24.709	26.255	15.228	8.3519	5.4219	
1591	25.458	24.696	26.242	15.219	8.3652	5.442	
1592	25.447	24.683	26.229	15.22	8.4063	5.4059	
1593	25.436	24.67	26.215	15.242	8.3902	5.4055	
1594	25.425	24.657	26.202	15.227	8.3533	5.4718	
1595	25.414	24.644	26.189	15.251	8.3693	5.388	
1596	25.403	24.631	26.176	15.218	8.396	5.4089	
1597	25.392	24.618	26.163	15.224	8.3787	5.4234	
1598	25.381	24.605	26.15	15.233	8.3674	5.3693	
1599	25.37	24.593	26.137	15.229	8.3583	5.4027	
1600	25.359	24.58	26.124	15.215	8.372	5.3582	
1601	25.348	24.567	26.111	15.245	8.3609	5.4297	
1602	25.337	24.554	26.098	15.238	8.3485	5.3855	
1603	25.326	24.541	26.085	15.243	8.3307	5.3756	
1604	25.316	24.528	26.072	15.231	8.3665	5.3766	
1605	25.305	24.516	26.059	15.219	8.355	5.4195	
1606	25.294	24.503	26.046	15.218	8.3515	5.381	
1607	25.283	24.49	26.033	15.236	8.3546	5.3807	
1608	25.273	24.477	26.02	15.198	8.3743	5.3834	
1609	25.262	24.465	26.007	15.209	8.3542	5.3865	
1610	25.251	24.452	25.994	15.217	8.3669	5.3679	
1611	25.24	24.439	25.981	15.223	8.3448	5.3933	
1612	25.23	24.427	25.968	15.243	8.3307	5.3638	
1613	25.219	24.414	25.955	15.178	8.3644	5.3728	
1614	25.208	24.401	25.943	15.202	8.361	5.4227	
1615	25.198	24.389	25.93	15.227	8.3397	5.3958	
1616	25.187	24.376	25.917	15.22	8.3127	5.3666	
1617	25.177	24.364	25.904	15.246	8.3553	5.3936	
1618	25.166	24.351	25.891	15.226	8.3236	5.3726	
1619	25.156	24.338	25.878	15.199	8.3466	5.3731	
1620	25.145	24.326	25.866	15.181	8.3603	5.3781	
1621	25.134	24.313	25.853	15.208	8.3253	5.3494	
1622	25.124	24.301	25.84	15.178	8.3112	5.3902	
1623	25.113	24.288	25.827	15.171	8.3181	5.3343	
1624	25.103	24.276	25.815	15.213	8.3478	5.3601	
1625	25.093	24.263	25.802	15.221	8.3268	5.3138	
1626	25.082	24.251	25.789	15.189	8.3195	5.3457	
1627	25.072	24.239	25.777	15.194	8.2845	5.3273	
1628	25.061	24.226	25.764	15.187	8.3499	5.3401	
1629	25.051	24.214	25.751	15.19	8.342	5.3735	
1630	25.041	24.201	25.739	15.179	8.3391	5.3371	
1631	25.03	24.189	25.726	15.173	8.3154	5.3855	
1632	25.02	24.177	25.713	15.186	8.35	5.3166	
1633	25.01	24.164	25.701	15.203	8.3497	5.3381	
1634	24.999	24.152	25.688	15.171	8.297	5.3258	
1635	24.989	24.14	25.676	15.194	8.3312	5.3287	
1636	24.979	24.128	25.663	15.188	8.3212	5.3036	
1637	24.968	24.115	25.651	15.199	8.3059	5.3668	
1638	24.958	24.103	25.638	15.222	8.2801	5.3259	
1639	24.948	24.091	25.625	15.182	8.3194	5.2974	
1640	24.938	24.079	25.613	15.173	8.2818	5.3281	
1641	24.928	24.066	25.6	15.175	8.354	5.2891	
1642	24.917	24.054	25.588	15.205	8.2703	5.335	
1643	24.907	24.042	25.575	15.19	8.3112	5.2849	
1644	24.897	24.03	25.563	15.187	8.2906	5.3078	
1645	24.887	24.018	25.551	15.188	8.2927	5.329	
1646	24.877	24.005	25.538	15.208	8.31	5.2496	
1647	24.867	23.993	25.526	15.15	8.3281	5.3322	
1648	24.857	23.981	25.513	15.196	8.214	5.2562	
1649	24.847	23.969	25.501	15.203	8.3041	5.32	
1650	24.837	23.957	25.489	15.183	8.3097	5.3172	
1651	24.827	23.945	25.476	15.183	8.2823	5.2789	
1652	24.817	23.933	25.464	15.167	8.2903	5.2806	
1653	24.807	23.921	25.451	15.222	8.273	5.3132	
1654	24.797	23.909	25.439	15.187	8.2721	5.3	
1655	24.787	23.897	25.427	15.181	8.3124	5.2674	
1656	24.777	23.885	25.414	15.178	8.2858	5.2886	
1657	24.767	23.873	25.402	15.182	8.2736	5.2715	
1658	24.757	23.861	25.39	15.168	8.2909	5.2684	
1659	24.747	23.849	25.378	15.198	8.2389	5.2994	
1660	24.737	23.837	25.365	15.134	8.2013	5.3163	
1661	24.727	23.825	25.353	15.18	8.22	5.277	
1662	24.717	23.813	25.341	15.141	8.2754	5.2561	
1663	24.707	23.801	25.329	15.16	8.3068	5.3083	
1664	24.698	23.79	25.316	15.139	8.2076	5.1903	
1665	24.688	23.778	25.304	15.134	8.2768	5.2901	
1666	24.678	23.766	25.292	15.203	8.2376	5.2267	
1667	24.668	23.754	25.28	15.116	8.178	5.2636	
1668	24.658	23.742	25.268	15.094	8.2587	5.2816	
1669	24.649	23.73	25.256	15.177	8.2221	5.1642	
1670	24.639	23.719	25.243	15.177	8.3188	5.28	
1671	24.629	23.707	25.231	15.144	8.2985	5.1962	
1672	24.619	23.695	25.219	15.205	8.2434	5.1552	
1673	24.61	23.683	25.207	15.194	8.2671	5.2595	
1674	24.6	23.672	25.195	15.196	8.273	5.2443	
1675	24.59	23.66	25.183	15.123	8.1082	5.2754	
1676	24.581	23.648	25.171	15.177	8.2951	5.2414	
1677	24.571	23.637	25.159	15.141	8.2686	5.3115	
1678	24.562	23.625	25.147	15.131	8.1656	5.2901	
1679	24.552	23.613	25.135	15.153	8.2106	5.2576	
1680	24.542	23.602	25.123	15.136	8.2649	5.3272	
1681	24.533	23.59	25.111	15.15	8.3289	5.2473	
1682	24.523	23.578	25.099	15.105	8.2398	5.2015	
1683	24.514	23.567	25.087	15.132	8.2922	5.1972	
1684	24.504	23.555	25.075	15.112	8.2552	5.3479	
1685	24.495	23.544	25.063	15.14	8.0623	5.0309	
1686	24.485	23.532	25.051	15.254	8.287	5.2897	
1687	24.476	23.52	25.039	15.066	8.3556	5.4453	
1688	24.466	23.509	25.027	15.075	8.27	5.2045	
1689	24.457	23.497	25.015	15.151	8.2085	5.0922	
1690	24.447	23.486	25.003	15.044	8.425	5.2279	
1691	24.438	23.474	24.991	15.226	8.1621	5.1941	
1692	24.428	23.463	24.979	15.228	8.4692	5.2754	
1693	24.419	23.451	24.967	14.99	8.3545	5.5722	
1694	24.41	23.44	24.956	14.9	8.082	5.2263	
1695	24.4	23.429	24.944	15.192	8.4939	5.4261	
1696	24.391	23.417	24.932	15.082	8.2301	5.4347	
1697	24.381	23.406	24.92	15.142	8.3357	5.437	
1698	24.372	23.394	24.908	14.719	8.2576	4.9981	
1699	24.363	23.383	24.896	14.916	8.6842	5.3629	
1700	24.354	23.372	24.885	14.932	8.1696	5.1826	
