	65	70	75	65	70	75	
300	39.936	38.597	37.938	37.511	37.209	37.514	
301	39.601	38.243	37.556	37.295	36.907	37.453	
302	39.277	37.895	37.175	37.087	36.772	37.279	
303	38.96	37.552	36.794	37.019	36.553	37.024	
304	38.651	37.213	36.412	36.99	36.489	37.052	
305	38.351	36.88	36.03	36.884	36.423	36.867	
306	38.059	36.55	35.646	36.614	36.185	36.77	
307	37.773	36.224	35.26	36.511	36.277	36.641	
308	37.495	35.902	34.872	36.334	36.128	36.541	
309	37.223	35.583	34.482	36.365	35.959	36.377	
310	36.958	35.267	34.087	36.171	35.873	36.379	
311	36.699	34.954	33.691	36.159	35.715	36.319	
312	36.446	34.643	33.29	36.209	35.719	36.207	
313	36.198	34.334	32.885	35.89	35.526	36.139	
314	35.955	34.027	32.477	35.955	35.547	35.953	
315	35.718	33.723	32.064	35.892	35.364	35.909	
316	35.485	33.421	31.647	35.798	35.418	35.815	
317	35.257	33.12	31.225	35.661	35.298	35.754	
318	35.034	32.821	30.799	35.561	35.153	35.59	
319	34.815	32.525	30.37	35.518	35.053	35.611	
320	34.6	32.23	29.935	35.535	35.035	35.459	
321	34.39	31.937	29.497	35.427	34.977	35.375	
322	34.184	31.646	29.055	35.393	34.901	35.332	
323	33.982	31.358	28.61	35.355	34.78	35.278	
324	33.784	31.072	28.162	35.23	34.786	35.152	
325	33.591	30.789	27.711	35.241	34.578	35.091	
326	33.402	30.508	27.258	35.155	34.568	35.032	
327	33.216	30.231	26.804	35.062	34.546	34.927	
328	33.036	29.958	26.35	35.028	34.498	34.847	
329	32.859	29.688	25.895	34.999	34.432	34.774	
330	32.687	29.423	25.442	35.011	34.459	34.767	
331	32.52	29.163	24.991	34.888	34.365	34.712	
332	32.357	28.907	24.542	34.842	34.23	34.555	
333	32.199	28.657	24.098	34.885	34.182	34.577	
334	32.047	28.413	23.66	34.798	34.161	34.525	
335	31.899	28.176	23.228	34.731	34.097	34.447	
336	31.757	27.945	22.804	34.609	34.041	34.358	
337	31.62	27.722	22.39	34.687	34.006	34.353	
338	31.489	27.508	21.987	34.632	33.962	34.303	
339	31.364	27.301	21.597	34.529	33.832	34.23	
340	31.245	27.104	21.222	34.579	33.724	34.179	
341	31.133	26.917	20.863	34.486	33.766	34.165	
342	31.027	26.739	20.522	34.466	33.725	34.1	
343	30.928	26.573	20.202	34.549	33.733	34.023	
344	30.836	26.418	19.903	34.521	33.702	33.95	
345	30.752	26.275	19.628	34.424	33.661	33.933	
346	30.675	26.144	19.379	34.455	33.622	33.892	
347	30.606	26.027	19.158	34.458	33.593	33.865	
348	30.546	25.924	18.968	34.377	33.616	33.812	
349	30.495	25.837	18.81	34.389	33.625	33.81	
350	30.453	25.765	18.686	34.388	33.625	33.767	
351	30.422	25.71	18.598	34.35	33.524	33.743	
352	30.402	25.673	18.549	34.396	33.574	33.8	
353	30.393	25.656	18.541	34.351	33.52	33.614	
354	30.397	25.658	18.575	34.458	33.583	33.722	
355	30.413	25.681	18.652	34.599	33.444	33.575	
356	30.442	25.726	18.772	34.579	33.535	33.58	
357	30.483	25.79	18.937	34.514	33.694	33.653	
358	30.534	25.872	19.142	34.45	33.599	33.561	
359	30.592	25.97	19.386	34.557	33.626	33.604	
360	30.655	26.079	19.662	34.568	33.602	33.533	
361	30.717	26.194	19.964	34.519	33.534	33.614	
362	30.773	26.308	20.284	34.468	33.471	33.318	
363	30.819	26.416	20.615	34.502	33.373	33.27	
364	30.851	26.513	20.948	34.485	33.406	33.141	
365	30.865	26.595	21.276	34.48	33.239	33.257	
366	30.859	26.658	21.594	34.43	33.18	32.916	
367	30.832	26.701	21.898	34.217	33.026	32.627	
368	30.785	26.725	22.185	34.2	33.006	32.484	
369	30.715	26.727	22.451	34.034	32.568	32.257	
370	30.627	26.71	22.695	33.841	32.395	31.955	
371	30.524	26.679	22.924	33.737	32.227	31.762	
372	30.409	26.639	23.139	33.555	32.089	31.437	
373	30.287	26.592	23.343	33.39	31.779	31.262	
374	30.158	26.54	23.537	33.076	31.523	30.992	
375	30.027	26.487	23.724	32.972	31.289	30.557	
376	29.894	26.435	23.904	32.744	31.026	30.281	
377	29.762	26.385	24.081	32.512	30.758	29.935	
378	29.632	26.338	24.253	32.361	30.452	29.755	
379	29.506	26.296	24.422	32.152	30.302	29.525	
380	29.383	26.26	24.591	31.847	30.094	29.22	
381	29.266	26.231	24.759	31.78	29.805	28.874	
382	29.154	26.208	24.926	31.618	29.702	28.718	
383	29.048	26.191	25.094	31.407	29.37	28.494	
384	28.947	26.181	25.26	31.178	29.194	28.195	
385	28.852	26.177	25.426	31.074	29.021	28.069	
386	28.764	26.18	25.592	30.864	28.789	27.848	
387	28.682	26.189	25.757	30.652	28.633	27.637	
388	28.606	26.204	25.922	30.583	28.41	27.476	
389	28.536	26.226	26.087	30.461	28.307	27.256	
390	28.472	26.253	26.252	30.26	28.108	27.05	
391	28.415	26.287	26.418	30.191	27.915	26.895	
392	28.365	26.327	26.583	29.981	27.735	26.665	
393	28.321	26.372	26.749	29.878	27.587	26.582	
394	28.283	26.423	26.915	29.682	27.397	26.4	
395	28.251	26.478	27.081	29.63	27.355	26.298	
396	28.225	26.54	27.247	29.422	27.142	26.077	
397	28.206	26.607	27.414	29.335	27.036	25.925	
398	28.192	26.678	27.581	29.275	26.882	25.776	
399	28.183	26.754	27.749	29.093	26.69	25.637	
400	28.179	26.833	27.916	29.072	26.6	25.423	
401	28.181	26.918	28.084	28.922	26.451	25.337	
402	28.188	27.006	28.252	28.768	26.379	25.181	
403	28.199	27.098	28.42	28.682	26.196	25.041	
404	28.214	27.192	28.587	28.573	26.143	24.894	
405	28.233	27.289	28.755	28.511	25.929	24.83	
406	28.257	27.39	28.922	28.418	25.831	24.647	
407	28.284	27.493	29.088	28.306	25.691	24.585	
408	28.313	27.597	29.254	28.204	25.67	24.441	
409	28.347	27.704	29.419	28.091	25.533	24.21	
410	28.384	27.813	29.584	28.031	25.423	24.179	
411	28.423	27.923	29.748	27.868	25.362	24.088	
412	28.464	28.035	29.91	27.819	25.199	23.977	
413	28.509	28.148	30.073	27.751	25.068	23.815	
414	28.556	28.262	30.234	27.647	25.046	23.779	
415	28.605	28.378	30.394	27.567	24.906	23.666	
416	28.656	28.494	30.553	27.436	24.81	23.564	
417	28.71	28.611	30.711	27.395	24.667	23.442	
418	28.765	28.729	30.868	27.242	24.576	23.314	
419	28.822	28.848	31.024	27.24	24.539	23.278	
420	28.881	28.967	31.179	27.177	24.391	23.051	
421	28.942	29.087	31.334	26.993	24.277	23.05	
422	29.004	29.208	31.487	27.016	24.164	22.99	
423	29.068	29.329	31.639	26.934	24.088	22.879	
424	29.134	29.451	31.791	26.867	24.049	22.714	
425	29.201	29.572	31.942	26.755	23.89	22.644	
426	29.27	29.695	32.092	26.651	23.86	22.58	
427	29.34	29.818	32.241	26.553	23.755	22.538	
428	29.411	29.941	32.389	26.479	23.663	22.372	
429	29.484	30.064	32.537	26.519	23.569	22.282	
430	29.558	30.188	32.684	26.369	23.426	22.284	
431	29.633	30.312	32.831	26.264	23.503	22.162	
432	29.709	30.437	32.976	26.276	23.311	21.984	
433	29.787	30.561	33.122	26.141	23.339	21.941	
434	29.866	30.686	33.266	26.086	23.175	21.795	
435	29.945	30.812	33.411	26.006	23.033	21.804	
436	30.026	30.938	33.555	25.973	22.899	21.543	
437	30.108	31.063	33.698	25.893	22.922	21.617	
438	30.192	31.19	33.841	25.872	22.893	21.469	
439	30.276	31.316	33.984	25.71	22.818	21.435	
440	30.361	31.443	34.127	25.695	22.639	21.343	
441	30.447	31.57	34.269	25.63	22.648	21.261	
442	30.534	31.698	34.411	25.588	22.648	21.104	
443	30.622	31.826	34.553	25.507	22.442	21.184	
444	30.711	31.954	34.695	25.556	22.424	20.985	
445	30.801	32.082	34.837	25.392	22.277	20.91	
446	30.892	32.211	34.979	25.234	22.293	20.863	
447	30.984	32.34	35.121	25.292	22.112	20.749	
448	31.077	32.47	35.263	25.195	22.141	20.723	
449	31.171	32.6	35.405	25.183	22.026	20.627	
450	31.265	32.731	35.547	25.118	21.916	20.654	
451	31.36	32.861	35.689	25.118	21.857	20.554	
452	31.457	32.993	35.832	25.026	21.784	20.444	
453	31.554	33.125	35.975	24.922	21.755	20.443	
454	31.652	33.257	36.118	24.835	21.684	20.273	
455	31.751	33.39	36.262	24.769	21.671	20.279	
456	31.851	33.523	36.406	24.72	21.58	20.095	
457	31.952	33.657	36.55	24.709	21.546	20.092	
458	32.053	33.791	36.695	24.66	21.441	20.062	
459	32.155	33.926	36.84	24.663	21.481	19.975	
460	32.259	34.062	36.986	24.545	21.331	19.906	
461	32.363	34.198	37.132	24.62	21.233	19.818	
462	32.468	34.334	37.279	24.431	21.183	19.772	
463	32.573	34.472	37.427	24.46	21.21	19.722	
464	32.68	34.61	37.575	24.327	21.031	19.609	
465	32.787	34.748	37.724	24.36	21.017	19.608	
466	32.895	34.888	37.874	24.267	20.954	19.454	
467	33.005	35.028	38.025	24.206	20.854	19.484	
468	33.115	35.169	38.176	24.17	20.799	19.396	
469	33.226	35.31	38.328	24.092	20.77	19.34	
470	33.337	35.453	38.482	24.061	20.699	19.193	
471	33.45	35.596	38.636	24.012	20.652	19.217	
472	33.563	35.74	38.791	23.934	20.679	19.142	
473	33.677	35.884	38.947	23.947	20.517	19.035	
474	33.793	36.03	39.105	23.908	20.509	19.076	
475	33.909	36.176	39.263	23.846	20.472	18.955	
476	34.025	36.324	39.422	23.824	20.439	18.928	
477	34.143	36.472	39.583	23.74	20.279	18.806	
478	34.262	36.621	39.745	23.684	20.28	18.775	
479	34.381	36.771	39.908	23.667	20.197	18.72	
480	34.502	36.922	40.072	23.599	20.142	18.638	
481	34.623	37.074	40.238	23.572	20.093	18.615	
482	34.745	37.227	40.405	23.495	20.1	18.561	
483	34.868	37.381	40.573	23.543	20.037	18.524	
484	34.992	37.536	40.743	23.447	19.952	18.437	
485	35.117	37.693	40.914	23.405	19.904	18.479	
486	35.243	37.85	41.087	23.388	19.787	18.36	
487	35.37	38.008	41.261	23.308	19.783	18.254	
488	35.497	38.167	41.437	23.318	19.714	18.213	
489	35.626	38.328	41.615	23.228	19.691	18.178	
490	35.756	38.49	41.794	23.239	19.606	18.185	
491	35.886	38.653	41.974	23.162	19.598	18.078	
492	36.017	38.817	42.157	23.125	19.513	18.036	
493	36.15	38.982	42.341	23.098	19.505	17.975	
494	36.283	39.149	42.527	23.049	19.475	17.976	
495	36.417	39.316	42.715	23.039	19.452	17.877	
496	36.552	39.485	42.904	22.991	19.38	17.876	
497	36.689	39.656	43.096	22.952	19.303	17.874	
498	36.826	39.827	43.289	22.922	19.281	17.787	
499	36.964	40	43.485	22.888	19.204	17.73	
500	37.103	40.174	43.682	22.873	19.164	17.653	
501	37.243	40.35	43.881	22.799	19.155	17.607	
502	37.384	40.527	44.083	22.748	19.072	17.553	
503	37.526	40.705	44.286	22.745	19.08	17.515	
504	37.669	40.885	44.492	22.67	18.989	17.461	
505	37.813	41.066	44.699	22.66	18.966	17.426	
506	37.958	41.249	44.909	22.59	18.9	17.357	
507	38.104	41.433	45.121	22.573	18.858	17.36	
508	38.251	41.618	45.336	22.544	18.831	17.264	
509	38.399	41.805	45.553	22.54	18.784	17.234	
510	38.548	41.994	45.772	22.464	18.744	17.185	
511	38.699	42.184	45.993	22.441	18.672	17.172	
512	38.85	42.375	46.217	22.411	18.653	17.095	
513	39.002	42.568	46.443	22.38	18.604	17.039	
514	39.155	42.763	46.671	22.329	18.581	17.008	
515	39.309	42.959	46.903	22.323	18.521	16.956	
516	39.464	43.157	47.136	22.272	18.488	16.925	
517	39.621	43.356	47.372	22.233	18.453	16.889	
518	39.778	43.557	47.611	22.213	18.429	16.8	
519	39.936	43.76	47.852	22.156	18.383	16.8	
520	40.096	43.964	48.096	22.155	18.329	16.783	
521	40.256	44.169	48.343	22.107	18.281	16.705	
522	40.417	44.377	48.592	22.082	18.236	16.682	
523	40.58	44.586	48.844	22.044	18.197	16.633	
524	40.743	44.796	49.099	22.008	18.175	16.576	
525	40.908	45.009	49.356	21.973	18.11	16.541	
526	41.073	45.223	49.616	21.948	18.101	16.479	
527	41.24	45.438	49.879	21.919	18.041	16.467	
528	41.407	45.656	50.145	21.871	18.015	16.444	
529	41.576	45.875	50.414	21.848	17.935	16.346	
530	41.745	46.095	50.686	21.807	17.963	16.332	
531	41.916	46.318	50.96	21.787	17.894	16.282	
532	42.087	46.542	51.237	21.792	17.872	16.249	
533	42.26	46.767	51.518	21.715	17.836	16.21	
534	42.433	46.995	51.801	21.688	17.765	16.173	
535	42.608	47.224	52.087	21.675	17.736	16.118	
536	42.784	47.455	52.377	21.642	17.728	16.071	
537	42.96	47.687	52.669	21.635	17.67	16.051	
538	43.138	47.921	52.964	21.595	17.649	16.008	
539	43.316	48.157	53.262	21.569	17.626	15.99	
540	43.495	48.394	53.563	21.55	17.587	15.938	
541	43.676	48.634	53.868	21.51	17.537	15.923	
542	43.857	48.874	54.175	21.482	17.509	15.858	
543	44.039	49.117	54.485	21.476	17.461	15.814	
544	44.222	49.361	54.799	21.431	17.422	15.773	
545	44.406	49.607	55.115	21.41	17.437	15.761	
546	44.591	49.854	55.435	21.352	17.352	15.71	
547	44.777	50.103	55.757	21.367	17.317	15.707	
548	44.963	50.353	56.083	21.329	17.285	15.648	
549	45.151	50.605	56.412	21.326	17.238	15.622	
550	45.339	50.859	56.743	21.261	17.228	15.591	
551	45.528	51.114	57.078	21.239	17.193	15.54	
552	45.718	51.37	57.416	21.241	17.157	15.508	
553	45.909	51.628	57.756	21.207	17.129	15.477	
554	46.1	51.888	58.1	21.168	17.077	15.44	
555	46.292	52.149	58.446	21.16	17.056	15.395	
556	46.485	52.411	58.796	21.131	17.016	15.362	
557	46.679	52.674	59.148	21.103	16.947	15.317	
558	46.873	52.939	59.504	21.084	16.962	15.3	
559	47.068	53.206	59.862	21.046	16.928	15.278	
560	47.264	53.473	60.223	21.019	16.886	15.228	
561	47.46	53.742	60.586	21.007	16.84	15.186	
562	47.656	54.012	60.953	21	16.812	15.184	
563	47.854	54.283	61.322	20.961	16.801	15.133	
564	48.052	54.555	61.694	20.944	16.75	15.126	
565	48.25	54.828	62.068	20.9	16.721	15.064	
566	48.449	55.102	62.445	20.879	16.684	15.074	
567	48.648	55.377	62.825	20.845	16.66	15.01	
568	48.847	55.653	63.207	20.818	16.626	14.969	
569	49.047	55.93	63.591	20.805	16.591	14.939	
570	49.248	56.207	63.977	20.791	16.566	14.891	
571	49.448	56.486	64.366	20.756	16.54	14.877	
572	49.649	56.764	64.757	20.734	16.528	14.866	
573	49.851	57.044	65.15	20.719	16.489	14.815	
574	50.052	57.324	65.545	20.685	16.473	14.755	
575	50.253	57.604	65.942	20.662	16.434	14.74	
576	50.455	57.885	66.341	20.631	16.404	14.719	
577	50.657	58.166	66.742	20.644	16.385	14.694	
578	50.858	58.447	67.144	20.618	16.331	14.681	
579	51.06	58.729	67.548	20.576	16.316	14.62	
580	51.262	59.01	67.953	20.577	16.277	14.621	
581	51.464	59.291	68.359	20.535	16.251	14.584	
582	51.665	59.573	68.767	20.524	16.22	14.522	
583	51.866	59.853	69.175	20.504	16.18	14.507	
584	52.067	60.134	69.584	20.492	16.17	14.517	
585	52.268	60.414	69.995	20.442	16.155	14.449	
586	52.469	60.694	70.405	20.431	16.123	14.417	
587	52.669	60.973	70.816	20.436	16.098	14.362	
588	52.868	61.251	71.228	20.408	16.07	14.357	
589	53.067	61.528	71.639	20.364	16.041	14.332	
590	53.266	61.804	72.05	20.345	16.005	14.287	
591	53.464	62.079	72.461	20.333	15.99	14.25	
592	53.661	62.353	72.871	20.31	15.918	14.221	
593	53.858	62.626	73.28	20.296	15.969	14.198	
594	54.054	62.897	73.689	20.283	15.892	14.209	
595	54.249	63.166	74.096	20.24	15.88	14.155	
596	54.443	63.434	74.501	20.22	15.879	14.124	
597	54.636	63.699	74.904	20.21	15.839	14.089	
598	54.829	63.963	75.305	20.202	15.8	14.07	
599	55.02	64.224	75.704	20.184	15.748	14.033	
600	55.21	64.483	76.099	20.146	15.774	14.024	
601	55.399	64.739	76.491	20.111	15.734	13.982	
602	55.586	64.993	76.879	20.089	15.676	13.946	
603	55.772	65.243	77.263	20.073	15.681	13.918	
604	55.957	65.491	77.641	20.062	15.645	13.915	
605	56.141	65.736	78.014	20.041	15.608	13.859	
606	56.323	65.977	78.381	20.03	15.616	13.815	
607	56.503	66.214	78.741	19.998	15.592	13.779	
608	56.682	66.448	79.094	20.014	15.535	13.804	
609	56.859	66.678	79.438	19.982	15.547	13.748	
610	57.034	66.904	79.772	19.959	15.505	13.733	
611	57.207	67.126	80.097	19.939	15.468	13.708	
612	57.378	67.343	80.409	19.937	15.48	13.705	
613	57.548	67.556	80.709	19.905	15.44	13.625	
614	57.715	67.764	80.996	19.873	15.416	13.633	
615	57.88	67.967	81.267	19.872	15.373	13.599	
616	58.043	68.164	81.521	19.848	15.366	13.567	
617	58.204	68.357	81.758	19.833	15.339	13.548	
618	58.362	68.544	81.975	19.81	15.324	13.544	
619	58.518	68.725	82.171	19.793	15.289	13.484	
620	58.672	68.9	82.345	19.769	15.26	13.464	
621	58.823	69.069	82.494	19.744	15.245	13.463	
622	58.971	69.232	82.619	19.758	15.223	13.435	
623	59.117	69.389	82.717	19.727	15.19	13.375	
624	59.26	69.539	82.788	19.705	15.17	13.372	
625	59.4	69.683	82.832	19.678	15.168	13.392	
626	59.537	69.82	82.848	19.681	15.12	13.311	
627	59.672	69.95	82.836	19.667	15.098	13.304	
628	59.803	70.072	82.797	19.638	15.06	13.283	
629	59.932	70.188	82.732	19.635	15.075	13.294	
630	60.057	70.296	82.641	19.57	15.013	13.233	
631	60.179	70.397	82.526	19.565	15.066	13.236	
632	60.298	70.491	82.388	19.575	15.011	13.141	
633	60.414	70.577	82.229	19.564	14.965	13.12	
634	60.527	70.655	82.05	19.51	14.954	13.069	
635	60.636	70.725	81.854	19.493	14.942	13.106	
636	60.742	70.788	81.641	19.49	14.951	13.106	
637	60.844	70.843	81.413	19.498	14.872	13.056	
638	60.943	70.891	81.173	19.454	14.846	13.046	
639	61.039	70.93	80.92	19.459	14.818	13.027	
640	61.13	70.962	80.657	19.425	14.799	13.018	
641	61.219	70.986	80.385	19.452	14.778	12.939	
642	61.303	71.002	80.105	19.402	14.772	12.986	
643	61.384	71.011	79.817	19.387	14.721	12.945	
644	61.462	71.012	79.523	19.404	14.727	12.899	
645	61.536	71.006	79.224	19.385	14.71	12.869	
646	61.606	70.992	78.92	19.341	14.67	12.857	
647	61.672	70.971	78.612	19.34	14.697	12.832	
648	61.734	70.943	78.301	19.298	14.644	12.833	
649	61.793	70.907	77.986	19.29	14.633	12.793	
650	61.848	70.865	77.67	19.268	14.571	12.757	
651	61.899	70.816	77.351	19.249	14.593	12.771	
652	61.947	70.76	77.032	19.245	14.544	12.718	
653	61.99	70.698	76.711	19.224	14.556	12.69	
654	62.03	70.629	76.389	19.213	14.505	12.636	
655	62.066	70.554	76.067	19.188	14.528	12.643	
656	62.099	70.473	75.745	19.173	14.551	12.655	
657	62.127	70.386	75.422	19.182	14.495	12.58	
658	62.152	70.293	75.1	19.145	14.451	12.585	
659	62.174	70.195	74.779	19.135	14.393	12.576	
660	62.191	70.092	74.458	19.131	14.406	12.557	
661	62.205	69.984	74.138	19.149	14.366	12.521	
662	62.215	69.87	73.819	19.141	14.38	12.487	
663	62.221	69.752	73.501	19.085	14.354	12.478	
664	62.224	69.629	73.185	19.067	14.358	12.46	
665	62.224	69.502	72.87	19.05	14.329	12.422	
666	62.219	69.371	72.556	19.037	14.283	12.4	
667	62.212	69.236	72.244	19.049	14.264	12.403	
668	62.201	69.096	71.933	19.03	14.28	12.379	
669	62.186	68.954	71.625	19.015	14.24	12.357	
670	62.168	68.807	71.318	18.996	14.227	12.341	
671	62.147	68.658	71.013	18.983	14.189	12.272	
672	62.122	68.505	70.709	18.968	14.151	12.307	
673	62.094	68.349	70.408	18.924	14.153	12.286	
674	62.063	68.191	70.109	18.939	14.161	12.278	
675	62.029	68.03	69.812	18.916	14.153	12.296	
676	61.992	67.866	69.517	18.918	14.072	12.203	
677	61.952	67.7	69.224	18.905	14.111	12.199	
678	61.908	67.532	68.934	18.877	14.073	12.219	
679	61.862	67.361	68.645	18.874	14.028	12.143	
680	61.813	67.189	68.359	18.865	14.013	12.153	
681	61.761	67.015	68.075	18.846	13.999	12.088	
682	61.707	66.839	67.793	18.845	14.005	12.109	
683	61.649	66.662	67.514	18.808	13.954	12.072	
684	61.59	66.483	67.237	18.784	13.945	12.093	
685	61.527	66.303	66.962	18.793	13.961	12.052	
686	61.462	66.122	66.689	18.775	13.924	12.002	
687	61.395	65.94	66.419	18.777	13.89	11.991	
688	61.325	65.757	66.15	18.772	13.868	11.962	
689	61.253	65.572	65.885	18.761	13.903	11.957	
690	61.178	65.387	65.621	18.716	13.875	11.965	
691	61.102	65.202	65.36	18.724	13.843	11.91	
692	61.023	65.016	65.101	18.709	13.782	11.94	
693	60.942	64.829	64.845	18.696	13.781	11.891	
694	60.859	64.642	64.59	18.682	13.775	11.898	
695	60.775	64.454	64.338	18.653	13.738	11.859	
696	60.688	64.266	64.088	18.654	13.704	11.854	
697	60.599	64.078	63.841	18.647	13.742	11.818	
698	60.509	63.89	63.596	18.656	13.697	11.76	
699	60.417	63.701	63.352	18.615	13.678	11.745	
700	60.324	63.513	63.112	18.603	13.714	11.763	
701	60.228	63.325	62.873	18.616	13.601	11.754	
702	60.131	63.136	62.637	18.605	13.677	11.742	
703	60.033	62.948	62.402	18.55	13.664	11.695	
704	59.933	62.76	62.17	18.548	13.616	11.689	
705	59.832	62.573	61.94	18.593	13.586	11.663	
706	59.73	62.385	61.713	18.539	13.595	11.627	
707	59.626	62.198	61.487	18.519	13.587	11.625	
708	59.521	62.012	61.264	18.499	13.513	11.634	
709	59.415	61.826	61.042	18.52	13.555	11.58	
710	59.308	61.64	60.823	18.509	13.487	11.628	
711	59.2	61.454	60.606	18.491	13.491	11.511	
712	59.09	61.27	60.39	18.46	13.43	11.505	
713	58.98	61.086	60.177	18.443	13.501	11.532	
714	58.869	60.902	59.966	18.434	13.419	11.487	
715	58.757	60.719	59.757	18.397	13.433	11.469	
716	58.644	60.537	59.55	18.418	13.356	11.374	
717	58.53	60.355	59.344	18.408	13.398	11.468	
718	58.416	60.174	59.141	18.389	13.347	11.371	
719	58.3	59.994	58.94	18.416	13.365	11.461	
720	58.185	59.814	58.74	18.332	13.336	11.414	
721	58.068	59.635	58.543	18.377	13.311	11.389	
722	57.951	59.457	58.347	18.373	13.341	11.365	
723	57.834	59.28	58.153	18.316	13.339	11.362	
724	57.715	59.104	57.961	18.348	13.267	11.357	
725	57.597	58.928	57.771	18.293	13.366	11.278	
726	57.478	58.754	57.583	18.343	13.2	11.279	
727	57.358	58.58	57.396	18.3	13.25	11.255	
728	57.239	58.407	57.211	18.318	13.194	11.255	
729	57.118	58.235	57.028	18.272	13.178	11.254	
730	56.998	58.064	56.847	18.26	13.183	11.173	
731	56.877	57.893	56.667	18.22	13.167	11.208	
732	56.756	57.724	56.489	18.247	13.116	11.197	
733	56.635	57.556	56.313	18.236	13.152	11.165	
734	56.514	57.388	56.138	18.263	13.117	11.143	
735	56.392	57.221	55.965	18.212	13.131	11.119	
736	56.27	57.056	55.794	18.211	13.114	11.12	
737	56.148	56.891	55.624	18.221	13.084	11.153	
738	56.027	56.727	55.455	18.175	13.091	11.076	
739	55.905	56.565	55.289	18.168	13.067	11.094	
740	55.783	56.403	55.124	18.198	13.06	11.074	
741	55.661	56.242	54.96	18.146	13.012	11.072	
742	55.539	56.082	54.798	18.159	13.021	11.016	
743	55.417	55.923	54.637	18.16	13.027	10.987	
744	55.295	55.765	54.478	18.128	13	11.023	
745	55.173	55.608	54.321	18.098	13.023	11.013	
746	55.051	55.452	54.164	18.113	12.97	10.981	
747	54.929	55.297	54.01	18.112	13.001	10.944	
748	54.808	55.143	53.856	18.09	12.967	10.93	
749	54.686	54.99	53.704	18.087	12.928	10.902	
750	54.565	54.837	53.554	18.026	12.909	10.938	
751	54.444	54.686	53.404	18.064	12.892	10.873	
752	54.323	54.536	53.256	18.016	12.923	10.846	
753	54.202	54.387	53.11	18.042	12.881	10.845	
754	54.081	54.238	52.965	18.033	12.862	10.87	
755	53.961	54.091	52.821	17.998	12.896	10.794	
756	53.841	53.945	52.678	18.017	12.83	10.84	
757	53.721	53.799	52.537	18.016	12.778	10.837	
758	53.602	53.655	52.397	17.993	12.814	10.794	
759	53.483	53.511	52.258	17.991	12.817	10.766	
760	53.364	53.369	52.12	17.965	12.743	10.723	
761	53.245	53.227	51.984	17.94	12.757	10.727	
762	53.127	53.086	51.848	17.968	12.744	10.685	
763	53.009	52.946	51.714	17.942	12.757	10.67	
764	52.891	52.807	51.582	17.942	12.75	10.703	
765	52.774	52.67	51.45	17.928	12.723	10.649	
766	52.657	52.533	51.319	17.945	12.732	10.659	
767	52.54	52.396	51.19	17.932	12.689	10.658	
768	52.424	52.261	51.061	17.898	12.676	10.604	
769	52.308	52.127	50.934	17.901	12.684	10.63	
770	52.192	51.994	50.808	17.88	12.632	10.573	
771	52.077	51.861	50.683	17.839	12.621	10.567	
772	51.962	51.729	50.559	17.837	12.664	10.567	
773	51.848	51.599	50.436	17.851	12.613	10.567	
774	51.734	51.469	50.314	17.831	12.605	10.51	
775	51.62	51.34	50.193	17.81	12.584	10.517	
776	51.507	51.212	50.073	17.872	12.563	10.49	
777	51.395	51.085	49.955	17.813	12.541	10.499	
778	51.282	50.958	49.837	17.814	12.507	10.516	
779	51.17	50.833	49.72	17.771	12.515	10.473	
780	51.059	50.708	49.604	17.769	12.529	10.484	
781	50.948	50.584	49.489	17.816	12.552	10.405	
782	50.838	50.461	49.375	17.788	12.453	10.414	
783	50.727	50.339	49.262	17.766	12.44	10.413	
784	50.618	50.218	49.15	17.747	12.468	10.369	
785	50.509	50.097	49.039	17.727	12.424	10.347	
786	50.4	49.977	48.928	17.72	12.435	10.349	
787	50.292	49.859	48.819	17.725	12.412	10.345	
788	50.184	49.74	48.71	17.722	12.394	10.324	
789	50.077	49.623	48.603	17.703	12.376	10.317	
790	49.97	49.507	48.496	17.705	12.403	10.277	
791	49.863	49.391	48.39	17.675	12.368	10.278	
792	49.757	49.276	48.285	17.689	12.361	10.267	
793	49.652	49.162	48.181	17.679	12.381	10.266	
794	49.547	49.048	48.077	17.66	12.327	10.239	
795	49.442	48.936	47.974	17.659	12.309	10.224	
796	49.338	48.824	47.873	17.662	12.313	10.213	
797	49.235	48.713	47.772	17.654	12.325	10.176	
798	49.132	48.602	47.671	17.666	12.323	10.181	
799	49.029	48.492	47.572	17.647	12.261	10.206	
800	48.927	48.383	47.473	17.62	12.266	10.135	
801	48.825	48.275	47.375	17.605	12.279	10.152	
802	48.724	48.168	47.278	17.648	12.257	10.122	
803	48.623	48.061	47.181	17.585	12.228	10.092	
804	48.523	47.955	47.086	17.575	12.219	10.133	
805	48.423	47.849	46.991	17.566	12.198	10.093	
806	48.324	47.745	46.896	17.583	12.17	10.084	
807	48.225	47.641	46.803	17.566	12.126	10.115	
808	48.127	47.537	46.71	17.569	12.174	10.024	
809	48.029	47.435	46.618	17.516	12.099	10.047	
810	47.932	47.333	46.526	17.556	12.165	10.014	
811	47.835	47.231	46.435	17.537	12.131	9.9973	
812	47.738	47.131	46.345	17.532	12.176	10.005	
813	47.642	47.031	46.256	17.542	12.077	9.9926	
814	47.547	46.931	46.167	17.52	12.11	10.013	
815	47.452	46.833	46.079	17.499	12.091	9.9656	
816	47.357	46.735	45.991	17.51	12.082	9.9131	
817	47.263	46.637	45.904	17.487	12.062	9.9298	
818	47.17	46.54	45.818	17.492	12.059	9.9034	
819	47.076	46.444	45.732	17.483	12.042	9.9129	
820	46.984	46.349	45.647	17.46	12.018	9.8719	
821	46.892	46.254	45.562	17.453	12.005	9.8656	
822	46.8	46.159	45.478	17.45	12.012	9.8616	
823	46.708	46.065	45.395	17.451	12.006	9.8525	
824	46.618	45.972	45.312	17.443	12.007	9.8497	
825	46.527	45.88	45.23	17.437	11.988	9.8449	
826	46.437	45.788	45.149	17.433	11.98	9.8362	
827	46.348	45.696	45.068	17.43	11.974	9.8144	
828	46.259	45.605	44.987	17.419	11.964	9.8087	
829	46.17	45.515	44.907	17.407	11.95	9.7941	
830	46.082	45.425	44.828	17.407	11.946	9.8031	
831	45.995	45.336	44.749	17.4	11.919	9.7859	
832	45.907	45.248	44.671	17.384	11.91	9.7662	
833	45.821	45.16	44.593	17.379	11.905	9.7353	
834	45.734	45.072	44.516	17.367	11.897	9.7158	
835	45.648	44.985	44.439	17.36	11.889	9.7177	
836	45.563	44.899	44.363	17.358	11.888	9.6974	
837	45.478	44.813	44.287	17.35	11.861	9.7024	
838	45.393	44.728	44.212	17.356	11.846	9.6741	
839	45.309	44.643	44.138	17.339	11.835	9.6728	
840	45.225	44.558	44.063	17.323	11.851	9.6213	
841	45.142	44.475	43.99	17.338	11.799	9.6059	
842	45.059	44.391	43.916	17.35	11.812	9.6524	
843	44.977	44.308	43.844	17.333	11.79	9.6237	
844	44.895	44.226	43.771	17.328	11.8	9.6135	
845	44.813	44.144	43.7	17.337	11.83	9.5864	
846	44.732	44.063	43.628	17.25	11.762	9.5728	
847	44.651	43.982	43.557	17.316	11.671	9.6306	
848	44.571	43.902	43.487	17.299	11.801	9.6341	
849	44.491	43.822	43.417	17.296	11.713	9.5251	
850	44.411	43.743	43.347	17.278	11.74	9.5683	
851	44.332	43.664	43.278	17.254	11.712	9.5872	
852	44.253	43.585	43.209	17.249	11.723	9.4661	
853	44.175	43.507	43.141	17.279	11.658	9.4759	
854	44.097	43.43	43.073	17.228	11.704	9.4325	
855	44.02	43.353	43.006	17.23	11.626	9.478	
856	43.943	43.276	42.939	17.202	11.678	9.4881	
857	43.866	43.2	42.872	17.234	11.659	9.4508	
858	43.789	43.124	42.806	17.248	11.682	9.4151	
859	43.713	43.049	42.74	17.26	11.629	9.461	
860	43.638	42.974	42.675	17.206	11.667	9.4684	
861	43.563	42.899	42.61	17.177	11.615	9.3825	
862	43.488	42.825	42.545	17.215	11.595	9.3837	
863	43.413	42.752	42.481	17.205	11.644	9.3907	
864	43.339	42.679	42.417	17.208	11.589	9.387	
865	43.266	42.606	42.353	17.157	11.577	9.3165	
866	43.192	42.533	42.29	17.167	11.563	9.3468	
867	43.119	42.461	42.227	17.147	11.513	9.3459	
868	43.047	42.39	42.165	17.118	11.543	9.3501	
869	42.975	42.319	42.103	17.15	11.508	9.2901	
870	42.903	42.248	42.041	17.159	11.516	9.3057	
871	42.831	42.178	41.98	17.146	11.508	9.2767	
872	42.76	42.108	41.919	17.131	11.512	9.3136	
873	42.69	42.038	41.858	17.157	11.469	9.267	
874	42.619	41.969	41.798	17.129	11.488	9.2504	
875	42.549	41.9	41.738	17.111	11.474	9.2559	
876	42.479	41.832	41.679	17.115	11.465	9.2204	
877	42.41	41.764	41.619	17.112	11.46	9.2537	
878	42.341	41.696	41.56	17.083	11.444	9.2191	
879	42.272	41.629	41.502	17.079	11.432	9.1998	
880	42.204	41.562	41.443	17.071	11.421	9.1926	
881	42.136	41.495	41.386	17.069	11.417	9.1849	
882	42.068	41.429	41.328	17.067	11.412	9.1889	
883	42.001	41.363	41.271	17.063	11.408	9.1794	
884	41.934	41.297	41.214	17.061	11.404	9.1718	
885	41.867	41.232	41.157	17.061	11.396	9.1709	
886	41.801	41.167	41.1	17.056	11.388	9.1566	
887	41.735	41.103	41.044	17.046	11.371	9.1428	
888	41.669	41.039	40.989	17.044	11.364	9.1243	
889	41.604	40.975	40.933	17.031	11.351	9.1119	
890	41.539	40.911	40.878	17.018	11.337	9.0964	
891	41.474	40.848	40.823	17.012	11.328	9.0812	
892	41.41	40.785	40.768	17.01	11.316	9.0788	
893	41.346	40.723	40.714	17.003	11.31	9.0602	
894	41.282	40.661	40.66	16.991	11.308	9.0486	
895	41.219	40.599	40.606	16.999	11.303	9.0533	
896	41.156	40.537	40.553	16.989	11.29	9.0498	
897	41.093	40.476	40.499	16.989	11.285	9.0476	
898	41.03	40.415	40.446	16.987	11.282	9.0195	
899	40.968	40.354	40.394	16.979	11.268	9.0175	
900	40.906	40.294	40.341	16.966	11.258	8.9949	
901	40.844	40.234	40.289	16.947	11.247	8.9733	
902	40.783	40.174	40.237	16.948	11.229	8.9685	
903	40.722	40.115	40.186	16.945	11.226	8.9618	
904	40.661	40.056	40.134	16.94	11.217	8.9595	
905	40.601	39.997	40.083	16.932	11.215	8.9576	
906	40.541	39.939	40.032	16.934	11.21	8.9517	
907	40.481	39.88	39.982	16.929	11.206	8.9528	
908	40.421	39.822	39.931	16.931	11.194	8.9288	
909	40.362	39.765	39.881	16.916	11.183	8.9209	
910	40.303	39.707	39.831	16.902	11.167	8.91	
911	40.244	39.65	39.782	16.906	11.155	8.9055	
912	40.186	39.593	39.732	16.894	11.128	8.8691	
913	40.127	39.537	39.683	16.881	11.137	8.8493	
914	40.069	39.481	39.634	16.883	11.127	8.8511	
915	40.012	39.425	39.586	16.876	11.114	8.8449	
916	39.954	39.369	39.537	16.869	11.119	8.8435	
917	39.897	39.313	39.489	16.869	11.116	8.8377	
918	39.84	39.258	39.441	16.872	11.111	8.8326	
919	39.784	39.203	39.393	16.868	11.102	8.8198	
920	39.727	39.149	39.346	16.862	11.094	8.8106	
921	39.671	39.094	39.298	16.852	11.081	8.8013	
922	39.616	39.04	39.251	16.848	11.073	8.8045	
923	39.56	38.986	39.204	16.851	11.066	8.7956	
924	39.505	38.933	39.158	16.835	11.037	8.7695	
925	39.45	38.879	39.111	16.832	11.054	8.7564	
926	39.395	38.826	39.065	16.815	11.035	8.7417	
927	39.34	38.773	39.019	16.816	11.041	8.7315	
928	39.286	38.721	38.973	16.814	11.034	8.7362	
929	39.232	38.668	38.928	16.797	10.994	8.7477	
930	39.178	38.616	38.882	16.793	10.972	8.7269	
931	39.125	38.564	38.837	16.805	11.016	8.7154	
932	39.071	38.512	38.792	16.812	10.951	8.6826	
933	39.018	38.461	38.747	16.782	11.008	8.6791	
934	38.965	38.41	38.702	16.775	10.976	8.695	
935	38.913	38.359	38.658	16.773	10.978	8.6554	
936	38.86	38.308	38.614	16.753	10.941	8.6501	
937	38.808	38.257	38.57	16.753	10.935	8.6851	
938	38.756	38.207	38.526	16.783	10.944	8.6069	
939	38.705	38.157	38.482	16.761	10.933	8.6336	
940	38.653	38.107	38.439	16.766	10.894	8.6504	
941	38.602	38.057	38.396	16.76	10.92	8.6114	
942	38.551	38.008	38.352	16.739	10.886	8.5574	
943	38.5	37.959	38.31	16.715	10.91	8.5951	
944	38.45	37.91	38.267	16.717	10.929	8.5787	
945	38.4	37.861	38.224	16.744	10.893	8.5827	
946	38.349	37.812	38.182	16.743	10.888	8.5713	
947	38.3	37.764	38.14	16.722	10.888	8.5569	
948	38.25	37.716	38.098	16.718	10.861	8.5456	
949	38.2	37.668	38.056	16.708	10.84	8.5238	
950	38.151	37.62	38.014	16.702	10.832	8.5213	
951	38.102	37.573	37.973	16.691	10.851	8.5259	
952	38.053	37.525	37.931	16.683	10.844	8.5209	
953	38.005	37.478	37.89	16.694	10.825	8.4986	
954	37.957	37.431	37.849	16.695	10.819	8.5124	
955	37.908	37.384	37.808	16.682	10.807	8.4784	
956	37.86	37.338	37.768	16.663	10.812	8.4848	
957	37.813	37.292	37.727	16.664	10.803	8.5324	
958	37.765	37.245	37.687	16.644	10.785	8.4534	
959	37.718	37.199	37.647	16.666	10.771	8.4791	
960	37.671	37.154	37.606	16.678	10.753	8.4078	
961	37.624	37.108	37.567	16.673	10.778	8.3952	
962	37.577	37.063	37.527	16.661	10.689	8.3687	
963	37.53	37.017	37.487	16.62	10.712	8.4149	
964	37.484	36.972	37.448	16.649	10.748	8.3485	
965	37.438	36.928	37.409	16.617	10.733	8.3817	
966	37.392	36.883	37.37	16.628	10.753	8.359	
967	37.346	36.838	37.331	16.623	10.733	8.3919	
968	37.301	36.794	37.292	16.627	10.745	8.3832	
969	37.255	36.75	37.253	16.611	10.709	8.3707	
970	37.21	36.706	37.215	16.625	10.692	8.3925	
971	37.165	36.662	37.176	16.613	10.68	8.3706	
972	37.12	36.619	37.138	16.61	10.702	8.3492	
973	37.076	36.575	37.1	16.61	10.685	8.3224	
974	37.031	36.532	37.062	16.594	10.661	8.3374	
975	36.987	36.489	37.024	16.588	10.668	8.2816	
976	36.943	36.446	36.987	16.58	10.653	8.2972	
977	36.899	36.403	36.949	16.575	10.641	8.2843	
978	36.855	36.361	36.912	16.572	10.632	8.2858	
979	36.811	36.319	36.875	16.57	10.638	8.2719	
980	36.768	36.276	36.838	16.575	10.628	8.2724	
981	36.725	36.234	36.801	16.572	10.626	8.2804	
982	36.682	36.192	36.764	16.566	10.621	8.2707	
983	36.639	36.151	36.727	16.562	10.623	8.2828	
984	36.596	36.109	36.69	16.548	10.613	8.2676	
985	36.554	36.068	36.654	16.546	10.617	8.2362	
986	36.511	36.026	36.618	16.573	10.595	8.2584	
987	36.469	35.985	36.582	16.537	10.591	8.2149	
988	36.427	35.944	36.546	16.532	10.56	8.1936	
989	36.385	35.903	36.51	16.524	10.566	8.1933	
990	36.344	35.863	36.474	16.52	10.547	8.1876	
991	36.302	35.822	36.438	16.519	10.55	8.1676	
992	36.261	35.782	36.403	16.52	10.545	8.1802	
993	36.22	35.742	36.367	16.509	10.544	8.1739	
994	36.179	35.702	36.332	16.517	10.548	8.1768	
995	36.138	35.662	36.297	16.503	10.54	8.1619	
996	36.097	35.622	36.262	16.496	10.533	8.1554	
997	36.057	35.582	36.227	16.504	10.529	8.1444	
998	36.016	35.543	36.192	16.493	10.516	8.1417	
999	35.976	35.504	36.157	16.483	10.502	8.1776	
1000	35.936	35.465	36.123	16.5	10.478	8.1157	
1001	35.896	35.425	36.088	16.464	10.53	8.0949	
1002	35.856	35.387	36.054	16.485	10.51	8.0982	
1003	35.817	35.348	36.02	16.476	10.477	8.0989	
1004	35.777	35.309	35.986	16.475	10.443	8.0759	
1005	35.738	35.271	35.952	16.439	10.542	8.1117	
1006	35.699	35.232	35.918	16.467	10.428	8.1096	
1007	35.66	35.194	35.884	16.465	10.492	8.0327	
1008	35.621	35.156	35.85	16.449	10.484	8.0563	
1009	35.582	35.118	35.817	16.429	10.432	8.0496	
1010	35.544	35.081	35.783	16.466	10.451	8.0414	
1011	35.505	35.043	35.75	16.433	10.444	8.0428	
1012	35.467	35.005	35.717	16.438	10.431	8.0143	
1013	35.429	34.968	35.684	16.434	10.414	8.0082	
1014	35.391	34.931	35.651	16.435	10.394	8.0042	
1015	35.353	34.894	35.618	16.437	10.4	7.9932	
1016	35.315	34.857	35.585	16.413	10.402	8.087	
1017	35.278	34.82	35.552	16.395	10.365	7.9546	
1018	35.24	34.783	35.52	16.391	10.366	7.9748	
1019	35.203	34.746	35.487	16.377	10.349	7.938	
1020	35.166	34.71	35.455	16.428	10.409	7.9076	
1021	35.129	34.674	35.422	16.344	10.406	7.9482	
1022	35.092	34.637	35.39	16.399	10.335	7.9468	
1023	35.055	34.601	35.358	16.418	10.322	7.9437	
1024	35.019	34.565	35.326	16.374	10.301	7.9785	
1025	34.982	34.529	35.294	16.416	10.31	7.9159	
1026	34.946	34.494	35.262	16.38	10.359	7.8728	
1027	34.91	34.458	35.231	16.414	10.241	7.8987	
1028	34.874	34.422	35.199	16.371	10.339	7.8451	
1029	34.838	34.387	35.168	16.355	10.283	7.8299	
1030	34.802	34.352	35.136	16.359	10.328	7.903	
1031	34.766	34.317	35.105	16.422	10.333	7.9249	
1032	34.731	34.281	35.074	16.316	10.327	7.8632	
1033	34.695	34.247	35.043	16.382	10.287	7.887	
1034	34.66	34.212	35.012	16.356	10.309	7.8533	
1035	34.625	34.177	34.981	16.379	10.251	7.9231	
1036	34.59	34.142	34.95	16.253	10.285	7.8388	
1037	34.555	34.108	34.919	16.397	10.175	7.8035	
1038	34.52	34.074	34.888	16.319	10.24	7.9786	
1039	34.486	34.039	34.858	16.361	10.29	7.9209	
1040	34.451	34.005	34.827	16.298	10.088	7.8087	
1041	34.417	33.971	34.797	16.335	10.216	7.8567	
1042	34.382	33.937	34.767	16.445	10.238	7.6434	
1043	34.348	33.903	34.736	16.412	10.176	7.6925	
1044	34.314	33.87	34.706	16.267	10.268	7.7417	
1045	34.28	33.836	34.676	16.308	10.204	7.7873	
1046	34.246	33.803	34.646	16.204	10.35	7.5825	
1047	34.213	33.769	34.616	16.266	10.039	7.7932	
1048	34.179	33.736	34.587	16.229	10.157	7.8069	
1049	34.145	33.703	34.557	16.299	10.171	7.7236	
1050	34.112	33.67	34.527	16.276	10.083	7.8107	
1051	34.079	33.637	34.498	16.278	10.17	7.7396	
1052	34.046	33.604	34.468	16.273	10.161	7.7044	
1053	34.013	33.571	34.439	16.277	10.167	7.7231	
1054	33.98	33.538	34.41	16.277	10.148	7.7089	
1055	33.947	33.506	34.38	16.277	10.167	7.6972	
1056	33.914	33.473	34.351	16.273	10.135	7.687	
1057	33.882	33.441	34.322	16.269	10.153	7.6997	
1058	33.849	33.409	34.293	16.262	10.142	7.6709	
1059	33.817	33.377	34.264	16.247	10.134	7.6933	
1060	33.785	33.345	34.236	16.254	10.134	7.6648	
1061	33.753	33.313	34.207	16.263	10.116	7.6747	
1062	33.721	33.281	34.178	16.239	10.115	7.6648	
1063	33.689	33.249	34.15	16.235	10.098	7.6667	
1064	33.657	33.217	34.121	16.233	10.093	7.6472	
1065	33.625	33.186	34.093	16.225	10.087	7.629	
1066	33.594	33.154	34.064	16.232	10.086	7.618	
1067	33.562	33.123	34.036	16.223	10.089	7.6219	
1068	33.531	33.091	34.008	16.218	10.078	7.6284	
1069	33.499	33.06	33.98	16.223	10.054	7.6005	
1070	33.468	33.029	33.952	16.22	10.079	7.5985	
1071	33.437	32.998	33.924	16.218	10.063	7.599	
1072	33.406	32.967	33.896	16.202	10.065	7.5925	
1073	33.375	32.936	33.868	16.215	10.029	7.5661	
1074	33.345	32.906	33.84	16.199	10.044	7.5808	
1075	33.314	32.875	33.813	16.193	10.033	7.5517	
1076	33.283	32.844	33.785	16.201	10.022	7.5548	
1077	33.253	32.814	33.757	16.189	10.024	7.5511	
1078	33.223	32.783	33.73	16.185	10.008	7.5417	
1079	33.192	32.753	33.703	16.186	10.022	7.5314	
1080	33.162	32.723	33.675	16.186	10.011	7.5387	
1081	33.132	32.693	33.648	16.179	10.01	7.5348	
1082	33.102	32.663	33.621	16.172	10.007	7.5257	
1083	33.072	32.633	33.594	16.18	9.9947	7.5117	
1084	33.042	32.603	33.567	16.172	9.995	7.5129	
1085	33.013	32.573	33.54	16.166	9.9914	7.5014	
1086	32.983	32.543	33.513	16.171	9.9923	7.5038	
1087	32.954	32.514	33.486	16.156	9.9873	7.4945	
1088	32.924	32.484	33.459	16.166	9.9817	7.4997	
1089	32.895	32.455	33.432	16.159	9.9779	7.4821	
1090	32.866	32.425	33.406	16.158	9.9803	7.4881	
1091	32.837	32.396	33.379	16.153	9.9785	7.4853	
1092	32.807	32.367	33.353	16.144	9.9565	7.4715	
1093	32.779	32.338	33.326	16.148	9.9506	7.4729	
1094	32.75	32.309	33.3	16.141	9.9601	7.4722	
1095	32.721	32.28	33.274	16.15	9.9318	7.4483	
1096	32.692	32.251	33.247	16.144	9.9407	7.4519	
1097	32.664	32.222	33.221	16.13	9.9283	7.4383	
1098	32.635	32.193	33.195	16.124	9.9234	7.4168	
1099	32.607	32.164	33.169	16.123	9.9232	7.4195	
1100	32.578	32.136	33.143	16.113	9.9178	7.4139	
1101	32.55	32.107	33.117	16.124	9.9056	7.3964	
1102	32.522	32.079	33.091	16.116	9.8945	7.3888	
1103	32.494	32.051	33.065	16.109	9.8791	7.3797	
1104	32.466	32.022	33.039	16.105	9.888	7.3786	
1105	32.438	31.994	33.014	16.097	9.8862	7.3711	
1106	32.41	31.966	32.988	16.101	9.8753	7.3644	
1107	32.383	31.938	32.963	16.09	9.8672	7.3615	
1108	32.355	31.91	32.937	16.098	9.873	7.3533	
1109	32.327	31.882	32.912	16.089	9.8628	7.35	
1110	32.3	31.854	32.886	16.087	9.8562	7.3493	
1111	32.273	31.827	32.861	16.086	9.8575	7.3426	
1112	32.245	31.799	32.836	16.085	9.8439	7.3361	
1113	32.218	31.771	32.81	16.085	9.8491	7.3346	
1114	32.191	31.744	32.785	16.08	9.8466	7.3305	
1115	32.164	31.716	32.76	16.077	9.8484	7.3291	
1116	32.137	31.689	32.735	16.078	9.8409	7.3321	
1117	32.11	31.662	32.71	16.079	9.8416	7.3209	
1118	32.083	31.634	32.685	16.072	9.8334	7.3214	
1119	32.056	31.607	32.66	16.06	9.8347	7.3015	
1120	32.03	31.58	32.635	16.068	9.8313	7.2924	
1121	32.003	31.553	32.611	16.067	9.8176	7.2878	
1122	31.977	31.526	32.586	16.06	9.8063	7.2978	
1123	31.95	31.499	32.561	16.048	9.8069	7.2903	
1124	31.924	31.472	32.537	16.063	9.8076	7.2673	
1125	31.898	31.446	32.512	16.054	9.7979	7.2623	
1126	31.872	31.419	32.488	16.058	9.8085	7.2676	
1127	31.845	31.392	32.463	16.033	9.7894	7.2435	
1128	31.819	31.366	32.439	16.033	9.7801	7.246	
1129	31.793	31.339	32.414	16.039	9.78	7.2589	
1130	31.768	31.313	32.39	16.029	9.784	7.2303	
1131	31.742	31.286	32.366	16.028	9.7661	7.2327	
1132	31.716	31.26	32.342	16.029	9.7641	7.2224	
1133	31.69	31.234	32.318	16.022	9.7746	7.22	
1134	31.665	31.208	32.294	16.013	9.7404	7.2208	
1135	31.639	31.182	32.27	16.016	9.7516	7.1929	
1136	31.614	31.156	32.246	16.019	9.733	7.2045	
1137	31.588	31.13	32.222	16.012	9.7186	7.2018	
1138	31.563	31.104	32.198	16.011	9.7314	7.1817	
1139	31.538	31.078	32.174	16.007	9.7294	7.188	
1140	31.513	31.052	32.15	16	9.711	7.1734	
1141	31.488	31.026	32.127	16.013	9.7229	7.1701	
1142	31.463	31.001	32.103	16.009	9.7157	7.1425	
1143	31.438	30.975	32.079	15.991	9.7047	7.1754	
1144	31.413	30.95	32.056	15.991	9.6948	7.1627	
1145	31.388	30.924	32.032	15.994	9.7082	7.1617	
1146	31.363	30.899	32.009	15.991	9.6734	7.1488	
1147	31.339	30.873	31.985	15.987	9.6773	7.1375	
1148	31.314	30.848	31.962	15.993	9.6824	7.1398	
1149	31.29	30.823	31.939	15.982	9.6859	7.1336	
1150	31.265	30.798	31.915	15.971	9.6696	7.1285	
1151	31.241	30.773	31.892	15.973	9.6557	7.1144	
1152	31.217	30.748	31.869	15.974	9.6664	7.1066	
1153	31.192	30.723	31.846	15.967	9.6521	7.0941	
1154	31.168	30.698	31.823	15.961	9.6519	7.0958	
1155	31.144	30.673	31.8	15.966	9.6506	7.0979	
1156	31.12	30.648	31.777	15.955	9.6498	7.0837	
1157	31.096	30.623	31.754	15.955	9.6421	7.0727	
1158	31.072	30.599	31.731	15.956	9.6421	7.0731	
1159	31.048	30.574	31.708	15.96	9.6267	7.0708	
1160	31.024	30.549	31.685	15.957	9.628	7.0722	
1161	31.001	30.525	31.663	15.947	9.6061	7.0769	
1162	30.977	30.501	31.64	15.943	9.6372	7.0503	
1163	30.954	30.476	31.617	15.932	9.6109	7.0423	
1164	30.93	30.452	31.595	15.933	9.5892	7.0355	
1165	30.907	30.427	31.572	15.926	9.6021	7.0251	
1166	30.883	30.403	31.55	15.934	9.5923	7.0232	
1167	30.86	30.379	31.527	15.935	9.6092	7.0307	
1168	30.837	30.355	31.505	15.925	9.5875	7.0159	
1169	30.813	30.331	31.482	15.919	9.579	7.0094	
1170	30.79	30.307	31.46	15.923	9.5874	6.9969	
1171	30.767	30.283	31.438	15.918	9.5745	6.9927	
1172	30.744	30.259	31.415	15.915	9.5753	6.9904	
1173	30.721	30.235	31.393	15.913	9.572	6.9898	
1174	30.698	30.211	31.371	15.912	9.5717	6.9855	
1175	30.675	30.188	31.349	15.911	9.5671	6.9893	
1176	30.653	30.164	31.327	15.909	9.5553	6.9753	
1177	30.63	30.14	31.305	15.913	9.5548	6.9734	
1178	30.607	30.117	31.283	15.902	9.5491	6.9642	
1179	30.585	30.093	31.261	15.902	9.5544	6.9693	
1180	30.562	30.07	31.239	15.901	9.5467	6.9584	
1181	30.54	30.046	31.217	15.901	9.5467	6.9598	
1182	30.517	30.023	31.195	15.894	9.5385	6.9547	
1183	30.495	30	31.173	15.897	9.537	6.95	
1184	30.473	29.976	31.152	15.892	9.532	6.9421	
1185	30.45	29.953	31.13	15.883	9.531	6.946	
1186	30.428	29.93	31.108	15.885	9.5219	6.9289	
1187	30.406	29.907	31.087	15.884	9.5224	6.9354	
1188	30.384	29.884	31.065	15.877	9.523	6.9241	
1189	30.362	29.861	31.043	15.882	9.5084	6.9071	
1190	30.34	29.838	31.022	15.876	9.5137	6.9197	
1191	30.318	29.815	31	15.87	9.5099	6.9094	
1192	30.296	29.792	30.979	15.871	9.4961	6.8957	
1193	30.275	29.769	30.958	15.868	9.4961	6.8932	
1194	30.253	29.747	30.936	15.862	9.5027	6.9035	
1195	30.231	29.724	30.915	15.874	9.474	6.8908	
1196	30.21	29.701	30.894	15.86	9.4905	6.8699	
1197	30.188	29.679	30.873	15.862	9.4762	6.8911	
1198	30.167	29.656	30.851	15.852	9.4631	6.8864	
1199	30.145	29.634	30.83	15.851	9.477	6.8633	
1200	30.124	29.611	30.809	15.858	9.4625	6.8505	
1201	30.102	29.589	30.788	15.861	9.4796	6.8706	
1202	30.081	29.566	30.767	15.841	9.4636	6.8566	
1203	30.06	29.544	30.746	15.848	9.4582	6.8337	
1204	30.039	29.522	30.725	15.851	9.4464	6.8183	
1205	30.018	29.499	30.704	15.832	9.4472	6.8323	
1206	29.996	29.477	30.683	15.836	9.466	6.8321	
1207	29.975	29.455	30.662	15.846	9.4633	6.8204	
1208	29.954	29.433	30.642	15.832	9.4402	6.8124	
1209	29.934	29.411	30.621	15.836	9.4279	6.8174	
1210	29.913	29.389	30.6	15.829	9.4198	6.7981	
1211	29.892	29.367	30.579	15.824	9.4014	6.7811	
1212	29.871	29.345	30.559	15.822	9.4159	6.7865	
1213	29.85	29.323	30.538	15.831	9.4125	6.7945	
1214	29.83	29.301	30.517	15.818	9.422	6.771	
1215	29.809	29.28	30.497	15.827	9.4065	6.7776	
1216	29.789	29.258	30.476	15.816	9.3902	6.7962	
1217	29.768	29.236	30.456	15.82	9.3945	6.7799	
1218	29.748	29.215	30.435	15.792	9.3676	6.7812	
1219	29.727	29.193	30.415	15.814	9.3787	6.7488	
1220	29.707	29.172	30.395	15.812	9.3724	6.7566	
1221	29.687	29.15	30.374	15.792	9.3678	6.7577	
1222	29.666	29.129	30.354	15.806	9.4041	6.7482	
1223	29.646	29.107	30.334	15.808	9.3612	6.7497	
1224	29.626	29.086	30.314	15.802	9.3661	6.7322	
1225	29.606	29.064	30.293	15.793	9.3623	6.7376	
1226	29.586	29.043	30.273	15.803	9.3763	6.7294	
1227	29.566	29.022	30.253	15.81	9.3589	6.7325	
1228	29.546	29.001	30.233	15.774	9.3448	6.7237	
1229	29.526	28.98	30.213	15.767	9.3236	6.7278	
1230	29.506	28.958	30.193	15.774	9.3573	6.7086	
1231	29.486	28.937	30.173	15.796	9.3605	6.676	
1232	29.467	28.916	30.153	15.789	9.3331	6.7336	
1233	29.447	28.895	30.133	15.803	9.3612	6.6865	
1234	29.427	28.874	30.113	15.779	9.3636	6.7088	
1235	29.408	28.854	30.093	15.762	9.3504	6.6856	
1236	29.388	28.833	30.073	15.776	9.3508	6.7156	
1237	29.368	28.812	30.054	15.771	9.3581	6.6932	
1238	29.349	28.791	30.034	15.803	9.3178	6.7029	
1239	29.33	28.77	30.014	15.735	9.3726	6.7182	
1240	29.31	28.75	29.995	15.732	9.2717	6.6779	
1241	29.291	28.729	29.975	15.745	9.341	6.6356	
1242	29.271	28.708	29.955	15.735	9.3044	6.6996	
1243	29.252	28.688	29.936	15.764	9.3127	6.761	
1244	29.233	28.667	29.916	15.782	9.3076	6.6586	
1245	29.214	28.647	29.897	15.721	9.362	6.5928	
1246	29.195	28.626	29.877	15.748	9.298	6.6041	
1247	29.176	28.606	29.858	15.731	9.2333	6.6094	
1248	29.157	28.586	29.838	15.743	9.2731	6.5843	
1249	29.138	28.565	29.819	15.775	9.2931	6.6536	
1250	29.119	28.545	29.799	15.753	9.3398	6.5861	
1251	29.1	28.525	29.78	15.739	9.2561	6.6486	
1252	29.081	28.504	29.761	15.709	9.2021	6.5795	
1253	29.062	28.484	29.742	15.708	9.3079	6.5872	
1254	29.043	28.464	29.722	15.716	9.2289	6.5936	
1255	29.025	28.444	29.703	15.74	9.2415	6.623	
1256	29.006	28.424	29.684	15.719	9.2629	6.5966	
1257	28.987	28.404	29.665	15.717	9.2216	6.5567	
1258	28.969	28.384	29.646	15.725	9.2458	6.548	
1259	28.95	28.364	29.627	15.694	9.2312	6.5771	
1260	28.932	28.344	29.607	15.709	9.2387	6.553	
1261	28.913	28.324	29.588	15.706	9.2178	6.5473	
1262	28.895	28.304	29.569	15.689	9.2162	6.5425	
1263	28.876	28.285	29.55	15.706	9.2186	6.5313	
1264	28.858	28.265	29.532	15.682	9.2026	6.5444	
1265	28.84	28.245	29.513	15.708	9.2245	6.5324	
1266	28.822	28.225	29.494	15.696	9.2306	6.5176	
1267	28.803	28.206	29.475	15.709	9.2023	6.5414	
1268	28.785	28.186	29.456	15.714	9.2095	6.5453	
1269	28.767	28.167	29.437	15.701	9.2186	6.5538	
1270	28.749	28.147	29.419	15.696	9.198	6.5367	
1271	28.731	28.127	29.4	15.683	9.2039	6.5136	
1272	28.713	28.108	29.381	15.688	9.2189	6.5472	
1273	28.695	28.089	29.362	15.705	9.2243	6.5247	
1274	28.677	28.069	29.344	15.701	9.2005	6.5306	
1275	28.659	28.05	29.325	15.686	9.1823	6.4939	
1276	28.641	28.03	29.307	15.699	9.2087	6.5205	
1277	28.624	28.011	29.288	15.663	9.1993	6.5191	
1278	28.606	27.992	29.27	15.665	9.1892	6.5112	
1279	28.588	27.973	29.251	15.681	9.1589	6.4593	
1280	28.57	27.954	29.233	15.675	9.156	6.4798	
1281	28.553	27.934	29.214	15.682	9.1567	6.4748	
1282	28.535	27.915	29.196	15.676	9.169	6.4949	
1283	28.518	27.896	29.177	15.656	9.1537	6.4527	
1284	28.5	27.877	29.159	15.632	9.1916	6.4591	
1285	28.483	27.858	29.141	15.644	9.1608	6.4782	
1286	28.465	27.839	29.122	15.669	9.1557	6.4463	
1287	28.448	27.82	29.104	15.652	9.1412	6.4697	
1288	28.43	27.801	29.086	15.663	9.1606	6.4591	
1289	28.413	27.782	29.068	15.652	9.1422	6.4344	
1290	28.396	27.764	29.049	15.657	9.1551	6.4376	
1291	28.378	27.745	29.031	15.64	9.1345	6.4164	
1292	28.361	27.726	29.013	15.656	9.1345	6.4736	
1293	28.344	27.707	28.995	15.647	9.1239	6.4379	
1294	28.327	27.689	28.977	15.668	9.1578	6.4281	
1295	28.31	27.67	28.959	15.646	9.1369	6.3954	
1296	28.293	27.651	28.941	15.653	9.1292	6.3926	
1297	28.276	27.633	28.923	15.651	9.0942	6.4387	
1298	28.259	27.614	28.905	15.631	9.1357	6.4042	
1299	28.242	27.596	28.887	15.641	9.0837	6.373	
1300	28.225	27.577	28.869	15.624	9.1037	6.3995	
1301	28.208	27.559	28.851	15.641	9.126	6.3705	
1302	28.191	27.54	28.833	15.611	9.0799	6.4187	
1303	28.174	27.522	28.816	15.637	9.1245	6.3851	
1304	28.157	27.503	28.798	15.648	9.1135	6.3952	
1305	28.141	27.485	28.78	15.652	9.0861	6.3467	
1306	28.124	27.467	28.762	15.629	9.1235	6.3831	
1307	28.107	27.448	28.744	15.62	9.108	6.3954	
1308	28.091	27.43	28.727	15.613	9.0891	6.388	
1309	28.074	27.412	28.709	15.62	9.0991	6.3783	
1310	28.058	27.394	28.691	15.612	9.0767	6.3653	
1311	28.041	27.376	28.674	15.62	9.0461	6.3913	
1312	28.025	27.358	28.656	15.608	9.0606	6.3221	
1313	28.008	27.339	28.639	15.613	9.0866	6.3847	
1314	27.992	27.321	28.621	15.607	9.0596	6.3495	
1315	27.975	27.303	28.604	15.602	9.0327	6.3262	
1316	27.959	27.285	28.586	15.629	8.9941	6.3194	
1317	27.943	27.267	28.569	15.605	9.0557	6.3822	
1318	27.926	27.249	28.551	15.589	9.0545	6.3601	
1319	27.91	27.232	28.534	15.631	9.0479	6.354	
1320	27.894	27.214	28.516	15.574	9.0367	6.3584	
1321	27.878	27.196	28.499	15.612	9.0226	6.3347	
1322	27.862	27.178	28.482	15.601	8.9983	6.2378	
1323	27.845	27.16	28.464	15.554	9.0135	6.278	
1324	27.829	27.142	28.447	15.608	9.0519	6.2872	
1325	27.813	27.125	28.43	15.621	8.9865	6.3038	
1326	27.797	27.107	28.412	15.629	8.988	6.2721	
1327	27.781	27.089	28.395	15.6	9.0561	6.2622	
1328	27.765	27.072	28.378	15.561	8.9618	6.3632	
1329	27.749	27.054	28.361	15.563	8.9748	6.2771	
1330	27.734	27.037	28.344	15.621	9.0407	6.2531	
1331	27.718	27.019	28.326	15.566	9.0607	6.3246	
1332	27.702	27.002	28.309	15.561	8.9719	6.418	
1333	27.686	26.984	28.292	15.578	9.0236	6.2824	
1334	27.67	26.967	28.275	15.6	8.9906	6.2743	
1335	27.655	26.949	28.258	15.55	9.0051	6.153	
1336	27.639	26.932	28.241	15.537	9.0374	6.3185	
1337	27.623	26.914	28.224	15.618	8.9803	6.1591	
1338	27.608	26.897	28.207	15.535	9.048	6.2468	
1339	27.592	26.88	28.19	15.561	9.032	6.2708	
1340	27.577	26.862	28.173	15.593	9.0077	6.1586	
1341	27.561	26.845	28.157	15.666	8.8259	6.2786	
1342	27.546	26.828	28.14	15.575	8.9248	6.4947	
1343	27.53	26.811	28.123	15.64	9.0003	6.4568	
1344	27.515	26.794	28.106	15.52	9.0383	6.2736	
1345	27.499	26.776	28.089	15.567	9.1261	6.2256	
1346	27.484	26.759	28.072	15.405	8.8527	6.0078	
1347	27.469	26.742	28.056	15.559	9.1196	5.8337	
1348	27.453	26.725	28.039	15.504	9.1334	6.1728	
1349	27.438	26.708	28.022	15.419	9.278	6.2167	
1350	27.423	26.691	28.006	15.265	9.0644	6.2217	
1351	27.407	26.674	27.989	15.503	8.9301	5.9253	
1352	27.392	26.657	27.972	15.455	8.8241	6.3825	
1353	27.377	26.64	27.956	15.547	8.3823	6.2501	
1354	27.362	26.624	27.939	15.469	9.3073	6.3855	
1355	27.347	26.607	27.922	15.712	8.773	5.6078	
1356	27.332	26.59	27.906	15.648	9.1567	6.0752	
1357	27.317	26.573	27.889	15.444	9.0441	6.2724	
1358	27.302	26.556	27.873	16.248	9.371	6.3795	
1359	27.287	26.539	27.856	16.262	8.6908	6.918	
1426	26.347	25.475	26.8	15.655	9.2987	6.337	
1427	26.334	25.46	26.785	15.544	8.6458	6.0444	
1428	26.321	25.445	26.77	15.394	8.841	5.6434	
1429	26.308	25.43	26.755	15.638	8.6618	5.8162	
1430	26.295	25.415	26.74	15.645	8.8034	5.8313	
1431	26.282	25.4	26.725	15.324	8.9254	6.1083	
1432	26.269	25.385	26.71	15.558	8.5618	5.8907	
1433	26.256	25.37	26.695	15.35	8.5981	5.8503	
1434	26.243	25.355	26.68	15.504	8.9164	6.1849	
1435	26.23	25.34	26.665	15.523	8.856	5.7635	
1436	26.217	25.325	26.65	15.531	8.646	5.9371	
1437	26.204	25.31	26.635	15.437	8.9074	5.8618	
1438	26.191	25.295	26.62	15.329	8.6594	5.9473	
1439	26.178	25.28	26.605	15.448	8.7878	5.9026	
1440	26.166	25.266	26.59	15.332	8.7869	5.8234	
1441	26.153	25.251	26.575	15.418	8.6815	6.0523	
1442	26.14	25.236	26.56	15.471	8.6178	5.804	
1443	26.127	25.221	26.546	15.352	8.745	5.9607	
1444	26.115	25.207	26.531	15.461	8.7728	5.754	
1445	26.102	25.192	26.516	15.33	8.7337	5.8418	
1446	26.089	25.177	26.501	15.463	8.6349	5.8148	
1447	26.076	25.163	26.487	15.435	8.7027	5.7187	
1448	26.064	25.148	26.472	15.418	8.6759	5.8657	
1449	26.051	25.133	26.457	15.369	8.7286	5.8616	
1450	26.039	25.119	26.442	15.389	8.7223	5.7667	
1451	26.026	25.104	26.428	15.439	8.6835	5.8613	
1452	26.013	25.09	26.413	15.461	8.7416	5.9121	
1453	26.001	25.075	26.399	15.432	8.7434	5.9344	
1454	25.988	25.061	26.384	15.347	8.6775	5.7013	
1455	25.976	25.046	26.369	15.416	8.7501	5.778	
1456	25.963	25.032	26.355	15.442	8.7139	5.8162	
1457	25.951	25.017	26.34	15.384	8.5911	5.8161	
1458	25.939	25.003	26.326	15.382	8.7003	5.8269	
1459	25.926	24.988	26.311	15.364	8.5653	5.7475	
1460	25.914	24.974	26.297	15.406	8.6329	5.8577	
1461	25.901	24.96	26.282	15.425	8.6263	5.8131	
1462	25.889	24.945	26.268	15.392	8.6402	5.8205	
1463	25.877	24.931	26.253	15.378	8.6426	5.7707	
1464	25.865	24.917	26.239	15.356	8.6674	5.7556	
1465	25.852	24.902	26.224	15.367	8.7009	5.7782	
1466	25.84	24.888	26.21	15.362	8.5979	5.8152	
1467	25.828	24.874	26.196	15.382	8.6242	5.8072	
1468	25.816	24.86	26.181	15.351	8.6378	5.7845	
1469	25.803	24.845	26.167	15.375	8.6157	5.7777	
1470	25.791	24.831	26.152	15.368	8.6027	5.7829	
1471	25.779	24.817	26.138	15.371	8.6274	5.7814	
1472	25.767	24.803	26.124	15.372	8.6286	5.7604	
1473	25.755	24.789	26.11	15.361	8.64	5.7729	
1474	25.743	24.775	26.095	15.364	8.6233	5.7729	
1475	25.731	24.761	26.081	15.367	8.6216	5.7631	
1476	25.719	24.747	26.067	15.361	8.6167	5.7547	
1477	25.707	24.733	26.053	15.367	8.6407	5.7684	
1478	25.695	24.719	26.038	15.372	8.6251	5.7501	
1479	25.683	24.705	26.024	15.364	8.6199	5.7574	
1480	25.671	24.691	26.01	15.365	8.6238	5.7479	
1481	25.659	24.677	25.996	15.366	8.6113	5.7261	
1482	25.647	24.663	25.982	15.361	8.6283	5.7517	
1483	25.635	24.649	25.968	15.362	8.62	5.7472	
1484	25.623	24.635	25.954	15.378	8.6195	5.7384	
1485	25.611	24.621	25.939	15.355	8.6304	5.737	
1486	25.599	24.607	25.925	15.356	8.5946	5.6973	
1487	25.588	24.593	25.911	15.348	8.6228	5.7008	
1488	25.576	24.579	25.897	15.36	8.6145	5.7232	
1489	25.564	24.566	25.883	15.361	8.6151	5.7038	
1490	25.552	24.552	25.869	15.362	8.5895	5.747	
1491	25.541	24.538	25.855	15.345	8.6053	5.698	
1492	25.529	24.524	25.841	15.351	8.5961	5.7165	
1493	25.517	24.51	25.827	15.341	8.5614	5.7088	
1494	25.506	24.497	25.813	15.341	8.5719	5.697	
1495	25.494	24.483	25.799	15.332	8.5697	5.6877	
1496	25.482	24.469	25.785	15.36	8.6007	5.7053	
1497	25.471	24.456	25.772	15.331	8.5842	5.694	
1498	25.459	24.442	25.758	15.364	8.5808	5.6957	
1499	25.448	24.428	25.744	15.346	8.5729	5.7135	
1500	25.436	24.415	25.73	15.338	8.5688	5.6944	
1501	25.425	24.401	25.716	15.324	8.5615	5.6481	
1502	25.413	24.388	25.702	15.341	8.5663	5.6767	
1503	25.402	24.374	25.689	15.337	8.5858	5.6658	
1504	25.39	24.361	25.675	15.331	8.5525	5.6375	
1505	25.379	24.347	25.661	15.336	8.5556	5.6753	
1506	25.367	24.334	25.647	15.327	8.5511	5.6423	
1507	25.356	24.32	25.633	15.311	8.5398	5.6658	
1508	25.344	24.307	25.62	15.308	8.5416	5.6703	
1509	25.333	24.293	25.606	15.345	8.5427	5.6533	
1510	25.322	24.28	25.592	15.333	8.5601	5.6374	
1511	25.31	24.266	25.579	15.339	8.555	5.6471	
1512	25.299	24.253	25.565	15.33	8.5822	5.6517	
1513	25.288	24.24	25.551	15.364	8.5032	5.6648	
1514	25.276	24.226	25.538	15.322	8.5396	5.6835	
1515	25.265	24.213	25.524	15.295	8.5603	5.6483	
1516	25.254	24.2	25.51	15.318	8.5056	5.6522	
1517	25.243	24.186	25.497	15.315	8.5658	5.6102	
1518	25.232	24.173	25.483	15.295	8.5482	5.6359	
1519	25.22	24.16	25.47	15.297	8.5464	5.6432	
1520	25.209	24.147	25.456	15.291	8.534	5.6375	
1521	25.198	24.133	25.443	15.314	8.4871	5.5673	
1522	25.187	24.12	25.429	15.294	8.5187	5.5965	
1523	25.176	24.107	25.416	15.298	8.5355	5.6022	
1524	25.165	24.094	25.402	15.33	8.5488	5.6586	
1525	25.154	24.081	25.389	15.314	8.5414	5.6269	
1526	25.143	24.067	25.375	15.292	8.5151	5.6013	
1527	25.132	24.054	25.362	15.3	8.528	5.6024	
1528	25.121	24.041	25.348	15.288	8.5465	5.6141	
1529	25.11	24.028	25.335	15.293	8.4942	5.5902	
1530	25.099	24.015	25.322	15.303	8.5058	5.6026	
1531	25.088	24.002	25.308	15.28	8.4914	5.604	
1532	25.077	23.989	25.295	15.308	8.4916	5.603	
1533	25.066	23.976	25.282	15.284	8.4702	5.5967	
1534	25.055	23.963	25.268	15.305	8.4793	5.6376	
1535	25.044	23.95	25.255	15.298	8.4926	5.5712	
1536	25.033	23.937	25.242	15.276	8.4891	5.5791	
1537	25.022	23.924	25.228	15.283	8.4941	5.5846	
1538	25.011	23.911	25.215	15.277	8.5252	5.5789	
1539	25.001	23.898	25.202	15.294	8.4816	5.577	
1540	24.99	23.885	25.189	15.287	8.4628	5.578	
1541	24.979	23.872	25.175	15.275	8.4525	5.5494	
1542	24.968	23.86	25.162	15.281	8.4651	5.5754	
1543	24.958	23.847	25.149	15.279	8.4722	5.544	
1544	24.947	23.834	25.136	15.282	8.4897	5.5788	
1545	24.936	23.821	25.123	15.263	8.493	5.5536	
1546	24.925	23.808	25.109	15.278	8.4662	5.5539	
1547	24.915	23.795	25.096	15.274	8.4734	5.5453	
1548	24.904	23.783	25.083	15.277	8.4642	5.5399	
1549	24.893	23.77	25.07	15.277	8.4838	5.5347	
1550	24.883	23.757	25.057	15.282	8.4621	5.5433	
1551	24.872	23.744	25.044	15.26	8.4848	5.5405	
1552	24.862	23.732	25.031	15.272	8.4641	5.5476	
1553	24.851	23.719	25.018	15.253	8.4528	5.5522	
1554	24.84	23.706	25.005	15.262	8.4672	5.5335	
1555	24.83	23.694	24.992	15.281	8.442	5.52	
1556	24.819	23.681	24.979	15.259	8.4567	5.5561	
1557	24.809	23.669	24.966	15.253	8.4481	5.5181	
1558	24.798	23.656	24.953	15.256	8.4504	5.5207	
1559	24.788	23.643	24.94	15.276	8.4324	5.4932	
1560	24.778	23.631	24.927	15.271	8.4614	5.517	
1561	24.767	23.618	24.914	15.28	8.463	5.5073	
1562	24.757	23.606	24.901	15.286	8.4263	5.5184	
1563	24.746	23.593	24.888	15.246	8.4494	5.5213	
1564	24.736	23.581	24.875	15.253	8.4738	5.4959	
1565	24.726	23.568	24.862	15.26	8.475	5.4892	
1566	24.715	23.556	24.849	15.25	8.4211	5.471	
1567	24.705	23.543	24.836	15.272	8.4036	5.5013	
1568	24.695	23.531	24.823	15.254	8.4459	5.5132	
1569	24.684	23.518	24.811	15.273	8.4673	5.5183	
1570	24.674	23.506	24.798	15.258	8.4541	5.5109	
1571	24.664	23.494	24.785	15.251	8.43	5.5032	
1572	24.653	23.481	24.772	15.247	8.4216	5.516	
1573	24.643	23.469	24.759	15.253	8.4038	5.4898	
1574	24.633	23.456	24.747	15.271	8.4254	5.4739	
1575	24.623	23.444	24.734	15.231	8.4078	5.4942	
1576	24.613	23.432	24.721	15.249	8.3978	5.4296	
1577	24.602	23.42	24.708	15.217	8.3749	5.4756	
1578	24.592	23.407	24.696	15.237	8.4288	5.4607	
1579	24.582	23.395	24.683	15.228	8.4205	5.4795	
1580	24.572	23.383	24.67	15.239	8.3869	5.4487	
1581	24.562	23.37	24.658	15.234	8.4189	5.4105	
1582	24.552	23.358	24.645	15.257	8.4008	5.48	
1583	24.542	23.346	24.632	15.226	8.4345	5.4544	
1584	24.532	23.334	24.62	15.259	8.3606	5.4227	
1585	24.522	23.322	24.607	15.244	8.4289	5.4566	
1586	24.512	23.309	24.594	15.233	8.3734	5.502	
1587	24.502	23.297	24.582	15.238	8.4237	5.4611	
1588	24.492	23.285	24.569	15.245	8.3774	5.3926	
1589	24.482	23.273	24.557	15.215	8.3875	5.4566	
1590	24.472	23.261	24.544	15.228	8.3519	5.4219	
1591	24.462	23.249	24.532	15.219	8.3652	5.442	
1592	24.452	23.237	24.519	15.22	8.4063	5.4059	
1593	24.442	23.225	24.507	15.242	8.3902	5.4055	
1594	24.432	23.213	24.494	15.227	8.3533	5.4718	
1595	24.422	23.201	24.482	15.251	8.3693	5.388	
1596	24.412	23.189	24.469	15.218	8.396	5.4089	
1597	24.402	23.177	24.457	15.224	8.3787	5.4234	
1598	24.393	23.165	24.444	15.233	8.3674	5.3693	
1599	24.383	23.153	24.432	15.229	8.3583	5.4027	
1600	24.373	23.141	24.419	15.215	8.372	5.3582	
1601	24.363	23.129	24.407	15.245	8.3609	5.4297	
1602	24.353	23.117	24.395	15.238	8.3485	5.3855	
1603	24.344	23.105	24.382	15.243	8.3307	5.3756	
1604	24.334	23.093	24.37	15.231	8.3665	5.3766	
1605	24.324	23.081	24.357	15.219	8.355	5.4195	
1606	24.314	23.069	24.345	15.218	8.3515	5.381	
1607	24.305	23.058	24.333	15.236	8.3546	5.3807	
1608	24.295	23.046	24.32	15.198	8.3743	5.3834	
1609	24.285	23.034	24.308	15.209	8.3542	5.3865	
1610	24.276	23.022	24.296	15.217	8.3669	5.3679	
1611	24.266	23.01	24.284	15.223	8.3448	5.3933	
1612	24.256	22.998	24.271	15.243	8.3307	5.3638	
1613	24.247	22.987	24.259	15.178	8.3644	5.3728	
1614	24.237	22.975	24.247	15.202	8.361	5.4227	
1615	24.228	22.963	24.235	15.227	8.3397	5.3958	
1616	24.218	22.952	24.222	15.22	8.3127	5.3666	
1617	24.208	22.94	24.21	15.246	8.3553	5.3936	
1618	24.199	22.928	24.198	15.226	8.3236	5.3726	
1619	24.189	22.916	24.186	15.199	8.3466	5.3731	
1620	24.18	22.905	24.174	15.181	8.3603	5.3781	
1621	24.17	22.893	24.161	15.208	8.3253	5.3494	
1622	24.161	22.882	24.149	15.178	8.3112	5.3902	
1623	24.151	22.87	24.137	15.171	8.3181	5.3343	
1624	24.142	22.858	24.125	15.213	8.3478	5.3601	
1625	24.133	22.847	24.113	15.221	8.3268	5.3138	
1626	24.123	22.835	24.101	15.189	8.3195	5.3457	
1627	24.114	22.824	24.089	15.194	8.2845	5.3273	
1628	24.104	22.812	24.077	15.187	8.3499	5.3401	
1629	24.095	22.8	24.065	15.19	8.342	5.3735	
1630	24.086	22.789	24.053	15.179	8.3391	5.3371	
1631	24.076	22.777	24.04	15.173	8.3154	5.3855	
1632	24.067	22.766	24.028	15.186	8.35	5.3166	
1633	24.058	22.754	24.016	15.203	8.3497	5.3381	
1634	24.048	22.743	24.004	15.171	8.297	5.3258	
1635	24.039	22.732	23.992	15.194	8.3312	5.3287	
1636	24.03	22.72	23.981	15.188	8.3212	5.3036	
1637	24.02	22.709	23.969	15.199	8.3059	5.3668	
1638	24.011	22.697	23.957	15.222	8.2801	5.3259	
1639	24.002	22.686	23.945	15.182	8.3194	5.2974	
1640	23.993	22.674	23.933	15.173	8.2818	5.3281	
1641	23.984	22.663	23.921	15.175	8.354	5.2891	
1642	23.974	22.652	23.909	15.205	8.2703	5.335	
1643	23.965	22.64	23.897	15.19	8.3112	5.2849	
1644	23.956	22.629	23.885	15.187	8.2906	5.3078	
1645	23.947	22.618	23.873	15.188	8.2927	5.329	
1646	23.938	22.606	23.861	15.208	8.31	5.2496	
1647	23.929	22.595	23.85	15.15	8.3281	5.3322	
1648	23.919	22.584	23.838	15.196	8.214	5.2562	
1649	23.91	22.573	23.826	15.203	8.3041	5.32	
1650	23.901	22.561	23.814	15.183	8.3097	5.3172	
1651	23.892	22.55	23.802	15.183	8.2823	5.2789	
1652	23.883	22.539	23.791	15.167	8.2903	5.2806	
1653	23.874	22.528	23.779	15.222	8.273	5.3132	
1654	23.865	22.516	23.767	15.187	8.2721	5.3	
1655	23.856	22.505	23.755	15.181	8.3124	5.2674	
1656	23.847	22.494	23.744	15.178	8.2858	5.2886	
1657	23.838	22.483	23.732	15.182	8.2736	5.2715	
1658	23.829	22.472	23.72	15.168	8.2909	5.2684	
1659	23.82	22.461	23.708	15.198	8.2389	5.2994	
1660	23.811	22.45	23.697	15.134	8.2013	5.3163	
1661	23.802	22.439	23.685	15.18	8.22	5.277	
1662	23.793	22.427	23.673	15.141	8.2754	5.2561	
1663	23.784	22.416	23.662	15.16	8.3068	5.3083	
1664	23.776	22.405	23.65	15.139	8.2076	5.1903	
1665	23.767	22.394	23.638	15.134	8.2768	5.2901	
1666	23.758	22.383	23.627	15.203	8.2376	5.2267	
1667	23.749	22.372	23.615	15.116	8.178	5.2636	
1668	23.74	22.361	23.604	15.094	8.2587	5.2816	
1669	23.731	22.35	23.592	15.177	8.2221	5.1642	
1670	23.722	22.339	23.581	15.177	8.3188	5.28	
1671	23.714	22.328	23.569	15.144	8.2985	5.1962	
1672	23.705	22.317	23.557	15.205	8.2434	5.1552	
1673	23.696	22.306	23.546	15.194	8.2671	5.2595	
1674	23.687	22.295	23.534	15.196	8.273	5.2443	
1675	23.679	22.284	23.523	15.123	8.1082	5.2754	
1676	23.67	22.273	23.511	15.177	8.2951	5.2414	
1677	23.661	22.263	23.5	15.141	8.2686	5.3115	
1678	23.652	22.252	23.488	15.131	8.1656	5.2901	
1679	23.644	22.241	23.477	15.153	8.2106	5.2576	
1680	23.635	22.23	23.465	15.136	8.2649	5.3272	
1681	23.626	22.219	23.454	15.15	8.3289	5.2473	
1682	23.618	22.208	23.443	15.105	8.2398	5.2015	
1683	23.609	22.197	23.431	15.132	8.2922	5.1972	
1684	23.6	22.187	23.42	15.112	8.2552	5.3479	
1685	23.592	22.176	23.408	15.14	8.0623	5.0309	
1686	23.583	22.165	23.397	15.254	8.287	5.2897	
1687	23.575	22.154	23.386	15.066	8.3556	5.4453	
1688	23.566	22.144	23.374	15.075	8.27	5.2045	
1689	23.557	22.133	23.363	15.151	8.2085	5.0922	
1690	23.549	22.122	23.351	15.044	8.425	5.2279	
1691	23.54	22.111	23.34	15.226	8.1621	5.1941	
1692	23.532	22.101	23.329	15.228	8.4692	5.2754	
1693	23.523	22.09	23.317	14.99	8.3545	5.5722	
1694	23.515	22.079	23.306	14.9	8.082	5.2263	
1695	23.506	22.069	23.295	15.192	8.4939	5.4261	
1696	23.498	22.058	23.284	15.082	8.2301	5.4347	
1697	23.489	22.047	23.272	15.142	8.3357	5.437	
1698	23.481	22.037	23.261	14.719	8.2576	4.9981	
1699	23.472	22.026	23.25	14.916	8.6842	5.3629	
1700	23.464	22.015	23.239	14.932	8.1696	5.1826	
