	65	70	75	65	70	75	
300	44.641	42.705	41.64	37.511	37.209	37.514	
301	44.178	42.289	41.283	37.295	36.907	37.453	
302	43.728	41.885	40.934	37.087	36.772	37.279	
303	43.291	41.492	40.59	37.019	36.553	37.024	
304	42.866	41.111	40.252	36.99	36.489	37.052	
305	42.456	40.739	39.918	36.884	36.423	36.867	
306	42.058	40.378	39.587	36.614	36.185	36.77	
307	41.673	40.024	39.26	36.511	36.277	36.641	
308	41.3	39.68	38.935	36.334	36.128	36.541	
309	40.939	39.342	38.612	36.365	35.959	36.377	
310	40.589	39.011	38.289	36.171	35.873	36.379	
311	40.251	38.687	37.968	36.159	35.715	36.319	
312	39.923	38.368	37.646	36.209	35.719	36.207	
313	39.604	38.054	37.324	35.89	35.526	36.139	
314	39.294	37.745	37.001	35.955	35.547	35.953	
315	38.994	37.44	36.676	35.892	35.364	35.909	
316	38.702	37.139	36.35	35.798	35.418	35.815	
317	38.417	36.841	36.021	35.661	35.298	35.754	
318	38.14	36.546	35.69	35.561	35.153	35.59	
319	37.87	36.254	35.356	35.518	35.053	35.611	
320	37.607	35.965	35.018	35.535	35.035	35.459	
321	37.35	35.677	34.677	35.427	34.977	35.375	
322	37.099	35.392	34.333	35.393	34.901	35.332	
323	36.854	35.109	33.984	35.355	34.78	35.278	
324	36.614	34.827	33.632	35.23	34.786	35.152	
325	36.38	34.547	33.276	35.241	34.578	35.091	
326	36.15	34.269	32.915	35.155	34.568	35.032	
327	35.926	33.992	32.55	35.062	34.546	34.927	
328	35.706	33.717	32.181	35.028	34.498	34.847	
329	35.491	33.443	31.808	34.999	34.432	34.774	
330	35.281	33.172	31.431	35.011	34.459	34.767	
331	35.076	32.902	31.05	34.888	34.365	34.712	
332	34.875	32.634	30.665	34.842	34.23	34.555	
333	34.678	32.368	30.277	34.885	34.182	34.577	
334	34.486	32.104	29.885	34.798	34.161	34.525	
335	34.299	31.843	29.491	34.731	34.097	34.447	
336	34.116	31.585	29.094	34.609	34.041	34.358	
337	33.939	31.33	28.695	34.687	34.006	34.353	
338	33.766	31.078	28.294	34.632	33.962	34.303	
339	33.598	30.83	27.893	34.529	33.832	34.23	
340	33.436	30.586	27.49	34.579	33.724	34.179	
341	33.278	30.347	27.088	34.486	33.766	34.165	
342	33.126	30.112	26.687	34.466	33.725	34.1	
343	32.98	29.883	26.288	34.549	33.733	34.023	
344	32.84	29.659	25.891	34.521	33.702	33.95	
345	32.705	29.442	25.498	34.424	33.661	33.933	
346	32.577	29.231	25.109	34.455	33.622	33.892	
347	32.456	29.028	24.727	34.458	33.593	33.865	
348	32.342	28.834	24.351	34.377	33.616	33.812	
349	32.235	28.648	23.985	34.389	33.625	33.81	
350	32.137	28.473	23.63	34.388	33.625	33.767	
351	32.047	28.309	23.287	34.35	33.524	33.743	
352	31.967	28.156	22.959	34.396	33.574	33.8	
353	31.897	28.017	22.648	34.351	33.52	33.614	
354	31.837	27.892	22.355	34.458	33.583	33.722	
355	31.788	27.782	22.083	34.599	33.444	33.575	
356	31.75	27.686	21.832	34.579	33.535	33.58	
357	31.722	27.604	21.603	34.514	33.694	33.653	
358	31.702	27.534	21.395	34.45	33.599	33.561	
359	31.688	27.474	21.206	34.557	33.626	33.604	
360	31.676	27.419	21.033	34.568	33.602	33.533	
361	31.662	27.364	20.872	34.519	33.534	33.614	
362	31.642	27.304	20.719	34.468	33.471	33.318	
363	31.61	27.235	20.57	34.502	33.373	33.27	
364	31.563	27.151	20.423	34.485	33.406	33.141	
365	31.499	27.049	20.274	34.48	33.239	33.257	
366	31.414	26.928	20.125	34.43	33.18	32.916	
367	31.308	26.786	19.976	34.217	33.026	32.627	
368	31.182	26.626	19.828	34.2	33.006	32.484	
369	31.035	26.445	19.68	34.034	32.568	32.257	
370	30.869	26.247	19.536	33.841	32.395	31.955	
371	30.688	26.039	19.404	33.737	32.227	31.762	
372	30.497	25.825	19.286	33.555	32.089	31.437	
373	30.298	25.607	19.186	33.39	31.779	31.262	
374	30.094	25.39	19.105	33.076	31.523	30.992	
375	29.887	25.177	19.045	32.972	31.289	30.557	
376	29.68	24.969	19.006	32.744	31.026	30.281	
377	29.474	24.768	18.99	32.512	30.758	29.935	
378	29.271	24.577	18.995	32.361	30.452	29.755	
379	29.073	24.397	19.02	32.152	30.302	29.525	
380	28.879	24.229	19.066	31.847	30.094	29.22	
381	28.692	24.073	19.131	31.78	29.805	28.874	
382	28.511	23.929	19.213	31.618	29.702	28.718	
383	28.336	23.797	19.312	31.407	29.37	28.494	
384	28.168	23.677	19.425	31.178	29.194	28.195	
385	28.008	23.57	19.55	31.074	29.021	28.069	
386	27.855	23.476	19.688	30.864	28.789	27.848	
387	27.71	23.393	19.837	30.652	28.633	27.637	
388	27.572	23.322	19.994	30.583	28.41	27.476	
389	27.442	23.262	20.16	30.461	28.307	27.256	
390	27.319	23.213	20.334	30.26	28.108	27.05	
391	27.204	23.175	20.515	30.191	27.915	26.895	
392	27.098	23.149	20.701	29.981	27.735	26.665	
393	26.999	23.133	20.893	29.878	27.587	26.582	
394	26.908	23.127	21.09	29.682	27.397	26.4	
395	26.823	23.13	21.29	29.63	27.355	26.298	
396	26.747	23.143	21.495	29.422	27.142	26.077	
397	26.679	23.166	21.703	29.335	27.036	25.925	
398	26.617	23.196	21.914	29.275	26.882	25.776	
399	26.562	23.234	22.127	29.093	26.69	25.637	
400	26.512	23.28	22.341	29.072	26.6	25.423	
401	26.471	23.334	22.558	28.922	26.451	25.337	
402	26.435	23.394	22.776	28.768	26.379	25.181	
403	26.405	23.46	22.994	28.682	26.196	25.041	
404	26.38	23.532	23.212	28.573	26.143	24.894	
405	26.36	23.61	23.432	28.511	25.929	24.83	
406	26.346	23.693	23.651	28.418	25.831	24.647	
407	26.336	23.78	23.869	28.306	25.691	24.585	
408	26.331	23.871	24.087	28.204	25.67	24.441	
409	26.33	23.966	24.304	28.091	25.533	24.21	
410	26.333	24.065	24.519	28.031	25.423	24.179	
411	26.34	24.167	24.734	27.868	25.362	24.088	
412	26.35	24.271	24.946	27.819	25.199	23.977	
413	26.364	24.379	25.158	27.751	25.068	23.815	
414	26.382	24.489	25.368	27.647	25.046	23.779	
415	26.402	24.601	25.576	27.567	24.906	23.666	
416	26.425	24.715	25.782	27.436	24.81	23.564	
417	26.452	24.831	25.986	27.395	24.667	23.442	
418	26.481	24.949	26.188	27.242	24.576	23.314	
419	26.513	25.068	26.388	27.24	24.539	23.278	
420	26.547	25.188	26.587	27.177	24.391	23.051	
421	26.584	25.31	26.783	26.993	24.277	23.05	
422	26.623	25.432	26.977	27.016	24.164	22.99	
423	26.665	25.556	27.169	26.934	24.088	22.879	
424	26.708	25.681	27.359	26.867	24.049	22.714	
425	26.754	25.806	27.548	26.755	23.89	22.644	
426	26.802	25.932	27.734	26.651	23.86	22.58	
427	26.852	26.059	27.918	26.553	23.755	22.538	
428	26.903	26.186	28.1	26.479	23.663	22.372	
429	26.956	26.313	28.281	26.519	23.569	22.282	
430	27.012	26.441	28.46	26.369	23.426	22.284	
431	27.069	26.57	28.636	26.264	23.503	22.162	
432	27.127	26.698	28.811	26.276	23.311	21.984	
433	27.187	26.828	28.985	26.141	23.339	21.941	
434	27.249	26.957	29.156	26.086	23.175	21.795	
435	27.312	27.086	29.326	26.006	23.033	21.804	
436	27.376	27.216	29.495	25.973	22.899	21.543	
437	27.442	27.345	29.662	25.893	22.922	21.617	
438	27.509	27.475	29.827	25.872	22.893	21.469	
439	27.578	27.605	29.991	25.71	22.818	21.435	
440	27.647	27.735	30.153	25.695	22.639	21.343	
441	27.718	27.865	30.314	25.63	22.648	21.261	
442	27.79	27.995	30.474	25.588	22.648	21.104	
443	27.863	28.125	30.633	25.507	22.442	21.184	
444	27.938	28.255	30.79	25.556	22.424	20.985	
445	28.013	28.385	30.946	25.392	22.277	20.91	
446	28.09	28.514	31.101	25.234	22.293	20.863	
447	28.167	28.645	31.255	25.292	22.112	20.749	
448	28.246	28.774	31.408	25.195	22.141	20.723	
449	28.325	28.904	31.56	25.183	22.026	20.627	
450	28.405	29.034	31.71	25.118	21.916	20.654	
451	28.486	29.164	31.86	25.118	21.857	20.554	
452	28.569	29.294	32.01	25.026	21.784	20.444	
453	28.652	29.424	32.158	24.922	21.755	20.443	
454	28.736	29.553	32.305	24.835	21.684	20.273	
455	28.82	29.683	32.452	24.769	21.671	20.279	
456	28.906	29.813	32.598	24.72	21.58	20.095	
457	28.992	29.943	32.744	24.709	21.546	20.092	
458	29.079	30.073	32.889	24.66	21.441	20.062	
459	29.167	30.203	33.033	24.663	21.481	19.975	
460	29.256	30.333	33.177	24.545	21.331	19.906	
461	29.345	30.463	33.32	24.62	21.233	19.818	
462	29.436	30.593	33.463	24.431	21.183	19.772	
463	29.527	30.723	33.606	24.46	21.21	19.722	
464	29.618	30.853	33.748	24.327	21.031	19.609	
465	29.711	30.983	33.89	24.36	21.017	19.608	
466	29.804	31.114	34.032	24.267	20.954	19.454	
467	29.898	31.244	34.173	24.206	20.854	19.484	
468	29.992	31.375	34.314	24.17	20.799	19.396	
469	30.087	31.506	34.455	24.092	20.77	19.34	
470	30.183	31.637	34.596	24.061	20.699	19.193	
471	30.28	31.768	34.737	24.012	20.652	19.217	
472	30.377	31.899	34.878	23.934	20.679	19.142	
473	30.475	32.031	35.019	23.947	20.517	19.035	
474	30.573	32.163	35.16	23.908	20.509	19.076	
475	30.672	32.295	35.301	23.846	20.472	18.955	
476	30.772	32.427	35.442	23.824	20.439	18.928	
477	30.872	32.56	35.583	23.74	20.279	18.806	
478	30.974	32.693	35.724	23.684	20.28	18.775	
479	31.075	32.826	35.866	23.667	20.197	18.72	
480	31.178	32.96	36.008	23.599	20.142	18.638	
481	31.281	33.094	36.15	23.572	20.093	18.615	
482	31.384	33.228	36.292	23.495	20.1	18.561	
483	31.489	33.362	36.435	23.543	20.037	18.524	
484	31.594	33.498	36.578	23.447	19.952	18.437	
485	31.699	33.633	36.721	23.405	19.904	18.479	
486	31.806	33.769	36.865	23.388	19.787	18.36	
487	31.913	33.905	37.01	23.308	19.783	18.254	
488	32.02	34.042	37.155	23.318	19.714	18.213	
489	32.129	34.179	37.3	23.228	19.691	18.178	
490	32.237	34.317	37.446	23.239	19.606	18.185	
491	32.347	34.456	37.593	23.162	19.598	18.078	
492	32.457	34.594	37.74	23.125	19.513	18.036	
493	32.568	34.734	37.888	23.098	19.505	17.975	
494	32.68	34.874	38.037	23.049	19.475	17.976	
495	32.792	35.015	38.186	23.039	19.452	17.877	
496	32.905	35.156	38.337	22.991	19.38	17.876	
497	33.018	35.298	38.488	22.952	19.303	17.874	
498	33.133	35.44	38.639	22.922	19.281	17.787	
499	33.248	35.583	38.792	22.888	19.204	17.73	
500	33.363	35.727	38.946	22.873	19.164	17.653	
501	33.48	35.872	39.1	22.799	19.155	17.607	
502	33.597	36.017	39.256	22.748	19.072	17.553	
503	33.714	36.163	39.412	22.745	19.08	17.515	
504	33.833	36.31	39.57	22.67	18.989	17.461	
505	33.952	36.457	39.728	22.66	18.966	17.426	
506	34.072	36.605	39.888	22.59	18.9	17.357	
507	34.192	36.755	40.049	22.573	18.858	17.36	
508	34.314	36.904	40.211	22.544	18.831	17.264	
509	34.436	37.055	40.374	22.54	18.784	17.234	
510	34.558	37.207	40.538	22.464	18.744	17.185	
511	34.682	37.359	40.704	22.441	18.672	17.172	
512	34.806	37.513	40.87	22.411	18.653	17.095	
513	34.931	37.667	41.039	22.38	18.604	17.039	
514	35.057	37.822	41.208	22.329	18.581	17.008	
515	35.183	37.978	41.379	22.323	18.521	16.956	
516	35.31	38.135	41.551	22.272	18.488	16.925	
517	35.438	38.294	41.725	22.233	18.453	16.889	
518	35.567	38.453	41.9	22.213	18.429	16.8	
519	35.697	38.613	42.076	22.156	18.383	16.8	
520	35.827	38.774	42.254	22.155	18.329	16.783	
521	35.958	38.936	42.434	22.107	18.281	16.705	
522	36.09	39.099	42.615	22.082	18.236	16.682	
523	36.223	39.264	42.798	22.044	18.197	16.633	
524	36.357	39.429	42.982	22.008	18.175	16.576	
525	36.491	39.595	43.168	21.973	18.11	16.541	
526	36.626	39.763	43.356	21.948	18.101	16.479	
527	36.762	39.932	43.545	21.919	18.041	16.467	
528	36.899	40.102	43.736	21.871	18.015	16.444	
529	37.036	40.273	43.929	21.848	17.935	16.346	
530	37.175	40.445	44.124	21.807	17.963	16.332	
531	37.314	40.619	44.321	21.787	17.894	16.282	
532	37.454	40.793	44.519	21.792	17.872	16.249	
533	37.595	40.969	44.72	21.715	17.836	16.21	
534	37.737	41.146	44.922	21.688	17.765	16.173	
535	37.88	41.325	45.126	21.675	17.736	16.118	
536	38.023	41.504	45.333	21.642	17.728	16.071	
537	38.167	41.685	45.541	21.635	17.67	16.051	
538	38.313	41.868	45.751	21.595	17.649	16.008	
539	38.459	42.051	45.963	21.569	17.626	15.99	
540	38.606	42.236	46.178	21.55	17.587	15.938	
541	38.753	42.422	46.395	21.51	17.537	15.923	
542	38.902	42.61	46.613	21.482	17.509	15.858	
543	39.052	42.799	46.834	21.476	17.461	15.814	
544	39.202	42.989	47.057	21.431	17.422	15.773	
545	39.353	43.18	47.282	21.41	17.437	15.761	
546	39.506	43.374	47.51	21.352	17.352	15.71	
547	39.659	43.568	47.74	21.367	17.317	15.707	
548	39.813	43.764	47.972	21.329	17.285	15.648	
549	39.967	43.961	48.206	21.326	17.238	15.622	
550	40.123	44.16	48.443	21.261	17.228	15.591	
551	40.28	44.36	48.682	21.239	17.193	15.54	
552	40.437	44.561	48.924	21.241	17.157	15.508	
553	40.596	44.764	49.168	21.207	17.129	15.477	
554	40.755	44.969	49.414	21.168	17.077	15.44	
555	40.915	45.175	49.663	21.16	17.056	15.395	
556	41.076	45.382	49.914	21.131	17.016	15.362	
557	41.238	45.591	50.168	21.103	16.947	15.317	
558	41.401	45.801	50.424	21.084	16.962	15.3	
559	41.564	46.013	50.683	21.046	16.928	15.278	
560	41.729	46.226	50.944	21.019	16.886	15.228	
561	41.894	46.441	51.208	21.007	16.84	15.186	
562	42.061	46.657	51.475	21	16.812	15.184	
563	42.228	46.875	51.744	20.961	16.801	15.133	
564	42.396	47.094	52.016	20.944	16.75	15.126	
565	42.565	47.315	52.29	20.9	16.721	15.064	
566	42.734	47.537	52.567	20.879	16.684	15.074	
567	42.905	47.761	52.847	20.845	16.66	15.01	
568	43.076	47.986	53.129	20.818	16.626	14.969	
569	43.248	48.212	53.414	20.805	16.591	14.939	
570	43.422	48.44	53.702	20.791	16.566	14.891	
571	43.595	48.67	53.992	20.756	16.54	14.877	
572	43.77	48.901	54.285	20.734	16.528	14.866	
573	43.946	49.133	54.58	20.719	16.489	14.815	
574	44.122	49.367	54.879	20.685	16.473	14.755	
575	44.299	49.603	55.18	20.662	16.434	14.74	
576	44.477	49.839	55.484	20.631	16.404	14.719	
577	44.655	50.077	55.79	20.644	16.385	14.694	
578	44.835	50.317	56.099	20.618	16.331	14.681	
579	45.015	50.558	56.411	20.576	16.316	14.62	
580	45.196	50.8	56.725	20.577	16.277	14.621	
581	45.377	51.044	57.043	20.535	16.251	14.584	
582	45.559	51.289	57.363	20.524	16.22	14.522	
583	45.742	51.535	57.685	20.504	16.18	14.507	
584	45.926	51.783	58.01	20.492	16.17	14.517	
585	46.11	52.032	58.338	20.442	16.155	14.449	
586	46.295	52.282	58.668	20.431	16.123	14.417	
587	46.48	52.533	59.001	20.436	16.098	14.362	
588	46.667	52.786	59.337	20.408	16.07	14.357	
589	46.853	53.04	59.675	20.364	16.041	14.332	
590	47.041	53.294	60.015	20.345	16.005	14.287	
591	47.228	53.55	60.359	20.333	15.99	14.25	
592	47.417	53.808	60.704	20.31	15.918	14.221	
593	47.606	54.066	61.052	20.296	15.969	14.198	
594	47.795	54.325	61.403	20.283	15.892	14.209	
595	47.985	54.585	61.755	20.24	15.88	14.155	
596	48.175	54.846	62.111	20.22	15.879	14.124	
597	48.366	55.108	62.468	20.21	15.839	14.089	
598	48.557	55.371	62.828	20.202	15.8	14.07	
599	48.748	55.635	63.19	20.184	15.748	14.033	
600	48.94	55.899	63.554	20.146	15.774	14.024	
601	49.132	56.164	63.92	20.111	15.734	13.982	
602	49.325	56.43	64.288	20.089	15.676	13.946	
603	49.517	56.696	64.658	20.073	15.681	13.918	
604	49.71	56.963	65.03	20.062	15.645	13.915	
605	49.903	57.231	65.404	20.041	15.608	13.859	
606	50.097	57.499	65.78	20.03	15.616	13.815	
607	50.29	57.767	66.157	19.998	15.592	13.779	
608	50.483	58.036	66.537	20.014	15.535	13.804	
609	50.677	58.305	66.917	19.982	15.547	13.748	
610	50.871	58.574	67.3	19.959	15.505	13.733	
611	51.064	58.843	67.683	19.939	15.468	13.708	
612	51.258	59.112	68.068	19.937	15.48	13.705	
613	51.451	59.382	68.454	19.905	15.44	13.625	
614	51.644	59.651	68.842	19.873	15.416	13.633	
615	51.838	59.92	69.23	19.872	15.373	13.599	
616	52.031	60.189	69.619	19.848	15.366	13.567	
617	52.223	60.457	70.009	19.833	15.339	13.548	
618	52.416	60.725	70.4	19.81	15.324	13.544	
619	52.608	60.992	70.791	19.793	15.289	13.484	
620	52.8	61.259	71.183	19.769	15.26	13.464	
621	52.991	61.525	71.574	19.744	15.245	13.463	
622	53.182	61.791	71.966	19.758	15.223	13.435	
623	53.372	62.055	72.358	19.727	15.19	13.375	
624	53.562	62.318	72.75	19.705	15.17	13.372	
625	53.751	62.581	73.141	19.678	15.168	13.392	
626	53.94	62.842	73.532	19.681	15.12	13.311	
627	54.128	63.101	73.922	19.667	15.098	13.304	
628	54.315	63.359	74.311	19.638	15.06	13.283	
629	54.502	63.616	74.698	19.635	15.075	13.294	
630	54.687	63.871	75.085	19.57	15.013	13.233	
631	54.872	64.124	75.469	19.565	15.066	13.236	
632	55.056	64.375	75.851	19.575	15.011	13.141	
633	55.238	64.624	76.231	19.564	14.965	13.12	
634	55.42	64.871	76.609	19.51	14.954	13.069	
635	55.6	65.116	76.983	19.493	14.942	13.106	
636	55.78	65.358	77.354	19.49	14.951	13.106	
637	55.958	65.597	77.721	19.498	14.872	13.056	
638	56.135	65.834	78.084	19.454	14.846	13.046	
639	56.311	66.067	78.442	19.459	14.818	13.027	
640	56.485	66.298	78.794	19.425	14.799	13.018	
641	56.657	66.525	79.141	19.452	14.778	12.939	
642	56.829	66.749	79.481	19.402	14.772	12.986	
643	56.998	66.97	79.814	19.387	14.721	12.945	
644	57.166	67.187	80.138	19.404	14.727	12.899	
645	57.333	67.4	80.454	19.385	14.71	12.869	
646	57.497	67.609	80.76	19.341	14.67	12.857	
647	57.66	67.814	81.055	19.34	14.697	12.832	
648	57.821	68.015	81.337	19.298	14.644	12.833	
649	57.98	68.211	81.607	19.29	14.633	12.793	
650	58.137	68.403	81.862	19.268	14.571	12.757	
651	58.293	68.589	82.102	19.249	14.593	12.771	
652	58.446	68.771	82.324	19.245	14.544	12.718	
653	58.596	68.948	82.528	19.224	14.556	12.69	
654	58.745	69.12	82.711	19.213	14.505	12.636	
655	58.892	69.286	82.873	19.188	14.528	12.643	
656	59.036	69.447	83.013	19.173	14.551	12.655	
657	59.177	69.602	83.128	19.182	14.495	12.58	
658	59.317	69.751	83.218	19.145	14.451	12.585	
659	59.454	69.895	83.282	19.135	14.393	12.576	
660	59.588	70.032	83.321	19.131	14.406	12.557	
661	59.72	70.163	83.332	19.149	14.366	12.521	
662	59.849	70.288	83.317	19.141	14.38	12.487	
663	59.975	70.406	83.277	19.085	14.354	12.478	
664	60.099	70.518	83.211	19.067	14.358	12.46	
665	60.22	70.623	83.121	19.05	14.329	12.422	
666	60.338	70.721	83.008	19.037	14.283	12.4	
667	60.453	70.813	82.873	19.049	14.264	12.403	
668	60.565	70.898	82.718	19.03	14.28	12.379	
669	60.675	70.975	82.545	19.015	14.24	12.357	
670	60.781	71.046	82.356	18.996	14.227	12.341	
671	60.884	71.11	82.15	18.983	14.189	12.272	
672	60.984	71.167	81.931	18.968	14.151	12.307	
673	61.081	71.216	81.7	18.924	14.153	12.286	
674	61.175	71.259	81.457	18.939	14.161	12.278	
675	61.266	71.294	81.204	18.916	14.153	12.296	
676	61.353	71.322	80.943	18.918	14.072	12.203	
677	61.438	71.344	80.674	18.905	14.111	12.199	
678	61.518	71.358	80.398	18.877	14.073	12.219	
679	61.596	71.365	80.116	18.874	14.028	12.143	
680	61.67	71.365	79.829	18.865	14.013	12.153	
681	61.741	71.359	79.538	18.846	13.999	12.088	
682	61.809	71.346	79.243	18.845	14.005	12.109	
683	61.873	71.325	78.944	18.808	13.954	12.072	
684	61.934	71.299	78.643	18.784	13.945	12.093	
685	61.991	71.266	78.339	18.793	13.961	12.052	
686	62.045	71.226	78.034	18.775	13.924	12.002	
687	62.096	71.18	77.727	18.777	13.89	11.991	
688	62.143	71.128	77.419	18.772	13.868	11.962	
689	62.187	71.07	77.11	18.761	13.903	11.957	
690	62.227	71.006	76.801	18.716	13.875	11.965	
691	62.264	70.937	76.491	18.724	13.843	11.91	
692	62.297	70.862	76.182	18.709	13.782	11.94	
693	62.327	70.781	75.872	18.696	13.781	11.891	
694	62.354	70.695	75.563	18.682	13.775	11.898	
695	62.377	70.604	75.254	18.653	13.738	11.859	
696	62.397	70.508	74.946	18.654	13.704	11.854	
697	62.413	70.407	74.639	18.647	13.742	11.818	
698	62.426	70.302	74.332	18.656	13.697	11.76	
699	62.436	70.192	74.027	18.615	13.678	11.745	
700	62.442	70.077	73.723	18.603	13.714	11.763	
701	62.446	69.959	73.42	18.616	13.601	11.754	
702	62.445	69.837	73.118	18.605	13.677	11.742	
703	62.442	69.71	72.818	18.55	13.664	11.695	
704	62.436	69.581	72.52	18.548	13.616	11.689	
705	62.426	69.447	72.223	18.593	13.586	11.663	
706	62.413	69.31	71.927	18.539	13.595	11.627	
707	62.398	69.17	71.634	18.519	13.587	11.625	
708	62.379	69.028	71.342	18.499	13.513	11.634	
709	62.357	68.882	71.051	18.52	13.555	11.58	
710	62.332	68.733	70.763	18.509	13.487	11.628	
711	62.304	68.582	70.477	18.491	13.491	11.511	
712	62.273	68.428	70.192	18.46	13.43	11.505	
713	62.24	68.272	69.909	18.443	13.501	11.532	
714	62.204	68.114	69.629	18.434	13.419	11.487	
715	62.165	67.953	69.35	18.397	13.433	11.469	
716	62.123	67.791	69.073	18.418	13.356	11.374	
717	62.078	67.627	68.798	18.408	13.398	11.468	
718	62.031	67.461	68.526	18.389	13.347	11.371	
719	61.982	67.293	68.255	18.416	13.365	11.461	
720	61.93	67.125	67.986	18.332	13.336	11.414	
721	61.875	66.954	67.72	18.377	13.311	11.389	
722	61.818	66.783	67.455	18.373	13.341	11.365	
723	61.759	66.61	67.193	18.316	13.339	11.362	
724	61.698	66.436	66.933	18.348	13.267	11.357	
725	61.634	66.261	66.674	18.293	13.366	11.278	
726	61.568	66.085	66.418	18.343	13.2	11.279	
727	61.5	65.909	66.164	18.3	13.25	11.255	
728	61.43	65.731	65.912	18.318	13.194	11.255	
729	61.357	65.553	65.662	18.272	13.178	11.254	
730	61.283	65.375	65.415	18.26	13.183	11.173	
731	61.207	65.196	65.169	18.22	13.167	11.208	
732	61.129	65.016	64.925	18.247	13.116	11.197	
733	61.049	64.837	64.683	18.236	13.152	11.165	
734	60.968	64.657	64.444	18.263	13.117	11.143	
735	60.884	64.476	64.206	18.212	13.131	11.119	
736	60.8	64.296	63.971	18.211	13.114	11.12	
737	60.713	64.115	63.737	18.221	13.084	11.153	
738	60.625	63.934	63.506	18.175	13.091	11.076	
739	60.535	63.754	63.277	18.168	13.067	11.094	
740	60.444	63.573	63.049	18.198	13.06	11.074	
741	60.352	63.393	62.824	18.146	13.012	11.072	
742	60.258	63.212	62.6	18.159	13.021	11.016	
743	60.163	63.032	62.379	18.16	13.027	10.987	
744	60.066	62.852	62.159	18.128	13	11.023	
745	59.969	62.672	61.942	18.098	13.023	11.013	
746	59.87	62.493	61.726	18.113	12.97	10.981	
747	59.77	62.314	61.512	18.112	13.001	10.944	
748	59.669	62.135	61.301	18.09	12.967	10.93	
749	59.567	61.957	61.091	18.087	12.928	10.902	
750	59.464	61.779	60.882	18.026	12.909	10.938	
751	59.36	61.602	60.676	18.064	12.892	10.873	
752	59.255	61.425	60.472	18.016	12.923	10.846	
753	59.149	61.249	60.269	18.042	12.881	10.845	
754	59.043	61.073	60.068	18.033	12.862	10.87	
755	58.935	60.898	59.87	17.998	12.896	10.794	
756	58.827	60.723	59.672	18.017	12.83	10.84	
757	58.718	60.549	59.477	18.016	12.778	10.837	
758	58.609	60.376	59.283	17.993	12.814	10.794	
759	58.498	60.203	59.091	17.991	12.817	10.766	
760	58.388	60.031	58.901	17.965	12.743	10.723	
761	58.276	59.86	58.713	17.94	12.757	10.727	
762	58.164	59.69	58.526	17.968	12.744	10.685	
763	58.052	59.52	58.341	17.942	12.757	10.67	
764	57.939	59.351	58.157	17.942	12.75	10.703	
765	57.826	59.182	57.975	17.928	12.723	10.649	
766	57.712	59.015	57.795	17.945	12.732	10.659	
767	57.598	58.848	57.617	17.932	12.689	10.658	
768	57.483	58.682	57.44	17.898	12.676	10.604	
769	57.369	58.517	57.264	17.901	12.684	10.63	
770	57.254	58.353	57.09	17.88	12.632	10.573	
771	57.138	58.189	56.918	17.839	12.621	10.567	
772	57.023	58.026	56.747	17.837	12.664	10.567	
773	56.907	57.864	56.578	17.851	12.613	10.567	
774	56.791	57.703	56.41	17.831	12.605	10.51	
775	56.674	57.543	56.244	17.81	12.584	10.517	
776	56.558	57.384	56.079	17.872	12.563	10.49	
777	56.442	57.225	55.916	17.813	12.541	10.499	
778	56.325	57.068	55.754	17.814	12.507	10.516	
779	56.208	56.911	55.593	17.771	12.515	10.473	
780	56.092	56.755	55.434	17.769	12.529	10.484	
781	55.975	56.6	55.277	17.816	12.552	10.405	
782	55.858	56.446	55.12	17.788	12.453	10.414	
783	55.741	56.293	54.966	17.766	12.44	10.413	
784	55.625	56.141	54.812	17.747	12.468	10.369	
785	55.508	55.989	54.66	17.727	12.424	10.347	
786	55.391	55.839	54.509	17.72	12.435	10.349	
787	55.275	55.689	54.359	17.725	12.412	10.345	
788	55.158	55.54	54.211	17.722	12.394	10.324	
789	55.042	55.392	54.064	17.703	12.376	10.317	
790	54.926	55.245	53.918	17.705	12.403	10.277	
791	54.809	55.099	53.774	17.675	12.368	10.278	
792	54.693	54.953	53.631	17.689	12.361	10.267	
793	54.578	54.809	53.489	17.679	12.381	10.266	
794	54.462	54.666	53.348	17.66	12.327	10.239	
795	54.347	54.523	53.208	17.659	12.309	10.224	
796	54.231	54.381	53.07	17.662	12.313	10.213	
797	54.116	54.24	52.932	17.654	12.325	10.176	
798	54.001	54.1	52.796	17.666	12.323	10.181	
799	53.887	53.961	52.661	17.647	12.261	10.206	
800	53.772	53.823	52.528	17.62	12.266	10.135	
801	53.658	53.685	52.395	17.605	12.279	10.152	
802	53.544	53.549	52.263	17.648	12.257	10.122	
803	53.431	53.413	52.133	17.585	12.228	10.092	
804	53.317	53.278	52.004	17.575	12.219	10.133	
805	53.204	53.144	51.875	17.566	12.198	10.093	
806	53.092	53.011	51.748	17.583	12.17	10.084	
807	52.979	52.878	51.622	17.566	12.126	10.115	
808	52.867	52.747	51.497	17.569	12.174	10.024	
809	52.755	52.616	51.373	17.516	12.099	10.047	
810	52.644	52.486	51.25	17.556	12.165	10.014	
811	52.533	52.357	51.128	17.537	12.131	9.9973	
812	52.422	52.229	51.006	17.532	12.176	10.005	
813	52.312	52.102	50.886	17.542	12.077	9.9926	
814	52.202	51.975	50.767	17.52	12.11	10.013	
815	52.092	51.85	50.649	17.499	12.091	9.9656	
816	51.982	51.725	50.532	17.51	12.082	9.9131	
817	51.873	51.601	50.416	17.487	12.062	9.9298	
818	51.765	51.477	50.3	17.492	12.059	9.9034	
819	51.657	51.355	50.186	17.483	12.042	9.9129	
820	51.549	51.233	50.072	17.46	12.018	9.8719	
821	51.441	51.112	49.96	17.453	12.005	9.8656	
822	51.334	50.992	49.848	17.45	12.012	9.8616	
823	51.228	50.872	49.737	17.451	12.006	9.8525	
824	51.121	50.754	49.627	17.443	12.007	9.8497	
825	51.015	50.636	49.518	17.437	11.988	9.8449	
826	50.91	50.519	49.41	17.433	11.98	9.8362	
827	50.805	50.402	49.302	17.43	11.974	9.8144	
828	50.7	50.287	49.196	17.419	11.964	9.8087	
829	50.596	50.172	49.09	17.407	11.95	9.7941	
830	50.492	50.058	48.985	17.407	11.946	9.8031	
831	50.389	49.944	48.881	17.4	11.919	9.7859	
832	50.286	49.831	48.777	17.384	11.91	9.7662	
833	50.183	49.719	48.675	17.379	11.905	9.7353	
834	50.081	49.608	48.573	17.367	11.897	9.7158	
835	49.979	49.498	48.472	17.36	11.889	9.7177	
836	49.878	49.388	48.372	17.358	11.888	9.6974	
837	49.777	49.279	48.272	17.35	11.861	9.7024	
838	49.677	49.17	48.173	17.356	11.846	9.6741	
839	49.577	49.062	48.075	17.339	11.835	9.6728	
840	49.477	48.955	47.978	17.323	11.851	9.6213	
841	49.378	48.849	47.882	17.338	11.799	9.6059	
842	49.279	48.743	47.786	17.35	11.812	9.6524	
843	49.181	48.638	47.69	17.333	11.79	9.6237	
844	49.083	48.534	47.596	17.328	11.8	9.6135	
845	48.986	48.43	47.502	17.337	11.83	9.5864	
846	48.889	48.327	47.409	17.25	11.762	9.5728	
847	48.792	48.224	47.317	17.316	11.671	9.6306	
848	48.696	48.123	47.225	17.299	11.801	9.6341	
849	48.601	48.021	47.134	17.296	11.713	9.5251	
850	48.505	47.921	47.043	17.278	11.74	9.5683	
851	48.411	47.821	46.954	17.254	11.712	9.5872	
852	48.316	47.722	46.864	17.249	11.723	9.4661	
853	48.222	47.623	46.776	17.279	11.658	9.4759	
854	48.129	47.525	46.688	17.228	11.704	9.4325	
855	48.036	47.428	46.601	17.23	11.626	9.478	
856	47.943	47.331	46.514	17.202	11.678	9.4881	
857	47.851	47.235	46.428	17.234	11.659	9.4508	
858	47.759	47.139	46.343	17.248	11.682	9.4151	
859	47.668	47.044	46.258	17.26	11.629	9.461	
860	47.577	46.95	46.173	17.206	11.667	9.4684	
861	47.486	46.856	46.09	17.177	11.615	9.3825	
862	47.396	46.763	46.007	17.215	11.595	9.3837	
863	47.307	46.67	45.924	17.205	11.644	9.3907	
864	47.218	46.578	45.842	17.208	11.589	9.387	
865	47.129	46.486	45.761	17.157	11.577	9.3165	
866	47.04	46.395	45.68	17.167	11.563	9.3468	
867	46.952	46.305	45.599	17.147	11.513	9.3459	
868	46.865	46.215	45.52	17.118	11.543	9.3501	
869	46.778	46.125	45.44	17.15	11.508	9.2901	
870	46.691	46.036	45.362	17.159	11.516	9.3057	
871	46.605	45.948	45.283	17.146	11.508	9.2767	
872	46.519	45.86	45.206	17.131	11.512	9.3136	
873	46.434	45.773	45.128	17.157	11.469	9.267	
874	46.349	45.686	45.052	17.129	11.488	9.2504	
875	46.264	45.6	44.976	17.111	11.474	9.2559	
876	46.18	45.515	44.9	17.115	11.465	9.2204	
877	46.096	45.429	44.825	17.112	11.46	9.2537	
878	46.013	45.345	44.75	17.083	11.444	9.2191	
879	45.93	45.261	44.676	17.079	11.432	9.1998	
880	45.847	45.177	44.602	17.071	11.421	9.1926	
881	45.765	45.094	44.529	17.069	11.417	9.1849	
882	45.683	45.011	44.456	17.067	11.412	9.1889	
883	45.602	44.929	44.383	17.063	11.408	9.1794	
884	45.521	44.847	44.311	17.061	11.404	9.1718	
885	45.44	44.766	44.24	17.061	11.396	9.1709	
886	45.36	44.685	44.169	17.056	11.388	9.1566	
887	45.28	44.605	44.098	17.046	11.371	9.1428	
888	45.201	44.525	44.028	17.044	11.364	9.1243	
889	45.121	44.445	43.959	17.031	11.351	9.1119	
890	45.043	44.367	43.889	17.018	11.337	9.0964	
891	44.965	44.288	43.82	17.012	11.328	9.0812	
892	44.887	44.21	43.752	17.01	11.316	9.0788	
893	44.809	44.132	43.684	17.003	11.31	9.0602	
894	44.732	44.055	43.616	16.991	11.308	9.0486	
895	44.655	43.979	43.549	16.999	11.303	9.0533	
896	44.579	43.902	43.482	16.989	11.29	9.0498	
897	44.503	43.826	43.416	16.989	11.285	9.0476	
898	44.427	43.751	43.35	16.987	11.282	9.0195	
899	44.352	43.676	43.284	16.979	11.268	9.0175	
900	44.277	43.601	43.219	16.966	11.258	8.9949	
901	44.202	43.527	43.154	16.947	11.247	8.9733	
902	44.128	43.454	43.09	16.948	11.229	8.9685	
903	44.054	43.38	43.026	16.945	11.226	8.9618	
904	43.981	43.307	42.962	16.94	11.217	8.9595	
905	43.908	43.235	42.899	16.932	11.215	8.9576	
906	43.835	43.163	42.836	16.934	11.21	8.9517	
907	43.763	43.091	42.773	16.929	11.206	8.9528	
908	43.691	43.02	42.711	16.931	11.194	8.9288	
909	43.619	42.949	42.649	16.916	11.183	8.9209	
910	43.547	42.878	42.588	16.902	11.167	8.91	
911	43.476	42.808	42.526	16.906	11.155	8.9055	
912	43.406	42.738	42.466	16.894	11.128	8.8691	
913	43.335	42.669	42.405	16.881	11.137	8.8493	
914	43.265	42.6	42.345	16.883	11.127	8.8511	
915	43.196	42.531	42.285	16.876	11.114	8.8449	
916	43.126	42.463	42.226	16.869	11.119	8.8435	
917	43.057	42.395	42.166	16.869	11.116	8.8377	
918	42.989	42.327	42.108	16.872	11.111	8.8326	
919	42.92	42.26	42.049	16.868	11.102	8.8198	
920	42.852	42.193	41.991	16.862	11.094	8.8106	
921	42.785	42.126	41.933	16.852	11.081	8.8013	
922	42.717	42.06	41.875	16.848	11.073	8.8045	
923	42.65	41.995	41.818	16.851	11.066	8.7956	
924	42.584	41.929	41.761	16.835	11.037	8.7695	
925	42.517	41.864	41.704	16.832	11.054	8.7564	
926	42.451	41.799	41.648	16.815	11.035	8.7417	
927	42.385	41.735	41.592	16.816	11.041	8.7315	
928	42.32	41.671	41.536	16.814	11.034	8.7362	
929	42.255	41.607	41.481	16.797	10.994	8.7477	
930	42.19	41.543	41.426	16.793	10.972	8.7269	
931	42.125	41.48	41.371	16.805	11.016	8.7154	
932	42.061	41.417	41.316	16.812	10.951	8.6826	
933	41.997	41.355	41.262	16.782	11.008	8.6791	
934	41.934	41.293	41.208	16.775	10.976	8.695	
935	41.87	41.231	41.154	16.773	10.978	8.6554	
936	41.807	41.169	41.101	16.753	10.941	8.6501	
937	41.745	41.108	41.047	16.753	10.935	8.6851	
938	41.682	41.047	40.994	16.783	10.944	8.6069	
939	41.62	40.986	40.942	16.761	10.933	8.6336	
940	41.558	40.926	40.889	16.766	10.894	8.6504	
941	41.497	40.866	40.837	16.76	10.92	8.6114	
942	41.435	40.806	40.785	16.739	10.886	8.5574	
943	41.374	40.747	40.734	16.715	10.91	8.5951	
944	41.314	40.688	40.682	16.717	10.929	8.5787	
945	41.253	40.629	40.631	16.744	10.893	8.5827	
946	41.193	40.57	40.58	16.743	10.888	8.5713	
947	41.133	40.512	40.53	16.722	10.888	8.5569	
948	41.074	40.454	40.479	16.718	10.861	8.5456	
949	41.014	40.396	40.429	16.708	10.84	8.5238	
950	40.955	40.339	40.379	16.702	10.832	8.5213	
951	40.896	40.281	40.33	16.691	10.851	8.5259	
952	40.838	40.225	40.28	16.683	10.844	8.5209	
953	40.78	40.168	40.231	16.694	10.825	8.4986	
954	40.722	40.112	40.182	16.695	10.819	8.5124	
955	40.664	40.055	40.134	16.682	10.807	8.4784	
956	40.607	40	40.085	16.663	10.812	8.4848	
957	40.549	39.944	40.037	16.664	10.803	8.5324	
958	40.492	39.889	39.989	16.644	10.785	8.4534	
959	40.436	39.834	39.941	16.666	10.771	8.4791	
960	40.379	39.779	39.894	16.678	10.753	8.4078	
961	40.323	39.724	39.846	16.673	10.778	8.3952	
962	40.267	39.67	39.799	16.661	10.689	8.3687	
963	40.212	39.616	39.752	16.62	10.712	8.4149	
964	40.156	39.562	39.706	16.649	10.748	8.3485	
965	40.101	39.509	39.659	16.617	10.733	8.3817	
966	40.046	39.456	39.613	16.628	10.753	8.359	
967	39.991	39.403	39.567	16.623	10.733	8.3919	
968	39.937	39.35	39.521	16.627	10.745	8.3832	
969	39.883	39.297	39.475	16.611	10.709	8.3707	
970	39.829	39.245	39.43	16.625	10.692	8.3925	
971	39.775	39.193	39.385	16.613	10.68	8.3706	
972	39.722	39.141	39.339	16.61	10.702	8.3492	
973	39.668	39.089	39.295	16.61	10.685	8.3224	
974	39.615	39.038	39.25	16.594	10.661	8.3374	
975	39.563	38.987	39.206	16.588	10.668	8.2816	
976	39.51	38.936	39.161	16.58	10.653	8.2972	
977	39.458	38.885	39.117	16.575	10.641	8.2843	
978	39.406	38.835	39.073	16.572	10.632	8.2858	
979	39.354	38.784	39.03	16.57	10.638	8.2719	
980	39.302	38.734	38.986	16.575	10.628	8.2724	
981	39.251	38.685	38.943	16.572	10.626	8.2804	
982	39.2	38.635	38.9	16.566	10.621	8.2707	
983	39.149	38.586	38.857	16.562	10.623	8.2828	
984	39.098	38.536	38.814	16.548	10.613	8.2676	
985	39.047	38.488	38.771	16.546	10.617	8.2362	
986	38.997	38.439	38.729	16.573	10.595	8.2584	
987	38.947	38.39	38.687	16.537	10.591	8.2149	
988	38.897	38.342	38.645	16.532	10.56	8.1936	
989	38.847	38.294	38.603	16.524	10.566	8.1933	
990	38.798	38.246	38.561	16.52	10.547	8.1876	
991	38.749	38.198	38.52	16.519	10.55	8.1676	
992	38.7	38.151	38.478	16.52	10.545	8.1802	
993	38.651	38.103	38.437	16.509	10.544	8.1739	
994	38.602	38.056	38.396	16.517	10.548	8.1768	
995	38.554	38.009	38.355	16.503	10.54	8.1619	
996	38.506	37.963	38.315	16.496	10.533	8.1554	
997	38.458	37.916	38.274	16.504	10.529	8.1444	
998	38.41	37.87	38.234	16.493	10.516	8.1417	
999	38.362	37.824	38.193	16.483	10.502	8.1776	
1000	38.315	37.778	38.153	16.5	10.478	8.1157	
1001	38.267	37.732	38.114	16.464	10.53	8.0949	
1002	38.22	37.686	38.074	16.485	10.51	8.0982	
1003	38.174	37.641	38.034	16.476	10.477	8.0989	
1004	38.127	37.596	37.995	16.475	10.443	8.0759	
1005	38.081	37.551	37.956	16.439	10.542	8.1117	
1006	38.034	37.506	37.916	16.467	10.428	8.1096	
1007	37.988	37.461	37.877	16.465	10.492	8.0327	
1008	37.942	37.417	37.839	16.449	10.484	8.0563	
1009	37.897	37.373	37.8	16.429	10.432	8.0496	
1010	37.851	37.329	37.761	16.466	10.451	8.0414	
1011	37.806	37.285	37.723	16.433	10.444	8.0428	
1012	37.761	37.241	37.685	16.438	10.431	8.0143	
1013	37.716	37.197	37.647	16.434	10.414	8.0082	
1014	37.671	37.154	37.609	16.435	10.394	8.0042	
1015	37.626	37.111	37.571	16.437	10.4	7.9932	
1016	37.582	37.068	37.533	16.413	10.402	8.087	
1017	37.538	37.025	37.496	16.395	10.365	7.9546	
1018	37.494	36.982	37.459	16.391	10.366	7.9748	
1019	37.45	36.939	37.421	16.377	10.349	7.938	
1020	37.406	36.897	37.384	16.428	10.409	7.9076	
1021	37.363	36.855	37.347	16.344	10.406	7.9482	
1022	37.319	36.813	37.31	16.399	10.335	7.9468	
1023	37.276	36.771	37.274	16.418	10.322	7.9437	
1024	37.233	36.729	37.237	16.374	10.301	7.9785	
1025	37.19	36.687	37.201	16.416	10.31	7.9159	
1026	37.148	36.646	37.165	16.38	10.359	7.8728	
1027	37.105	36.605	37.128	16.414	10.241	7.8987	
1028	37.063	36.563	37.092	16.371	10.339	7.8451	
1029	37.021	36.522	37.056	16.355	10.283	7.8299	
1030	36.979	36.482	37.021	16.359	10.328	7.903	
1031	36.937	36.441	36.985	16.422	10.333	7.9249	
1032	36.895	36.4	36.949	16.316	10.327	7.8632	
1033	36.854	36.36	36.914	16.382	10.287	7.887	
1034	36.812	36.32	36.879	16.356	10.309	7.8533	
1035	36.771	36.28	36.844	16.379	10.251	7.9231	
1036	36.73	36.24	36.809	16.253	10.285	7.8388	
1037	36.689	36.2	36.774	16.397	10.175	7.8035	
1038	36.649	36.161	36.739	16.319	10.24	7.9786	
1039	36.608	36.121	36.704	16.361	10.29	7.9209	
1040	36.568	36.082	36.67	16.298	10.088	7.8087	
1041	36.527	36.042	36.635	16.335	10.216	7.8567	
1042	36.487	36.003	36.601	16.445	10.238	7.6434	
1043	36.447	35.965	36.567	16.412	10.176	7.6925	
1044	36.407	35.926	36.533	16.267	10.268	7.7417	
1045	36.368	35.887	36.499	16.308	10.204	7.7873	
1046	36.328	35.849	36.465	16.204	10.35	7.5825	
1047	36.289	35.81	36.431	16.266	10.039	7.7932	
1048	36.25	35.772	36.397	16.229	10.157	7.8069	
1049	36.211	35.734	36.364	16.299	10.171	7.7236	
1050	36.172	35.696	36.33	16.276	10.083	7.8107	
1051	36.133	35.658	36.297	16.278	10.17	7.7396	
1052	36.094	35.621	36.264	16.273	10.161	7.7044	
1053	36.056	35.583	36.231	16.277	10.167	7.7231	
1054	36.018	35.546	36.198	16.277	10.148	7.7089	
1055	35.979	35.508	36.165	16.277	10.167	7.6972	
1056	35.941	35.471	36.132	16.273	10.135	7.687	
1057	35.903	35.434	36.1	16.269	10.153	7.6997	
1058	35.866	35.397	36.067	16.262	10.142	7.6709	
1059	35.828	35.36	36.035	16.247	10.134	7.6933	
1060	35.791	35.324	36.002	16.254	10.134	7.6648	
1061	35.753	35.287	35.97	16.263	10.116	7.6747	
1062	35.716	35.251	35.938	16.239	10.115	7.6648	
1063	35.679	35.215	35.906	16.235	10.098	7.6667	
1064	35.642	35.178	35.874	16.233	10.093	7.6472	
1065	35.605	35.142	35.842	16.225	10.087	7.629	
1066	35.568	35.107	35.81	16.232	10.086	7.618	
1067	35.532	35.071	35.779	16.223	10.089	7.6219	
1068	35.496	35.035	35.747	16.218	10.078	7.6284	
1069	35.459	35	35.716	16.223	10.054	7.6005	
1070	35.423	34.964	35.684	16.22	10.079	7.5985	
1071	35.387	34.929	35.653	16.218	10.063	7.599	
1072	35.351	34.894	35.622	16.202	10.065	7.5925	
1073	35.315	34.859	35.591	16.215	10.029	7.5661	
1074	35.28	34.824	35.56	16.199	10.044	7.5808	
1075	35.244	34.789	35.529	16.193	10.033	7.5517	
1076	35.209	34.754	35.498	16.201	10.022	7.5548	
1077	35.174	34.719	35.467	16.189	10.024	7.5511	
1078	35.138	34.685	35.437	16.185	10.008	7.5417	
1079	35.103	34.65	35.406	16.186	10.022	7.5314	
1080	35.068	34.616	35.376	16.186	10.011	7.5387	
1081	35.034	34.582	35.346	16.179	10.01	7.5348	
1082	34.999	34.548	35.315	16.172	10.007	7.5257	
1083	34.965	34.514	35.285	16.18	9.9947	7.5117	
1084	34.93	34.48	35.255	16.172	9.995	7.5129	
1085	34.896	34.446	35.225	16.166	9.9914	7.5014	
1086	34.862	34.413	35.195	16.171	9.9923	7.5038	
1087	34.828	34.379	35.165	16.156	9.9873	7.4945	
1088	34.794	34.346	35.136	16.166	9.9817	7.4997	
1089	34.76	34.313	35.106	16.159	9.9779	7.4821	
1090	34.726	34.279	35.077	16.158	9.9803	7.4881	
1091	34.692	34.246	35.047	16.153	9.9785	7.4853	
1092	34.659	34.213	35.018	16.144	9.9565	7.4715	
1093	34.626	34.18	34.988	16.148	9.9506	7.4729	
1094	34.592	34.148	34.959	16.141	9.9601	7.4722	
1095	34.559	34.115	34.93	16.15	9.9318	7.4483	
1096	34.526	34.082	34.901	16.144	9.9407	7.4519	
1097	34.493	34.05	34.872	16.13	9.9283	7.4383	
1098	34.46	34.017	34.843	16.124	9.9234	7.4168	
1099	34.428	33.985	34.814	16.123	9.9232	7.4195	
1100	34.395	33.953	34.786	16.113	9.9178	7.4139	
1101	34.363	33.921	34.757	16.124	9.9056	7.3964	
1102	34.33	33.889	34.728	16.116	9.8945	7.3888	
1103	34.298	33.857	34.7	16.109	9.8791	7.3797	
1104	34.266	33.825	34.671	16.105	9.888	7.3786	
1105	34.234	33.793	34.643	16.097	9.8862	7.3711	
1106	34.202	33.762	34.615	16.101	9.8753	7.3644	
1107	34.17	33.73	34.587	16.09	9.8672	7.3615	
1108	34.138	33.699	34.559	16.098	9.873	7.3533	
1109	34.107	33.667	34.531	16.089	9.8628	7.35	
1110	34.075	33.636	34.503	16.087	9.8562	7.3493	
1111	34.044	33.605	34.475	16.086	9.8575	7.3426	
1112	34.012	33.574	34.447	16.085	9.8439	7.3361	
1113	33.981	33.543	34.419	16.085	9.8491	7.3346	
1114	33.95	33.512	34.391	16.08	9.8466	7.3305	
1115	33.919	33.481	34.364	16.077	9.8484	7.3291	
1116	33.888	33.451	34.336	16.078	9.8409	7.3321	
1117	33.857	33.42	34.309	16.079	9.8416	7.3209	
1118	33.827	33.39	34.282	16.072	9.8334	7.3214	
1119	33.796	33.359	34.254	16.06	9.8347	7.3015	
1120	33.766	33.329	34.227	16.068	9.8313	7.2924	
1121	33.735	33.299	34.2	16.067	9.8176	7.2878	
1122	33.705	33.268	34.173	16.06	9.8063	7.2978	
1123	33.675	33.238	34.146	16.048	9.8069	7.2903	
1124	33.644	33.208	34.119	16.063	9.8076	7.2673	
1125	33.614	33.178	34.092	16.054	9.7979	7.2623	
1126	33.584	33.149	34.065	16.058	9.8085	7.2676	
1127	33.555	33.119	34.038	16.033	9.7894	7.2435	
1128	33.525	33.089	34.012	16.033	9.7801	7.246	
1129	33.495	33.06	33.985	16.039	9.78	7.2589	
1130	33.466	33.03	33.959	16.029	9.784	7.2303	
1131	33.436	33.001	33.932	16.028	9.7661	7.2327	
1132	33.407	32.972	33.906	16.029	9.7641	7.2224	
1133	33.378	32.942	33.879	16.022	9.7746	7.22	
1134	33.348	32.913	33.853	16.013	9.7404	7.2208	
1135	33.319	32.884	33.827	16.016	9.7516	7.1929	
1136	33.29	32.855	33.801	16.019	9.733	7.2045	
1137	33.261	32.826	33.775	16.012	9.7186	7.2018	
1138	33.232	32.797	33.749	16.011	9.7314	7.1817	
1139	33.204	32.769	33.723	16.007	9.7294	7.188	
1140	33.175	32.74	33.697	16	9.711	7.1734	
1141	33.146	32.711	33.671	16.013	9.7229	7.1701	
1142	33.118	32.683	33.645	16.009	9.7157	7.1425	
1143	33.09	32.654	33.619	15.991	9.7047	7.1754	
1144	33.061	32.626	33.594	15.991	9.6948	7.1627	
1145	33.033	32.598	33.568	15.994	9.7082	7.1617	
1146	33.005	32.569	33.543	15.991	9.6734	7.1488	
1147	32.977	32.541	33.517	15.987	9.6773	7.1375	
1148	32.949	32.513	33.492	15.993	9.6824	7.1398	
1149	32.921	32.485	33.466	15.982	9.6859	7.1336	
1150	32.893	32.457	33.441	15.971	9.6696	7.1285	
1151	32.865	32.43	33.416	15.973	9.6557	7.1144	
1152	32.838	32.402	33.391	15.974	9.6664	7.1066	
1153	32.81	32.374	33.366	15.967	9.6521	7.0941	
1154	32.783	32.346	33.341	15.961	9.6519	7.0958	
1155	32.755	32.319	33.316	15.966	9.6506	7.0979	
1156	32.728	32.291	33.291	15.955	9.6498	7.0837	
1157	32.701	32.264	33.266	15.955	9.6421	7.0727	
1158	32.674	32.237	33.241	15.956	9.6421	7.0731	
1159	32.647	32.209	33.216	15.96	9.6267	7.0708	
1160	32.62	32.182	33.191	15.957	9.628	7.0722	
1161	32.593	32.155	33.167	15.947	9.6061	7.0769	
1162	32.566	32.128	33.142	15.943	9.6372	7.0503	
1163	32.539	32.101	33.118	15.932	9.6109	7.0423	
1164	32.513	32.074	33.093	15.933	9.5892	7.0355	
1165	32.486	32.047	33.069	15.926	9.6021	7.0251	
1166	32.46	32.021	33.044	15.934	9.5923	7.0232	
1167	32.433	31.994	33.02	15.935	9.6092	7.0307	
1168	32.407	31.967	32.996	15.925	9.5875	7.0159	
1169	32.38	31.941	32.972	15.919	9.579	7.0094	
1170	32.354	31.914	32.947	15.923	9.5874	6.9969	
1171	32.328	31.888	32.923	15.918	9.5745	6.9927	
1172	32.302	31.861	32.899	15.915	9.5753	6.9904	
1173	32.276	31.835	32.875	15.913	9.572	6.9898	
1174	32.25	31.809	32.851	15.912	9.5717	6.9855	
1175	32.224	31.783	32.828	15.911	9.5671	6.9893	
1176	32.199	31.757	32.804	15.909	9.5553	6.9753	
1177	32.173	31.731	32.78	15.913	9.5548	6.9734	
1178	32.147	31.705	32.756	15.902	9.5491	6.9642	
1179	32.122	31.679	32.733	15.902	9.5544	6.9693	
1180	32.096	31.653	32.709	15.901	9.5467	6.9584	
1181	32.071	31.627	32.685	15.901	9.5467	6.9598	
1182	32.046	31.601	32.662	15.894	9.5385	6.9547	
1183	32.02	31.576	32.638	15.897	9.537	6.95	
1184	31.995	31.55	32.615	15.892	9.532	6.9421	
1185	31.97	31.525	32.592	15.883	9.531	6.946	
1186	31.945	31.499	32.568	15.885	9.5219	6.9289	
1187	31.92	31.474	32.545	15.884	9.5224	6.9354	
1188	31.895	31.448	32.522	15.877	9.523	6.9241	
1189	31.87	31.423	32.498	15.882	9.5084	6.9071	
1190	31.846	31.398	32.475	15.876	9.5137	6.9197	
1191	31.821	31.373	32.452	15.87	9.5099	6.9094	
1192	31.796	31.348	32.429	15.871	9.4961	6.8957	
1193	31.772	31.323	32.406	15.868	9.4961	6.8932	
1194	31.747	31.298	32.383	15.862	9.5027	6.9035	
1195	31.723	31.273	32.36	15.874	9.474	6.8908	
1196	31.699	31.248	32.338	15.86	9.4905	6.8699	
1197	31.674	31.223	32.315	15.862	9.4762	6.8911	
1198	31.65	31.198	32.292	15.852	9.4631	6.8864	
1199	31.626	31.174	32.269	15.851	9.477	6.8633	
1200	31.602	31.149	32.247	15.858	9.4625	6.8505	
1201	31.578	31.124	32.224	15.861	9.4796	6.8706	
1202	31.554	31.1	32.202	15.841	9.4636	6.8566	
1203	31.53	31.075	32.179	15.848	9.4582	6.8337	
1204	31.506	31.051	32.157	15.851	9.4464	6.8183	
1205	31.482	31.027	32.134	15.832	9.4472	6.8323	
1206	31.459	31.002	32.112	15.836	9.466	6.8321	
1207	31.435	30.978	32.089	15.846	9.4633	6.8204	
1208	31.411	30.954	32.067	15.832	9.4402	6.8124	
1209	31.388	30.93	32.045	15.836	9.4279	6.8174	
1210	31.364	30.906	32.023	15.829	9.4198	6.7981	
1211	31.341	30.882	32.001	15.824	9.4014	6.7811	
1212	31.318	30.858	31.978	15.822	9.4159	6.7865	
1213	31.295	30.834	31.956	15.831	9.4125	6.7945	
1214	31.271	30.81	31.934	15.818	9.422	6.771	
1215	31.248	30.786	31.912	15.827	9.4065	6.7776	
1216	31.225	30.763	31.89	15.816	9.3902	6.7962	
1217	31.202	30.739	31.868	15.82	9.3945	6.7799	
1218	31.179	30.715	31.847	15.792	9.3676	6.7812	
1219	31.156	30.692	31.825	15.814	9.3787	6.7488	
1220	31.133	30.668	31.803	15.812	9.3724	6.7566	
1221	31.111	30.645	31.781	15.792	9.3678	6.7577	
1222	31.088	30.621	31.76	15.806	9.4041	6.7482	
1223	31.065	30.598	31.738	15.808	9.3612	6.7497	
1224	31.043	30.575	31.716	15.802	9.3661	6.7322	
1225	31.02	30.551	31.695	15.793	9.3623	6.7376	
1226	30.998	30.528	31.673	15.803	9.3763	6.7294	
1227	30.975	30.505	31.652	15.81	9.3589	6.7325	
1228	30.953	30.482	31.63	15.774	9.3448	6.7237	
1229	30.931	30.459	31.609	15.767	9.3236	6.7278	
1230	30.908	30.436	31.588	15.774	9.3573	6.7086	
1231	30.886	30.413	31.566	15.796	9.3605	6.676	
1232	30.864	30.39	31.545	15.789	9.3331	6.7336	
1233	30.842	30.367	31.524	15.803	9.3612	6.6865	
1234	30.82	30.344	31.503	15.779	9.3636	6.7088	
1235	30.798	30.322	31.481	15.762	9.3504	6.6856	
1236	30.776	30.299	31.46	15.776	9.3508	6.7156	
1237	30.754	30.276	31.439	15.771	9.3581	6.6932	
1238	30.733	30.254	31.418	15.803	9.3178	6.7029	
1239	30.711	30.231	31.397	15.735	9.3726	6.7182	
1240	30.689	30.208	31.376	15.732	9.2717	6.6779	
1241	30.668	30.186	31.355	15.745	9.341	6.6356	
1242	30.646	30.164	31.334	15.735	9.3044	6.6996	
1243	30.624	30.141	31.314	15.764	9.3127	6.761	
1244	30.603	30.119	31.293	15.782	9.3076	6.6586	
1245	30.582	30.097	31.272	15.721	9.362	6.5928	
1246	30.56	30.074	31.251	15.748	9.298	6.6041	
1247	30.539	30.052	31.231	15.731	9.2333	6.6094	
1248	30.518	30.03	31.21	15.743	9.2731	6.5843	
1249	30.496	30.008	31.189	15.775	9.2931	6.6536	
1250	30.475	29.986	31.169	15.753	9.3398	6.5861	
1251	30.454	29.964	31.148	15.739	9.2561	6.6486	
1252	30.433	29.942	31.128	15.709	9.2021	6.5795	
1253	30.412	29.92	31.107	15.708	9.3079	6.5872	
1254	30.391	29.898	31.087	15.716	9.2289	6.5936	
1255	30.37	29.877	31.066	15.74	9.2415	6.623	
1256	30.35	29.855	31.046	15.719	9.2629	6.5966	
1257	30.329	29.833	31.026	15.717	9.2216	6.5567	
1258	30.308	29.811	31.005	15.725	9.2458	6.548	
1259	30.287	29.79	30.985	15.694	9.2312	6.5771	
1260	30.267	29.768	30.965	15.709	9.2387	6.553	
1261	30.246	29.747	30.945	15.706	9.2178	6.5473	
1262	30.226	29.725	30.925	15.689	9.2162	6.5425	
1263	30.205	29.704	30.904	15.706	9.2186	6.5313	
1264	30.185	29.682	30.884	15.682	9.2026	6.5444	
1265	30.164	29.661	30.864	15.708	9.2245	6.5324	
1266	30.144	29.64	30.844	15.696	9.2306	6.5176	
1267	30.124	29.618	30.824	15.709	9.2023	6.5414	
1268	30.104	29.597	30.804	15.714	9.2095	6.5453	
1269	30.083	29.576	30.785	15.701	9.2186	6.5538	
1270	30.063	29.555	30.765	15.696	9.198	6.5367	
1271	30.043	29.534	30.745	15.683	9.2039	6.5136	
1272	30.023	29.513	30.725	15.688	9.2189	6.5472	
1273	30.003	29.492	30.705	15.705	9.2243	6.5247	
1274	29.983	29.471	30.686	15.701	9.2005	6.5306	
1275	29.963	29.45	30.666	15.686	9.1823	6.4939	
1276	29.943	29.429	30.646	15.699	9.2087	6.5205	
1277	29.924	29.408	30.627	15.663	9.1993	6.5191	
1278	29.904	29.387	30.607	15.665	9.1892	6.5112	
1279	29.884	29.366	30.587	15.681	9.1589	6.4593	
1280	29.865	29.346	30.568	15.675	9.156	6.4798	
1281	29.845	29.325	30.548	15.682	9.1567	6.4748	
1282	29.825	29.304	30.529	15.676	9.169	6.4949	
1283	29.806	29.284	30.509	15.656	9.1537	6.4527	
1284	29.786	29.263	30.49	15.632	9.1916	6.4591	
1285	29.767	29.243	30.471	15.644	9.1608	6.4782	
1286	29.748	29.222	30.451	15.669	9.1557	6.4463	
1287	29.728	29.202	30.432	15.652	9.1412	6.4697	
1288	29.709	29.181	30.413	15.663	9.1606	6.4591	
1289	29.69	29.161	30.393	15.652	9.1422	6.4344	
1290	29.671	29.141	30.374	15.657	9.1551	6.4376	
1291	29.651	29.12	30.355	15.64	9.1345	6.4164	
1292	29.632	29.1	30.336	15.656	9.1345	6.4736	
1293	29.613	29.08	30.317	15.647	9.1239	6.4379	
1294	29.594	29.06	30.298	15.668	9.1578	6.4281	
1295	29.575	29.04	30.279	15.646	9.1369	6.3954	
1296	29.556	29.019	30.26	15.653	9.1292	6.3926	
1297	29.537	28.999	30.241	15.651	9.0942	6.4387	
1298	29.519	28.979	30.222	15.631	9.1357	6.4042	
1299	29.5	28.959	30.203	15.641	9.0837	6.373	
1300	29.481	28.94	30.184	15.624	9.1037	6.3995	
1301	29.462	28.92	30.165	15.641	9.126	6.3705	
1302	29.444	28.9	30.146	15.611	9.0799	6.4187	
1303	29.425	28.88	30.127	15.637	9.1245	6.3851	
1304	29.406	28.86	30.109	15.648	9.1135	6.3952	
1305	29.388	28.84	30.09	15.652	9.0861	6.3467	
1306	29.369	28.821	30.071	15.629	9.1235	6.3831	
1307	29.351	28.801	30.052	15.62	9.108	6.3954	
1308	29.332	28.781	30.034	15.613	9.0891	6.388	
1309	29.314	28.762	30.015	15.62	9.0991	6.3783	
1310	29.296	28.742	29.997	15.612	9.0767	6.3653	
1311	29.277	28.723	29.978	15.62	9.0461	6.3913	
1312	29.259	28.703	29.959	15.608	9.0606	6.3221	
1313	29.241	28.684	29.941	15.613	9.0866	6.3847	
1314	29.223	28.664	29.922	15.607	9.0596	6.3495	
1315	29.205	28.645	29.904	15.602	9.0327	6.3262	
1316	29.186	28.626	29.886	15.629	8.9941	6.3194	
1317	29.168	28.606	29.867	15.605	9.0557	6.3822	
1318	29.15	28.587	29.849	15.589	9.0545	6.3601	
1319	29.132	28.568	29.83	15.631	9.0479	6.354	
1320	29.114	28.549	29.812	15.574	9.0367	6.3584	
1321	29.097	28.529	29.794	15.612	9.0226	6.3347	
1322	29.079	28.51	29.776	15.601	8.9983	6.2378	
1323	29.061	28.491	29.757	15.554	9.0135	6.278	
1324	29.043	28.472	29.739	15.608	9.0519	6.2872	
1325	29.025	28.453	29.721	15.621	8.9865	6.3038	
1326	29.008	28.434	29.703	15.629	8.988	6.2721	
1327	28.99	28.415	29.685	15.6	9.0561	6.2622	
1328	28.972	28.396	29.667	15.561	8.9618	6.3632	
1329	28.955	28.377	29.649	15.563	8.9748	6.2771	
1330	28.937	28.358	29.631	15.621	9.0407	6.2531	
1331	28.92	28.34	29.613	15.566	9.0607	6.3246	
1332	28.902	28.321	29.595	15.561	8.9719	6.418	
1333	28.885	28.302	29.577	15.578	9.0236	6.2824	
1334	28.868	28.283	29.559	15.6	8.9906	6.2743	
1335	28.85	28.265	29.541	15.55	9.0051	6.153	
1336	28.833	28.246	29.523	15.537	9.0374	6.3185	
1337	28.816	28.227	29.505	15.618	8.9803	6.1591	
1338	28.798	28.209	29.487	15.535	9.048	6.2468	
1339	28.781	28.19	29.47	15.561	9.032	6.2708	
1340	28.764	28.172	29.452	15.593	9.0077	6.1586	
1341	28.747	28.153	29.434	15.666	8.8259	6.2786	
1342	28.73	28.135	29.416	15.575	8.9248	6.4947	
1343	28.713	28.116	29.399	15.64	9.0003	6.4568	
1344	28.696	28.098	29.381	15.52	9.0383	6.2736	
1345	28.679	28.079	29.363	15.567	9.1261	6.2256	
1346	28.662	28.061	29.346	15.405	8.8527	6.0078	
1347	28.645	28.043	29.328	15.559	9.1196	5.8337	
1348	28.628	28.025	29.311	15.504	9.1334	6.1728	
1349	28.611	28.006	29.293	15.419	9.278	6.2167	
1350	28.594	27.988	29.276	15.265	9.0644	6.2217	
1351	28.578	27.97	29.258	15.503	8.9301	5.9253	
1352	28.561	27.952	29.241	15.455	8.8241	6.3825	
1353	28.544	27.934	29.223	15.547	8.3823	6.2501	
1354	28.527	27.916	29.206	15.469	9.3073	6.3855	
1355	28.511	27.898	29.188	15.712	8.773	5.6078	
1356	28.494	27.88	29.171	15.648	9.1567	6.0752	
1357	28.478	27.862	29.154	15.444	9.0441	6.2724	
1358	28.461	27.844	29.136	16.248	9.371	6.3795	
1359	28.445	27.826	29.119	16.262	8.6908	6.918	
1426	27.413	26.69	28.015	15.655	9.2987	6.337	
1427	27.399	26.674	27.999	15.544	8.6458	6.0444	
1428	27.384	26.658	27.983	15.394	8.841	5.6434	
1429	27.37	26.642	27.968	15.638	8.6618	5.8162	
1430	27.356	26.626	27.952	15.645	8.8034	5.8313	
1431	27.341	26.61	27.936	15.324	8.9254	6.1083	
1432	27.327	26.594	27.921	15.558	8.5618	5.8907	
1433	27.313	26.578	27.905	15.35	8.5981	5.8503	
1434	27.299	26.562	27.889	15.504	8.9164	6.1849	
1435	27.284	26.547	27.874	15.523	8.856	5.7635	
1436	27.27	26.531	27.858	15.531	8.646	5.9371	
1437	27.256	26.515	27.843	15.437	8.9074	5.8618	
1438	27.242	26.499	27.827	15.329	8.6594	5.9473	
1439	27.228	26.483	27.812	15.448	8.7878	5.9026	
1440	27.214	26.468	27.796	15.332	8.7869	5.8234	
1441	27.2	26.452	27.781	15.418	8.6815	6.0523	
1442	27.186	26.436	27.765	15.471	8.6178	5.804	
1443	27.172	26.421	27.75	15.352	8.745	5.9607	
1444	27.158	26.405	27.735	15.461	8.7728	5.754	
1445	27.144	26.389	27.719	15.33	8.7337	5.8418	
1446	27.13	26.374	27.704	15.463	8.6349	5.8148	
1447	27.116	26.358	27.688	15.435	8.7027	5.7187	
1448	27.103	26.343	27.673	15.418	8.6759	5.8657	
1449	27.089	26.327	27.658	15.369	8.7286	5.8616	
1450	27.075	26.312	27.643	15.389	8.7223	5.7667	
1451	27.061	26.296	27.627	15.439	8.6835	5.8613	
1452	27.048	26.281	27.612	15.461	8.7416	5.9121	
1453	27.034	26.265	27.597	15.432	8.7434	5.9344	
1454	27.02	26.25	27.582	15.347	8.6775	5.7013	
1455	27.007	26.235	27.566	15.416	8.7501	5.778	
1456	26.993	26.219	27.551	15.442	8.7139	5.8162	
1457	26.979	26.204	27.536	15.384	8.5911	5.8161	
1458	26.966	26.189	27.521	15.382	8.7003	5.8269	
1459	26.952	26.173	27.506	15.364	8.5653	5.7475	
1460	26.939	26.158	27.491	15.406	8.6329	5.8577	
1461	26.925	26.143	27.476	15.425	8.6263	5.8131	
1462	26.912	26.128	27.461	15.392	8.6402	5.8205	
1463	26.898	26.112	27.446	15.378	8.6426	5.7707	
1464	26.885	26.097	27.431	15.356	8.6674	5.7556	
1465	26.871	26.082	27.415	15.367	8.7009	5.7782	
1466	26.858	26.067	27.401	15.362	8.5979	5.8152	
1467	26.845	26.052	27.386	15.382	8.6242	5.8072	
1468	26.831	26.037	27.371	15.351	8.6378	5.7845	
1469	26.818	26.022	27.356	15.375	8.6157	5.7777	
1470	26.805	26.007	27.341	15.368	8.6027	5.7829	
1471	26.792	25.992	27.326	15.371	8.6274	5.7814	
1472	26.778	25.977	27.311	15.372	8.6286	5.7604	
1473	26.765	25.962	27.296	15.361	8.64	5.7729	
1474	26.752	25.947	27.281	15.364	8.6233	5.7729	
1475	26.739	25.932	27.266	15.367	8.6216	5.7631	
1476	26.726	25.917	27.252	15.361	8.6167	5.7547	
1477	26.712	25.902	27.237	15.367	8.6407	5.7684	
1478	26.699	25.887	27.222	15.372	8.6251	5.7501	
1479	26.686	25.872	27.207	15.364	8.6199	5.7574	
1480	26.673	25.858	27.193	15.365	8.6238	5.7479	
1481	26.66	25.843	27.178	15.366	8.6113	5.7261	
1482	26.647	25.828	27.163	15.361	8.6283	5.7517	
1483	26.634	25.813	27.148	15.362	8.62	5.7472	
1484	26.621	25.798	27.134	15.378	8.6195	5.7384	
1485	26.608	25.784	27.119	15.355	8.6304	5.737	
1486	26.596	25.769	27.105	15.356	8.5946	5.6973	
1487	26.583	25.754	27.09	15.348	8.6228	5.7008	
1488	26.57	25.74	27.075	15.36	8.6145	5.7232	
1489	26.557	25.725	27.061	15.361	8.6151	5.7038	
1490	26.544	25.71	27.046	15.362	8.5895	5.747	
1491	26.531	25.696	27.032	15.345	8.6053	5.698	
1492	26.519	25.681	27.017	15.351	8.5961	5.7165	
1493	26.506	25.667	27.003	15.341	8.5614	5.7088	
1494	26.493	25.652	26.988	15.341	8.5719	5.697	
1495	26.48	25.638	26.974	15.332	8.5697	5.6877	
1496	26.468	25.623	26.959	15.36	8.6007	5.7053	
1497	26.455	25.609	26.945	15.331	8.5842	5.694	
1498	26.442	25.594	26.93	15.364	8.5808	5.6957	
1499	26.43	25.58	26.916	15.346	8.5729	5.7135	
1500	26.417	25.565	26.902	15.338	8.5688	5.6944	
1501	26.405	25.551	26.887	15.324	8.5615	5.6481	
1502	26.392	25.537	26.873	15.341	8.5663	5.6767	
1503	26.38	25.522	26.858	15.337	8.5858	5.6658	
1504	26.367	25.508	26.844	15.331	8.5525	5.6375	
1505	26.355	25.494	26.83	15.336	8.5556	5.6753	
1506	26.342	25.479	26.816	15.327	8.5511	5.6423	
1507	26.33	25.465	26.801	15.311	8.5398	5.6658	
1508	26.317	25.451	26.787	15.308	8.5416	5.6703	
1509	26.305	25.437	26.773	15.345	8.5427	5.6533	
1510	26.293	25.422	26.759	15.333	8.5601	5.6374	
1511	26.28	25.408	26.744	15.339	8.555	5.6471	
1512	26.268	25.394	26.73	15.33	8.5822	5.6517	
1513	26.256	25.38	26.716	15.364	8.5032	5.6648	
1514	26.243	25.366	26.702	15.322	8.5396	5.6835	
1515	26.231	25.352	26.688	15.295	8.5603	5.6483	
1516	26.219	25.338	26.674	15.318	8.5056	5.6522	
1517	26.207	25.324	26.66	15.315	8.5658	5.6102	
1518	26.194	25.31	26.645	15.295	8.5482	5.6359	
1519	26.182	25.296	26.631	15.297	8.5464	5.6432	
1520	26.17	25.282	26.617	15.291	8.534	5.6375	
1521	26.158	25.268	26.603	15.314	8.4871	5.5673	
1522	26.146	25.254	26.589	15.294	8.5187	5.5965	
1523	26.134	25.24	26.575	15.298	8.5355	5.6022	
1524	26.122	25.226	26.561	15.33	8.5488	5.6586	
1525	26.11	25.212	26.547	15.314	8.5414	5.6269	
1526	26.098	25.198	26.533	15.292	8.5151	5.6013	
1527	26.086	25.184	26.519	15.3	8.528	5.6024	
1528	26.074	25.17	26.505	15.288	8.5465	5.6141	
1529	26.062	25.156	26.491	15.293	8.4942	5.5902	
1530	26.05	25.142	26.478	15.303	8.5058	5.6026	
1531	26.038	25.129	26.464	15.28	8.4914	5.604	
1532	26.026	25.115	26.45	15.308	8.4916	5.603	
1533	26.014	25.101	26.436	15.284	8.4702	5.5967	
1534	26.002	25.087	26.422	15.305	8.4793	5.6376	
1535	25.99	25.074	26.408	15.298	8.4926	5.5712	
1536	25.978	25.06	26.395	15.276	8.4891	5.5791	
1537	25.967	25.046	26.381	15.283	8.4941	5.5846	
1538	25.955	25.033	26.367	15.277	8.5252	5.5789	
1539	25.943	25.019	26.353	15.294	8.4816	5.577	
1540	25.931	25.005	26.339	15.287	8.4628	5.578	
1541	25.92	24.992	26.326	15.275	8.4525	5.5494	
1542	25.908	24.978	26.312	15.281	8.4651	5.5754	
1543	25.896	24.964	26.298	15.279	8.4722	5.544	
1544	25.885	24.951	26.285	15.282	8.4897	5.5788	
1545	25.873	24.937	26.271	15.263	8.493	5.5536	
1546	25.861	24.924	26.257	15.278	8.4662	5.5539	
1547	25.85	24.91	26.244	15.274	8.4734	5.5453	
1548	25.838	24.897	26.23	15.277	8.4642	5.5399	
1549	25.826	24.883	26.216	15.277	8.4838	5.5347	
1550	25.815	24.87	26.203	15.282	8.4621	5.5433	
1551	25.803	24.856	26.189	15.26	8.4848	5.5405	
1552	25.792	24.843	26.176	15.272	8.4641	5.5476	
1553	25.78	24.83	26.162	15.253	8.4528	5.5522	
1554	25.769	24.816	26.149	15.262	8.4672	5.5335	
1555	25.757	24.803	26.135	15.281	8.442	5.52	
1556	25.746	24.79	26.122	15.259	8.4567	5.5561	
1557	25.735	24.776	26.108	15.253	8.4481	5.5181	
1558	25.723	24.763	26.095	15.256	8.4504	5.5207	
1559	25.712	24.75	26.081	15.276	8.4324	5.4932	
1560	25.7	24.736	26.068	15.271	8.4614	5.517	
1561	25.689	24.723	26.054	15.28	8.463	5.5073	
1562	25.678	24.71	26.041	15.286	8.4263	5.5184	
1563	25.666	24.697	26.028	15.246	8.4494	5.5213	
1564	25.655	24.683	26.014	15.253	8.4738	5.4959	
1565	25.644	24.67	26.001	15.26	8.475	5.4892	
1566	25.633	24.657	25.988	15.25	8.4211	5.471	
1567	25.621	24.644	25.974	15.272	8.4036	5.5013	
1568	25.61	24.631	25.961	15.254	8.4459	5.5132	
1569	25.599	24.618	25.948	15.273	8.4673	5.5183	
1570	25.588	24.605	25.934	15.258	8.4541	5.5109	
1571	25.577	24.591	25.921	15.251	8.43	5.5032	
1572	25.566	24.578	25.908	15.247	8.4216	5.516	
1573	25.554	24.565	25.894	15.253	8.4038	5.4898	
1574	25.543	24.552	25.881	15.271	8.4254	5.4739	
1575	25.532	24.539	25.868	15.231	8.4078	5.4942	
1576	25.521	24.526	25.855	15.249	8.3978	5.4296	
1577	25.51	24.513	25.842	15.217	8.3749	5.4756	
1578	25.499	24.5	25.828	15.237	8.4288	5.4607	
1579	25.488	24.487	25.815	15.228	8.4205	5.4795	
1580	25.477	24.474	25.802	15.239	8.3869	5.4487	
1581	25.466	24.462	25.789	15.234	8.4189	5.4105	
1582	25.455	24.449	25.776	15.257	8.4008	5.48	
1583	25.444	24.436	25.763	15.226	8.4345	5.4544	
1584	25.433	24.423	25.75	15.259	8.3606	5.4227	
1585	25.422	24.41	25.737	15.244	8.4289	5.4566	
1586	25.411	24.397	25.724	15.233	8.3734	5.502	
1587	25.401	24.384	25.71	15.238	8.4237	5.4611	
1588	25.39	24.372	25.697	15.245	8.3774	5.3926	
1589	25.379	24.359	25.684	15.215	8.3875	5.4566	
1590	25.368	24.346	25.671	15.228	8.3519	5.4219	
1591	25.357	24.333	25.658	15.219	8.3652	5.442	
1592	25.347	24.321	25.645	15.22	8.4063	5.4059	
1593	25.336	24.308	25.632	15.242	8.3902	5.4055	
1594	25.325	24.295	25.62	15.227	8.3533	5.4718	
1595	25.314	24.282	25.607	15.251	8.3693	5.388	
1596	25.304	24.27	25.594	15.218	8.396	5.4089	
1597	25.293	24.257	25.581	15.224	8.3787	5.4234	
1598	25.282	24.244	25.568	15.233	8.3674	5.3693	
1599	25.272	24.232	25.555	15.229	8.3583	5.4027	
1600	25.261	24.219	25.542	15.215	8.372	5.3582	
1601	25.25	24.207	25.529	15.245	8.3609	5.4297	
1602	25.24	24.194	25.516	15.238	8.3485	5.3855	
1603	25.229	24.182	25.504	15.243	8.3307	5.3756	
1604	25.218	24.169	25.491	15.231	8.3665	5.3766	
1605	25.208	24.156	25.478	15.219	8.355	5.4195	
1606	25.197	24.144	25.465	15.218	8.3515	5.381	
1607	25.187	24.131	25.452	15.236	8.3546	5.3807	
1608	25.176	24.119	25.44	15.198	8.3743	5.3834	
1609	25.166	24.106	25.427	15.209	8.3542	5.3865	
1610	25.155	24.094	25.414	15.217	8.3669	5.3679	
1611	25.145	24.082	25.401	15.223	8.3448	5.3933	
1612	25.134	24.069	25.389	15.243	8.3307	5.3638	
1613	25.124	24.057	25.376	15.178	8.3644	5.3728	
1614	25.114	24.044	25.363	15.202	8.361	5.4227	
1615	25.103	24.032	25.351	15.227	8.3397	5.3958	
1616	25.093	24.02	25.338	15.22	8.3127	5.3666	
1617	25.082	24.007	25.325	15.246	8.3553	5.3936	
1618	25.072	23.995	25.313	15.226	8.3236	5.3726	
1619	25.062	23.983	25.3	15.199	8.3466	5.3731	
1620	25.051	23.97	25.288	15.181	8.3603	5.3781	
1621	25.041	23.958	25.275	15.208	8.3253	5.3494	
1622	25.031	23.946	25.262	15.178	8.3112	5.3902	
1623	25.021	23.934	25.25	15.171	8.3181	5.3343	
1624	25.01	23.921	25.237	15.213	8.3478	5.3601	
1625	25	23.909	25.225	15.221	8.3268	5.3138	
1626	24.99	23.897	25.212	15.189	8.3195	5.3457	
1627	24.98	23.885	25.2	15.194	8.2845	5.3273	
1628	24.969	23.873	25.187	15.187	8.3499	5.3401	
1629	24.959	23.86	25.175	15.19	8.342	5.3735	
1630	24.949	23.848	25.162	15.179	8.3391	5.3371	
1631	24.939	23.836	25.15	15.173	8.3154	5.3855	
1632	24.929	23.824	25.137	15.186	8.35	5.3166	
1633	24.919	23.812	25.125	15.203	8.3497	5.3381	
1634	24.909	23.8	25.112	15.171	8.297	5.3258	
1635	24.899	23.788	25.1	15.194	8.3312	5.3287	
1636	24.889	23.776	25.088	15.188	8.3212	5.3036	
1637	24.878	23.764	25.075	15.199	8.3059	5.3668	
1638	24.868	23.752	25.063	15.222	8.2801	5.3259	
1639	24.858	23.74	25.051	15.182	8.3194	5.2974	
1640	24.848	23.728	25.038	15.173	8.2818	5.3281	
1641	24.838	23.716	25.026	15.175	8.354	5.2891	
1642	24.829	23.704	25.014	15.205	8.2703	5.335	
1643	24.819	23.692	25.001	15.19	8.3112	5.2849	
1644	24.809	23.68	24.989	15.187	8.2906	5.3078	
1645	24.799	23.668	24.977	15.188	8.2927	5.329	
1646	24.789	23.656	24.964	15.208	8.31	5.2496	
1647	24.779	23.644	24.952	15.15	8.3281	5.3322	
1648	24.769	23.632	24.94	15.196	8.214	5.2562	
1649	24.759	23.62	24.928	15.203	8.3041	5.32	
1650	24.749	23.608	24.915	15.183	8.3097	5.3172	
1651	24.739	23.597	24.903	15.183	8.2823	5.2789	
1652	24.73	23.585	24.891	15.167	8.2903	5.2806	
1653	24.72	23.573	24.879	15.222	8.273	5.3132	
1654	24.71	23.561	24.867	15.187	8.2721	5.3	
1655	24.7	23.549	24.854	15.181	8.3124	5.2674	
1656	24.691	23.538	24.842	15.178	8.2858	5.2886	
1657	24.681	23.526	24.83	15.182	8.2736	5.2715	
1658	24.671	23.514	24.818	15.168	8.2909	5.2684	
1659	24.661	23.502	24.806	15.198	8.2389	5.2994	
1660	24.652	23.491	24.794	15.134	8.2013	5.3163	
1661	24.642	23.479	24.782	15.18	8.22	5.277	
1662	24.632	23.467	24.77	15.141	8.2754	5.2561	
1663	24.623	23.456	24.758	15.16	8.3068	5.3083	
1664	24.613	23.444	24.746	15.139	8.2076	5.1903	
1665	24.603	23.432	24.734	15.134	8.2768	5.2901	
1666	24.594	23.421	24.722	15.203	8.2376	5.2267	
1667	24.584	23.409	24.71	15.116	8.178	5.2636	
1668	24.575	23.398	24.698	15.094	8.2587	5.2816	
1669	24.565	23.386	24.686	15.177	8.2221	5.1642	
1670	24.555	23.374	24.674	15.177	8.3188	5.28	
1671	24.546	23.363	24.662	15.144	8.2985	5.1962	
1672	24.536	23.351	24.65	15.205	8.2434	5.1552	
1673	24.527	23.34	24.638	15.194	8.2671	5.2595	
1674	24.517	23.328	24.626	15.196	8.273	5.2443	
1675	24.508	23.317	24.614	15.123	8.1082	5.2754	
1676	24.498	23.305	24.602	15.177	8.2951	5.2414	
1677	24.489	23.294	24.59	15.141	8.2686	5.3115	
1678	24.48	23.282	24.578	15.131	8.1656	5.2901	
1679	24.47	23.271	24.566	15.153	8.2106	5.2576	
1680	24.461	23.259	24.554	15.136	8.2649	5.3272	
1681	24.451	23.248	24.543	15.15	8.3289	5.2473	
1682	24.442	23.237	24.531	15.105	8.2398	5.2015	
1683	24.433	23.225	24.519	15.132	8.2922	5.1972	
1684	24.423	23.214	24.507	15.112	8.2552	5.3479	
1685	24.414	23.203	24.495	15.14	8.0623	5.0309	
1686	24.405	23.191	24.484	15.254	8.287	5.2897	
1687	24.395	23.18	24.472	15.066	8.3556	5.4453	
1688	24.386	23.168	24.46	15.075	8.27	5.2045	
1689	24.377	23.157	24.448	15.151	8.2085	5.0922	
1690	24.367	23.146	24.437	15.044	8.425	5.2279	
1691	24.358	23.135	24.425	15.226	8.1621	5.1941	
1692	24.349	23.123	24.413	15.228	8.4692	5.2754	
1693	24.34	23.112	24.401	14.99	8.3545	5.5722	
1694	24.33	23.101	24.39	14.9	8.082	5.2263	
1695	24.321	23.09	24.378	15.192	8.4939	5.4261	
1696	24.312	23.078	24.366	15.082	8.2301	5.4347	
1697	24.303	23.067	24.355	15.142	8.3357	5.437	
1698	24.294	23.056	24.343	14.719	8.2576	4.9981	
1699	24.284	23.045	24.331	14.916	8.6842	5.3629	
1700	24.275	23.034	24.32	14.932	8.1696	5.1826	
