	65	70	75	65	70	75	
300	46.13	43.953	42.624	37.511	37.209	37.514	
301	45.584	43.464	42.225	37.295	36.907	37.453	
302	45.054	42.995	41.839	37.087	36.772	37.279	
303	44.54	42.542	41.462	37.019	36.553	37.024	
304	44.043	42.106	41.095	36.99	36.489	37.052	
305	43.564	41.686	40.736	36.884	36.423	36.867	
306	43.103	41.279	40.384	36.614	36.185	36.77	
307	42.658	40.885	40.037	36.511	36.277	36.641	
308	42.229	40.503	39.695	36.334	36.128	36.541	
309	41.816	40.131	39.358	36.365	35.959	36.377	
310	41.418	39.769	39.023	36.171	35.873	36.379	
311	41.035	39.417	38.69	36.159	35.715	36.319	
312	40.665	39.072	38.36	36.209	35.719	36.207	
313	40.308	38.735	38.03	35.89	35.526	36.139	
314	39.963	38.404	37.7	35.955	35.547	35.953	
315	39.629	38.079	37.37	35.892	35.364	35.909	
316	39.307	37.76	37.039	35.798	35.418	35.815	
317	38.994	37.445	36.706	35.661	35.298	35.754	
318	38.69	37.135	36.372	35.561	35.153	35.59	
319	38.396	36.829	36.036	35.518	35.053	35.611	
320	38.109	36.526	35.697	35.535	35.035	35.459	
321	37.831	36.226	35.355	35.427	34.977	35.375	
322	37.56	35.929	35.009	35.393	34.901	35.332	
323	37.296	35.634	34.66	35.355	34.78	35.278	
324	37.039	35.342	34.308	35.23	34.786	35.152	
325	36.788	35.052	33.951	35.241	34.578	35.091	
326	36.543	34.764	33.59	35.155	34.568	35.032	
327	36.304	34.478	33.225	35.062	34.546	34.927	
328	36.07	34.194	32.856	35.028	34.498	34.847	
329	35.842	33.912	32.482	34.999	34.432	34.774	
330	35.62	33.631	32.104	35.011	34.459	34.767	
331	35.402	33.353	31.722	34.888	34.365	34.712	
332	35.189	33.076	31.336	34.842	34.23	34.555	
333	34.982	32.802	30.946	34.885	34.182	34.577	
334	34.78	32.53	30.553	34.798	34.161	34.525	
335	34.582	32.261	30.156	34.731	34.097	34.447	
336	34.39	31.994	29.756	34.609	34.041	34.358	
337	34.203	31.73	29.353	34.687	34.006	34.353	
338	34.021	31.47	28.948	34.632	33.962	34.303	
339	33.844	31.213	28.541	34.529	33.832	34.23	
340	33.673	30.96	28.133	34.579	33.724	34.179	
341	33.507	30.711	27.725	34.486	33.766	34.165	
342	33.346	30.468	27.316	34.466	33.725	34.1	
343	33.192	30.229	26.908	34.549	33.733	34.023	
344	33.044	29.995	26.502	34.521	33.702	33.95	
345	32.901	29.768	26.098	34.424	33.661	33.933	
346	32.766	29.548	25.698	34.455	33.622	33.892	
347	32.637	29.335	25.303	34.458	33.593	33.865	
348	32.515	29.13	24.914	34.377	33.616	33.812	
349	32.401	28.933	24.533	34.389	33.625	33.81	
350	32.296	28.747	24.161	34.388	33.625	33.767	
351	32.199	28.572	23.801	34.35	33.524	33.743	
352	32.112	28.408	23.454	34.396	33.574	33.8	
353	32.034	28.258	23.123	34.351	33.52	33.614	
354	31.968	28.121	22.809	34.458	33.583	33.722	
355	31.912	27.998	22.514	34.599	33.444	33.575	
356	31.867	27.891	22.238	34.579	33.535	33.58	
357	31.832	27.796	21.984	34.514	33.694	33.653	
358	31.806	27.714	21.749	34.45	33.599	33.561	
359	31.785	27.642	21.531	34.557	33.626	33.604	
360	31.767	27.574	21.328	34.568	33.602	33.533	
361	31.747	27.507	21.136	34.519	33.534	33.614	
362	31.72	27.434	20.951	34.468	33.471	33.318	
363	31.683	27.352	20.769	34.502	33.373	33.27	
364	31.631	27.256	20.588	34.485	33.406	33.141	
365	31.56	27.142	20.407	34.48	33.239	33.257	
366	31.47	27.009	20.224	34.43	33.18	32.916	
367	31.36	26.856	20.042	34.217	33.026	32.627	
368	31.229	26.684	19.863	34.2	33.006	32.484	
369	31.077	26.493	19.685	34.034	32.568	32.257	
370	30.906	26.285	19.512	33.841	32.395	31.955	
371	30.721	26.067	19.353	33.737	32.227	31.762	
372	30.526	25.842	19.21	33.555	32.089	31.437	
373	30.323	25.616	19.088	33.39	31.779	31.262	
374	30.115	25.39	18.987	33.076	31.523	30.992	
375	29.905	25.169	18.91	32.972	31.289	30.557	
376	29.694	24.953	18.856	32.744	31.026	30.281	
377	29.485	24.746	18.828	32.512	30.758	29.935	
378	29.279	24.549	18.822	32.361	30.452	29.755	
379	29.077	24.363	18.839	32.152	30.302	29.525	
380	28.881	24.189	18.878	31.847	30.094	29.22	
381	28.691	24.028	18.939	31.78	29.805	28.874	
382	28.508	23.88	19.019	31.618	29.702	28.718	
383	28.331	23.744	19.116	31.407	29.37	28.494	
384	28.161	23.621	19.229	31.178	29.194	28.195	
385	27.998	23.511	19.356	31.074	29.021	28.069	
386	27.844	23.414	19.496	30.864	28.789	27.848	
387	27.697	23.329	19.647	30.652	28.633	27.637	
388	27.558	23.257	19.809	30.583	28.41	27.476	
389	27.426	23.196	19.979	30.461	28.307	27.256	
390	27.302	23.146	20.158	30.26	28.108	27.05	
391	27.187	23.108	20.343	30.191	27.915	26.895	
392	27.079	23.082	20.536	29.981	27.735	26.665	
393	26.98	23.066	20.734	29.878	27.587	26.582	
394	26.888	23.06	20.937	29.682	27.397	26.4	
395	26.803	23.064	21.143	29.63	27.355	26.298	
396	26.726	23.078	21.354	29.422	27.142	26.077	
397	26.658	23.102	21.569	29.335	27.036	25.925	
398	26.596	23.134	21.786	29.275	26.882	25.776	
399	26.54	23.173	22.005	29.093	26.69	25.637	
400	26.491	23.221	22.226	29.072	26.6	25.423	
401	26.45	23.277	22.449	28.922	26.451	25.337	
402	26.414	23.339	22.673	28.768	26.379	25.181	
403	26.384	23.407	22.897	28.682	26.196	25.041	
404	26.359	23.481	23.122	28.573	26.143	24.894	
405	26.341	23.561	23.347	28.511	25.929	24.83	
406	26.327	23.647	23.572	28.418	25.831	24.647	
407	26.318	23.736	23.796	28.306	25.691	24.585	
408	26.313	23.829	24.019	28.204	25.67	24.441	
409	26.313	23.927	24.241	28.091	25.533	24.21	
410	26.317	24.029	24.462	28.031	25.423	24.179	
411	26.324	24.133	24.681	27.868	25.362	24.088	
412	26.336	24.24	24.899	27.819	25.199	23.977	
413	26.351	24.351	25.115	27.751	25.068	23.815	
414	26.369	24.463	25.329	27.647	25.046	23.779	
415	26.391	24.578	25.542	27.567	24.906	23.666	
416	26.415	24.694	25.752	27.436	24.81	23.564	
417	26.443	24.813	25.96	27.395	24.667	23.442	
418	26.473	24.933	26.166	27.242	24.576	23.314	
419	26.506	25.055	26.37	27.24	24.539	23.278	
420	26.542	25.178	26.572	27.177	24.391	23.051	
421	26.58	25.302	26.772	26.993	24.277	23.05	
422	26.62	25.427	26.97	27.016	24.164	22.99	
423	26.663	25.553	27.165	26.934	24.088	22.879	
424	26.708	25.68	27.359	26.867	24.049	22.714	
425	26.755	25.808	27.55	26.755	23.89	22.644	
426	26.804	25.936	27.739	26.651	23.86	22.58	
427	26.855	26.065	27.926	26.553	23.755	22.538	
428	26.908	26.194	28.111	26.479	23.663	22.372	
429	26.963	26.324	28.294	26.519	23.569	22.282	
430	27.02	26.454	28.476	26.369	23.426	22.284	
431	27.078	26.585	28.655	26.264	23.503	22.162	
432	27.137	26.716	28.832	26.276	23.311	21.984	
433	27.199	26.847	29.008	26.141	23.339	21.941	
434	27.262	26.978	29.182	26.086	23.175	21.795	
435	27.326	27.109	29.354	26.006	23.033	21.804	
436	27.392	27.241	29.525	25.973	22.899	21.543	
437	27.459	27.373	29.694	25.893	22.922	21.617	
438	27.528	27.504	29.861	25.872	22.893	21.469	
439	27.598	27.636	30.027	25.71	22.818	21.435	
440	27.669	27.768	30.191	25.695	22.639	21.343	
441	27.741	27.899	30.354	25.63	22.648	21.261	
442	27.815	28.031	30.516	25.588	22.648	21.104	
443	27.889	28.163	30.676	25.507	22.442	21.184	
444	27.965	28.294	30.835	25.556	22.424	20.985	
445	28.041	28.426	30.993	25.392	22.277	20.91	
446	28.119	28.557	31.149	25.234	22.293	20.863	
447	28.198	28.689	31.305	25.292	22.112	20.749	
448	28.278	28.82	31.459	25.195	22.141	20.723	
449	28.358	28.952	31.612	25.183	22.026	20.627	
450	28.44	29.083	31.765	25.118	21.916	20.654	
451	28.522	29.215	31.916	25.118	21.857	20.554	
452	28.606	29.346	32.066	25.026	21.784	20.444	
453	28.69	29.477	32.216	24.922	21.755	20.443	
454	28.775	29.608	32.365	24.835	21.684	20.273	
455	28.861	29.74	32.513	24.769	21.671	20.279	
456	28.948	29.871	32.661	24.72	21.58	20.095	
457	29.036	30.002	32.807	24.709	21.546	20.092	
458	29.124	30.133	32.954	24.66	21.441	20.062	
459	29.213	30.264	33.099	24.663	21.481	19.975	
460	29.303	30.396	33.244	24.545	21.331	19.906	
461	29.394	30.527	33.389	24.62	21.233	19.818	
462	29.485	30.658	33.533	24.431	21.183	19.772	
463	29.577	30.79	33.677	24.46	21.21	19.722	
464	29.67	30.921	33.82	24.327	21.031	19.609	
465	29.764	31.053	33.963	24.36	21.017	19.608	
466	29.858	31.184	34.106	24.267	20.954	19.454	
467	29.953	31.316	34.249	24.206	20.854	19.484	
468	30.048	31.448	34.391	24.17	20.799	19.396	
469	30.145	31.58	34.533	24.092	20.77	19.34	
470	30.242	31.712	34.676	24.061	20.699	19.193	
471	30.339	31.844	34.818	24.012	20.652	19.217	
472	30.437	31.977	34.96	23.934	20.679	19.142	
473	30.536	32.11	35.102	23.947	20.517	19.035	
474	30.636	32.243	35.244	23.908	20.509	19.076	
475	30.736	32.376	35.386	23.846	20.472	18.955	
476	30.837	32.509	35.528	23.824	20.439	18.928	
477	30.939	32.643	35.67	23.74	20.279	18.806	
478	31.041	32.777	35.813	23.684	20.28	18.775	
479	31.144	32.912	35.956	23.667	20.197	18.72	
480	31.247	33.046	36.099	23.599	20.142	18.638	
481	31.351	33.181	36.242	23.572	20.093	18.615	
482	31.456	33.317	36.386	23.495	20.1	18.561	
483	31.561	33.453	36.53	23.543	20.037	18.524	
484	31.667	33.589	36.674	23.447	19.952	18.437	
485	31.774	33.726	36.819	23.405	19.904	18.479	
486	31.881	33.863	36.964	23.388	19.787	18.36	
487	31.989	34	37.11	23.308	19.783	18.254	
488	32.098	34.138	37.256	23.318	19.714	18.213	
489	32.207	34.277	37.403	23.228	19.691	18.178	
490	32.317	34.415	37.551	23.239	19.606	18.185	
491	32.428	34.555	37.699	23.162	19.598	18.078	
492	32.539	34.695	37.847	23.125	19.513	18.036	
493	32.651	34.836	37.997	23.098	19.505	17.975	
494	32.763	34.977	38.147	23.049	19.475	17.976	
495	32.877	35.119	38.298	23.039	19.452	17.877	
496	32.99	35.261	38.45	22.991	19.38	17.876	
497	33.105	35.404	38.602	22.952	19.303	17.874	
498	33.22	35.548	38.756	22.922	19.281	17.787	
499	33.336	35.692	38.91	22.888	19.204	17.73	
500	33.453	35.837	39.065	22.873	19.164	17.653	
501	33.57	35.983	39.221	22.799	19.155	17.607	
502	33.688	36.129	39.378	22.748	19.072	17.553	
503	33.807	36.277	39.537	22.745	19.08	17.515	
504	33.926	36.425	39.696	22.67	18.989	17.461	
505	34.047	36.574	39.856	22.66	18.966	17.426	
506	34.167	36.723	40.017	22.59	18.9	17.357	
507	34.289	36.873	40.18	22.573	18.858	17.36	
508	34.411	37.025	40.344	22.544	18.831	17.264	
509	34.534	37.177	40.509	22.54	18.784	17.234	
510	34.658	37.33	40.675	22.464	18.744	17.185	
511	34.782	37.483	40.842	22.441	18.672	17.172	
512	34.908	37.638	41.011	22.411	18.653	17.095	
513	35.034	37.794	41.181	22.38	18.604	17.039	
514	35.16	37.95	41.352	22.329	18.581	17.008	
515	35.288	38.108	41.525	22.323	18.521	16.956	
516	35.416	38.266	41.699	22.272	18.488	16.925	
517	35.545	38.426	41.875	22.233	18.453	16.889	
518	35.675	38.586	42.052	22.213	18.429	16.8	
519	35.805	38.748	42.231	22.156	18.383	16.8	
520	35.937	38.91	42.411	22.155	18.329	16.783	
521	36.069	39.074	42.593	22.107	18.281	16.705	
522	36.202	39.239	42.776	22.082	18.236	16.682	
523	36.335	39.404	42.961	22.044	18.197	16.633	
524	36.47	39.571	43.148	22.008	18.175	16.576	
525	36.605	39.739	43.336	21.973	18.11	16.541	
526	36.741	39.908	43.526	21.948	18.101	16.479	
527	36.878	40.079	43.718	21.919	18.041	16.467	
528	37.016	40.25	43.912	21.871	18.015	16.444	
529	37.155	40.423	44.107	21.848	17.935	16.346	
530	37.294	40.596	44.304	21.807	17.963	16.332	
531	37.434	40.771	44.504	21.787	17.894	16.282	
532	37.575	40.948	44.705	21.792	17.872	16.249	
533	37.717	41.125	44.908	21.715	17.836	16.21	
534	37.86	41.304	45.113	21.688	17.765	16.173	
535	38.004	41.484	45.319	21.675	17.736	16.118	
536	38.148	41.665	45.528	21.642	17.728	16.071	
537	38.293	41.847	45.739	21.635	17.67	16.051	
538	38.439	42.031	45.952	21.595	17.649	16.008	
539	38.586	42.216	46.168	21.569	17.626	15.99	
540	38.734	42.403	46.385	21.55	17.587	15.938	
541	38.883	42.591	46.604	21.51	17.537	15.923	
542	39.033	42.78	46.826	21.482	17.509	15.858	
543	39.183	42.97	47.05	21.476	17.461	15.814	
544	39.334	43.162	47.276	21.431	17.422	15.773	
545	39.487	43.355	47.504	21.41	17.437	15.761	
546	39.64	43.55	47.734	21.352	17.352	15.71	
547	39.794	43.746	47.967	21.367	17.317	15.707	
548	39.949	43.944	48.202	21.329	17.285	15.648	
549	40.104	44.142	48.44	21.326	17.238	15.622	
550	40.261	44.343	48.68	21.261	17.228	15.591	
551	40.418	44.544	48.922	21.239	17.193	15.54	
552	40.577	44.748	49.167	21.241	17.157	15.508	
553	40.736	44.952	49.414	21.207	17.129	15.477	
554	40.896	45.158	49.664	21.168	17.077	15.44	
555	41.057	45.366	49.916	21.16	17.056	15.395	
556	41.219	45.575	50.17	21.131	17.016	15.362	
557	41.381	45.785	50.427	21.103	16.947	15.317	
558	41.545	45.997	50.687	21.084	16.962	15.3	
559	41.709	46.211	50.949	21.046	16.928	15.278	
560	41.875	46.425	51.214	21.019	16.886	15.228	
561	42.041	46.642	51.481	21.007	16.84	15.186	
562	42.208	46.86	51.751	21	16.812	15.184	
563	42.376	47.079	52.024	20.961	16.801	15.133	
564	42.544	47.3	52.299	20.944	16.75	15.126	
565	42.714	47.522	52.576	20.9	16.721	15.064	
566	42.884	47.746	52.857	20.879	16.684	15.074	
567	43.055	47.971	53.14	20.845	16.66	15.01	
568	43.227	48.197	53.426	20.818	16.626	14.969	
569	43.4	48.425	53.714	20.805	16.591	14.939	
570	43.574	48.655	54.005	20.791	16.566	14.891	
571	43.748	48.886	54.299	20.756	16.54	14.877	
572	43.924	49.118	54.596	20.734	16.528	14.866	
573	44.1	49.352	54.895	20.719	16.489	14.815	
574	44.276	49.587	55.197	20.685	16.473	14.755	
575	44.454	49.824	55.501	20.662	16.434	14.74	
576	44.632	50.062	55.808	20.631	16.404	14.719	
577	44.811	50.302	56.118	20.644	16.385	14.694	
578	44.991	50.542	56.431	20.618	16.331	14.681	
579	45.171	50.784	56.746	20.576	16.316	14.62	
580	45.353	51.028	57.064	20.577	16.277	14.621	
581	45.534	51.273	57.385	20.535	16.251	14.584	
582	45.717	51.519	57.708	20.524	16.22	14.522	
583	45.9	51.766	58.034	20.504	16.18	14.507	
584	46.084	52.015	58.362	20.492	16.17	14.517	
585	46.268	52.265	58.693	20.442	16.155	14.449	
586	46.454	52.516	59.027	20.431	16.123	14.417	
587	46.639	52.768	59.363	20.436	16.098	14.362	
588	46.825	53.021	59.702	20.408	16.07	14.357	
589	47.012	53.276	60.043	20.364	16.041	14.332	
590	47.199	53.532	60.387	20.345	16.005	14.287	
591	47.387	53.788	60.733	20.333	15.99	14.25	
592	47.576	54.046	61.082	20.31	15.918	14.221	
593	47.764	54.305	61.433	20.296	15.969	14.198	
594	47.954	54.564	61.786	20.283	15.892	14.209	
595	48.143	54.825	62.142	20.24	15.88	14.155	
596	48.333	55.086	62.5	20.22	15.879	14.124	
597	48.524	55.348	62.86	20.21	15.839	14.089	
598	48.715	55.611	63.222	20.202	15.8	14.07	
599	48.906	55.875	63.587	20.184	15.748	14.033	
600	49.097	56.14	63.953	20.146	15.774	14.024	
601	49.289	56.405	64.322	20.111	15.734	13.982	
602	49.481	56.67	64.692	20.089	15.676	13.946	
603	49.673	56.936	65.064	20.073	15.681	13.918	
604	49.865	57.203	65.438	20.062	15.645	13.915	
605	50.058	57.47	65.814	20.041	15.608	13.859	
606	50.25	57.738	66.192	20.03	15.616	13.815	
607	50.443	58.005	66.571	19.998	15.592	13.779	
608	50.635	58.273	66.952	20.014	15.535	13.804	
609	50.828	58.541	67.334	19.982	15.547	13.748	
610	51.021	58.809	67.717	19.959	15.505	13.733	
611	51.213	59.078	68.102	19.939	15.468	13.708	
612	51.406	59.346	68.488	19.937	15.48	13.705	
613	51.598	59.613	68.875	19.905	15.44	13.625	
614	51.79	59.881	69.263	19.873	15.416	13.633	
615	51.982	60.149	69.651	19.872	15.373	13.599	
616	52.174	60.416	70.041	19.848	15.366	13.567	
617	52.365	60.682	70.431	19.833	15.339	13.548	
618	52.556	60.948	70.821	19.81	15.324	13.544	
619	52.747	61.213	71.212	19.793	15.289	13.484	
620	52.937	61.478	71.602	19.769	15.26	13.464	
621	53.127	61.742	71.993	19.744	15.245	13.463	
622	53.316	62.004	72.384	19.758	15.223	13.435	
623	53.505	62.266	72.774	19.727	15.19	13.375	
624	53.693	62.526	73.164	19.705	15.17	13.372	
625	53.88	62.785	73.552	19.678	15.168	13.392	
626	54.067	63.043	73.941	19.681	15.12	13.311	
627	54.253	63.3	74.327	19.667	15.098	13.304	
628	54.438	63.554	74.713	19.638	15.06	13.283	
629	54.622	63.807	75.096	19.635	15.075	13.294	
630	54.806	64.058	75.478	19.57	15.013	13.233	
631	54.988	64.307	75.858	19.565	15.066	13.236	
632	55.169	64.554	76.234	19.575	15.011	13.141	
633	55.35	64.798	76.608	19.564	14.965	13.12	
634	55.529	65.04	76.979	19.51	14.954	13.069	
635	55.707	65.28	77.346	19.493	14.942	13.106	
636	55.884	65.517	77.709	19.49	14.951	13.106	
637	56.059	65.751	78.067	19.498	14.872	13.056	
638	56.233	65.982	78.42	19.454	14.846	13.046	
639	56.406	66.211	78.768	19.459	14.818	13.027	
640	56.577	66.435	79.109	19.425	14.799	13.018	
641	56.747	66.657	79.443	19.452	14.778	12.939	
642	56.915	66.875	79.769	19.402	14.772	12.986	
643	57.081	67.089	80.087	19.387	14.721	12.945	
644	57.246	67.299	80.395	19.404	14.727	12.899	
645	57.409	67.505	80.693	19.385	14.71	12.869	
646	57.571	67.707	80.98	19.341	14.67	12.857	
647	57.73	67.905	81.254	19.34	14.697	12.832	
648	57.887	68.098	81.515	19.298	14.644	12.833	
649	58.043	68.287	81.76	19.29	14.633	12.793	
650	58.196	68.471	81.99	19.268	14.571	12.757	
651	58.348	68.65	82.202	19.249	14.593	12.771	
652	58.497	68.824	82.395	19.245	14.544	12.718	
653	58.644	68.992	82.568	19.224	14.556	12.69	
654	58.789	69.156	82.719	19.213	14.505	12.636	
655	58.931	69.313	82.848	19.188	14.528	12.643	
656	59.072	69.465	82.952	19.173	14.551	12.655	
657	59.209	69.612	83.032	19.182	14.495	12.58	
658	59.344	69.752	83.087	19.145	14.451	12.585	
659	59.477	69.886	83.116	19.135	14.393	12.576	
660	59.607	70.014	83.12	19.131	14.406	12.557	
661	59.735	70.136	83.098	19.149	14.366	12.521	
662	59.859	70.251	83.051	19.141	14.38	12.487	
663	59.982	70.36	82.98	19.085	14.354	12.478	
664	60.101	70.462	82.885	19.067	14.358	12.46	
665	60.217	70.558	82.768	19.05	14.329	12.422	
666	60.331	70.647	82.631	19.037	14.283	12.4	
667	60.442	70.729	82.475	19.049	14.264	12.403	
668	60.549	70.804	82.301	19.03	14.28	12.379	
669	60.654	70.872	82.111	19.015	14.24	12.357	
670	60.756	70.933	81.906	18.996	14.227	12.341	
671	60.854	70.988	81.687	18.983	14.189	12.272	
672	60.95	71.035	81.457	18.968	14.151	12.307	
673	61.042	71.075	81.216	18.924	14.153	12.286	
674	61.132	71.109	80.965	18.939	14.161	12.278	
675	61.217	71.135	80.706	18.916	14.153	12.296	
676	61.3	71.154	80.439	18.918	14.072	12.203	
677	61.38	71.166	80.165	18.905	14.111	12.199	
678	61.456	71.172	79.886	18.877	14.073	12.219	
679	61.529	71.17	79.601	18.874	14.028	12.143	
680	61.599	71.162	79.312	18.865	14.013	12.153	
681	61.665	71.148	79.019	18.846	13.999	12.088	
682	61.728	71.126	78.723	18.845	14.005	12.109	
683	61.788	71.098	78.425	18.808	13.954	12.072	
684	61.844	71.064	78.124	18.784	13.945	12.093	
685	61.897	71.024	77.821	18.793	13.961	12.052	
686	61.946	70.977	77.516	18.775	13.924	12.002	
687	61.992	70.924	77.211	18.777	13.89	11.991	
688	62.035	70.866	76.905	18.772	13.868	11.962	
689	62.074	70.801	76.598	18.761	13.903	11.957	
690	62.11	70.731	76.29	18.716	13.875	11.965	
691	62.142	70.656	75.983	18.724	13.843	11.91	
692	62.171	70.575	75.676	18.709	13.782	11.94	
693	62.197	70.489	75.369	18.696	13.781	11.891	
694	62.219	70.398	75.062	18.682	13.775	11.898	
695	62.239	70.302	74.756	18.653	13.738	11.859	
696	62.254	70.201	74.451	18.654	13.704	11.854	
697	62.267	70.096	74.147	18.647	13.742	11.818	
698	62.276	69.986	73.844	18.656	13.697	11.76	
699	62.282	69.872	73.542	18.615	13.678	11.745	
700	62.284	69.755	73.241	18.603	13.714	11.763	
701	62.284	69.633	72.941	18.616	13.601	11.754	
702	62.28	69.507	72.643	18.605	13.677	11.742	
703	62.273	69.378	72.347	18.55	13.664	11.695	
704	62.263	69.245	72.052	18.548	13.616	11.689	
705	62.25	69.109	71.758	18.593	13.586	11.663	
706	62.234	68.97	71.466	18.539	13.595	11.627	
707	62.215	68.828	71.176	18.519	13.587	11.625	
708	62.193	68.683	70.888	18.499	13.513	11.634	
709	62.168	68.536	70.601	18.52	13.555	11.58	
710	62.14	68.385	70.317	18.509	13.487	11.628	
711	62.109	68.233	70.034	18.491	13.491	11.511	
712	62.075	68.078	69.753	18.46	13.43	11.505	
713	62.039	67.921	69.474	18.443	13.501	11.532	
714	62	67.762	69.197	18.434	13.419	11.487	
715	61.958	67.601	68.922	18.397	13.433	11.469	
716	61.914	67.438	68.648	18.418	13.356	11.374	
717	61.867	67.273	68.377	18.408	13.398	11.468	
718	61.818	67.107	68.108	18.389	13.347	11.371	
719	61.766	66.939	67.841	18.416	13.365	11.461	
720	61.712	66.771	67.576	18.332	13.336	11.414	
721	61.655	66.6	67.313	18.377	13.311	11.389	
722	61.596	66.429	67.052	18.373	13.341	11.365	
723	61.535	66.256	66.793	18.316	13.339	11.362	
724	61.472	66.083	66.537	18.348	13.267	11.357	
725	61.406	65.909	66.282	18.293	13.366	11.278	
726	61.338	65.734	66.029	18.343	13.2	11.279	
727	61.269	65.558	65.779	18.3	13.25	11.255	
728	61.197	65.381	65.53	18.318	13.194	11.255	
729	61.123	65.204	65.284	18.272	13.178	11.254	
730	61.048	65.027	65.039	18.26	13.183	11.173	
731	60.97	64.849	64.797	18.22	13.167	11.208	
732	60.891	64.67	64.557	18.247	13.116	11.197	
733	60.81	64.492	64.319	18.236	13.152	11.165	
734	60.728	64.313	64.082	18.263	13.117	11.143	
735	60.643	64.134	63.848	18.212	13.131	11.119	
736	60.557	63.955	63.616	18.211	13.114	11.12	
737	60.47	63.775	63.386	18.221	13.084	11.153	
738	60.381	63.596	63.158	18.175	13.091	11.076	
739	60.291	63.417	62.932	18.168	13.067	11.094	
740	60.199	63.238	62.707	18.198	13.06	11.074	
741	60.106	63.059	62.485	18.146	13.012	11.072	
742	60.012	62.88	62.265	18.159	13.021	11.016	
743	59.916	62.702	62.046	18.16	13.027	10.987	
744	59.819	62.523	61.83	18.128	13	11.023	
745	59.721	62.346	61.615	18.098	13.023	11.013	
746	59.622	62.168	61.403	18.113	12.97	10.981	
747	59.522	61.991	61.192	18.112	13.001	10.944	
748	59.421	61.814	60.983	18.09	12.967	10.93	
749	59.319	61.637	60.776	18.087	12.928	10.902	
750	59.216	61.461	60.571	18.026	12.909	10.938	
751	59.112	61.286	60.368	18.064	12.892	10.873	
752	59.007	61.111	60.166	18.016	12.923	10.846	
753	58.901	60.937	59.966	18.042	12.881	10.845	
754	58.795	60.763	59.769	18.033	12.862	10.87	
755	58.688	60.59	59.572	17.998	12.896	10.794	
756	58.58	60.417	59.378	18.017	12.83	10.84	
757	58.471	60.245	59.185	18.016	12.778	10.837	
758	58.362	60.074	58.994	17.993	12.814	10.794	
759	58.252	59.903	58.805	17.991	12.817	10.766	
760	58.142	59.733	58.618	17.965	12.743	10.723	
761	58.031	59.564	58.432	17.94	12.757	10.727	
762	57.919	59.395	58.248	17.968	12.744	10.685	
763	57.807	59.227	58.065	17.942	12.757	10.67	
764	57.695	59.06	57.884	17.942	12.75	10.703	
765	57.582	58.894	57.705	17.928	12.723	10.649	
766	57.469	58.728	57.527	17.945	12.732	10.659	
767	57.356	58.563	57.351	17.932	12.689	10.658	
768	57.242	58.399	57.176	17.898	12.676	10.604	
769	57.128	58.236	57.003	17.901	12.684	10.63	
770	57.013	58.074	56.832	17.88	12.632	10.573	
771	56.899	57.912	56.662	17.839	12.621	10.567	
772	56.784	57.752	56.494	17.837	12.664	10.567	
773	56.669	57.592	56.327	17.851	12.613	10.567	
774	56.554	57.433	56.161	17.831	12.605	10.51	
775	56.438	57.275	55.997	17.81	12.584	10.517	
776	56.323	57.117	55.835	17.872	12.563	10.49	
777	56.207	56.961	55.673	17.813	12.541	10.499	
778	56.092	56.805	55.514	17.814	12.507	10.516	
779	55.976	56.65	55.355	17.771	12.515	10.473	
780	55.86	56.496	55.199	17.769	12.529	10.484	
781	55.744	56.343	55.043	17.816	12.552	10.405	
782	55.629	56.191	54.889	17.788	12.453	10.414	
783	55.513	56.04	54.736	17.766	12.44	10.413	
784	55.397	55.889	54.584	17.747	12.468	10.369	
785	55.281	55.739	54.434	17.727	12.424	10.347	
786	55.166	55.591	54.285	17.72	12.435	10.349	
787	55.05	55.443	54.138	17.725	12.412	10.345	
788	54.935	55.296	53.992	17.722	12.394	10.324	
789	54.819	55.15	53.846	17.703	12.376	10.317	
790	54.704	55.005	53.703	17.705	12.403	10.277	
791	54.589	54.86	53.56	17.675	12.368	10.278	
792	54.474	54.717	53.419	17.689	12.361	10.267	
793	54.359	54.574	53.279	17.679	12.381	10.266	
794	54.245	54.432	53.14	17.66	12.327	10.239	
795	54.13	54.291	53.002	17.659	12.309	10.224	
796	54.016	54.151	52.865	17.662	12.313	10.213	
797	53.902	54.012	52.73	17.654	12.325	10.176	
798	53.789	53.874	52.595	17.666	12.323	10.181	
799	53.675	53.736	52.462	17.647	12.261	10.206	
800	53.562	53.6	52.33	17.62	12.266	10.135	
801	53.449	53.464	52.199	17.605	12.279	10.152	
802	53.336	53.329	52.069	17.648	12.257	10.122	
803	53.224	53.195	51.941	17.585	12.228	10.092	
804	53.112	53.062	51.813	17.575	12.219	10.133	
805	53	52.93	51.686	17.566	12.198	10.093	
806	52.888	52.798	51.56	17.583	12.17	10.084	
807	52.777	52.667	51.436	17.566	12.126	10.115	
808	52.666	52.537	51.312	17.569	12.174	10.024	
809	52.555	52.408	51.19	17.516	12.099	10.047	
810	52.445	52.28	51.068	17.556	12.165	10.014	
811	52.335	52.153	50.948	17.537	12.131	9.9973	
812	52.225	52.026	50.828	17.532	12.176	10.005	
813	52.116	51.9	50.709	17.542	12.077	9.9926	
814	52.007	51.775	50.592	17.52	12.11	10.013	
815	51.899	51.651	50.475	17.499	12.091	9.9656	
816	51.79	51.528	50.359	17.51	12.082	9.9131	
817	51.683	51.405	50.244	17.487	12.062	9.9298	
818	51.575	51.283	50.13	17.492	12.059	9.9034	
819	51.468	51.162	50.017	17.483	12.042	9.9129	
820	51.361	51.042	49.905	17.46	12.018	9.8719	
821	51.255	50.922	49.794	17.453	12.005	9.8656	
822	51.149	50.803	49.684	17.45	12.012	9.8616	
823	51.044	50.685	49.574	17.451	12.006	9.8525	
824	50.938	50.568	49.465	17.443	12.007	9.8497	
825	50.834	50.452	49.358	17.437	11.988	9.8449	
826	50.729	50.336	49.251	17.433	11.98	9.8362	
827	50.625	50.221	49.144	17.43	11.974	9.8144	
828	50.522	50.107	49.039	17.419	11.964	9.8087	
829	50.419	49.993	48.935	17.407	11.95	9.7941	
830	50.316	49.88	48.831	17.407	11.946	9.8031	
831	50.214	49.768	48.728	17.4	11.919	9.7859	
832	50.112	49.657	48.626	17.384	11.91	9.7662	
833	50.01	49.546	48.524	17.379	11.905	9.7353	
834	49.909	49.436	48.424	17.367	11.897	9.7158	
835	49.809	49.327	48.324	17.36	11.889	9.7177	
836	49.709	49.218	48.225	17.358	11.888	9.6974	
837	49.609	49.11	48.126	17.35	11.861	9.7024	
838	49.509	49.003	48.029	17.356	11.846	9.6741	
839	49.411	48.897	47.932	17.339	11.835	9.6728	
840	49.312	48.791	47.836	17.323	11.851	9.6213	
841	49.214	48.685	47.74	17.338	11.799	9.6059	
842	49.116	48.581	47.645	17.35	11.812	9.6524	
843	49.019	48.477	47.551	17.333	11.79	9.6237	
844	48.922	48.374	47.458	17.328	11.8	9.6135	
845	48.826	48.271	47.365	17.337	11.83	9.5864	
846	48.73	48.169	47.273	17.25	11.762	9.5728	
847	48.634	48.068	47.182	17.316	11.671	9.6306	
848	48.539	47.967	47.091	17.299	11.801	9.6341	
849	48.445	47.867	47.001	17.296	11.713	9.5251	
850	48.351	47.768	46.911	17.278	11.74	9.5683	
851	48.257	47.669	46.822	17.254	11.712	9.5872	
852	48.163	47.571	46.734	17.249	11.723	9.4661	
853	48.07	47.474	46.647	17.279	11.658	9.4759	
854	47.978	47.377	46.56	17.228	11.704	9.4325	
855	47.886	47.28	46.473	17.23	11.626	9.478	
856	47.794	47.184	46.388	17.202	11.678	9.4881	
857	47.703	47.089	46.302	17.234	11.659	9.4508	
858	47.612	46.995	46.218	17.248	11.682	9.4151	
859	47.522	46.901	46.134	17.26	11.629	9.461	
860	47.432	46.807	46.051	17.206	11.667	9.4684	
861	47.342	46.714	45.968	17.177	11.615	9.3825	
862	47.253	46.622	45.885	17.215	11.595	9.3837	
863	47.164	46.53	45.804	17.205	11.644	9.3907	
864	47.076	46.439	45.723	17.208	11.589	9.387	
865	46.988	46.349	45.642	17.157	11.577	9.3165	
866	46.901	46.259	45.562	17.167	11.563	9.3468	
867	46.814	46.169	45.482	17.147	11.513	9.3459	
868	46.727	46.08	45.403	17.118	11.543	9.3501	
869	46.641	45.992	45.325	17.15	11.508	9.2901	
870	46.555	45.904	45.247	17.159	11.516	9.3057	
871	46.47	45.816	45.17	17.146	11.508	9.2767	
872	46.385	45.73	45.093	17.131	11.512	9.3136	
873	46.3	45.643	45.016	17.157	11.469	9.267	
874	46.216	45.557	44.94	17.129	11.488	9.2504	
875	46.132	45.472	44.865	17.111	11.474	9.2559	
876	46.049	45.387	44.79	17.115	11.465	9.2204	
877	45.966	45.303	44.715	17.112	11.46	9.2537	
878	45.883	45.219	44.641	17.083	11.444	9.2191	
879	45.801	45.136	44.568	17.079	11.432	9.1998	
880	45.72	45.053	44.495	17.071	11.421	9.1926	
881	45.638	44.971	44.422	17.069	11.417	9.1849	
882	45.557	44.889	44.35	17.067	11.412	9.1889	
883	45.477	44.807	44.278	17.063	11.408	9.1794	
884	45.396	44.726	44.207	17.061	11.404	9.1718	
885	45.317	44.646	44.136	17.061	11.396	9.1709	
886	45.237	44.566	44.066	17.056	11.388	9.1566	
887	45.158	44.486	43.996	17.046	11.371	9.1428	
888	45.08	44.407	43.927	17.044	11.364	9.1243	
889	45.001	44.329	43.858	17.031	11.351	9.1119	
890	44.923	44.251	43.789	17.018	11.337	9.0964	
891	44.846	44.173	43.721	17.012	11.328	9.0812	
892	44.769	44.096	43.653	17.01	11.316	9.0788	
893	44.692	44.019	43.586	17.003	11.31	9.0602	
894	44.616	43.942	43.519	16.991	11.308	9.0486	
895	44.54	43.866	43.452	16.999	11.303	9.0533	
896	44.464	43.791	43.386	16.989	11.29	9.0498	
897	44.389	43.716	43.32	16.989	11.285	9.0476	
898	44.314	43.641	43.255	16.987	11.282	9.0195	
899	44.239	43.567	43.19	16.979	11.268	9.0175	
900	44.165	43.493	43.125	16.966	11.258	8.9949	
901	44.091	43.419	43.061	16.947	11.247	8.9733	
902	44.018	43.346	42.997	16.948	11.229	8.9685	
903	43.944	43.274	42.933	16.945	11.226	8.9618	
904	43.872	43.201	42.87	16.94	11.217	8.9595	
905	43.799	43.13	42.807	16.932	11.215	8.9576	
906	43.727	43.058	42.745	16.934	11.21	8.9517	
907	43.655	42.987	42.683	16.929	11.206	8.9528	
908	43.584	42.916	42.621	16.931	11.194	8.9288	
909	43.513	42.846	42.56	16.916	11.183	8.9209	
910	43.442	42.776	42.499	16.902	11.167	8.91	
911	43.372	42.707	42.438	16.906	11.155	8.9055	
912	43.302	42.637	42.378	16.894	11.128	8.8691	
913	43.232	42.569	42.318	16.881	11.137	8.8493	
914	43.163	42.5	42.258	16.883	11.127	8.8511	
915	43.094	42.432	42.199	16.876	11.114	8.8449	
916	43.025	42.364	42.14	16.869	11.119	8.8435	
917	42.957	42.297	42.081	16.869	11.116	8.8377	
918	42.889	42.23	42.023	16.872	11.111	8.8326	
919	42.821	42.163	41.965	16.868	11.102	8.8198	
920	42.754	42.097	41.907	16.862	11.094	8.8106	
921	42.687	42.031	41.85	16.852	11.081	8.8013	
922	42.62	41.966	41.793	16.848	11.073	8.8045	
923	42.553	41.9	41.736	16.851	11.066	8.7956	
924	42.487	41.835	41.679	16.835	11.037	8.7695	
925	42.421	41.771	41.623	16.832	11.054	8.7564	
926	42.356	41.707	41.567	16.815	11.035	8.7417	
927	42.291	41.643	41.512	16.816	11.041	8.7315	
928	42.226	41.579	41.456	16.814	11.034	8.7362	
929	42.161	41.516	41.401	16.797	10.994	8.7477	
930	42.097	41.453	41.347	16.793	10.972	8.7269	
931	42.033	41.39	41.292	16.805	11.016	8.7154	
932	41.969	41.328	41.238	16.812	10.951	8.6826	
933	41.906	41.266	41.184	16.782	11.008	8.6791	
934	41.843	41.204	41.131	16.775	10.976	8.695	
935	41.78	41.143	41.077	16.773	10.978	8.6554	
936	41.718	41.082	41.024	16.753	10.941	8.6501	
937	41.656	41.021	40.971	16.753	10.935	8.6851	
938	41.594	40.961	40.919	16.783	10.944	8.6069	
939	41.532	40.901	40.867	16.761	10.933	8.6336	
940	41.471	40.841	40.815	16.766	10.894	8.6504	
941	41.41	40.781	40.763	16.76	10.92	8.6114	
942	41.349	40.722	40.711	16.739	10.886	8.5574	
943	41.288	40.663	40.66	16.715	10.91	8.5951	
944	41.228	40.604	40.609	16.717	10.929	8.5787	
945	41.168	40.546	40.558	16.744	10.893	8.5827	
946	41.109	40.488	40.508	16.743	10.888	8.5713	
947	41.049	40.43	40.458	16.722	10.888	8.5569	
948	40.99	40.372	40.408	16.718	10.861	8.5456	
949	40.931	40.315	40.358	16.708	10.84	8.5238	
950	40.873	40.258	40.308	16.702	10.832	8.5213	
951	40.814	40.201	40.259	16.691	10.851	8.5259	
952	40.756	40.145	40.21	16.683	10.844	8.5209	
953	40.699	40.089	40.161	16.694	10.825	8.4986	
954	40.641	40.033	40.113	16.695	10.819	8.5124	
955	40.584	39.977	40.064	16.682	10.807	8.4784	
956	40.527	39.922	40.016	16.663	10.812	8.4848	
957	40.47	39.867	39.968	16.664	10.803	8.5324	
958	40.414	39.812	39.921	16.644	10.785	8.4534	
959	40.357	39.757	39.873	16.666	10.771	8.4791	
960	40.302	39.703	39.826	16.678	10.753	8.4078	
961	40.246	39.649	39.779	16.673	10.778	8.3952	
962	40.19	39.595	39.732	16.661	10.689	8.3687	
963	40.135	39.541	39.686	16.62	10.712	8.4149	
964	40.08	39.488	39.639	16.649	10.748	8.3485	
965	40.025	39.435	39.593	16.617	10.733	8.3817	
966	39.971	39.382	39.547	16.628	10.753	8.359	
967	39.917	39.329	39.501	16.623	10.733	8.3919	
968	39.863	39.277	39.456	16.627	10.745	8.3832	
969	39.809	39.225	39.411	16.611	10.709	8.3707	
970	39.755	39.173	39.365	16.625	10.692	8.3925	
971	39.702	39.121	39.32	16.613	10.68	8.3706	
972	39.649	39.069	39.276	16.61	10.702	8.3492	
973	39.596	39.018	39.231	16.61	10.685	8.3224	
974	39.544	38.967	39.187	16.594	10.661	8.3374	
975	39.491	38.916	39.143	16.588	10.668	8.2816	
976	39.439	38.866	39.099	16.58	10.653	8.2972	
977	39.387	38.816	39.055	16.575	10.641	8.2843	
978	39.335	38.765	39.011	16.572	10.632	8.2858	
979	39.284	38.716	38.968	16.57	10.638	8.2719	
980	39.233	38.666	38.925	16.575	10.628	8.2724	
981	39.182	38.616	38.882	16.572	10.626	8.2804	
982	39.131	38.567	38.839	16.566	10.621	8.2707	
983	39.08	38.518	38.796	16.562	10.623	8.2828	
984	39.03	38.469	38.754	16.548	10.613	8.2676	
985	38.98	38.421	38.711	16.546	10.617	8.2362	
986	38.93	38.372	38.669	16.573	10.595	8.2584	
987	38.88	38.324	38.627	16.537	10.591	8.2149	
988	38.831	38.276	38.586	16.532	10.56	8.1936	
989	38.781	38.228	38.544	16.524	10.566	8.1933	
990	38.732	38.181	38.502	16.52	10.547	8.1876	
991	38.683	38.133	38.461	16.519	10.55	8.1676	
992	38.635	38.086	38.42	16.52	10.545	8.1802	
993	38.586	38.039	38.379	16.509	10.544	8.1739	
994	38.538	37.992	38.338	16.517	10.548	8.1768	
995	38.49	37.946	38.298	16.503	10.54	8.1619	
996	38.442	37.899	38.257	16.496	10.533	8.1554	
997	38.394	37.853	38.217	16.504	10.529	8.1444	
998	38.347	37.807	38.177	16.493	10.516	8.1417	
999	38.299	37.761	38.137	16.483	10.502	8.1776	
1000	38.252	37.716	38.097	16.5	10.478	8.1157	
1001	38.206	37.67	38.058	16.464	10.53	8.0949	
1002	38.159	37.625	38.018	16.485	10.51	8.0982	
1003	38.112	37.58	37.979	16.476	10.477	8.0989	
1004	38.066	37.535	37.94	16.475	10.443	8.0759	
1005	38.02	37.49	37.901	16.439	10.542	8.1117	
1006	37.974	37.446	37.862	16.467	10.428	8.1096	
1007	37.928	37.401	37.823	16.465	10.492	8.0327	
1008	37.883	37.357	37.784	16.449	10.484	8.0563	
1009	37.837	37.313	37.746	16.429	10.432	8.0496	
1010	37.792	37.269	37.708	16.466	10.451	8.0414	
1011	37.747	37.226	37.669	16.433	10.444	8.0428	
1012	37.702	37.182	37.631	16.438	10.431	8.0143	
1013	37.658	37.139	37.594	16.434	10.414	8.0082	
1014	37.613	37.096	37.556	16.435	10.394	8.0042	
1015	37.569	37.053	37.518	16.437	10.4	7.9932	
1016	37.525	37.01	37.481	16.413	10.402	8.087	
1017	37.481	36.967	37.444	16.395	10.365	7.9546	
1018	37.437	36.925	37.406	16.391	10.366	7.9748	
1019	37.394	36.883	37.369	16.377	10.349	7.938	
1020	37.35	36.84	37.333	16.428	10.409	7.9076	
1021	37.307	36.798	37.296	16.344	10.406	7.9482	
1022	37.264	36.757	37.259	16.399	10.335	7.9468	
1023	37.221	36.715	37.223	16.418	10.322	7.9437	
1024	37.178	36.673	37.186	16.374	10.301	7.9785	
1025	37.136	36.632	37.15	16.416	10.31	7.9159	
1026	37.093	36.591	37.114	16.38	10.359	7.8728	
1027	37.051	36.55	37.078	16.414	10.241	7.8987	
1028	37.009	36.509	37.042	16.371	10.339	7.8451	
1029	36.967	36.468	37.007	16.355	10.283	7.8299	
1030	36.925	36.428	36.971	16.359	10.328	7.903	
1031	36.884	36.387	36.935	16.422	10.333	7.9249	
1032	36.842	36.347	36.9	16.316	10.327	7.8632	
1033	36.801	36.307	36.865	16.382	10.287	7.887	
1034	36.76	36.267	36.83	16.356	10.309	7.8533	
1035	36.719	36.227	36.795	16.379	10.251	7.9231	
1036	36.678	36.187	36.76	16.253	10.285	7.8388	
1037	36.638	36.148	36.725	16.397	10.175	7.8035	
1038	36.597	36.108	36.691	16.319	10.24	7.9786	
1039	36.557	36.069	36.656	16.361	10.29	7.9209	
1040	36.517	36.03	36.622	16.298	10.088	7.8087	
1041	36.477	35.991	36.588	16.335	10.216	7.8567	
1042	36.437	35.952	36.553	16.445	10.238	7.6434	
1043	36.397	35.913	36.519	16.412	10.176	7.6925	
1044	36.358	35.875	36.485	16.267	10.268	7.7417	
1045	36.318	35.837	36.452	16.308	10.204	7.7873	
1046	36.279	35.798	36.418	16.204	10.35	7.5825	
1047	36.24	35.76	36.384	16.266	10.039	7.7932	
1048	36.201	35.722	36.351	16.229	10.157	7.8069	
1049	36.162	35.684	36.318	16.299	10.171	7.7236	
1050	36.123	35.646	36.284	16.276	10.083	7.8107	
1051	36.085	35.609	36.251	16.278	10.17	7.7396	
1052	36.047	35.571	36.218	16.273	10.161	7.7044	
1053	36.008	35.534	36.185	16.277	10.167	7.7231	
1054	35.97	35.497	36.152	16.277	10.148	7.7089	
1055	35.932	35.46	36.12	16.277	10.167	7.6972	
1056	35.894	35.423	36.087	16.273	10.135	7.687	
1057	35.857	35.386	36.055	16.269	10.153	7.6997	
1058	35.819	35.349	36.022	16.262	10.142	7.6709	
1059	35.782	35.313	35.99	16.247	10.134	7.6933	
1060	35.745	35.276	35.958	16.254	10.134	7.6648	
1061	35.707	35.24	35.926	16.263	10.116	7.6747	
1062	35.67	35.204	35.894	16.239	10.115	7.6648	
1063	35.634	35.168	35.862	16.235	10.098	7.6667	
1064	35.597	35.132	35.83	16.233	10.093	7.6472	
1065	35.56	35.096	35.798	16.225	10.087	7.629	
1066	35.524	35.06	35.767	16.232	10.086	7.618	
1067	35.487	35.025	35.735	16.223	10.089	7.6219	
1068	35.451	34.989	35.704	16.218	10.078	7.6284	
1069	35.415	34.954	35.673	16.223	10.054	7.6005	
1070	35.379	34.918	35.641	16.22	10.079	7.5985	
1071	35.343	34.883	35.61	16.218	10.063	7.599	
1072	35.308	34.848	35.579	16.202	10.065	7.5925	
1073	35.272	34.813	35.548	16.215	10.029	7.5661	
1074	35.237	34.779	35.517	16.199	10.044	7.5808	
1075	35.201	34.744	35.487	16.193	10.033	7.5517	
1076	35.166	34.709	35.456	16.201	10.022	7.5548	
1077	35.131	34.675	35.426	16.189	10.024	7.5511	
1078	35.096	34.641	35.395	16.185	10.008	7.5417	
1079	35.061	34.606	35.365	16.186	10.022	7.5314	
1080	35.026	34.572	35.334	16.186	10.011	7.5387	
1081	34.992	34.538	35.304	16.179	10.01	7.5348	
1082	34.957	34.504	35.274	16.172	10.007	7.5257	
1083	34.923	34.471	35.244	16.18	9.9947	7.5117	
1084	34.889	34.437	35.214	16.172	9.995	7.5129	
1085	34.855	34.403	35.184	16.166	9.9914	7.5014	
1086	34.821	34.37	35.155	16.171	9.9923	7.5038	
1087	34.787	34.337	35.125	16.156	9.9873	7.4945	
1088	34.753	34.303	35.095	16.166	9.9817	7.4997	
1089	34.719	34.27	35.066	16.159	9.9779	7.4821	
1090	34.686	34.237	35.036	16.158	9.9803	7.4881	
1091	34.653	34.204	35.007	16.153	9.9785	7.4853	
1092	34.619	34.171	34.978	16.144	9.9565	7.4715	
1093	34.586	34.139	34.949	16.148	9.9506	7.4729	
1094	34.553	34.106	34.92	16.141	9.9601	7.4722	
1095	34.52	34.073	34.89	16.15	9.9318	7.4483	
1096	34.487	34.041	34.862	16.144	9.9407	7.4519	
1097	34.454	34.009	34.833	16.13	9.9283	7.4383	
1098	34.422	33.976	34.804	16.124	9.9234	7.4168	
1099	34.389	33.944	34.775	16.123	9.9232	7.4195	
1100	34.357	33.912	34.747	16.113	9.9178	7.4139	
1101	34.324	33.88	34.718	16.124	9.9056	7.3964	
1102	34.292	33.848	34.69	16.116	9.8945	7.3888	
1103	34.26	33.817	34.661	16.109	9.8791	7.3797	
1104	34.228	33.785	34.633	16.105	9.888	7.3786	
1105	34.196	33.753	34.605	16.097	9.8862	7.3711	
1106	34.164	33.722	34.577	16.101	9.8753	7.3644	
1107	34.133	33.691	34.549	16.09	9.8672	7.3615	
1108	34.101	33.659	34.521	16.098	9.873	7.3533	
1109	34.07	33.628	34.493	16.089	9.8628	7.35	
1110	34.038	33.597	34.465	16.087	9.8562	7.3493	
1111	34.007	33.566	34.437	16.086	9.8575	7.3426	
1112	33.976	33.535	34.409	16.085	9.8439	7.3361	
1113	33.945	33.504	34.382	16.085	9.8491	7.3346	
1114	33.914	33.474	34.354	16.08	9.8466	7.3305	
1115	33.883	33.443	34.327	16.077	9.8484	7.3291	
1116	33.852	33.412	34.299	16.078	9.8409	7.3321	
1117	33.822	33.382	34.272	16.079	9.8416	7.3209	
1118	33.791	33.352	34.245	16.072	9.8334	7.3214	
1119	33.761	33.321	34.218	16.06	9.8347	7.3015	
1120	33.73	33.291	34.19	16.068	9.8313	7.2924	
1121	33.7	33.261	34.163	16.067	9.8176	7.2878	
1122	33.67	33.231	34.136	16.06	9.8063	7.2978	
1123	33.64	33.201	34.109	16.048	9.8069	7.2903	
1124	33.61	33.171	34.083	16.063	9.8076	7.2673	
1125	33.58	33.141	34.056	16.054	9.7979	7.2623	
1126	33.55	33.112	34.029	16.058	9.8085	7.2676	
1127	33.52	33.082	34.002	16.033	9.7894	7.2435	
1128	33.491	33.052	33.976	16.033	9.7801	7.246	
1129	33.461	33.023	33.949	16.039	9.78	7.2589	
1130	33.432	32.994	33.923	16.029	9.784	7.2303	
1131	33.402	32.964	33.897	16.028	9.7661	7.2327	
1132	33.373	32.935	33.87	16.029	9.7641	7.2224	
1133	33.344	32.906	33.844	16.022	9.7746	7.22	
1134	33.315	32.877	33.818	16.013	9.7404	7.2208	
1135	33.286	32.848	33.792	16.016	9.7516	7.1929	
1136	33.257	32.819	33.766	16.019	9.733	7.2045	
1137	33.228	32.79	33.74	16.012	9.7186	7.2018	
1138	33.2	32.762	33.714	16.011	9.7314	7.1817	
1139	33.171	32.733	33.688	16.007	9.7294	7.188	
1140	33.143	32.705	33.662	16	9.711	7.1734	
1141	33.114	32.676	33.636	16.013	9.7229	7.1701	
1142	33.086	32.648	33.611	16.009	9.7157	7.1425	
1143	33.058	32.619	33.585	15.991	9.7047	7.1754	
1144	33.029	32.591	33.56	15.991	9.6948	7.1627	
1145	33.001	32.563	33.534	15.994	9.7082	7.1617	
1146	32.973	32.535	33.509	15.991	9.6734	7.1488	
1147	32.945	32.507	33.483	15.987	9.6773	7.1375	
1148	32.917	32.479	33.458	15.993	9.6824	7.1398	
1149	32.89	32.451	33.433	15.982	9.6859	7.1336	
1150	32.862	32.423	33.407	15.971	9.6696	7.1285	
1151	32.834	32.395	33.382	15.973	9.6557	7.1144	
1152	32.807	32.368	33.357	15.974	9.6664	7.1066	
1153	32.779	32.34	33.332	15.967	9.6521	7.0941	
1154	32.752	32.313	33.307	15.961	9.6519	7.0958	
1155	32.725	32.285	33.282	15.966	9.6506	7.0979	
1156	32.698	32.258	33.258	15.955	9.6498	7.0837	
1157	32.671	32.231	33.233	15.955	9.6421	7.0727	
1158	32.644	32.203	33.208	15.956	9.6421	7.0731	
1159	32.617	32.176	33.183	15.96	9.6267	7.0708	
1160	32.59	32.149	33.159	15.957	9.628	7.0722	
1161	32.563	32.122	33.134	15.947	9.6061	7.0769	
1162	32.536	32.095	33.11	15.943	9.6372	7.0503	
1163	32.51	32.068	33.085	15.932	9.6109	7.0423	
1164	32.483	32.042	33.061	15.933	9.5892	7.0355	
1165	32.457	32.015	33.037	15.926	9.6021	7.0251	
1166	32.43	31.988	33.012	15.934	9.5923	7.0232	
1167	32.404	31.962	32.988	15.935	9.6092	7.0307	
1168	32.378	31.935	32.964	15.925	9.5875	7.0159	
1169	32.351	31.909	32.94	15.919	9.579	7.0094	
1170	32.325	31.882	32.916	15.923	9.5874	6.9969	
1171	32.299	31.856	32.892	15.918	9.5745	6.9927	
1172	32.273	31.83	32.868	15.915	9.5753	6.9904	
1173	32.248	31.803	32.844	15.913	9.572	6.9898	
1174	32.222	31.777	32.82	15.912	9.5717	6.9855	
1175	32.196	31.751	32.796	15.911	9.5671	6.9893	
1176	32.17	31.725	32.772	15.909	9.5553	6.9753	
1177	32.145	31.699	32.749	15.913	9.5548	6.9734	
1178	32.119	31.673	32.725	15.902	9.5491	6.9642	
1179	32.094	31.648	32.701	15.902	9.5544	6.9693	
1180	32.069	31.622	32.678	15.901	9.5467	6.9584	
1181	32.043	31.596	32.654	15.901	9.5467	6.9598	
1182	32.018	31.57	32.631	15.894	9.5385	6.9547	
1183	31.993	31.545	32.608	15.897	9.537	6.95	
1184	31.968	31.519	32.584	15.892	9.532	6.9421	
1185	31.943	31.494	32.561	15.883	9.531	6.946	
1186	31.918	31.469	32.538	15.885	9.5219	6.9289	
1187	31.893	31.443	32.514	15.884	9.5224	6.9354	
1188	31.868	31.418	32.491	15.877	9.523	6.9241	
1189	31.844	31.393	32.468	15.882	9.5084	6.9071	
1190	31.819	31.368	32.445	15.876	9.5137	6.9197	
1191	31.794	31.343	32.422	15.87	9.5099	6.9094	
1192	31.77	31.318	32.399	15.871	9.4961	6.8957	
1193	31.745	31.293	32.376	15.868	9.4961	6.8932	
1194	31.721	31.268	32.353	15.862	9.5027	6.9035	
1195	31.697	31.243	32.331	15.874	9.474	6.8908	
1196	31.672	31.218	32.308	15.86	9.4905	6.8699	
1197	31.648	31.193	32.285	15.862	9.4762	6.8911	
1198	31.624	31.169	32.262	15.852	9.4631	6.8864	
1199	31.6	31.144	32.24	15.851	9.477	6.8633	
1200	31.576	31.12	32.217	15.858	9.4625	6.8505	
1201	31.552	31.095	32.195	15.861	9.4796	6.8706	
1202	31.528	31.071	32.172	15.841	9.4636	6.8566	
1203	31.504	31.046	32.15	15.848	9.4582	6.8337	
1204	31.481	31.022	32.127	15.851	9.4464	6.8183	
1205	31.457	30.998	32.105	15.832	9.4472	6.8323	
1206	31.433	30.974	32.083	15.836	9.466	6.8321	
1207	31.41	30.949	32.06	15.846	9.4633	6.8204	
1208	31.386	30.925	32.038	15.832	9.4402	6.8124	
1209	31.363	30.901	32.016	15.836	9.4279	6.8174	
1210	31.34	30.877	31.994	15.829	9.4198	6.7981	
1211	31.316	30.853	31.972	15.824	9.4014	6.7811	
1212	31.293	30.83	31.95	15.822	9.4159	6.7865	
1213	31.27	30.806	31.928	15.831	9.4125	6.7945	
1214	31.247	30.782	31.906	15.818	9.422	6.771	
1215	31.224	30.758	31.884	15.827	9.4065	6.7776	
1216	31.201	30.735	31.862	15.816	9.3902	6.7962	
1217	31.178	30.711	31.84	15.82	9.3945	6.7799	
1218	31.155	30.687	31.818	15.792	9.3676	6.7812	
1219	31.132	30.664	31.797	15.814	9.3787	6.7488	
1220	31.109	30.641	31.775	15.812	9.3724	6.7566	
1221	31.087	30.617	31.753	15.792	9.3678	6.7577	
1222	31.064	30.594	31.732	15.806	9.4041	6.7482	
1223	31.042	30.571	31.71	15.808	9.3612	6.7497	
1224	31.019	30.547	31.689	15.802	9.3661	6.7322	
1225	30.997	30.524	31.667	15.793	9.3623	6.7376	
1226	30.974	30.501	31.646	15.803	9.3763	6.7294	
1227	30.952	30.478	31.624	15.81	9.3589	6.7325	
1228	30.93	30.455	31.603	15.774	9.3448	6.7237	
1229	30.907	30.432	31.581	15.767	9.3236	6.7278	
1230	30.885	30.409	31.56	15.774	9.3573	6.7086	
1231	30.863	30.386	31.539	15.796	9.3605	6.676	
1232	30.841	30.363	31.518	15.789	9.3331	6.7336	
1233	30.819	30.341	31.497	15.803	9.3612	6.6865	
1234	30.797	30.318	31.475	15.779	9.3636	6.7088	
1235	30.775	30.295	31.454	15.762	9.3504	6.6856	
1236	30.753	30.272	31.433	15.776	9.3508	6.7156	
1237	30.732	30.25	31.412	15.771	9.3581	6.6932	
1238	30.71	30.227	31.391	15.803	9.3178	6.7029	
1239	30.688	30.205	31.37	15.735	9.3726	6.7182	
1240	30.667	30.182	31.349	15.732	9.2717	6.6779	
1241	30.645	30.16	31.329	15.745	9.341	6.6356	
1242	30.624	30.138	31.308	15.735	9.3044	6.6996	
1243	30.602	30.115	31.287	15.764	9.3127	6.761	
1244	30.581	30.093	31.266	15.782	9.3076	6.6586	
1245	30.56	30.071	31.245	15.721	9.362	6.5928	
1246	30.538	30.049	31.225	15.748	9.298	6.6041	
1247	30.517	30.027	31.204	15.731	9.2333	6.6094	
1248	30.496	30.005	31.184	15.743	9.2731	6.5843	
1249	30.475	29.983	31.163	15.775	9.2931	6.6536	
1250	30.454	29.961	31.142	15.753	9.3398	6.5861	
1251	30.433	29.939	31.122	15.739	9.2561	6.6486	
1252	30.412	29.917	31.102	15.709	9.2021	6.5795	
1253	30.391	29.895	31.081	15.708	9.3079	6.5872	
1254	30.37	29.873	31.061	15.716	9.2289	6.5936	
1255	30.349	29.852	31.04	15.74	9.2415	6.623	
1256	30.328	29.83	31.02	15.719	9.2629	6.5966	
1257	30.308	29.808	31	15.717	9.2216	6.5567	
1258	30.287	29.787	30.98	15.725	9.2458	6.548	
1259	30.266	29.765	30.959	15.694	9.2312	6.5771	
1260	30.246	29.743	30.939	15.709	9.2387	6.553	
1261	30.225	29.722	30.919	15.706	9.2178	6.5473	
1262	30.205	29.701	30.899	15.689	9.2162	6.5425	
1263	30.184	29.679	30.879	15.706	9.2186	6.5313	
1264	30.164	29.658	30.859	15.682	9.2026	6.5444	
1265	30.144	29.637	30.839	15.708	9.2245	6.5324	
1266	30.123	29.615	30.819	15.696	9.2306	6.5176	
1267	30.103	29.594	30.799	15.709	9.2023	6.5414	
1268	30.083	29.573	30.779	15.714	9.2095	6.5453	
1269	30.063	29.552	30.759	15.701	9.2186	6.5538	
1270	30.043	29.531	30.74	15.696	9.198	6.5367	
1271	30.023	29.51	30.72	15.683	9.2039	6.5136	
1272	30.003	29.489	30.7	15.688	9.2189	6.5472	
1273	29.983	29.468	30.68	15.705	9.2243	6.5247	
1274	29.963	29.447	30.661	15.701	9.2005	6.5306	
1275	29.943	29.426	30.641	15.686	9.1823	6.4939	
1276	29.924	29.405	30.621	15.699	9.2087	6.5205	
1277	29.904	29.384	30.602	15.663	9.1993	6.5191	
1278	29.884	29.364	30.582	15.665	9.1892	6.5112	
1279	29.864	29.343	30.563	15.681	9.1589	6.4593	
1280	29.845	29.322	30.543	15.675	9.156	6.4798	
1281	29.825	29.302	30.524	15.682	9.1567	6.4748	
1282	29.806	29.281	30.504	15.676	9.169	6.4949	
1283	29.786	29.26	30.485	15.656	9.1537	6.4527	
1284	29.767	29.24	30.466	15.632	9.1916	6.4591	
1285	29.748	29.219	30.446	15.644	9.1608	6.4782	
1286	29.728	29.199	30.427	15.669	9.1557	6.4463	
1287	29.709	29.179	30.408	15.652	9.1412	6.4697	
1288	29.69	29.158	30.389	15.663	9.1606	6.4591	
1289	29.671	29.138	30.369	15.652	9.1422	6.4344	
1290	29.651	29.118	30.35	15.657	9.1551	6.4376	
1291	29.632	29.098	30.331	15.64	9.1345	6.4164	
1292	29.613	29.077	30.312	15.656	9.1345	6.4736	
1293	29.594	29.057	30.293	15.647	9.1239	6.4379	
1294	29.575	29.037	30.274	15.668	9.1578	6.4281	
1295	29.556	29.017	30.255	15.646	9.1369	6.3954	
1296	29.538	28.997	30.236	15.653	9.1292	6.3926	
1297	29.519	28.977	30.217	15.651	9.0942	6.4387	
1298	29.5	28.957	30.198	15.631	9.1357	6.4042	
1299	29.481	28.937	30.179	15.641	9.0837	6.373	
1300	29.463	28.917	30.16	15.624	9.1037	6.3995	
1301	29.444	28.897	30.142	15.641	9.126	6.3705	
1302	29.425	28.878	30.123	15.611	9.0799	6.4187	
1303	29.407	28.858	30.104	15.637	9.1245	6.3851	
1304	29.388	28.838	30.085	15.648	9.1135	6.3952	
1305	29.37	28.818	30.067	15.652	9.0861	6.3467	
1306	29.351	28.799	30.048	15.629	9.1235	6.3831	
1307	29.333	28.779	30.029	15.62	9.108	6.3954	
1308	29.314	28.759	30.011	15.613	9.0891	6.388	
1309	29.296	28.74	29.992	15.62	9.0991	6.3783	
1310	29.278	28.72	29.973	15.612	9.0767	6.3653	
1311	29.26	28.701	29.955	15.62	9.0461	6.3913	
1312	29.241	28.682	29.936	15.608	9.0606	6.3221	
1313	29.223	28.662	29.918	15.613	9.0866	6.3847	
1314	29.205	28.643	29.9	15.607	9.0596	6.3495	
1315	29.187	28.623	29.881	15.602	9.0327	6.3262	
1316	29.169	28.604	29.863	15.629	8.9941	6.3194	
1317	29.151	28.585	29.844	15.605	9.0557	6.3822	
1318	29.133	28.566	29.826	15.589	9.0545	6.3601	
1319	29.115	28.546	29.808	15.631	9.0479	6.354	
1320	29.097	28.527	29.79	15.574	9.0367	6.3584	
1321	29.079	28.508	29.771	15.612	9.0226	6.3347	
1322	29.061	28.489	29.753	15.601	8.9983	6.2378	
1323	29.044	28.47	29.735	15.554	9.0135	6.278	
1324	29.026	28.451	29.717	15.608	9.0519	6.2872	
1325	29.008	28.432	29.699	15.621	8.9865	6.3038	
1326	28.991	28.413	29.681	15.629	8.988	6.2721	
1327	28.973	28.394	29.662	15.6	9.0561	6.2622	
1328	28.956	28.375	29.644	15.561	8.9618	6.3632	
1329	28.938	28.356	29.626	15.563	8.9748	6.2771	
1330	28.92	28.338	29.608	15.621	9.0407	6.2531	
1331	28.903	28.319	29.59	15.566	9.0607	6.3246	
1332	28.886	28.3	29.572	15.561	8.9719	6.418	
1333	28.868	28.281	29.555	15.578	9.0236	6.2824	
1334	28.851	28.263	29.537	15.6	8.9906	6.2743	
1335	28.834	28.244	29.519	15.55	9.0051	6.153	
1336	28.816	28.225	29.501	15.537	9.0374	6.3185	
1337	28.799	28.207	29.483	15.618	8.9803	6.1591	
1338	28.782	28.188	29.465	15.535	9.048	6.2468	
1339	28.765	28.17	29.448	15.561	9.032	6.2708	
1340	28.748	28.151	29.43	15.593	9.0077	6.1586	
1341	28.731	28.133	29.412	15.666	8.8259	6.2786	
1342	28.713	28.115	29.395	15.575	8.9248	6.4947	
1343	28.696	28.096	29.377	15.64	9.0003	6.4568	
1344	28.68	28.078	29.359	15.52	9.0383	6.2736	
1345	28.663	28.059	29.342	15.567	9.1261	6.2256	
1346	28.646	28.041	29.324	15.405	8.8527	6.0078	
1347	28.629	28.023	29.307	15.559	9.1196	5.8337	
1348	28.612	28.005	29.289	15.504	9.1334	6.1728	
1349	28.595	27.987	29.272	15.419	9.278	6.2167	
1350	28.578	27.968	29.254	15.265	9.0644	6.2217	
1351	28.562	27.95	29.237	15.503	8.9301	5.9253	
1352	28.545	27.932	29.219	15.455	8.8241	6.3825	
1353	28.528	27.914	29.202	15.547	8.3823	6.2501	
1354	28.512	27.896	29.185	15.469	9.3073	6.3855	
1355	28.495	27.878	29.167	15.712	8.773	5.6078	
1356	28.479	27.86	29.15	15.648	9.1567	6.0752	
1357	28.462	27.842	29.133	15.444	9.0441	6.2724	
1358	28.446	27.824	29.115	16.248	9.371	6.3795	
1359	28.429	27.806	29.098	16.262	8.6908	6.918	
1426	27.4	26.673	27.996	15.655	9.2987	6.337	
1427	27.386	26.657	27.981	15.544	8.6458	6.0444	
1428	27.371	26.641	27.965	15.394	8.841	5.6434	
1429	27.357	26.625	27.949	15.638	8.6618	5.8162	
1430	27.343	26.61	27.934	15.645	8.8034	5.8313	
1431	27.329	26.594	27.918	15.324	8.9254	6.1083	
1432	27.314	26.578	27.902	15.558	8.5618	5.8907	
1433	27.3	26.562	27.887	15.35	8.5981	5.8503	
1434	27.286	26.546	27.871	15.504	8.9164	6.1849	
1435	27.272	26.53	27.856	15.523	8.856	5.7635	
1436	27.258	26.514	27.84	15.531	8.646	5.9371	
1437	27.244	26.499	27.825	15.437	8.9074	5.8618	
1438	27.23	26.483	27.809	15.329	8.6594	5.9473	
1439	27.216	26.467	27.794	15.448	8.7878	5.9026	
1440	27.202	26.451	27.778	15.332	8.7869	5.8234	
1441	27.188	26.436	27.763	15.418	8.6815	6.0523	
1442	27.174	26.42	27.747	15.471	8.6178	5.804	
1443	27.16	26.405	27.732	15.352	8.745	5.9607	
1444	27.146	26.389	27.717	15.461	8.7728	5.754	
1445	27.132	26.373	27.701	15.33	8.7337	5.8418	
1446	27.118	26.358	27.686	15.463	8.6349	5.8148	
1447	27.104	26.342	27.671	15.435	8.7027	5.7187	
1448	27.09	26.327	27.655	15.418	8.6759	5.8657	
1449	27.077	26.311	27.64	15.369	8.7286	5.8616	
1450	27.063	26.296	27.625	15.389	8.7223	5.7667	
1451	27.049	26.28	27.609	15.439	8.6835	5.8613	
1452	27.036	26.265	27.594	15.461	8.7416	5.9121	
1453	27.022	26.25	27.579	15.432	8.7434	5.9344	
1454	27.008	26.234	27.564	15.347	8.6775	5.7013	
1455	26.995	26.219	27.549	15.416	8.7501	5.778	
1456	26.981	26.204	27.534	15.442	8.7139	5.8162	
1457	26.967	26.188	27.518	15.384	8.5911	5.8161	
1458	26.954	26.173	27.503	15.382	8.7003	5.8269	
1459	26.94	26.158	27.488	15.364	8.5653	5.7475	
1460	26.927	26.142	27.473	15.406	8.6329	5.8577	
1461	26.913	26.127	27.458	15.425	8.6263	5.8131	
1462	26.9	26.112	27.443	15.392	8.6402	5.8205	
1463	26.887	26.097	27.428	15.378	8.6426	5.7707	
1464	26.873	26.082	27.413	15.356	8.6674	5.7556	
1465	26.86	26.067	27.398	15.367	8.7009	5.7782	
1466	26.846	26.052	27.383	15.362	8.5979	5.8152	
1467	26.833	26.037	27.368	15.382	8.6242	5.8072	
1468	26.82	26.021	27.353	15.351	8.6378	5.7845	
1469	26.807	26.006	27.338	15.375	8.6157	5.7777	
1470	26.793	25.991	27.324	15.368	8.6027	5.7829	
1471	26.78	25.976	27.309	15.371	8.6274	5.7814	
1472	26.767	25.961	27.294	15.372	8.6286	5.7604	
1473	26.754	25.947	27.279	15.361	8.64	5.7729	
1474	26.74	25.932	27.264	15.364	8.6233	5.7729	
1475	26.727	25.917	27.249	15.367	8.6216	5.7631	
1476	26.714	25.902	27.235	15.361	8.6167	5.7547	
1477	26.701	25.887	27.22	15.367	8.6407	5.7684	
1478	26.688	25.872	27.205	15.372	8.6251	5.7501	
1479	26.675	25.857	27.19	15.364	8.6199	5.7574	
1480	26.662	25.843	27.176	15.365	8.6238	5.7479	
1481	26.649	25.828	27.161	15.366	8.6113	5.7261	
1482	26.636	25.813	27.146	15.361	8.6283	5.7517	
1483	26.623	25.798	27.132	15.362	8.62	5.7472	
1484	26.61	25.784	27.117	15.378	8.6195	5.7384	
1485	26.597	25.769	27.102	15.355	8.6304	5.737	
1486	26.584	25.754	27.088	15.356	8.5946	5.6973	
1487	26.572	25.74	27.073	15.348	8.6228	5.7008	
1488	26.559	25.725	27.059	15.36	8.6145	5.7232	
1489	26.546	25.71	27.044	15.361	8.6151	5.7038	
1490	26.533	25.696	27.03	15.362	8.5895	5.747	
1491	26.52	25.681	27.015	15.345	8.6053	5.698	
1492	26.508	25.667	27.001	15.351	8.5961	5.7165	
1493	26.495	25.652	26.986	15.341	8.5614	5.7088	
1494	26.482	25.638	26.972	15.341	8.5719	5.697	
1495	26.47	25.623	26.957	15.332	8.5697	5.6877	
1496	26.457	25.609	26.943	15.36	8.6007	5.7053	
1497	26.444	25.594	26.928	15.331	8.5842	5.694	
1498	26.432	25.58	26.914	15.364	8.5808	5.6957	
1499	26.419	25.565	26.9	15.346	8.5729	5.7135	
1500	26.407	25.551	26.885	15.338	8.5688	5.6944	
1501	26.394	25.537	26.871	15.324	8.5615	5.6481	
1502	26.382	25.522	26.856	15.341	8.5663	5.6767	
1503	26.369	25.508	26.842	15.337	8.5858	5.6658	
1504	26.357	25.494	26.828	15.331	8.5525	5.6375	
1505	26.344	25.479	26.814	15.336	8.5556	5.6753	
1506	26.332	25.465	26.799	15.327	8.5511	5.6423	
1507	26.319	25.451	26.785	15.311	8.5398	5.6658	
1508	26.307	25.437	26.771	15.308	8.5416	5.6703	
1509	26.295	25.423	26.757	15.345	8.5427	5.6533	
1510	26.282	25.408	26.742	15.333	8.5601	5.6374	
1511	26.27	25.394	26.728	15.339	8.555	5.6471	
1512	26.258	25.38	26.714	15.33	8.5822	5.6517	
1513	26.245	25.366	26.7	15.364	8.5032	5.6648	
1514	26.233	25.352	26.686	15.322	8.5396	5.6835	
1515	26.221	25.338	26.672	15.295	8.5603	5.6483	
1516	26.209	25.324	26.658	15.318	8.5056	5.6522	
1517	26.196	25.31	26.644	15.315	8.5658	5.6102	
1518	26.184	25.296	26.629	15.295	8.5482	5.6359	
1519	26.172	25.282	26.615	15.297	8.5464	5.6432	
1520	26.16	25.268	26.601	15.291	8.534	5.6375	
1521	26.148	25.254	26.587	15.314	8.4871	5.5673	
1522	26.136	25.24	26.573	15.294	8.5187	5.5965	
1523	26.124	25.226	26.559	15.298	8.5355	5.6022	
1524	26.112	25.212	26.545	15.33	8.5488	5.6586	
1525	26.1	25.198	26.531	15.314	8.5414	5.6269	
1526	26.088	25.184	26.518	15.292	8.5151	5.6013	
1527	26.076	25.17	26.504	15.3	8.528	5.6024	
1528	26.064	25.156	26.49	15.288	8.5465	5.6141	
1529	26.052	25.143	26.476	15.293	8.4942	5.5902	
1530	26.04	25.129	26.462	15.303	8.5058	5.6026	
1531	26.028	25.115	26.448	15.28	8.4914	5.604	
1532	26.016	25.101	26.434	15.308	8.4916	5.603	
1533	26.004	25.088	26.42	15.284	8.4702	5.5967	
1534	25.992	25.074	26.407	15.305	8.4793	5.6376	
1535	25.98	25.06	26.393	15.298	8.4926	5.5712	
1536	25.969	25.046	26.379	15.276	8.4891	5.5791	
1537	25.957	25.033	26.365	15.283	8.4941	5.5846	
1538	25.945	25.019	26.352	15.277	8.5252	5.5789	
1539	25.933	25.006	26.338	15.294	8.4816	5.577	
1540	25.922	24.992	26.324	15.287	8.4628	5.578	
1541	25.91	24.978	26.31	15.275	8.4525	5.5494	
1542	25.898	24.965	26.297	15.281	8.4651	5.5754	
1543	25.887	24.951	26.283	15.279	8.4722	5.544	
1544	25.875	24.938	26.269	15.282	8.4897	5.5788	
1545	25.863	24.924	26.256	15.263	8.493	5.5536	
1546	25.852	24.911	26.242	15.278	8.4662	5.5539	
1547	25.84	24.897	26.229	15.274	8.4734	5.5453	
1548	25.828	24.884	26.215	15.277	8.4642	5.5399	
1549	25.817	24.87	26.201	15.277	8.4838	5.5347	
1550	25.805	24.857	26.188	15.282	8.4621	5.5433	
1551	25.794	24.843	26.174	15.26	8.4848	5.5405	
1552	25.782	24.83	26.161	15.272	8.4641	5.5476	
1553	25.771	24.817	26.147	15.253	8.4528	5.5522	
1554	25.759	24.803	26.134	15.262	8.4672	5.5335	
1555	25.748	24.79	26.12	15.281	8.442	5.52	
1556	25.737	24.777	26.107	15.259	8.4567	5.5561	
1557	25.725	24.763	26.093	15.253	8.4481	5.5181	
1558	25.714	24.75	26.08	15.256	8.4504	5.5207	
1559	25.703	24.737	26.066	15.276	8.4324	5.4932	
1560	25.691	24.723	26.053	15.271	8.4614	5.517	
1561	25.68	24.71	26.04	15.28	8.463	5.5073	
1562	25.669	24.697	26.026	15.286	8.4263	5.5184	
1563	25.657	24.684	26.013	15.246	8.4494	5.5213	
1564	25.646	24.671	25.999	15.253	8.4738	5.4959	
1565	25.635	24.657	25.986	15.26	8.475	5.4892	
1566	25.623	24.644	25.973	15.25	8.4211	5.471	
1567	25.612	24.631	25.959	15.272	8.4036	5.5013	
1568	25.601	24.618	25.946	15.254	8.4459	5.5132	
1569	25.59	24.605	25.933	15.273	8.4673	5.5183	
1570	25.579	24.592	25.92	15.258	8.4541	5.5109	
1571	25.568	24.579	25.906	15.251	8.43	5.5032	
1572	25.557	24.566	25.893	15.247	8.4216	5.516	
1573	25.545	24.553	25.88	15.253	8.4038	5.4898	
1574	25.534	24.54	25.867	15.271	8.4254	5.4739	
1575	25.523	24.527	25.853	15.231	8.4078	5.4942	
1576	25.512	24.514	25.84	15.249	8.3978	5.4296	
1577	25.501	24.501	25.827	15.217	8.3749	5.4756	
1578	25.49	24.488	25.814	15.237	8.4288	5.4607	
1579	25.479	24.475	25.801	15.228	8.4205	5.4795	
1580	25.468	24.462	25.788	15.239	8.3869	5.4487	
1581	25.457	24.449	25.775	15.234	8.4189	5.4105	
1582	25.446	24.436	25.761	15.257	8.4008	5.48	
1583	25.435	24.423	25.748	15.226	8.4345	5.4544	
1584	25.424	24.411	25.735	15.259	8.3606	5.4227	
1585	25.414	24.398	25.722	15.244	8.4289	5.4566	
1586	25.403	24.385	25.709	15.233	8.3734	5.502	
1587	25.392	24.372	25.696	15.238	8.4237	5.4611	
1588	25.381	24.359	25.683	15.245	8.3774	5.3926	
1589	25.37	24.347	25.67	15.215	8.3875	5.4566	
1590	25.359	24.334	25.657	15.228	8.3519	5.4219	
1591	25.349	24.321	25.644	15.219	8.3652	5.442	
1592	25.338	24.308	25.631	15.22	8.4063	5.4059	
1593	25.327	24.296	25.618	15.242	8.3902	5.4055	
1594	25.316	24.283	25.605	15.227	8.3533	5.4718	
1595	25.306	24.27	25.592	15.251	8.3693	5.388	
1596	25.295	24.258	25.58	15.218	8.396	5.4089	
1597	25.284	24.245	25.567	15.224	8.3787	5.4234	
1598	25.274	24.232	25.554	15.233	8.3674	5.3693	
1599	25.263	24.22	25.541	15.229	8.3583	5.4027	
1600	25.252	24.207	25.528	15.215	8.372	5.3582	
1601	25.242	24.195	25.515	15.245	8.3609	5.4297	
1602	25.231	24.182	25.502	15.238	8.3485	5.3855	
1603	25.221	24.17	25.49	15.243	8.3307	5.3756	
1604	25.21	24.157	25.477	15.231	8.3665	5.3766	
1605	25.199	24.145	25.464	15.219	8.355	5.4195	
1606	25.189	24.132	25.451	15.218	8.3515	5.381	
1607	25.178	24.12	25.439	15.236	8.3546	5.3807	
1608	25.168	24.107	25.426	15.198	8.3743	5.3834	
1609	25.157	24.095	25.413	15.209	8.3542	5.3865	
1610	25.147	24.082	25.4	15.217	8.3669	5.3679	
1611	25.137	24.07	25.388	15.223	8.3448	5.3933	
1612	25.126	24.057	25.375	15.243	8.3307	5.3638	
1613	25.116	24.045	25.362	15.178	8.3644	5.3728	
1614	25.105	24.033	25.35	15.202	8.361	5.4227	
1615	25.095	24.02	25.337	15.227	8.3397	5.3958	
1616	25.085	24.008	25.324	15.22	8.3127	5.3666	
1617	25.074	23.996	25.312	15.246	8.3553	5.3936	
1618	25.064	23.983	25.299	15.226	8.3236	5.3726	
1619	25.054	23.971	25.286	15.199	8.3466	5.3731	
1620	25.043	23.959	25.274	15.181	8.3603	5.3781	
1621	25.033	23.947	25.261	15.208	8.3253	5.3494	
1622	25.023	23.934	25.249	15.178	8.3112	5.3902	
1623	25.013	23.922	25.236	15.171	8.3181	5.3343	
1624	25.002	23.91	25.224	15.213	8.3478	5.3601	
1625	24.992	23.898	25.211	15.221	8.3268	5.3138	
1626	24.982	23.885	25.199	15.189	8.3195	5.3457	
1627	24.972	23.873	25.186	15.194	8.2845	5.3273	
1628	24.961	23.861	25.174	15.187	8.3499	5.3401	
1629	24.951	23.849	25.161	15.19	8.342	5.3735	
1630	24.941	23.837	25.149	15.179	8.3391	5.3371	
1631	24.931	23.825	25.136	15.173	8.3154	5.3855	
1632	24.921	23.813	25.124	15.186	8.35	5.3166	
1633	24.911	23.801	25.111	15.203	8.3497	5.3381	
1634	24.901	23.789	25.099	15.171	8.297	5.3258	
1635	24.891	23.776	25.087	15.194	8.3312	5.3287	
1636	24.881	23.764	25.074	15.188	8.3212	5.3036	
1637	24.871	23.752	25.062	15.199	8.3059	5.3668	
1638	24.861	23.74	25.05	15.222	8.2801	5.3259	
1639	24.851	23.728	25.037	15.182	8.3194	5.2974	
1640	24.841	23.716	25.025	15.173	8.2818	5.3281	
1641	24.831	23.704	25.013	15.175	8.354	5.2891	
1642	24.821	23.693	25	15.205	8.2703	5.335	
1643	24.811	23.681	24.988	15.19	8.3112	5.2849	
1644	24.801	23.669	24.976	15.187	8.2906	5.3078	
1645	24.791	23.657	24.964	15.188	8.2927	5.329	
1646	24.781	23.645	24.951	15.208	8.31	5.2496	
1647	24.771	23.633	24.939	15.15	8.3281	5.3322	
1648	24.761	23.621	24.927	15.196	8.214	5.2562	
1649	24.751	23.609	24.915	15.203	8.3041	5.32	
1650	24.742	23.597	24.902	15.183	8.3097	5.3172	
1651	24.732	23.586	24.89	15.183	8.2823	5.2789	
1652	24.722	23.574	24.878	15.167	8.2903	5.2806	
1653	24.712	23.562	24.866	15.222	8.273	5.3132	
1654	24.702	23.55	24.854	15.187	8.2721	5.3	
1655	24.693	23.538	24.842	15.181	8.3124	5.2674	
1656	24.683	23.527	24.829	15.178	8.2858	5.2886	
1657	24.673	23.515	24.817	15.182	8.2736	5.2715	
1658	24.664	23.503	24.805	15.168	8.2909	5.2684	
1659	24.654	23.492	24.793	15.198	8.2389	5.2994	
1660	24.644	23.48	24.781	15.134	8.2013	5.3163	
1661	24.635	23.468	24.769	15.18	8.22	5.277	
1662	24.625	23.457	24.757	15.141	8.2754	5.2561	
1663	24.615	23.445	24.745	15.16	8.3068	5.3083	
1664	24.606	23.433	24.733	15.139	8.2076	5.1903	
1665	24.596	23.422	24.721	15.134	8.2768	5.2901	
1666	24.586	23.41	24.709	15.203	8.2376	5.2267	
1667	24.577	23.398	24.697	15.116	8.178	5.2636	
1668	24.567	23.387	24.685	15.094	8.2587	5.2816	
1669	24.558	23.375	24.673	15.177	8.2221	5.1642	
1670	24.548	23.364	24.661	15.177	8.3188	5.28	
1671	24.539	23.352	24.649	15.144	8.2985	5.1962	
1672	24.529	23.341	24.637	15.205	8.2434	5.1552	
1673	24.52	23.329	24.625	15.194	8.2671	5.2595	
1674	24.51	23.318	24.613	15.196	8.273	5.2443	
1675	24.501	23.306	24.601	15.123	8.1082	5.2754	
1676	24.491	23.295	24.589	15.177	8.2951	5.2414	
1677	24.482	23.283	24.578	15.141	8.2686	5.3115	
1678	24.472	23.272	24.566	15.131	8.1656	5.2901	
1679	24.463	23.26	24.554	15.153	8.2106	5.2576	
1680	24.454	23.249	24.542	15.136	8.2649	5.3272	
1681	24.444	23.238	24.53	15.15	8.3289	5.2473	
1682	24.435	23.226	24.518	15.105	8.2398	5.2015	
1683	24.425	23.215	24.507	15.132	8.2922	5.1972	
1684	24.416	23.203	24.495	15.112	8.2552	5.3479	
1685	24.407	23.192	24.483	15.14	8.0623	5.0309	
1686	24.397	23.181	24.471	15.254	8.287	5.2897	
1687	24.388	23.169	24.459	15.066	8.3556	5.4453	
1688	24.379	23.158	24.448	15.075	8.27	5.2045	
1689	24.37	23.147	24.436	15.151	8.2085	5.0922	
1690	24.36	23.136	24.424	15.044	8.425	5.2279	
1691	24.351	23.124	24.413	15.226	8.1621	5.1941	
1692	24.342	23.113	24.401	15.228	8.4692	5.2754	
1693	24.333	23.102	24.389	14.99	8.3545	5.5722	
1694	24.323	23.091	24.377	14.9	8.082	5.2263	
1695	24.314	23.079	24.366	15.192	8.4939	5.4261	
1696	24.305	23.068	24.354	15.082	8.2301	5.4347	
1697	24.296	23.057	24.342	15.142	8.3357	5.437	
1698	24.287	23.046	24.331	14.719	8.2576	4.9981	
1699	24.278	23.035	24.319	14.916	8.6842	5.3629	
1700	24.268	23.023	24.308	14.932	8.1696	5.1826	
