	65	70	75	65	70	75	
300	36.546	37.288	39.045	37.511	37.209	37.514	
301	36.683	37.562	39.401	37.295	36.907	37.453	
302	36.846	37.86	39.777	37.087	36.772	37.279	
303	37.033	38.181	40.176	37.019	36.553	37.024	
304	37.244	38.528	40.599	36.99	36.489	37.052	
305	37.48	38.9	41.048	36.884	36.423	36.867	
306	37.74	39.299	41.527	36.614	36.185	36.77	
307	38.025	39.725	42.038	36.511	36.277	36.641	
308	38.335	40.181	42.584	36.334	36.128	36.541	
309	38.671	40.668	43.17	36.365	35.959	36.377	
310	39.033	41.188	43.8	36.171	35.873	36.379	
311	39.423	41.744	44.478	36.159	35.715	36.319	
312	39.842	42.339	45.211	36.209	35.719	36.207	
313	40.29	42.976	46.005	35.89	35.526	36.139	
314	40.77	43.659	46.867	35.955	35.547	35.953	
315	41.284	44.391	47.805	35.892	35.364	35.909	
316	41.833	45.177	48.827	35.798	35.418	35.815	
317	42.419	46.021	49.943	35.661	35.298	35.754	
318	43.044	46.929	51.163	35.561	35.153	35.59	
319	43.711	47.905	52.498	35.518	35.053	35.611	
320	44.423	48.955	53.958	35.535	35.035	35.459	
321	45.181	50.083	55.555	35.427	34.977	35.375	
322	45.988	51.296	57.3	35.393	34.901	35.332	
323	46.846	52.597	59.203	35.355	34.78	35.278	
324	47.758	53.99	61.271	35.23	34.786	35.152	
325	48.724	55.477	63.51	35.241	34.578	35.091	
326	49.746	57.06	65.922	35.155	34.568	35.032	
327	50.824	58.736	68.5	35.062	34.546	34.927	
328	51.957	60.499	71.233	35.028	34.498	34.847	
329	53.143	62.338	74.093	34.999	34.432	34.774	
330	54.378	64.233	77.037	35.011	34.459	34.767	
331	55.655	66.16	79.986	34.888	34.365	34.712	
332	56.966	68.077	82.767	34.842	34.23	34.555	
333	58.298	69.931	84.915	34.885	34.182	34.577	
334	59.635	71.649	85.355	34.798	34.161	34.525	
335	60.956	73.135	83.747	34.731	34.097	34.447	
336	62.235	74.282	81.222	34.609	34.041	34.358	
337	63.443	74.979	78.458	34.687	34.006	34.353	
338	64.543	75.151	75.69	34.632	33.962	34.303	
339	65.5	74.787	73.008	34.529	33.832	34.23	
340	66.276	73.948	70.456	34.579	33.724	34.179	
341	66.836	72.736	68.056	34.486	33.766	34.165	
342	67.157	71.265	65.815	34.466	33.725	34.1	
343	67.223	69.636	63.735	34.549	33.733	34.023	
344	67.036	67.927	61.811	34.521	33.702	33.95	
345	66.612	66.195	60.038	34.424	33.661	33.933	
346	65.977	64.48	58.407	34.455	33.622	33.892	
347	65.166	62.81	56.907	34.458	33.593	33.865	
348	64.216	61.201	55.529	34.377	33.616	33.812	
349	63.161	59.666	54.263	34.389	33.625	33.81	
350	62.036	58.209	53.098	34.388	33.625	33.767	
351	60.868	56.832	52.026	34.35	33.524	33.743	
352	59.679	55.536	51.039	34.396	33.574	33.8	
353	58.489	54.317	50.126	34.351	33.52	33.614	
354	57.311	53.173	49.282	34.458	33.583	33.722	
355	56.156	52.1	48.5	34.599	33.444	33.575	
356	55.031	51.092	47.772	34.579	33.535	33.58	
357	53.941	50.146	47.093	34.514	33.694	33.653	
358	52.892	49.258	46.459	34.45	33.599	33.561	
359	51.884	48.423	45.864	34.557	33.626	33.604	
360	50.922	47.637	45.304	34.568	33.602	33.533	
361	50.005	46.898	44.775	34.519	33.534	33.614	
362	49.134	46.201	44.274	34.468	33.471	33.318	
363	48.31	45.545	43.796	34.502	33.373	33.27	
364	47.531	44.924	43.34	34.485	33.406	33.141	
365	46.795	44.336	42.9	34.48	33.239	33.257	
366	46.1	43.776	42.475	34.43	33.18	32.916	
367	45.442	43.242	42.06	34.217	33.026	32.627	
368	44.818	42.728	41.654	34.2	33.006	32.484	
369	44.223	42.232	41.253	34.034	32.568	32.257	
370	43.656	41.752	40.856	33.841	32.395	31.955	
371	43.112	41.285	40.463	33.737	32.227	31.762	
372	42.59	40.829	40.072	33.555	32.089	31.437	
373	42.086	40.384	39.683	33.39	31.779	31.262	
374	41.6	39.946	39.295	33.076	31.523	30.992	
375	41.128	39.517	38.908	32.972	31.289	30.557	
376	40.671	39.095	38.522	32.744	31.026	30.281	
377	40.226	38.679	38.136	32.512	30.758	29.935	
378	39.794	38.27	37.752	32.361	30.452	29.755	
379	39.374	37.868	37.368	32.152	30.302	29.525	
380	38.964	37.47	36.986	31.847	30.094	29.22	
381	38.564	37.078	36.603	31.78	29.805	28.874	
382	38.174	36.69	36.221	31.618	29.702	28.718	
383	37.791	36.306	35.838	31.407	29.37	28.494	
384	37.418	35.927	35.455	31.178	29.194	28.195	
385	37.052	35.552	35.074	31.074	29.021	28.069	
386	36.696	35.183	34.693	30.864	28.789	27.848	
387	36.346	34.817	34.312	30.652	28.633	27.637	
388	36.004	34.455	33.931	30.583	28.41	27.476	
389	35.669	34.096	33.55	30.461	28.307	27.256	
390	35.341	33.741	33.169	30.26	28.108	27.05	
391	35.02	33.391	32.789	30.191	27.915	26.895	
392	34.706	33.045	32.41	29.981	27.735	26.665	
393	34.399	32.702	32.031	29.878	27.587	26.582	
394	34.098	32.363	31.652	29.682	27.397	26.4	
395	33.802	32.027	31.272	29.63	27.355	26.298	
396	33.513	31.695	30.894	29.422	27.142	26.077	
397	33.231	31.367	30.515	29.335	27.036	25.925	
398	32.954	31.042	30.136	29.275	26.882	25.776	
399	32.681	30.719	29.757	29.093	26.69	25.637	
400	32.414	30.399	29.376	29.072	26.6	25.423	
401	32.153	30.083	28.996	28.922	26.451	25.337	
402	31.896	29.769	28.614	28.768	26.379	25.181	
403	31.643	29.457	28.231	28.682	26.196	25.041	
404	31.395	29.146	27.847	28.573	26.143	24.894	
405	31.151	28.839	27.461	28.511	25.929	24.83	
406	30.911	28.533	27.074	28.418	25.831	24.647	
407	30.674	28.229	26.685	28.306	25.691	24.585	
408	30.441	27.927	26.294	28.204	25.67	24.441	
409	30.212	27.626	25.902	28.091	25.533	24.21	
410	29.986	27.327	25.508	28.031	25.423	24.179	
411	29.763	27.029	25.111	27.868	25.362	24.088	
412	29.543	26.733	24.713	27.819	25.199	23.977	
413	29.326	26.438	24.313	27.751	25.068	23.815	
414	29.113	26.145	23.912	27.647	25.046	23.779	
415	28.901	25.853	23.508	27.567	24.906	23.666	
416	28.693	25.562	23.102	27.436	24.81	23.564	
417	28.488	25.274	22.695	27.395	24.667	23.442	
418	28.285	24.987	22.287	27.242	24.576	23.314	
419	28.085	24.701	21.876	27.24	24.539	23.278	
420	27.888	24.417	21.465	27.177	24.391	23.051	
421	27.693	24.135	21.052	26.993	24.277	23.05	
422	27.501	23.854	20.638	27.016	24.164	22.99	
423	27.312	23.576	20.223	26.934	24.088	22.879	
424	27.125	23.3	19.808	26.867	24.049	22.714	
425	26.941	23.025	19.391	26.755	23.89	22.644	
426	26.759	22.753	18.974	26.651	23.86	22.58	
427	26.58	22.483	18.557	26.553	23.755	22.538	
428	26.403	22.215	18.14	26.479	23.663	22.372	
429	26.229	21.95	17.722	26.519	23.569	22.282	
430	26.058	21.687	17.305	26.369	23.426	22.284	
431	25.889	21.427	16.888	26.264	23.503	22.162	
432	25.722	21.17	16.472	26.276	23.311	21.984	
433	25.558	20.916	16.057	26.141	23.339	21.941	
434	25.397	20.665	15.642	26.086	23.175	21.795	
435	25.238	20.416	15.229	26.006	23.033	21.804	
436	25.082	20.171	14.819	25.973	22.899	21.543	
437	24.929	19.93	14.409	25.893	22.922	21.617	
438	24.777	19.692	14.002	25.872	22.893	21.469	
439	24.629	19.457	13.598	25.71	22.818	21.435	
440	24.483	19.226	13.196	25.695	22.639	21.343	
441	24.34	19	12.798	25.63	22.648	21.261	
442	24.2	18.777	12.403	25.588	22.648	21.104	
443	24.061	18.558	12.012	25.507	22.442	21.184	
444	23.926	18.344	11.626	25.556	22.424	20.985	
445	23.794	18.134	11.245	25.392	22.277	20.91	
446	23.663	17.928	10.87	25.234	22.293	20.863	
447	23.536	17.727	10.5	25.292	22.112	20.749	
448	23.411	17.531	10.138	25.195	22.141	20.723	
449	23.289	17.34	9.7823	25.183	22.026	20.627	
450	23.17	17.154	9.4353	25.118	21.916	20.654	
451	23.053	16.972	9.0968	25.118	21.857	20.554	
452	22.939	16.797	8.7688	25.026	21.784	20.444	
453	22.828	16.626	8.4513	24.922	21.755	20.443	
454	22.719	16.461	8.1456	24.835	21.684	20.273	
455	22.614	16.302	7.8533	24.769	21.671	20.279	
456	22.51	16.148	7.5748	24.72	21.58	20.095	
457	22.41	16	7.3125	24.709	21.546	20.092	
458	22.312	15.858	7.067	24.66	21.441	20.062	
459	22.217	15.722	6.84	24.663	21.481	19.975	
460	22.125	15.592	6.6332	24.545	21.331	19.906	
461	22.035	15.468	6.4475	24.62	21.233	19.818	
462	21.948	15.351	6.2855	24.431	21.183	19.772	
463	21.863	15.239	6.1473	24.46	21.21	19.722	
464	21.782	15.134	6.0348	24.327	21.031	19.609	
465	21.703	15.036	5.9487	24.36	21.017	19.608	
466	21.626	14.943	5.8893	24.267	20.954	19.454	
467	21.553	14.857	5.8576	24.206	20.854	19.484	
468	21.481	14.777	5.8526	24.17	20.799	19.396	
469	21.413	14.704	5.8746	24.092	20.77	19.34	
470	21.347	14.638	5.922	24.061	20.699	19.193	
471	21.284	14.577	5.9941	24.012	20.652	19.217	
472	21.224	14.523	6.0891	23.934	20.679	19.142	
473	21.166	14.475	6.2054	23.947	20.517	19.035	
474	21.11	14.434	6.3416	23.908	20.509	19.076	
475	21.057	14.398	6.4953	23.846	20.472	18.955	
476	21.007	14.37	6.6655	23.824	20.439	18.928	
477	20.959	14.346	6.8496	23.74	20.279	18.806	
478	20.914	14.33	7.0468	23.684	20.28	18.775	
479	20.871	14.318	7.2548	23.667	20.197	18.72	
480	20.83	14.313	7.4728	23.599	20.142	18.638	
481	20.792	14.313	7.699	23.572	20.093	18.615	
482	20.757	14.319	7.9326	23.495	20.1	18.561	
483	20.724	14.331	8.1724	23.543	20.037	18.524	
484	20.693	14.348	8.4174	23.447	19.952	18.437	
485	20.664	14.37	8.6669	23.405	19.904	18.479	
486	20.638	14.397	8.92	23.388	19.787	18.36	
487	20.614	14.429	9.1761	23.308	19.783	18.254	
488	20.592	14.465	9.4345	23.318	19.714	18.213	
489	20.573	14.507	9.695	23.228	19.691	18.178	
490	20.556	14.553	9.9566	23.239	19.606	18.185	
491	20.541	14.603	10.219	23.162	19.598	18.078	
492	20.527	14.658	10.483	23.125	19.513	18.036	
493	20.517	14.717	10.746	23.098	19.505	17.975	
494	20.508	14.779	11.01	23.049	19.475	17.976	
495	20.501	14.846	11.273	23.039	19.452	17.877	
496	20.496	14.915	11.536	22.991	19.38	17.876	
497	20.494	14.989	11.798	22.952	19.303	17.874	
498	20.493	15.065	12.059	22.922	19.281	17.787	
499	20.494	15.146	12.319	22.888	19.204	17.73	
500	20.497	15.228	12.578	22.873	19.164	17.653	
501	20.502	15.314	12.836	22.799	19.155	17.607	
502	20.509	15.403	13.092	22.748	19.072	17.553	
503	20.518	15.494	13.347	22.745	19.08	17.515	
504	20.528	15.588	13.6	22.67	18.989	17.461	
505	20.54	15.684	13.851	22.66	18.966	17.426	
506	20.554	15.783	14.101	22.59	18.9	17.357	
507	20.569	15.884	14.349	22.573	18.858	17.36	
508	20.586	15.986	14.595	22.544	18.831	17.264	
509	20.605	16.091	14.839	22.54	18.784	17.234	
510	20.625	16.197	15.081	22.464	18.744	17.185	
511	20.647	16.305	15.321	22.441	18.672	17.172	
512	20.67	16.415	15.56	22.411	18.653	17.095	
513	20.695	16.526	15.796	22.38	18.604	17.039	
514	20.722	16.638	16.03	22.329	18.581	17.008	
515	20.749	16.752	16.262	22.323	18.521	16.956	
516	20.778	16.867	16.492	22.272	18.488	16.925	
517	20.809	16.984	16.72	22.233	18.453	16.889	
518	20.841	17.101	16.946	22.213	18.429	16.8	
519	20.874	17.219	17.17	22.156	18.383	16.8	
520	20.908	17.339	17.392	22.155	18.329	16.783	
521	20.944	17.458	17.612	22.107	18.281	16.705	
522	20.98	17.579	17.829	22.082	18.236	16.682	
523	21.018	17.701	18.045	22.044	18.197	16.633	
524	21.058	17.823	18.259	22.008	18.175	16.576	
525	21.098	17.946	18.471	21.973	18.11	16.541	
526	21.139	18.069	18.68	21.948	18.101	16.479	
527	21.182	18.193	18.888	21.919	18.041	16.467	
528	21.225	18.317	19.094	21.871	18.015	16.444	
529	21.27	18.442	19.297	21.848	17.935	16.346	
530	21.315	18.566	19.499	21.807	17.963	16.332	
531	21.362	18.692	19.699	21.787	17.894	16.282	
532	21.41	18.817	19.897	21.792	17.872	16.249	
533	21.458	18.943	20.093	21.715	17.836	16.21	
534	21.508	19.069	20.287	21.688	17.765	16.173	
535	21.558	19.195	20.48	21.675	17.736	16.118	
536	21.609	19.321	20.67	21.642	17.728	16.071	
537	21.661	19.447	20.859	21.635	17.67	16.051	
538	21.714	19.573	21.046	21.595	17.649	16.008	
539	21.767	19.699	21.231	21.569	17.626	15.99	
540	21.822	19.825	21.414	21.55	17.587	15.938	
541	21.877	19.951	21.596	21.51	17.537	15.923	
542	21.933	20.077	21.776	21.482	17.509	15.858	
543	21.99	20.203	21.954	21.476	17.461	15.814	
544	22.047	20.329	22.131	21.431	17.422	15.773	
545	22.105	20.455	22.306	21.41	17.437	15.761	
546	22.164	20.58	22.48	21.352	17.352	15.71	
547	22.223	20.706	22.652	21.367	17.317	15.707	
548	22.283	20.831	22.822	21.329	17.285	15.648	
549	22.344	20.956	22.991	21.326	17.238	15.622	
550	22.405	21.081	23.158	21.261	17.228	15.591	
551	22.467	21.206	23.324	21.239	17.193	15.54	
552	22.53	21.33	23.488	21.241	17.157	15.508	
553	22.593	21.455	23.651	21.207	17.129	15.477	
554	22.656	21.578	23.812	21.168	17.077	15.44	
555	22.72	21.702	23.972	21.16	17.056	15.395	
556	22.785	21.826	24.131	21.131	17.016	15.362	
557	22.85	21.949	24.288	21.103	16.947	15.317	
558	22.916	22.072	24.445	21.084	16.962	15.3	
559	22.982	22.194	24.599	21.046	16.928	15.278	
560	23.049	22.317	24.753	21.019	16.886	15.228	
561	23.116	22.439	24.905	21.007	16.84	15.186	
562	23.184	22.561	25.056	21	16.812	15.184	
563	23.252	22.682	25.205	20.961	16.801	15.133	
564	23.32	22.803	25.354	20.944	16.75	15.126	
565	23.389	22.924	25.501	20.9	16.721	15.064	
566	23.458	23.045	25.648	20.879	16.684	15.074	
567	23.528	23.165	25.793	20.845	16.66	15.01	
568	23.598	23.285	25.937	20.818	16.626	14.969	
569	23.669	23.405	26.08	20.805	16.591	14.939	
570	23.74	23.524	26.221	20.791	16.566	14.891	
571	23.811	23.643	26.362	20.756	16.54	14.877	
572	23.883	23.762	26.502	20.734	16.528	14.866	
573	23.955	23.88	26.641	20.719	16.489	14.815	
574	24.028	23.998	26.778	20.685	16.473	14.755	
575	24.101	24.116	26.915	20.662	16.434	14.74	
576	24.174	24.234	27.051	20.631	16.404	14.719	
577	24.247	24.351	27.186	20.644	16.385	14.694	
578	24.321	24.468	27.32	20.618	16.331	14.681	
579	24.396	24.585	27.453	20.576	16.316	14.62	
580	24.47	24.702	27.586	20.577	16.277	14.621	
581	24.545	24.818	27.717	20.535	16.251	14.584	
582	24.62	24.934	27.848	20.524	16.22	14.522	
583	24.696	25.049	27.978	20.504	16.18	14.507	
584	24.772	25.165	28.107	20.492	16.17	14.517	
585	24.848	25.28	28.235	20.442	16.155	14.449	
586	24.924	25.395	28.363	20.431	16.123	14.417	
587	25.001	25.51	28.489	20.436	16.098	14.362	
588	25.078	25.624	28.615	20.408	16.07	14.357	
589	25.156	25.738	28.741	20.364	16.041	14.332	
590	25.233	25.852	28.866	20.345	16.005	14.287	
591	25.311	25.966	28.99	20.333	15.99	14.25	
592	25.39	26.079	29.113	20.31	15.918	14.221	
593	25.468	26.193	29.236	20.296	15.969	14.198	
594	25.547	26.306	29.358	20.283	15.892	14.209	
595	25.626	26.419	29.48	20.24	15.88	14.155	
596	25.705	26.531	29.601	20.22	15.879	14.124	
597	25.785	26.644	29.721	20.21	15.839	14.089	
598	25.865	26.756	29.841	20.202	15.8	14.07	
599	25.946	26.869	29.96	20.184	15.748	14.033	
600	26.026	26.981	30.079	20.146	15.774	14.024	
601	26.107	27.093	30.197	20.111	15.734	13.982	
602	26.188	27.204	30.315	20.089	15.676	13.946	
603	26.27	27.316	30.433	20.073	15.681	13.918	
604	26.351	27.427	30.55	20.062	15.645	13.915	
605	26.433	27.539	30.666	20.041	15.608	13.859	
606	26.516	27.65	30.782	20.03	15.616	13.815	
607	26.598	27.761	30.898	19.998	15.592	13.779	
608	26.681	27.872	31.013	20.014	15.535	13.804	
609	26.765	27.983	31.128	19.982	15.547	13.748	
610	26.848	28.094	31.243	19.959	15.505	13.733	
611	26.932	28.205	31.357	19.939	15.468	13.708	
612	27.016	28.315	31.471	19.937	15.48	13.705	
613	27.1	28.426	31.584	19.905	15.44	13.625	
614	27.185	28.537	31.698	19.873	15.416	13.633	
615	27.27	28.647	31.811	19.872	15.373	13.599	
616	27.355	28.758	31.923	19.848	15.366	13.567	
617	27.441	28.868	32.036	19.833	15.339	13.548	
618	27.526	28.979	32.148	19.81	15.324	13.544	
619	27.613	29.089	32.26	19.793	15.289	13.484	
620	27.699	29.199	32.371	19.769	15.26	13.464	
621	27.786	29.31	32.483	19.744	15.245	13.463	
622	27.873	29.42	32.594	19.758	15.223	13.435	
623	27.96	29.531	32.705	19.727	15.19	13.375	
624	28.048	29.641	32.816	19.705	15.17	13.372	
625	28.136	29.752	32.927	19.678	15.168	13.392	
626	28.225	29.862	33.038	19.681	15.12	13.311	
627	28.313	29.973	33.148	19.667	15.098	13.304	
628	28.402	30.084	33.259	19.638	15.06	13.283	
629	28.492	30.194	33.369	19.635	15.075	13.294	
630	28.581	30.305	33.479	19.57	15.013	13.233	
631	28.671	30.416	33.589	19.565	15.066	13.236	
632	28.762	30.527	33.699	19.575	15.011	13.141	
633	28.852	30.638	33.809	19.564	14.965	13.12	
634	28.944	30.749	33.919	19.51	14.954	13.069	
635	29.035	30.861	34.029	19.493	14.942	13.106	
636	29.127	30.972	34.139	19.49	14.951	13.106	
637	29.219	31.084	34.249	19.498	14.872	13.056	
638	29.311	31.195	34.358	19.454	14.846	13.046	
639	29.404	31.307	34.468	19.459	14.818	13.027	
640	29.498	31.419	34.578	19.425	14.799	13.018	
641	29.591	31.532	34.688	19.452	14.778	12.939	
642	29.685	31.644	34.798	19.402	14.772	12.986	
643	29.78	31.757	34.908	19.387	14.721	12.945	
644	29.874	31.869	35.018	19.404	14.727	12.899	
645	29.97	31.982	35.128	19.385	14.71	12.869	
646	30.065	32.096	35.238	19.341	14.67	12.857	
647	30.161	32.209	35.349	19.34	14.697	12.832	
648	30.258	32.323	35.459	19.298	14.644	12.833	
649	30.354	32.437	35.57	19.29	14.633	12.793	
650	30.452	32.551	35.68	19.268	14.571	12.757	
651	30.549	32.665	35.791	19.249	14.593	12.771	
652	30.647	32.78	35.902	19.245	14.544	12.718	
653	30.746	32.895	36.013	19.224	14.556	12.69	
654	30.845	33.01	36.125	19.213	14.505	12.636	
655	30.944	33.126	36.236	19.188	14.528	12.643	
656	31.044	33.241	36.348	19.173	14.551	12.655	
657	31.144	33.358	36.46	19.182	14.495	12.58	
658	31.245	33.474	36.572	19.145	14.451	12.585	
659	31.346	33.591	36.684	19.135	14.393	12.576	
660	31.448	33.708	36.797	19.131	14.406	12.557	
661	31.55	33.825	36.91	19.149	14.366	12.521	
662	31.653	33.943	37.023	19.141	14.38	12.487	
663	31.756	34.061	37.136	19.085	14.354	12.478	
664	31.859	34.18	37.25	19.067	14.358	12.46	
665	31.963	34.299	37.364	19.05	14.329	12.422	
666	32.068	34.418	37.478	19.037	14.283	12.4	
667	32.173	34.538	37.593	19.049	14.264	12.403	
668	32.279	34.658	37.708	19.03	14.28	12.379	
669	32.385	34.778	37.823	19.015	14.24	12.357	
670	32.491	34.899	37.938	18.996	14.227	12.341	
671	32.599	35.021	38.054	18.983	14.189	12.272	
672	32.706	35.143	38.17	18.968	14.151	12.307	
673	32.814	35.265	38.287	18.924	14.153	12.286	
674	32.923	35.388	38.404	18.939	14.161	12.278	
675	33.033	35.511	38.521	18.916	14.153	12.296	
676	33.142	35.634	38.639	18.918	14.072	12.203	
677	33.253	35.758	38.757	18.905	14.111	12.199	
678	33.364	35.883	38.876	18.877	14.073	12.219	
679	33.476	36.008	38.994	18.874	14.028	12.143	
680	33.588	36.134	39.114	18.865	14.013	12.153	
681	33.7	36.26	39.234	18.846	13.999	12.088	
682	33.814	36.387	39.354	18.845	14.005	12.109	
683	33.928	36.514	39.475	18.808	13.954	12.072	
684	34.042	36.642	39.596	18.784	13.945	12.093	
685	34.157	36.77	39.717	18.793	13.961	12.052	
686	34.273	36.899	39.839	18.775	13.924	12.002	
687	34.39	37.028	39.962	18.777	13.89	11.991	
688	34.507	37.158	40.085	18.772	13.868	11.962	
689	34.624	37.289	40.209	18.761	13.903	11.957	
690	34.743	37.42	40.333	18.716	13.875	11.965	
691	34.862	37.552	40.457	18.724	13.843	11.91	
692	34.981	37.684	40.583	18.709	13.782	11.94	
693	35.102	37.817	40.708	18.696	13.781	11.891	
694	35.223	37.951	40.834	18.682	13.775	11.898	
695	35.344	38.085	40.961	18.653	13.738	11.859	
696	35.466	38.22	41.089	18.654	13.704	11.854	
697	35.589	38.356	41.216	18.647	13.742	11.818	
698	35.713	38.492	41.345	18.656	13.697	11.76	
699	35.838	38.629	41.474	18.615	13.678	11.745	
700	35.963	38.766	41.604	18.603	13.714	11.763	
701	36.089	38.904	41.734	18.616	13.601	11.754	
702	36.215	39.043	41.865	18.605	13.677	11.742	
703	36.342	39.183	41.996	18.55	13.664	11.695	
704	36.47	39.323	42.128	18.548	13.616	11.689	
705	36.599	39.465	42.261	18.593	13.586	11.663	
706	36.729	39.606	42.394	18.539	13.595	11.627	
707	36.859	39.749	42.528	18.519	13.587	11.625	
708	36.99	39.892	42.663	18.499	13.513	11.634	
709	37.122	40.036	42.798	18.52	13.555	11.58	
710	37.254	40.181	42.934	18.509	13.487	11.628	
711	37.388	40.327	43.071	18.491	13.491	11.511	
712	37.522	40.473	43.208	18.46	13.43	11.505	
713	37.657	40.62	43.346	18.443	13.501	11.532	
714	37.793	40.768	43.484	18.434	13.419	11.487	
715	37.929	40.917	43.624	18.397	13.433	11.469	
716	38.066	41.066	43.764	18.418	13.356	11.374	
717	38.205	41.217	43.904	18.408	13.398	11.468	
718	38.344	41.368	44.046	18.389	13.347	11.371	
719	38.484	41.52	44.188	18.416	13.365	11.461	
720	38.624	41.673	44.331	18.332	13.336	11.414	
721	38.766	41.826	44.474	18.377	13.311	11.389	
722	38.908	41.981	44.619	18.373	13.341	11.365	
723	39.052	42.136	44.764	18.316	13.339	11.362	
724	39.196	42.293	44.909	18.348	13.267	11.357	
725	39.341	42.45	45.056	18.293	13.366	11.278	
726	39.487	42.608	45.203	18.343	13.2	11.279	
727	39.634	42.767	45.351	18.3	13.25	11.255	
728	39.781	42.926	45.5	18.318	13.194	11.255	
729	39.93	43.087	45.649	18.272	13.178	11.254	
730	40.079	43.249	45.799	18.26	13.183	11.173	
731	40.23	43.411	45.95	18.22	13.167	11.208	
732	40.381	43.575	46.102	18.247	13.116	11.197	
733	40.534	43.739	46.255	18.236	13.152	11.165	
734	40.687	43.904	46.408	18.263	13.117	11.143	
735	40.841	44.071	46.562	18.212	13.131	11.119	
736	40.996	44.238	46.717	18.211	13.114	11.12	
737	41.153	44.406	46.872	18.221	13.084	11.153	
738	41.31	44.575	47.029	18.175	13.091	11.076	
739	41.468	44.745	47.186	18.168	13.067	11.094	
740	41.627	44.916	47.344	18.198	13.06	11.074	
741	41.787	45.088	47.503	18.146	13.012	11.072	
742	41.948	45.261	47.662	18.159	13.021	11.016	
743	42.11	45.435	47.822	18.16	13.027	10.987	
744	42.273	45.611	47.983	18.128	13	11.023	
745	42.437	45.787	48.145	18.098	13.023	11.013	
746	42.602	45.964	48.308	18.113	12.97	10.981	
747	42.768	46.142	48.471	18.112	13.001	10.944	
748	42.936	46.321	48.635	18.09	12.967	10.93	
749	43.104	46.501	48.8	18.087	12.928	10.902	
750	43.273	46.682	48.966	18.026	12.909	10.938	
751	43.443	46.864	49.133	18.064	12.892	10.873	
752	43.615	47.047	49.3	18.016	12.923	10.846	
753	43.787	47.232	49.468	18.042	12.881	10.845	
754	43.961	47.417	49.637	18.033	12.862	10.87	
755	44.135	47.603	49.807	17.998	12.896	10.794	
756	44.311	47.791	49.977	18.017	12.83	10.84	
757	44.488	47.979	50.148	18.016	12.778	10.837	
758	44.666	48.169	50.32	17.993	12.814	10.794	
759	44.845	48.359	50.493	17.991	12.817	10.766	
760	45.025	48.551	50.666	17.965	12.743	10.723	
761	45.206	48.744	50.84	17.94	12.757	10.727	
762	45.388	48.937	51.015	17.968	12.744	10.685	
763	45.572	49.132	51.19	17.942	12.757	10.67	
764	45.756	49.328	51.367	17.942	12.75	10.703	
765	45.942	49.525	51.544	17.928	12.723	10.649	
766	46.129	49.723	51.721	17.945	12.732	10.659	
767	46.317	49.923	51.9	17.932	12.689	10.658	
768	46.506	50.123	52.079	17.898	12.676	10.604	
769	46.696	50.324	52.259	17.901	12.684	10.63	
770	46.888	50.527	52.439	17.88	12.632	10.573	
771	47.08	50.73	52.62	17.839	12.621	10.567	
772	47.274	50.935	52.802	17.837	12.664	10.567	
773	47.469	51.141	52.985	17.851	12.613	10.567	
774	47.665	51.348	53.168	17.831	12.605	10.51	
775	47.862	51.555	53.351	17.81	12.584	10.517	
776	48.061	51.764	53.536	17.872	12.563	10.49	
777	48.261	51.975	53.721	17.813	12.541	10.499	
778	48.462	52.186	53.906	17.814	12.507	10.516	
779	48.664	52.398	54.092	17.771	12.515	10.473	
780	48.867	52.611	54.279	17.769	12.529	10.484	
781	49.071	52.826	54.466	17.816	12.552	10.405	
782	49.277	53.041	54.653	17.788	12.453	10.414	
783	49.484	53.258	54.842	17.766	12.44	10.413	
784	49.692	53.475	55.03	17.747	12.468	10.369	
785	49.902	53.694	55.219	17.727	12.424	10.347	
786	50.112	53.914	55.409	17.72	12.435	10.349	
787	50.324	54.135	55.599	17.725	12.412	10.345	
788	50.537	54.357	55.789	17.722	12.394	10.324	
789	50.751	54.58	55.98	17.703	12.376	10.317	
790	50.967	54.804	56.171	17.705	12.403	10.277	
791	51.184	55.029	56.363	17.675	12.368	10.278	
792	51.401	55.255	56.555	17.689	12.361	10.267	
793	51.621	55.482	56.747	17.679	12.381	10.266	
794	51.841	55.71	56.94	17.66	12.327	10.239	
795	52.063	55.939	57.132	17.659	12.309	10.224	
796	52.286	56.169	57.325	17.662	12.313	10.213	
797	52.51	56.4	57.519	17.654	12.325	10.176	
798	52.735	56.633	57.712	17.666	12.323	10.181	
799	52.962	56.866	57.906	17.647	12.261	10.206	
800	53.19	57.1	58.099	17.62	12.266	10.135	
801	53.419	57.335	58.293	17.605	12.279	10.152	
802	53.649	57.571	58.487	17.648	12.257	10.122	
803	53.881	57.808	58.681	17.585	12.228	10.092	
804	54.114	58.046	58.875	17.575	12.219	10.133	
805	54.348	58.284	59.069	17.566	12.198	10.093	
806	54.583	58.524	59.263	17.583	12.17	10.084	
807	54.82	58.765	59.457	17.566	12.126	10.115	
808	55.058	59.006	59.65	17.569	12.174	10.024	
809	55.297	59.248	59.844	17.516	12.099	10.047	
810	55.537	59.491	60.037	17.556	12.165	10.014	
811	55.778	59.735	60.23	17.537	12.131	9.9973	
812	56.021	59.98	60.423	17.532	12.176	10.005	
813	56.265	60.226	60.616	17.542	12.077	9.9926	
814	56.51	60.472	60.808	17.52	12.11	10.013	
815	56.757	60.719	61	17.499	12.091	9.9656	
816	57.004	60.967	61.191	17.51	12.082	9.9131	
817	57.253	61.216	61.382	17.487	12.062	9.9298	
818	57.503	61.465	61.573	17.492	12.059	9.9034	
819	57.754	61.715	61.763	17.483	12.042	9.9129	
820	58.007	61.966	61.952	17.46	12.018	9.8719	
821	58.26	62.217	62.141	17.453	12.005	9.8656	
822	58.515	62.469	62.329	17.45	12.012	9.8616	
823	58.771	62.722	62.516	17.451	12.006	9.8525	
824	59.028	62.975	62.702	17.443	12.007	9.8497	
825	59.287	63.229	62.888	17.437	11.988	9.8449	
826	59.546	63.483	63.073	17.433	11.98	9.8362	
827	59.807	63.737	63.257	17.43	11.974	9.8144	
828	60.069	63.993	63.439	17.419	11.964	9.8087	
829	60.332	64.248	63.621	17.407	11.95	9.7941	
830	60.596	64.504	63.802	17.407	11.946	9.8031	
831	60.861	64.76	63.982	17.4	11.919	9.7859	
832	61.127	65.017	64.16	17.384	11.91	9.7662	
833	61.395	65.274	64.337	17.379	11.905	9.7353	
834	61.663	65.531	64.513	17.367	11.897	9.7158	
835	61.933	65.789	64.688	17.36	11.889	9.7177	
836	62.203	66.047	64.861	17.358	11.888	9.6974	
837	62.475	66.305	65.032	17.35	11.861	9.7024	
838	62.748	66.563	65.202	17.356	11.846	9.6741	
839	63.022	66.821	65.371	17.339	11.835	9.6728	
840	63.297	67.079	65.537	17.323	11.851	9.6213	
841	63.573	67.337	65.702	17.338	11.799	9.6059	
842	63.85	67.595	65.866	17.35	11.812	9.6524	
843	64.128	67.853	66.027	17.333	11.79	9.6237	
844	64.407	68.111	66.187	17.328	11.8	9.6135	
845	64.687	68.369	66.344	17.337	11.83	9.5864	
846	64.968	68.626	66.5	17.25	11.762	9.5728	
847	65.25	68.883	66.653	17.316	11.671	9.6306	
848	65.533	69.14	66.804	17.299	11.801	9.6341	
849	65.816	69.396	66.953	17.296	11.713	9.5251	
850	66.101	69.652	67.1	17.278	11.74	9.5683	
851	66.387	69.908	67.244	17.254	11.712	9.5872	
852	66.673	70.163	67.386	17.249	11.723	9.4661	
853	66.961	70.417	67.526	17.279	11.658	9.4759	
854	67.249	70.671	67.662	17.228	11.704	9.4325	
855	67.538	70.923	67.797	17.23	11.626	9.478	
856	67.828	71.175	67.928	17.202	11.678	9.4881	
857	68.119	71.426	68.057	17.234	11.659	9.4508	
858	68.41	71.676	68.183	17.248	11.682	9.4151	
859	68.702	71.925	68.306	17.26	11.629	9.461	
860	68.996	72.173	68.427	17.206	11.667	9.4684	
861	69.289	72.419	68.544	17.177	11.615	9.3825	
862	69.584	72.664	68.658	17.215	11.595	9.3837	
863	69.879	72.908	68.769	17.205	11.644	9.3907	
864	70.175	73.15	68.877	17.208	11.589	9.387	
865	70.472	73.391	68.982	17.157	11.577	9.3165	
866	70.769	73.629	69.084	17.167	11.563	9.3468	
867	71.067	73.866	69.182	17.147	11.513	9.3459	
868	71.366	74.101	69.277	17.118	11.543	9.3501	
869	71.665	74.334	69.368	17.15	11.508	9.2901	
870	71.965	74.565	69.456	17.159	11.516	9.3057	
871	72.265	74.793	69.541	17.146	11.508	9.2767	
872	72.566	75.019	69.622	17.131	11.512	9.3136	
873	72.867	75.242	69.699	17.157	11.469	9.267	
874	73.169	75.463	69.773	17.129	11.488	9.2504	
875	73.472	75.68	69.843	17.111	11.474	9.2559	
876	73.774	75.895	69.91	17.115	11.465	9.2204	
877	74.078	76.106	69.973	17.112	11.46	9.2537	
878	74.381	76.314	70.032	17.083	11.444	9.2191	
879	74.686	76.519	70.087	17.079	11.432	9.1998	
880	74.99	76.719	70.139	17.071	11.421	9.1926	
881	75.295	76.916	70.186	17.069	11.417	9.1849	
882	75.6	77.109	70.23	17.067	11.412	9.1889	
883	75.906	77.297	70.271	17.063	11.408	9.1794	
884	76.212	77.481	70.307	17.061	11.404	9.1718	
885	76.518	77.66	70.339	17.061	11.396	9.1709	
886	76.824	77.835	70.368	17.056	11.388	9.1566	
887	77.131	78.004	70.393	17.046	11.371	9.1428	
888	77.438	78.168	70.414	17.044	11.364	9.1243	
889	77.745	78.326	70.431	17.031	11.351	9.1119	
890	78.052	78.479	70.445	17.018	11.337	9.0964	
891	78.359	78.626	70.455	17.012	11.328	9.0812	
892	78.667	78.766	70.46	17.01	11.316	9.0788	
893	78.974	78.9	70.463	17.003	11.31	9.0602	
894	79.282	79.028	70.461	16.991	11.308	9.0486	
895	79.59	79.148	70.456	16.999	11.303	9.0533	
896	79.897	79.262	70.447	16.989	11.29	9.0498	
897	80.205	79.368	70.435	16.989	11.285	9.0476	
898	80.513	79.466	70.419	16.987	11.282	9.0195	
899	80.821	79.558	70.399	16.979	11.268	9.0175	
900	81.128	79.641	70.376	16.966	11.258	8.9949	
901	81.436	79.716	70.35	16.947	11.247	8.9733	
902	81.743	79.784	70.32	16.948	11.229	8.9685	
903	82.051	79.843	70.286	16.945	11.226	8.9618	
904	82.358	79.893	70.25	16.94	11.217	8.9595	
905	82.665	79.936	70.21	16.932	11.215	8.9576	
906	82.972	79.97	70.167	16.934	11.21	8.9517	
907	83.279	79.995	70.121	16.929	11.206	8.9528	
908	83.585	80.012	70.071	16.931	11.194	8.9288	
909	83.891	80.02	70.019	16.916	11.183	8.9209	
910	84.197	80.02	69.963	16.902	11.167	8.91	
911	84.503	80.012	69.905	16.906	11.155	8.9055	
912	84.808	79.995	69.844	16.894	11.128	8.8691	
913	85.113	79.97	69.78	16.881	11.137	8.8493	
914	85.417	79.937	69.713	16.883	11.127	8.8511	
915	85.721	79.896	69.644	16.876	11.114	8.8449	
916	86.025	79.847	69.572	16.869	11.119	8.8435	
917	86.328	79.791	69.497	16.869	11.116	8.8377	
918	86.631	79.727	69.42	16.872	11.111	8.8326	
919	86.933	79.656	69.341	16.868	11.102	8.8198	
920	87.234	79.578	69.259	16.862	11.094	8.8106	
921	87.535	79.494	69.175	16.852	11.081	8.8013	
922	87.835	79.402	69.089	16.848	11.073	8.8045	
923	88.134	79.305	69.001	16.851	11.066	8.7956	
924	88.432	79.201	68.91	16.835	11.037	8.7695	
925	88.728	79.092	68.818	16.832	11.054	8.7564	
926	89.021	78.977	68.723	16.815	11.035	8.7417	
927	89.309	78.856	68.627	16.816	11.041	8.7315	
928	89.581	78.731	68.529	16.814	11.034	8.7362	
929	89.773	78.601	68.429	16.797	10.994	8.7477	
930	89.678	78.466	68.327	16.793	10.972	8.7269	
931	89.425	78.327	68.224	16.805	11.016	8.7154	
932	89.144	78.184	68.119	16.812	10.951	8.6826	
933	88.857	78.036	68.012	16.782	11.008	8.6791	
934	88.567	77.886	67.905	16.775	10.976	8.695	
935	88.277	77.731	67.795	16.773	10.978	8.6554	
936	87.987	77.574	67.685	16.753	10.941	8.6501	
937	87.697	77.413	67.573	16.753	10.935	8.6851	
938	87.407	77.249	67.459	16.783	10.944	8.6069	
939	87.118	77.083	67.345	16.761	10.933	8.6336	
940	86.83	76.914	67.229	16.766	10.894	8.6504	
941	86.542	76.742	67.113	16.76	10.92	8.6114	
942	86.255	76.569	66.995	16.739	10.886	8.5574	
943	85.969	76.393	66.876	16.715	10.91	8.5951	
944	85.683	76.216	66.757	16.717	10.929	8.5787	
945	85.399	76.036	66.636	16.744	10.893	8.5827	
946	85.115	75.855	66.515	16.743	10.888	8.5713	
947	84.832	75.672	66.393	16.722	10.888	8.5569	
948	84.55	75.488	66.27	16.718	10.861	8.5456	
949	84.269	75.303	66.146	16.708	10.84	8.5238	
950	83.989	75.117	66.022	16.702	10.832	8.5213	
951	83.71	74.929	65.897	16.691	10.851	8.5259	
952	83.431	74.74	65.771	16.683	10.844	8.5209	
953	83.154	74.551	65.645	16.694	10.825	8.4986	
954	82.878	74.361	65.518	16.695	10.819	8.5124	
955	82.603	74.17	65.391	16.682	10.807	8.4784	
956	82.328	73.978	65.264	16.663	10.812	8.4848	
957	82.055	73.786	65.136	16.664	10.803	8.5324	
958	81.783	73.593	65.008	16.644	10.785	8.4534	
959	81.511	73.4	64.879	16.666	10.771	8.4791	
960	81.241	73.207	64.75	16.678	10.753	8.4078	
961	80.972	73.013	64.621	16.673	10.778	8.3952	
962	80.704	72.819	64.491	16.661	10.689	8.3687	
963	80.437	72.625	64.361	16.62	10.712	8.4149	
964	80.171	72.431	64.231	16.649	10.748	8.3485	
965	79.906	72.237	64.101	16.617	10.733	8.3817	
966	79.642	72.042	63.971	16.628	10.753	8.359	
967	79.379	71.848	63.841	16.623	10.733	8.3919	
968	79.118	71.654	63.71	16.627	10.745	8.3832	
969	78.857	71.46	63.58	16.611	10.709	8.3707	
970	78.598	71.266	63.449	16.625	10.692	8.3925	
971	78.34	71.073	63.319	16.613	10.68	8.3706	
972	78.082	70.879	63.188	16.61	10.702	8.3492	
973	77.826	70.686	63.058	16.61	10.685	8.3224	
974	77.572	70.493	62.927	16.594	10.661	8.3374	
975	77.318	70.301	62.797	16.588	10.668	8.2816	
976	77.065	70.109	62.666	16.58	10.653	8.2972	
977	76.814	69.917	62.536	16.575	10.641	8.2843	
978	76.563	69.726	62.406	16.572	10.632	8.2858	
979	76.314	69.535	62.276	16.57	10.638	8.2719	
980	76.066	69.345	62.146	16.575	10.628	8.2724	
981	75.82	69.155	62.017	16.572	10.626	8.2804	
982	75.574	68.965	61.887	16.566	10.621	8.2707	
983	75.329	68.777	61.758	16.562	10.623	8.2828	
984	75.086	68.588	61.629	16.548	10.613	8.2676	
985	74.844	68.401	61.5	16.546	10.617	8.2362	
986	74.603	68.214	61.372	16.573	10.595	8.2584	
987	74.363	68.027	61.244	16.537	10.591	8.2149	
988	74.125	67.841	61.116	16.532	10.56	8.1936	
989	73.887	67.656	60.988	16.524	10.566	8.1933	
990	73.651	67.472	60.861	16.52	10.547	8.1876	
991	73.416	67.288	60.734	16.519	10.55	8.1676	
992	73.182	67.105	60.607	16.52	10.545	8.1802	
993	72.95	66.922	60.48	16.509	10.544	8.1739	
994	72.718	66.74	60.354	16.517	10.548	8.1768	
995	72.488	66.559	60.229	16.503	10.54	8.1619	
996	72.259	66.379	60.103	16.496	10.533	8.1554	
997	72.031	66.199	59.978	16.504	10.529	8.1444	
998	71.804	66.021	59.854	16.493	10.516	8.1417	
999	71.579	65.842	59.729	16.483	10.502	8.1776	
1000	71.354	65.665	59.605	16.5	10.478	8.1157	
1001	71.131	65.488	59.482	16.464	10.53	8.0949	
1002	70.909	65.313	59.359	16.485	10.51	8.0982	
1003	70.688	65.138	59.236	16.476	10.477	8.0989	
1004	70.469	64.963	59.114	16.475	10.443	8.0759	
1005	70.25	64.79	58.992	16.439	10.542	8.1117	
1006	70.033	64.617	58.871	16.467	10.428	8.1096	
1007	69.817	64.445	58.75	16.465	10.492	8.0327	
1008	69.602	64.274	58.629	16.449	10.484	8.0563	
1009	69.388	64.104	58.509	16.429	10.432	8.0496	
1010	69.176	63.934	58.39	16.466	10.451	8.0414	
1011	68.964	63.766	58.271	16.433	10.444	8.0428	
1012	68.754	63.598	58.152	16.438	10.431	8.0143	
1013	68.545	63.431	58.034	16.434	10.414	8.0082	
1014	68.337	63.264	57.916	16.435	10.394	8.0042	
1015	68.13	63.099	57.798	16.437	10.4	7.9932	
1016	67.924	62.934	57.682	16.413	10.402	8.087	
1017	67.72	62.771	57.565	16.395	10.365	7.9546	
1018	67.517	62.608	57.449	16.391	10.366	7.9748	
1019	67.314	62.446	57.334	16.377	10.349	7.938	
1020	67.113	62.284	57.219	16.428	10.409	7.9076	
1021	66.913	62.124	57.105	16.344	10.406	7.9482	
1022	66.715	61.964	56.991	16.399	10.335	7.9468	
1023	66.517	61.805	56.877	16.418	10.322	7.9437	
1024	66.32	61.647	56.764	16.374	10.301	7.9785	
1025	66.125	61.49	56.652	16.416	10.31	7.9159	
1026	65.931	61.334	56.54	16.38	10.359	7.8728	
1027	65.738	61.178	56.428	16.414	10.241	7.8987	
1028	65.545	61.023	56.317	16.371	10.339	7.8451	
1029	65.354	60.869	56.207	16.355	10.283	7.8299	
1030	65.165	60.716	56.097	16.359	10.328	7.903	
1031	64.976	60.564	55.987	16.422	10.333	7.9249	
1032	64.788	60.412	55.878	16.316	10.327	7.8632	
1033	64.601	60.262	55.769	16.382	10.287	7.887	
1034	64.416	60.112	55.661	16.356	10.309	7.8533	
1035	64.232	59.963	55.554	16.379	10.251	7.9231	
1036	64.048	59.815	55.447	16.253	10.285	7.8388	
1037	63.866	59.667	55.34	16.397	10.175	7.8035	
1038	63.685	59.521	55.234	16.319	10.24	7.9786	
1039	63.504	59.375	55.129	16.361	10.29	7.9209	
1040	63.325	59.23	55.024	16.298	10.088	7.8087	
1041	63.147	59.085	54.919	16.335	10.216	7.8567	
1042	62.97	58.942	54.815	16.445	10.238	7.6434	
1043	62.794	58.799	54.712	16.412	10.176	7.6925	
1044	62.619	58.657	54.609	16.267	10.268	7.7417	
1045	62.445	58.516	54.506	16.308	10.204	7.7873	
1046	62.272	58.376	54.404	16.204	10.35	7.5825	
1047	62.101	58.236	54.302	16.266	10.039	7.7932	
1048	61.93	58.098	54.201	16.229	10.157	7.8069	
1049	61.76	57.959	54.101	16.299	10.171	7.7236	
1050	61.591	57.822	54.001	16.276	10.083	7.8107	
1051	61.423	57.686	53.901	16.278	10.17	7.7396	
1052	61.256	57.55	53.802	16.273	10.161	7.7044	
1053	61.09	57.415	53.703	16.277	10.167	7.7231	
1054	60.925	57.281	53.605	16.277	10.148	7.7089	
1055	60.761	57.147	53.508	16.277	10.167	7.6972	
1056	60.599	57.015	53.41	16.273	10.135	7.687	
1057	60.437	56.883	53.314	16.269	10.153	7.6997	
1058	60.276	56.751	53.218	16.262	10.142	7.6709	
1059	60.115	56.621	53.122	16.247	10.134	7.6933	
1060	59.956	56.491	53.027	16.254	10.134	7.6648	
1061	59.798	56.362	52.932	16.263	10.116	7.6747	
1062	59.641	56.234	52.837	16.239	10.115	7.6648	
1063	59.485	56.106	52.744	16.235	10.098	7.6667	
1064	59.329	55.979	52.65	16.233	10.093	7.6472	
1065	59.175	55.853	52.557	16.225	10.087	7.629	
1066	59.021	55.728	52.465	16.232	10.086	7.618	
1067	58.869	55.603	52.373	16.223	10.089	7.6219	
1068	58.717	55.479	52.282	16.218	10.078	7.6284	
1069	58.566	55.355	52.19	16.223	10.054	7.6005	
1070	58.416	55.233	52.1	16.22	10.079	7.5985	
1071	58.267	55.111	52.01	16.218	10.063	7.599	
1072	58.119	54.99	51.92	16.202	10.065	7.5925	
1073	57.972	54.869	51.831	16.215	10.029	7.5661	
1074	57.825	54.749	51.742	16.199	10.044	7.5808	
1075	57.68	54.63	51.654	16.193	10.033	7.5517	
1076	57.535	54.511	51.566	16.201	10.022	7.5548	
1077	57.391	54.393	51.479	16.189	10.024	7.5511	
1078	57.248	54.276	51.392	16.185	10.008	7.5417	
1079	57.106	54.159	51.305	16.186	10.022	7.5314	
1080	56.965	54.043	51.219	16.186	10.011	7.5387	
1081	56.824	53.928	51.133	16.179	10.01	7.5348	
1082	56.685	53.813	51.048	16.172	10.007	7.5257	
1083	56.546	53.699	50.963	16.18	9.9947	7.5117	
1084	56.408	53.586	50.879	16.172	9.995	7.5129	
1085	56.271	53.473	50.795	16.166	9.9914	7.5014	
1086	56.135	53.361	50.711	16.171	9.9923	7.5038	
1087	55.999	53.25	50.628	16.156	9.9873	7.4945	
1088	55.864	53.139	50.546	16.166	9.9817	7.4997	
1089	55.73	53.028	50.463	16.159	9.9779	7.4821	
1090	55.597	52.919	50.381	16.158	9.9803	7.4881	
1091	55.465	52.81	50.3	16.153	9.9785	7.4853	
1092	55.333	52.701	50.219	16.144	9.9565	7.4715	
1093	55.203	52.594	50.138	16.148	9.9506	7.4729	
1094	55.073	52.486	50.058	16.141	9.9601	7.4722	
1095	54.943	52.38	49.978	16.15	9.9318	7.4483	
1096	54.815	52.274	49.899	16.144	9.9407	7.4519	
1097	54.687	52.168	49.82	16.13	9.9283	7.4383	
1098	54.56	52.063	49.741	16.124	9.9234	7.4168	
1099	54.434	51.959	49.663	16.123	9.9232	7.4195	
1100	54.308	51.855	49.585	16.113	9.9178	7.4139	
1101	54.183	51.752	49.508	16.124	9.9056	7.3964	
1102	54.059	51.65	49.431	16.116	9.8945	7.3888	
1103	53.936	51.548	49.354	16.109	9.8791	7.3797	
1104	53.813	51.446	49.278	16.105	9.888	7.3786	
1105	53.691	51.345	49.202	16.097	9.8862	7.3711	
1106	53.57	51.245	49.127	16.101	9.8753	7.3644	
1107	53.449	51.145	49.051	16.09	9.8672	7.3615	
1108	53.33	51.046	48.977	16.098	9.873	7.3533	
1109	53.211	50.947	48.902	16.089	9.8628	7.35	
1110	53.092	50.849	48.828	16.087	9.8562	7.3493	
1111	52.974	50.752	48.755	16.086	9.8575	7.3426	
1112	52.857	50.655	48.681	16.085	9.8439	7.3361	
1113	52.741	50.558	48.609	16.085	9.8491	7.3346	
1114	52.625	50.462	48.536	16.08	9.8466	7.3305	
1115	52.51	50.366	48.464	16.077	9.8484	7.3291	
1116	52.396	50.271	48.392	16.078	9.8409	7.3321	
1117	52.282	50.177	48.32	16.079	9.8416	7.3209	
1118	52.169	50.083	48.249	16.072	9.8334	7.3214	
1119	52.056	49.989	48.179	16.06	9.8347	7.3015	
1120	51.944	49.897	48.108	16.068	9.8313	7.2924	
1121	51.833	49.804	48.038	16.067	9.8176	7.2878	
1122	51.723	49.712	47.968	16.06	9.8063	7.2978	
1123	51.613	49.621	47.899	16.048	9.8069	7.2903	
1124	51.504	49.53	47.83	16.063	9.8076	7.2673	
1125	51.395	49.439	47.761	16.054	9.7979	7.2623	
1126	51.287	49.349	47.693	16.058	9.8085	7.2676	
1127	51.179	49.26	47.625	16.033	9.7894	7.2435	
1128	51.073	49.17	47.557	16.033	9.7801	7.246	
1129	50.966	49.082	47.49	16.039	9.78	7.2589	
1130	50.861	48.994	47.423	16.029	9.784	7.2303	
1131	50.756	48.906	47.356	16.028	9.7661	7.2327	
1132	50.651	48.819	47.29	16.029	9.7641	7.2224	
1133	50.547	48.732	47.223	16.022	9.7746	7.22	
1134	50.444	48.646	47.158	16.013	9.7404	7.2208	
1135	50.341	48.56	47.092	16.016	9.7516	7.1929	
1136	50.239	48.475	47.027	16.019	9.733	7.2045	
1137	50.138	48.39	46.962	16.012	9.7186	7.2018	
1138	50.037	48.305	46.898	16.011	9.7314	7.1817	
1139	49.936	48.221	46.834	16.007	9.7294	7.188	
1140	49.836	48.138	46.77	16	9.711	7.1734	
1141	49.737	48.054	46.706	16.013	9.7229	7.1701	
1142	49.638	47.972	46.643	16.009	9.7157	7.1425	
1143	49.54	47.889	46.58	15.991	9.7047	7.1754	
1144	49.442	47.808	46.517	15.991	9.6948	7.1627	
1145	49.345	47.726	46.455	15.994	9.7082	7.1617	
1146	49.248	47.645	46.393	15.991	9.6734	7.1488	
1147	49.152	47.564	46.331	15.987	9.6773	7.1375	
1148	49.057	47.484	46.269	15.993	9.6824	7.1398	
1149	48.962	47.404	46.208	15.982	9.6859	7.1336	
1150	48.867	47.325	46.147	15.971	9.6696	7.1285	
1151	48.773	47.246	46.086	15.973	9.6557	7.1144	
1152	48.68	47.167	46.026	15.974	9.6664	7.1066	
1153	48.587	47.089	45.966	15.967	9.6521	7.0941	
1154	48.494	47.011	45.906	15.961	9.6519	7.0958	
1155	48.402	46.934	45.847	15.966	9.6506	7.0979	
1156	48.311	46.857	45.787	15.955	9.6498	7.0837	
1157	48.22	46.78	45.728	15.955	9.6421	7.0727	
1158	48.129	46.704	45.67	15.956	9.6421	7.0731	
1159	48.039	46.628	45.611	15.96	9.6267	7.0708	
1160	47.95	46.553	45.553	15.957	9.628	7.0722	
1161	47.861	46.478	45.495	15.947	9.6061	7.0769	
1162	47.772	46.403	45.438	15.943	9.6372	7.0503	
1163	47.684	46.329	45.38	15.932	9.6109	7.0423	
1164	47.596	46.255	45.323	15.933	9.5892	7.0355	
1165	47.509	46.181	45.266	15.926	9.6021	7.0251	
1166	47.423	46.108	45.21	15.934	9.5923	7.0232	
1167	47.336	46.035	45.153	15.935	9.6092	7.0307	
1168	47.25	45.963	45.097	15.925	9.5875	7.0159	
1169	47.165	45.89	45.041	15.919	9.579	7.0094	
1170	47.08	45.819	44.986	15.923	9.5874	6.9969	
1171	46.996	45.747	44.93	15.918	9.5745	6.9927	
1172	46.912	45.676	44.875	15.915	9.5753	6.9904	
1173	46.828	45.605	44.821	15.913	9.572	6.9898	
1174	46.745	45.535	44.766	15.912	9.5717	6.9855	
1175	46.662	45.465	44.712	15.911	9.5671	6.9893	
1176	46.58	45.395	44.657	15.909	9.5553	6.9753	
1177	46.498	45.326	44.604	15.913	9.5548	6.9734	
1178	46.417	45.257	44.55	15.902	9.5491	6.9642	
1179	46.336	45.188	44.497	15.902	9.5544	6.9693	
1180	46.255	45.119	44.443	15.901	9.5467	6.9584	
1181	46.175	45.051	44.391	15.901	9.5467	6.9598	
1182	46.096	44.984	44.338	15.894	9.5385	6.9547	
1183	46.016	44.916	44.285	15.897	9.537	6.95	
1184	45.937	44.849	44.233	15.892	9.532	6.9421	
1185	45.859	44.782	44.181	15.883	9.531	6.946	
1186	45.781	44.716	44.129	15.885	9.5219	6.9289	
1187	45.703	44.65	44.078	15.884	9.5224	6.9354	
1188	45.626	44.584	44.027	15.877	9.523	6.9241	
1189	45.549	44.518	43.975	15.882	9.5084	6.9071	
1190	45.472	44.453	43.925	15.876	9.5137	6.9197	
1191	45.396	44.388	43.874	15.87	9.5099	6.9094	
1192	45.32	44.324	43.823	15.871	9.4961	6.8957	
1193	45.245	44.259	43.773	15.868	9.4961	6.8932	
1194	45.17	44.195	43.723	15.862	9.5027	6.9035	
1195	45.096	44.132	43.673	15.874	9.474	6.8908	
1196	45.021	44.068	43.624	15.86	9.4905	6.8699	
1197	44.947	44.005	43.574	15.862	9.4762	6.8911	
1198	44.874	43.942	43.525	15.852	9.4631	6.8864	
1199	44.801	43.88	43.476	15.851	9.477	6.8633	
1200	44.728	43.818	43.428	15.858	9.4625	6.8505	
1201	44.656	43.756	43.379	15.861	9.4796	6.8706	
1202	44.584	43.694	43.331	15.841	9.4636	6.8566	
1203	44.512	43.633	43.282	15.848	9.4582	6.8337	
1204	44.441	43.571	43.235	15.851	9.4464	6.8183	
1205	44.37	43.511	43.187	15.832	9.4472	6.8323	
1206	44.299	43.45	43.139	15.836	9.466	6.8321	
1207	44.229	43.39	43.092	15.846	9.4633	6.8204	
1208	44.159	43.33	43.045	15.832	9.4402	6.8124	
1209	44.089	43.27	42.998	15.836	9.4279	6.8174	
1210	44.02	43.211	42.951	15.829	9.4198	6.7981	
1211	43.951	43.151	42.904	15.824	9.4014	6.7811	
1212	43.883	43.092	42.858	15.822	9.4159	6.7865	
1213	43.814	43.034	42.812	15.831	9.4125	6.7945	
1214	43.746	42.975	42.766	15.818	9.422	6.771	
1215	43.679	42.917	42.72	15.827	9.4065	6.7776	
1216	43.611	42.859	42.674	15.816	9.3902	6.7962	
1217	43.545	42.802	42.629	15.82	9.3945	6.7799	
1218	43.478	42.744	42.584	15.792	9.3676	6.7812	
1219	43.412	42.687	42.539	15.814	9.3787	6.7488	
1220	43.346	42.63	42.494	15.812	9.3724	6.7566	
1221	43.28	42.574	42.449	15.792	9.3678	6.7577	
1222	43.215	42.517	42.404	15.806	9.4041	6.7482	
1223	43.15	42.461	42.36	15.808	9.3612	6.7497	
1224	43.085	42.405	42.316	15.802	9.3661	6.7322	
1225	43.021	42.35	42.272	15.793	9.3623	6.7376	
1226	42.956	42.294	42.228	15.803	9.3763	6.7294	
1227	42.893	42.239	42.184	15.81	9.3589	6.7325	
1228	42.829	42.184	42.141	15.774	9.3448	6.7237	
1229	42.766	42.129	42.098	15.767	9.3236	6.7278	
1230	42.703	42.075	42.054	15.774	9.3573	6.7086	
1231	42.64	42.021	42.011	15.796	9.3605	6.676	
1232	42.578	41.967	41.969	15.789	9.3331	6.7336	
1233	42.516	41.913	41.926	15.803	9.3612	6.6865	
1234	42.454	41.86	41.883	15.779	9.3636	6.7088	
1235	42.393	41.806	41.841	15.762	9.3504	6.6856	
1236	42.332	41.753	41.799	15.776	9.3508	6.7156	
1237	42.271	41.7	41.757	15.771	9.3581	6.6932	
1238	42.21	41.648	41.715	15.803	9.3178	6.7029	
1239	42.15	41.595	41.673	15.735	9.3726	6.7182	
1240	42.09	41.543	41.632	15.732	9.2717	6.6779	
1241	42.03	41.491	41.591	15.745	9.341	6.6356	
1242	41.97	41.439	41.549	15.735	9.3044	6.6996	
1243	41.911	41.388	41.508	15.764	9.3127	6.761	
1244	41.852	41.337	41.467	15.782	9.3076	6.6586	
1245	41.793	41.285	41.427	15.721	9.362	6.5928	
1246	41.735	41.235	41.386	15.748	9.298	6.6041	
1247	41.677	41.184	41.346	15.731	9.2333	6.6094	
1248	41.619	41.133	41.305	15.743	9.2731	6.5843	
1249	41.561	41.083	41.265	15.775	9.2931	6.6536	
1250	41.504	41.033	41.225	15.753	9.3398	6.5861	
1251	41.447	40.983	41.185	15.739	9.2561	6.6486	
1252	41.39	40.934	41.146	15.709	9.2021	6.5795	
1253	41.333	40.884	41.106	15.708	9.3079	6.5872	
1254	41.277	40.835	41.067	15.716	9.2289	6.5936	
1255	41.221	40.786	41.028	15.74	9.2415	6.623	
1256	41.165	40.737	40.988	15.719	9.2629	6.5966	
1257	41.109	40.688	40.949	15.717	9.2216	6.5567	
1258	41.054	40.64	40.911	15.725	9.2458	6.548	
1259	40.999	40.592	40.872	15.694	9.2312	6.5771	
1260	40.944	40.543	40.833	15.709	9.2387	6.553	
1261	40.889	40.496	40.795	15.706	9.2178	6.5473	
1262	40.835	40.448	40.757	15.689	9.2162	6.5425	
1263	40.781	40.4	40.719	15.706	9.2186	6.5313	
1264	40.727	40.353	40.681	15.682	9.2026	6.5444	
1265	40.673	40.306	40.643	15.708	9.2245	6.5324	
1266	40.62	40.259	40.605	15.696	9.2306	6.5176	
1267	40.567	40.212	40.568	15.709	9.2023	6.5414	
1268	40.514	40.166	40.53	15.714	9.2095	6.5453	
1269	40.461	40.119	40.493	15.701	9.2186	6.5538	
1270	40.408	40.073	40.456	15.696	9.198	6.5367	
1271	40.356	40.027	40.419	15.683	9.2039	6.5136	
1272	40.304	39.981	40.382	15.688	9.2189	6.5472	
1273	40.252	39.936	40.345	15.705	9.2243	6.5247	
1274	40.2	39.89	40.308	15.701	9.2005	6.5306	
1275	40.149	39.845	40.272	15.686	9.1823	6.4939	
1276	40.098	39.8	40.235	15.699	9.2087	6.5205	
1277	40.047	39.755	40.199	15.663	9.1993	6.5191	
1278	39.996	39.71	40.163	15.665	9.1892	6.5112	
1279	39.945	39.665	40.127	15.681	9.1589	6.4593	
1280	39.895	39.621	40.091	15.675	9.156	6.4798	
1281	39.845	39.576	40.055	15.682	9.1567	6.4748	
1282	39.795	39.532	40.019	15.676	9.169	6.4949	
1283	39.745	39.488	39.984	15.656	9.1537	6.4527	
1284	39.696	39.445	39.948	15.632	9.1916	6.4591	
1285	39.647	39.401	39.913	15.644	9.1608	6.4782	
1286	39.598	39.358	39.878	15.669	9.1557	6.4463	
1287	39.549	39.314	39.843	15.652	9.1412	6.4697	
1288	39.5	39.271	39.808	15.663	9.1606	6.4591	
1289	39.452	39.228	39.773	15.652	9.1422	6.4344	
1290	39.403	39.185	39.738	15.657	9.1551	6.4376	
1291	39.355	39.143	39.704	15.64	9.1345	6.4164	
1292	39.307	39.1	39.669	15.656	9.1345	6.4736	
1293	39.26	39.058	39.635	15.647	9.1239	6.4379	
1294	39.212	39.016	39.601	15.668	9.1578	6.4281	
1295	39.165	38.974	39.567	15.646	9.1369	6.3954	
1296	39.118	38.932	39.532	15.653	9.1292	6.3926	
1297	39.071	38.89	39.499	15.651	9.0942	6.4387	
1298	39.024	38.848	39.465	15.631	9.1357	6.4042	
1299	38.978	38.807	39.431	15.641	9.0837	6.373	
1300	38.931	38.766	39.397	15.624	9.1037	6.3995	
1301	38.885	38.725	39.364	15.641	9.126	6.3705	
1302	38.839	38.684	39.331	15.611	9.0799	6.4187	
1303	38.793	38.643	39.297	15.637	9.1245	6.3851	
1304	38.748	38.602	39.264	15.648	9.1135	6.3952	
1305	38.702	38.562	39.231	15.652	9.0861	6.3467	
1306	38.657	38.521	39.198	15.629	9.1235	6.3831	
1307	38.612	38.481	39.165	15.62	9.108	6.3954	
1308	38.567	38.441	39.133	15.613	9.0891	6.388	
1309	38.523	38.401	39.1	15.62	9.0991	6.3783	
1310	38.478	38.361	39.068	15.612	9.0767	6.3653	
1311	38.434	38.322	39.035	15.62	9.0461	6.3913	
1312	38.39	38.282	39.003	15.608	9.0606	6.3221	
1313	38.346	38.243	38.971	15.613	9.0866	6.3847	
1314	38.302	38.203	38.939	15.607	9.0596	6.3495	
1315	38.258	38.164	38.907	15.602	9.0327	6.3262	
1316	38.215	38.125	38.875	15.629	8.9941	6.3194	
1317	38.172	38.087	38.843	15.605	9.0557	6.3822	
1318	38.128	38.048	38.811	15.589	9.0545	6.3601	
1319	38.085	38.009	38.779	15.631	9.0479	6.354	
1320	38.043	37.971	38.748	15.574	9.0367	6.3584	
1321	38	37.933	38.717	15.612	9.0226	6.3347	
1322	37.958	37.894	38.685	15.601	8.9983	6.2378	
1323	37.915	37.856	38.654	15.554	9.0135	6.278	
1324	37.873	37.818	38.623	15.608	9.0519	6.2872	
1325	37.831	37.781	38.592	15.621	8.9865	6.3038	
1326	37.789	37.743	38.561	15.629	8.988	6.2721	
1327	37.748	37.705	38.53	15.6	9.0561	6.2622	
1328	37.706	37.668	38.499	15.561	8.9618	6.3632	
1329	37.665	37.631	38.469	15.563	8.9748	6.2771	
1330	37.624	37.594	38.438	15.621	9.0407	6.2531	
1331	37.583	37.557	38.408	15.566	9.0607	6.3246	
1332	37.542	37.52	38.377	15.561	8.9719	6.418	
1333	37.501	37.483	38.347	15.578	9.0236	6.2824	
1334	37.461	37.446	38.317	15.6	8.9906	6.2743	
1335	37.42	37.41	38.287	15.55	9.0051	6.153	
1336	37.38	37.373	38.257	15.537	9.0374	6.3185	
1337	37.34	37.337	38.227	15.618	8.9803	6.1591	
1338	37.3	37.301	38.197	15.535	9.048	6.2468	
1339	37.26	37.265	38.167	15.561	9.032	6.2708	
1340	37.221	37.229	38.137	15.593	9.0077	6.1586	
1341	37.181	37.193	38.108	15.666	8.8259	6.2786	
1342	37.142	37.158	38.078	15.575	8.9248	6.4947	
1343	37.103	37.122	38.049	15.64	9.0003	6.4568	
1344	37.064	37.087	38.02	15.52	9.0383	6.2736	
1345	37.025	37.051	37.99	15.567	9.1261	6.2256	
1346	36.986	37.016	37.961	15.405	8.8527	6.0078	
1347	36.947	36.981	37.932	15.559	9.1196	5.8337	
1348	36.909	36.946	37.903	15.504	9.1334	6.1728	
1349	36.87	36.911	37.874	15.419	9.278	6.2167	
1350	36.832	36.876	37.845	15.265	9.0644	6.2217	
1351	36.794	36.842	37.817	15.503	8.9301	5.9253	
1352	36.756	36.807	37.788	15.455	8.8241	6.3825	
1353	36.718	36.773	37.759	15.547	8.3823	6.2501	
1354	36.681	36.738	37.731	15.469	9.3073	6.3855	
1355	36.643	36.704	37.702	15.712	8.773	5.6078	
1356	36.606	36.67	37.674	15.648	9.1567	6.0752	
1357	36.569	36.636	37.646	15.444	9.0441	6.2724	
1358	36.531	36.602	37.618	16.248	9.371	6.3795	
1359	36.495	36.568	37.59	16.262	8.6908	6.918	
1426	34.285	34.521	35.866	15.655	9.2987	6.337	
1427	34.256	34.493	35.842	15.544	8.6458	6.0444	
1428	34.227	34.465	35.819	15.394	8.841	5.6434	
1429	34.197	34.438	35.795	15.638	8.6618	5.8162	
1430	34.168	34.41	35.772	15.645	8.8034	5.8313	
1431	34.139	34.383	35.748	15.324	8.9254	6.1083	
1432	34.11	34.356	35.725	15.558	8.5618	5.8907	
1433	34.081	34.328	35.702	15.35	8.5981	5.8503	
1434	34.053	34.301	35.679	15.504	8.9164	6.1849	
1435	34.024	34.274	35.655	15.523	8.856	5.7635	
1436	33.995	34.247	35.632	15.531	8.646	5.9371	
1437	33.967	34.22	35.609	15.437	8.9074	5.8618	
1438	33.938	34.193	35.586	15.329	8.6594	5.9473	
1439	33.91	34.166	35.563	15.448	8.7878	5.9026	
1440	33.882	34.14	35.54	15.332	8.7869	5.8234	
1441	33.854	34.113	35.517	15.418	8.6815	6.0523	
1442	33.825	34.086	35.495	15.471	8.6178	5.804	
1443	33.797	34.06	35.472	15.352	8.745	5.9607	
1444	33.77	34.033	35.449	15.461	8.7728	5.754	
1445	33.742	34.007	35.426	15.33	8.7337	5.8418	
1446	33.714	33.98	35.404	15.463	8.6349	5.8148	
1447	33.686	33.954	35.381	15.435	8.7027	5.7187	
1448	33.659	33.928	35.359	15.418	8.6759	5.8657	
1449	33.631	33.902	35.336	15.369	8.7286	5.8616	
1450	33.604	33.876	35.314	15.389	8.7223	5.7667	
1451	33.576	33.85	35.292	15.439	8.6835	5.8613	
1452	33.549	33.824	35.269	15.461	8.7416	5.9121	
1453	33.522	33.798	35.247	15.432	8.7434	5.9344	
1454	33.495	33.772	35.225	15.347	8.6775	5.7013	
1455	33.468	33.746	35.203	15.416	8.7501	5.778	
1456	33.441	33.721	35.18	15.442	8.7139	5.8162	
1457	33.414	33.695	35.158	15.384	8.5911	5.8161	
1458	33.387	33.669	35.136	15.382	8.7003	5.8269	
1459	33.361	33.644	35.114	15.364	8.5653	5.7475	
1460	33.334	33.619	35.092	15.406	8.6329	5.8577	
1461	33.307	33.593	35.071	15.425	8.6263	5.8131	
1462	33.281	33.568	35.049	15.392	8.6402	5.8205	
1463	33.255	33.543	35.027	15.378	8.6426	5.7707	
1464	33.228	33.517	35.005	15.356	8.6674	5.7556	
1465	33.202	33.492	34.984	15.367	8.7009	5.7782	
1466	33.176	33.467	34.962	15.362	8.5979	5.8152	
1467	33.15	33.442	34.94	15.382	8.6242	5.8072	
1468	33.124	33.417	34.919	15.351	8.6378	5.7845	
1469	33.098	33.393	34.897	15.375	8.6157	5.7777	
1470	33.072	33.368	34.876	15.368	8.6027	5.7829	
1471	33.046	33.343	34.854	15.371	8.6274	5.7814	
1472	33.021	33.318	34.833	15.372	8.6286	5.7604	
1473	32.995	33.294	34.812	15.361	8.64	5.7729	
1474	32.969	33.269	34.79	15.364	8.6233	5.7729	
1475	32.944	33.245	34.769	15.367	8.6216	5.7631	
1476	32.918	33.22	34.748	15.361	8.6167	5.7547	
1477	32.893	33.196	34.727	15.367	8.6407	5.7684	
1478	32.868	33.171	34.706	15.372	8.6251	5.7501	
1479	32.843	33.147	34.685	15.364	8.6199	5.7574	
1480	32.818	33.123	34.664	15.365	8.6238	5.7479	
1481	32.793	33.099	34.643	15.366	8.6113	5.7261	
1482	32.768	33.075	34.622	15.361	8.6283	5.7517	
1483	32.743	33.051	34.601	15.362	8.62	5.7472	
1484	32.718	33.027	34.58	15.378	8.6195	5.7384	
1485	32.693	33.003	34.559	15.355	8.6304	5.737	
1486	32.668	32.979	34.538	15.356	8.5946	5.6973	
1487	32.644	32.955	34.518	15.348	8.6228	5.7008	
1488	32.619	32.931	34.497	15.36	8.6145	5.7232	
1489	32.595	32.908	34.476	15.361	8.6151	5.7038	
1490	32.57	32.884	34.456	15.362	8.5895	5.747	
1491	32.546	32.86	34.435	15.345	8.6053	5.698	
1492	32.522	32.837	34.415	15.351	8.5961	5.7165	
1493	32.497	32.813	34.394	15.341	8.5614	5.7088	
1494	32.473	32.79	34.374	15.341	8.5719	5.697	
1495	32.449	32.767	34.353	15.332	8.5697	5.6877	
1496	32.425	32.743	34.333	15.36	8.6007	5.7053	
1497	32.401	32.72	34.313	15.331	8.5842	5.694	
1498	32.377	32.697	34.292	15.364	8.5808	5.6957	
1499	32.353	32.674	34.272	15.346	8.5729	5.7135	
1500	32.33	32.651	34.252	15.338	8.5688	5.6944	
1501	32.306	32.627	34.232	15.324	8.5615	5.6481	
1502	32.282	32.604	34.212	15.341	8.5663	5.6767	
1503	32.259	32.582	34.191	15.337	8.5858	5.6658	
1504	32.235	32.559	34.171	15.331	8.5525	5.6375	
1505	32.212	32.536	34.151	15.336	8.5556	5.6753	
1506	32.189	32.513	34.131	15.327	8.5511	5.6423	
1507	32.165	32.49	34.112	15.311	8.5398	5.6658	
1508	32.142	32.468	34.092	15.308	8.5416	5.6703	
1509	32.119	32.445	34.072	15.345	8.5427	5.6533	
1510	32.096	32.422	34.052	15.333	8.5601	5.6374	
1511	32.073	32.4	34.032	15.339	8.555	5.6471	
1512	32.05	32.377	34.012	15.33	8.5822	5.6517	
1513	32.027	32.355	33.993	15.364	8.5032	5.6648	
1514	32.004	32.333	33.973	15.322	8.5396	5.6835	
1515	31.981	32.31	33.953	15.295	8.5603	5.6483	
1516	31.958	32.288	33.934	15.318	8.5056	5.6522	
1517	31.936	32.266	33.914	15.315	8.5658	5.6102	
1518	31.913	32.244	33.895	15.295	8.5482	5.6359	
1519	31.89	32.221	33.875	15.297	8.5464	5.6432	
1520	31.868	32.199	33.856	15.291	8.534	5.6375	
1521	31.845	32.177	33.837	15.314	8.4871	5.5673	
1522	31.823	32.155	33.817	15.294	8.5187	5.5965	
1523	31.801	32.133	33.798	15.298	8.5355	5.6022	
1524	31.778	32.111	33.779	15.33	8.5488	5.6586	
1525	31.756	32.09	33.759	15.314	8.5414	5.6269	
1526	31.734	32.068	33.74	15.292	8.5151	5.6013	
1527	31.712	32.046	33.721	15.3	8.528	5.6024	
1528	31.69	32.024	33.702	15.288	8.5465	5.6141	
1529	31.668	32.003	33.683	15.293	8.4942	5.5902	
1530	31.646	31.981	33.663	15.303	8.5058	5.6026	
1531	31.624	31.96	33.644	15.28	8.4914	5.604	
1532	31.602	31.938	33.625	15.308	8.4916	5.603	
1533	31.58	31.917	33.606	15.284	8.4702	5.5967	
1534	31.559	31.895	33.588	15.305	8.4793	5.6376	
1535	31.537	31.874	33.569	15.298	8.4926	5.5712	
1536	31.516	31.852	33.55	15.276	8.4891	5.5791	
1537	31.494	31.831	33.531	15.283	8.4941	5.5846	
1538	31.473	31.81	33.512	15.277	8.5252	5.5789	
1539	31.451	31.789	33.493	15.294	8.4816	5.577	
1540	31.43	31.768	33.475	15.287	8.4628	5.578	
1541	31.408	31.746	33.456	15.275	8.4525	5.5494	
1542	31.387	31.725	33.437	15.281	8.4651	5.5754	
1543	31.366	31.704	33.419	15.279	8.4722	5.544	
1544	31.345	31.683	33.4	15.282	8.4897	5.5788	
1545	31.324	31.662	33.381	15.263	8.493	5.5536	
1546	31.303	31.642	33.363	15.278	8.4662	5.5539	
1547	31.282	31.621	33.344	15.274	8.4734	5.5453	
1548	31.261	31.6	33.326	15.277	8.4642	5.5399	
1549	31.24	31.579	33.307	15.277	8.4838	5.5347	
1550	31.219	31.558	33.289	15.282	8.4621	5.5433	
1551	31.198	31.538	33.271	15.26	8.4848	5.5405	
1552	31.177	31.517	33.252	15.272	8.4641	5.5476	
1553	31.157	31.497	33.234	15.253	8.4528	5.5522	
1554	31.136	31.476	33.216	15.262	8.4672	5.5335	
1555	31.116	31.456	33.197	15.281	8.442	5.52	
1556	31.095	31.435	33.179	15.259	8.4567	5.5561	
1557	31.075	31.415	33.161	15.253	8.4481	5.5181	
1558	31.054	31.394	33.143	15.256	8.4504	5.5207	
1559	31.034	31.374	33.125	15.276	8.4324	5.4932	
1560	31.013	31.354	33.107	15.271	8.4614	5.517	
1561	30.993	31.333	33.089	15.28	8.463	5.5073	
1562	30.973	31.313	33.07	15.286	8.4263	5.5184	
1563	30.953	31.293	33.052	15.246	8.4494	5.5213	
1564	30.933	31.273	33.034	15.253	8.4738	5.4959	
1565	30.913	31.253	33.017	15.26	8.475	5.4892	
1566	30.893	31.233	32.999	15.25	8.4211	5.471	
1567	30.873	31.213	32.981	15.272	8.4036	5.5013	
1568	30.853	31.193	32.963	15.254	8.4459	5.5132	
1569	30.833	31.173	32.945	15.273	8.4673	5.5183	
1570	30.813	31.153	32.927	15.258	8.4541	5.5109	
1571	30.793	31.133	32.909	15.251	8.43	5.5032	
1572	30.773	31.113	32.892	15.247	8.4216	5.516	
1573	30.754	31.094	32.874	15.253	8.4038	5.4898	
1574	30.734	31.074	32.856	15.271	8.4254	5.4739	
1575	30.714	31.054	32.839	15.231	8.4078	5.4942	
1576	30.695	31.034	32.821	15.249	8.3978	5.4296	
1577	30.675	31.015	32.804	15.217	8.3749	5.4756	
1578	30.656	30.995	32.786	15.237	8.4288	5.4607	
1579	30.637	30.976	32.768	15.228	8.4205	5.4795	
1580	30.617	30.956	32.751	15.239	8.3869	5.4487	
1581	30.598	30.937	32.733	15.234	8.4189	5.4105	
1582	30.579	30.917	32.716	15.257	8.4008	5.48	
1583	30.559	30.898	32.699	15.226	8.4345	5.4544	
1584	30.54	30.879	32.681	15.259	8.3606	5.4227	
1585	30.521	30.859	32.664	15.244	8.4289	5.4566	
1586	30.502	30.84	32.647	15.233	8.3734	5.502	
1587	30.483	30.821	32.629	15.238	8.4237	5.4611	
1588	30.464	30.802	32.612	15.245	8.3774	5.3926	
1589	30.445	30.782	32.595	15.215	8.3875	5.4566	
1590	30.426	30.763	32.577	15.228	8.3519	5.4219	
1591	30.407	30.744	32.56	15.219	8.3652	5.442	
1592	30.388	30.725	32.543	15.22	8.4063	5.4059	
1593	30.37	30.706	32.526	15.242	8.3902	5.4055	
1594	30.351	30.687	32.509	15.227	8.3533	5.4718	
1595	30.332	30.668	32.492	15.251	8.3693	5.388	
1596	30.314	30.649	32.475	15.218	8.396	5.4089	
1597	30.295	30.631	32.458	15.224	8.3787	5.4234	
1598	30.276	30.612	32.441	15.233	8.3674	5.3693	
1599	30.258	30.593	32.424	15.229	8.3583	5.4027	
1600	30.239	30.574	32.407	15.215	8.372	5.3582	
1601	30.221	30.555	32.39	15.245	8.3609	5.4297	
1602	30.203	30.537	32.373	15.238	8.3485	5.3855	
1603	30.184	30.518	32.356	15.243	8.3307	5.3756	
1604	30.166	30.499	32.339	15.231	8.3665	5.3766	
1605	30.148	30.481	32.322	15.219	8.355	5.4195	
1606	30.13	30.462	32.306	15.218	8.3515	5.381	
1607	30.111	30.444	32.289	15.236	8.3546	5.3807	
1608	30.093	30.425	32.272	15.198	8.3743	5.3834	
1609	30.075	30.407	32.255	15.209	8.3542	5.3865	
1610	30.057	30.388	32.239	15.217	8.3669	5.3679	
1611	30.039	30.37	32.222	15.223	8.3448	5.3933	
1612	30.021	30.352	32.205	15.243	8.3307	5.3638	
1613	30.003	30.333	32.189	15.178	8.3644	5.3728	
1614	29.985	30.315	32.172	15.202	8.361	5.4227	
1615	29.967	30.297	32.156	15.227	8.3397	5.3958	
1616	29.95	30.279	32.139	15.22	8.3127	5.3666	
1617	29.932	30.26	32.123	15.246	8.3553	5.3936	
1618	29.914	30.242	32.106	15.226	8.3236	5.3726	
1619	29.896	30.224	32.09	15.199	8.3466	5.3731	
1620	29.879	30.206	32.073	15.181	8.3603	5.3781	
1621	29.861	30.188	32.057	15.208	8.3253	5.3494	
1622	29.844	30.17	32.041	15.178	8.3112	5.3902	
1623	29.826	30.152	32.024	15.171	8.3181	5.3343	
1624	29.809	30.134	32.008	15.213	8.3478	5.3601	
1625	29.791	30.116	31.991	15.221	8.3268	5.3138	
1626	29.774	30.098	31.975	15.189	8.3195	5.3457	
1627	29.756	30.081	31.959	15.194	8.2845	5.3273	
1628	29.739	30.063	31.943	15.187	8.3499	5.3401	
1629	29.722	30.045	31.926	15.19	8.342	5.3735	
1630	29.705	30.027	31.91	15.179	8.3391	5.3371	
1631	29.687	30.009	31.894	15.173	8.3154	5.3855	
1632	29.67	29.992	31.878	15.186	8.35	5.3166	
1633	29.653	29.974	31.862	15.203	8.3497	5.3381	
1634	29.636	29.956	31.846	15.171	8.297	5.3258	
1635	29.619	29.939	31.83	15.194	8.3312	5.3287	
1636	29.602	29.921	31.814	15.188	8.3212	5.3036	
1637	29.585	29.904	31.798	15.199	8.3059	5.3668	
1638	29.568	29.886	31.782	15.222	8.2801	5.3259	
1639	29.551	29.869	31.766	15.182	8.3194	5.2974	
1640	29.534	29.851	31.75	15.173	8.2818	5.3281	
1641	29.517	29.834	31.734	15.175	8.354	5.2891	
1642	29.5	29.817	31.718	15.205	8.2703	5.335	
1643	29.484	29.799	31.702	15.19	8.3112	5.2849	
1644	29.467	29.782	31.686	15.187	8.2906	5.3078	
1645	29.45	29.765	31.67	15.188	8.2927	5.329	
1646	29.433	29.747	31.654	15.208	8.31	5.2496	
1647	29.417	29.73	31.639	15.15	8.3281	5.3322	
1648	29.4	29.713	31.623	15.196	8.214	5.2562	
1649	29.384	29.696	31.607	15.203	8.3041	5.32	
1650	29.367	29.679	31.591	15.183	8.3097	5.3172	
1651	29.351	29.661	31.576	15.183	8.2823	5.2789	
1652	29.334	29.644	31.56	15.167	8.2903	5.2806	
1653	29.318	29.627	31.544	15.222	8.273	5.3132	
1654	29.301	29.61	31.529	15.187	8.2721	5.3	
1655	29.285	29.593	31.513	15.181	8.3124	5.2674	
1656	29.269	29.576	31.498	15.178	8.2858	5.2886	
1657	29.253	29.559	31.482	15.182	8.2736	5.2715	
1658	29.236	29.542	31.466	15.168	8.2909	5.2684	
1659	29.22	29.526	31.451	15.198	8.2389	5.2994	
1660	29.204	29.509	31.435	15.134	8.2013	5.3163	
1661	29.188	29.492	31.42	15.18	8.22	5.277	
1662	29.172	29.475	31.404	15.141	8.2754	5.2561	
1663	29.156	29.458	31.389	15.16	8.3068	5.3083	
1664	29.14	29.442	31.374	15.139	8.2076	5.1903	
1665	29.124	29.425	31.358	15.134	8.2768	5.2901	
1666	29.108	29.408	31.343	15.203	8.2376	5.2267	
1667	29.092	29.392	31.327	15.116	8.178	5.2636	
1668	29.076	29.375	31.312	15.094	8.2587	5.2816	
1669	29.06	29.358	31.297	15.177	8.2221	5.1642	
1670	29.044	29.342	31.282	15.177	8.3188	5.28	
1671	29.028	29.325	31.266	15.144	8.2985	5.1962	
1672	29.012	29.309	31.251	15.205	8.2434	5.1552	
1673	28.997	29.292	31.236	15.194	8.2671	5.2595	
1674	28.981	29.276	31.221	15.196	8.273	5.2443	
1675	28.965	29.259	31.205	15.123	8.1082	5.2754	
1676	28.95	29.243	31.19	15.177	8.2951	5.2414	
1677	28.934	29.226	31.175	15.141	8.2686	5.3115	
1678	28.918	29.21	31.16	15.131	8.1656	5.2901	
1679	28.903	29.194	31.145	15.153	8.2106	5.2576	
1680	28.887	29.178	31.13	15.136	8.2649	5.3272	
1681	28.872	29.161	31.115	15.15	8.3289	5.2473	
1682	28.856	29.145	31.1	15.105	8.2398	5.2015	
1683	28.841	29.129	31.085	15.132	8.2922	5.1972	
1684	28.826	29.113	31.07	15.112	8.2552	5.3479	
1685	28.81	29.096	31.055	15.14	8.0623	5.0309	
1686	28.795	29.08	31.04	15.254	8.287	5.2897	
1687	28.78	29.064	31.025	15.066	8.3556	5.4453	
1688	28.764	29.048	31.01	15.075	8.27	5.2045	
1689	28.749	29.032	30.995	15.151	8.2085	5.0922	
1690	28.734	29.016	30.98	15.044	8.425	5.2279	
1691	28.719	29	30.965	15.226	8.1621	5.1941	
1692	28.704	28.984	30.95	15.228	8.4692	5.2754	
1693	28.689	28.968	30.936	14.99	8.3545	5.5722	
1694	28.674	28.952	30.921	14.9	8.082	5.2263	
1695	28.658	28.936	30.906	15.192	8.4939	5.4261	
1696	28.643	28.92	30.891	15.082	8.2301	5.4347	
1697	28.628	28.904	30.876	15.142	8.3357	5.437	
1698	28.614	28.889	30.862	14.719	8.2576	4.9981	
1699	28.599	28.873	30.847	14.916	8.6842	5.3629	
1700	28.584	28.857	30.832	14.932	8.1696	5.1826	
