	65	70	75	65	70	75	
300	50.658	48.151	45.729	37.511	37.209	37.514	
301	50.096	47.507	45.21	37.295	36.907	37.453	
302	49.519	46.887	44.719	37.087	36.772	37.279	
303	48.934	46.292	44.251	37.019	36.553	37.024	
304	48.349	45.722	43.805	36.99	36.489	37.052	
305	47.77	45.176	43.379	36.884	36.423	36.867	
306	47.199	44.653	42.97	36.614	36.185	36.77	
307	46.641	44.152	42.577	36.511	36.277	36.641	
308	46.097	43.672	42.197	36.334	36.128	36.541	
309	45.569	43.212	41.83	36.365	35.959	36.377	
310	45.057	42.77	41.474	36.171	35.873	36.379	
311	44.564	42.345	41.128	36.159	35.715	36.319	
312	44.087	41.935	40.789	36.209	35.719	36.207	
313	43.628	41.54	40.458	35.89	35.526	36.139	
314	43.185	41.158	40.134	35.955	35.547	35.953	
315	42.759	40.789	39.814	35.892	35.364	35.909	
316	42.348	40.43	39.499	35.798	35.418	35.815	
317	41.953	40.082	39.188	35.661	35.298	35.754	
318	41.571	39.743	38.879	35.561	35.153	35.59	
319	41.204	39.412	38.573	35.518	35.053	35.611	
320	40.849	39.089	38.268	35.535	35.035	35.459	
321	40.506	38.774	37.964	35.427	34.977	35.375	
322	40.175	38.464	37.661	35.393	34.901	35.332	
323	39.855	38.16	37.358	35.355	34.78	35.278	
324	39.545	37.862	37.054	35.23	34.786	35.152	
325	39.245	37.568	36.749	35.241	34.578	35.091	
326	38.954	37.279	36.443	35.155	34.568	35.032	
327	38.671	36.994	36.136	35.062	34.546	34.927	
328	38.397	36.712	35.827	35.028	34.498	34.847	
329	38.131	36.434	35.516	34.999	34.432	34.774	
330	37.872	36.159	35.202	35.011	34.459	34.767	
331	37.62	35.887	34.887	34.888	34.365	34.712	
332	37.375	35.618	34.569	34.842	34.23	34.555	
333	37.137	35.352	34.248	34.885	34.182	34.577	
334	36.905	35.088	33.924	34.798	34.161	34.525	
335	36.679	34.827	33.598	34.731	34.097	34.447	
336	36.459	34.569	33.269	34.609	34.041	34.358	
337	36.245	34.313	32.938	34.687	34.006	34.353	
338	36.037	34.06	32.604	34.632	33.962	34.303	
339	35.835	33.81	32.267	34.529	33.832	34.23	
340	35.639	33.563	31.928	34.579	33.724	34.179	
341	35.448	33.318	31.587	34.486	33.766	34.165	
342	35.263	33.077	31.243	34.466	33.725	34.1	
343	35.083	32.84	30.898	34.549	33.733	34.023	
344	34.91	32.605	30.551	34.521	33.702	33.95	
345	34.742	32.375	30.203	34.424	33.661	33.933	
346	34.581	32.149	29.854	34.455	33.622	33.892	
347	34.425	31.928	29.505	34.458	33.593	33.865	
348	34.277	31.712	29.157	34.377	33.616	33.812	
349	34.135	31.502	28.809	34.389	33.625	33.81	
350	34	31.298	28.463	34.388	33.625	33.767	
351	33.874	31.101	28.12	34.35	33.524	33.743	
352	33.755	30.912	27.781	34.396	33.574	33.8	
353	33.646	30.731	27.446	34.351	33.52	33.614	
354	33.546	30.56	27.117	34.458	33.583	33.722	
355	33.455	30.399	26.793	34.599	33.444	33.575	
356	33.373	30.246	26.474	34.579	33.535	33.58	
357	33.299	30.102	26.159	34.514	33.694	33.653	
358	33.232	29.964	25.847	34.45	33.599	33.561	
359	33.17	29.83	25.533	34.557	33.626	33.604	
360	33.109	29.696	25.213	34.568	33.602	33.533	
361	33.044	29.556	24.882	34.519	33.534	33.614	
362	32.973	29.407	24.535	34.468	33.471	33.318	
363	32.89	29.242	24.169	34.502	33.373	33.27	
364	32.791	29.059	23.78	34.485	33.406	33.141	
365	32.675	28.854	23.365	34.48	33.239	33.257	
366	32.539	28.625	22.927	34.43	33.18	32.916	
367	32.383	28.373	22.466	34.217	33.026	32.627	
368	32.206	28.098	21.986	34.2	33.006	32.484	
369	32.009	27.8	21.489	34.034	32.568	32.257	
370	31.792	27.482	20.982	33.841	32.395	31.955	
371	31.562	27.151	20.474	33.737	32.227	31.762	
372	31.321	26.811	19.973	33.555	32.089	31.437	
373	31.071	26.465	19.484	33.39	31.779	31.262	
374	30.816	26.118	19.014	33.076	31.523	30.992	
375	30.557	25.773	18.566	32.972	31.289	30.557	
376	30.298	25.431	18.145	32.744	31.026	30.281	
377	30.039	25.097	17.755	32.512	30.758	29.935	
378	29.782	24.771	17.397	32.361	30.452	29.755	
379	29.53	24.457	17.075	32.152	30.302	29.525	
380	29.282	24.154	16.788	31.847	30.094	29.22	
381	29.04	23.864	16.538	31.78	29.805	28.874	
382	28.804	23.587	16.324	31.618	29.702	28.718	
383	28.573	23.323	16.145	31.407	29.37	28.494	
384	28.349	23.073	16.001	31.178	29.194	28.195	
385	28.133	22.838	15.891	31.074	29.021	28.069	
386	27.924	22.618	15.814	30.864	28.789	27.848	
387	27.723	22.413	15.768	30.652	28.633	27.637	
388	27.53	22.221	15.751	30.583	28.41	27.476	
389	27.343	22.044	15.762	30.461	28.307	27.256	
390	27.165	21.882	15.798	30.26	28.108	27.05	
391	26.995	21.735	15.86	30.191	27.915	26.895	
392	26.835	21.602	15.944	29.981	27.735	26.665	
393	26.681	21.484	16.048	29.878	27.587	26.582	
394	26.536	21.378	16.171	29.682	27.397	26.4	
395	26.398	21.286	16.311	29.63	27.355	26.298	
396	26.27	21.208	16.467	29.422	27.142	26.077	
397	26.149	21.144	16.638	29.335	27.036	25.925	
398	26.036	21.091	16.821	29.275	26.882	25.776	
399	25.93	21.05	17.015	29.093	26.69	25.637	
400	25.831	21.02	17.219	29.072	26.6	25.423	
401	25.74	21.003	17.433	28.922	26.451	25.337	
402	25.656	20.995	17.654	28.768	26.379	25.181	
403	25.578	20.997	17.881	28.682	26.196	25.041	
404	25.506	21.009	18.114	28.573	26.143	24.894	
405	25.44	21.029	18.352	28.511	25.929	24.83	
406	25.381	21.059	18.594	28.418	25.831	24.647	
407	25.327	21.096	18.839	28.306	25.691	24.585	
408	25.278	21.139	19.086	28.204	25.67	24.441	
409	25.234	21.191	19.335	28.091	25.533	24.21	
410	25.196	21.249	19.585	28.031	25.423	24.179	
411	25.162	21.313	19.836	27.868	25.362	24.088	
412	25.132	21.382	20.087	27.819	25.199	23.977	
413	25.107	21.457	20.338	27.751	25.068	23.815	
414	25.086	21.537	20.589	27.647	25.046	23.779	
415	25.07	21.622	20.839	27.567	24.906	23.666	
416	25.057	21.71	21.087	27.436	24.81	23.564	
417	25.048	21.803	21.334	27.395	24.667	23.442	
418	25.042	21.9	21.58	27.242	24.576	23.314	
419	25.04	22	21.824	27.24	24.539	23.278	
420	25.042	22.103	22.066	27.177	24.391	23.051	
421	25.047	22.209	22.306	26.993	24.277	23.05	
422	25.055	22.318	22.543	27.016	24.164	22.99	
423	25.067	22.43	22.779	26.934	24.088	22.879	
424	25.081	22.544	23.012	26.867	24.049	22.714	
425	25.098	22.66	23.243	26.755	23.89	22.644	
426	25.118	22.778	23.471	26.651	23.86	22.58	
427	25.141	22.898	23.698	26.553	23.755	22.538	
428	25.167	23.019	23.921	26.479	23.663	22.372	
429	25.195	23.142	24.142	26.519	23.569	22.282	
430	25.225	23.266	24.361	26.369	23.426	22.284	
431	25.258	23.392	24.577	26.264	23.503	22.162	
432	25.293	23.519	24.79	26.276	23.311	21.984	
433	25.331	23.647	25.001	26.141	23.339	21.941	
434	25.37	23.775	25.21	26.086	23.175	21.795	
435	25.412	23.905	25.416	26.006	23.033	21.804	
436	25.456	24.035	25.62	25.973	22.899	21.543	
437	25.501	24.166	25.821	25.893	22.922	21.617	
438	25.549	24.297	26.02	25.872	22.893	21.469	
439	25.598	24.429	26.217	25.71	22.818	21.435	
440	25.649	24.561	26.412	25.695	22.639	21.343	
441	25.702	24.694	26.604	25.63	22.648	21.261	
442	25.757	24.827	26.794	25.588	22.648	21.104	
443	25.813	24.96	26.982	25.507	22.442	21.184	
444	25.871	25.094	27.168	25.556	22.424	20.985	
445	25.93	25.227	27.351	25.392	22.277	20.91	
446	25.99	25.361	27.533	25.234	22.293	20.863	
447	26.053	25.494	27.713	25.292	22.112	20.749	
448	26.116	25.628	27.891	25.195	22.141	20.723	
449	26.18	25.762	28.067	25.183	22.026	20.627	
450	26.246	25.895	28.241	25.118	21.916	20.654	
451	26.313	26.029	28.413	25.118	21.857	20.554	
452	26.382	26.163	28.584	25.026	21.784	20.444	
453	26.451	26.296	28.753	24.922	21.755	20.443	
454	26.522	26.429	28.92	24.835	21.684	20.273	
455	26.594	26.563	29.086	24.769	21.671	20.279	
456	26.666	26.696	29.25	24.72	21.58	20.095	
457	26.74	26.829	29.413	24.709	21.546	20.092	
458	26.815	26.962	29.575	24.66	21.441	20.062	
459	26.891	27.094	29.735	24.663	21.481	19.975	
460	26.967	27.227	29.893	24.545	21.331	19.906	
461	27.045	27.359	30.051	24.62	21.233	19.818	
462	27.123	27.491	30.207	24.431	21.183	19.772	
463	27.202	27.623	30.362	24.46	21.21	19.722	
464	27.282	27.755	30.515	24.327	21.031	19.609	
465	27.363	27.886	30.668	24.36	21.017	19.608	
466	27.445	28.018	30.82	24.267	20.954	19.454	
467	27.527	28.149	30.97	24.206	20.854	19.484	
468	27.61	28.28	31.12	24.17	20.799	19.396	
469	27.694	28.411	31.268	24.092	20.77	19.34	
470	27.779	28.541	31.416	24.061	20.699	19.193	
471	27.864	28.672	31.563	24.012	20.652	19.217	
472	27.95	28.802	31.709	23.934	20.679	19.142	
473	28.037	28.933	31.854	23.947	20.517	19.035	
474	28.124	29.063	31.998	23.908	20.509	19.076	
475	28.212	29.193	32.142	23.846	20.472	18.955	
476	28.301	29.323	32.285	23.824	20.439	18.928	
477	28.39	29.452	32.428	23.74	20.279	18.806	
478	28.479	29.582	32.57	23.684	20.28	18.775	
479	28.57	29.712	32.711	23.667	20.197	18.72	
480	28.661	29.841	32.852	23.599	20.142	18.638	
481	28.752	29.971	32.992	23.572	20.093	18.615	
482	28.844	30.1	33.132	23.495	20.1	18.561	
483	28.937	30.229	33.271	23.543	20.037	18.524	
484	29.03	30.359	33.411	23.447	19.952	18.437	
485	29.124	30.488	33.549	23.405	19.904	18.479	
486	29.218	30.617	33.688	23.388	19.787	18.36	
487	29.313	30.747	33.826	23.308	19.783	18.254	
488	29.408	30.876	33.964	23.318	19.714	18.213	
489	29.504	31.005	34.102	23.228	19.691	18.178	
490	29.6	31.135	34.239	23.239	19.606	18.185	
491	29.697	31.264	34.377	23.162	19.598	18.078	
492	29.794	31.394	34.514	23.125	19.513	18.036	
493	29.892	31.524	34.651	23.098	19.505	17.975	
494	29.99	31.653	34.788	23.049	19.475	17.976	
495	30.089	31.784	34.926	23.039	19.452	17.877	
496	30.189	31.913	35.063	22.991	19.38	17.876	
497	30.289	32.044	35.2	22.952	19.303	17.874	
498	30.389	32.174	35.337	22.922	19.281	17.787	
499	30.49	32.305	35.475	22.888	19.204	17.73	
500	30.591	32.436	35.612	22.873	19.164	17.653	
501	30.693	32.567	35.75	22.799	19.155	17.607	
502	30.795	32.698	35.888	22.748	19.072	17.553	
503	30.898	32.829	36.026	22.745	19.08	17.515	
504	31.002	32.961	36.165	22.67	18.989	17.461	
505	31.106	33.093	36.304	22.66	18.966	17.426	
506	31.21	33.226	36.443	22.59	18.9	17.357	
507	31.315	33.358	36.582	22.573	18.858	17.36	
508	31.42	33.491	36.722	22.544	18.831	17.264	
509	31.526	33.625	36.862	22.54	18.784	17.234	
510	31.633	33.758	37.002	22.464	18.744	17.185	
511	31.74	33.892	37.144	22.441	18.672	17.172	
512	31.847	34.027	37.285	22.411	18.653	17.095	
513	31.955	34.162	37.427	22.38	18.604	17.039	
514	32.064	34.297	37.57	22.329	18.581	17.008	
515	32.173	34.433	37.713	22.323	18.521	16.956	
516	32.282	34.569	37.857	22.272	18.488	16.925	
517	32.392	34.705	38.001	22.233	18.453	16.889	
518	32.503	34.843	38.146	22.213	18.429	16.8	
519	32.614	34.98	38.292	22.156	18.383	16.8	
520	32.726	35.118	38.438	22.155	18.329	16.783	
521	32.838	35.257	38.585	22.107	18.281	16.705	
522	32.951	35.396	38.733	22.082	18.236	16.682	
523	33.064	35.536	38.882	22.044	18.197	16.633	
524	33.178	35.676	39.031	22.008	18.175	16.576	
525	33.292	35.817	39.181	21.973	18.11	16.541	
526	33.407	35.959	39.332	21.948	18.101	16.479	
527	33.523	36.101	39.484	21.919	18.041	16.467	
528	33.639	36.244	39.637	21.871	18.015	16.444	
529	33.756	36.387	39.791	21.848	17.935	16.346	
530	33.873	36.531	39.946	21.807	17.963	16.332	
531	33.991	36.676	40.102	21.787	17.894	16.282	
532	34.109	36.821	40.259	21.792	17.872	16.249	
533	34.228	36.968	40.417	21.715	17.836	16.21	
534	34.348	37.115	40.576	21.688	17.765	16.173	
535	34.468	37.262	40.736	21.675	17.736	16.118	
536	34.589	37.411	40.897	21.642	17.728	16.071	
537	34.711	37.56	41.059	21.635	17.67	16.051	
538	34.833	37.71	41.223	21.595	17.649	16.008	
539	34.956	37.861	41.388	21.569	17.626	15.99	
540	35.079	38.012	41.554	21.55	17.587	15.938	
541	35.203	38.165	41.721	21.51	17.537	15.923	
542	35.328	38.318	41.889	21.482	17.509	15.858	
543	35.453	38.472	42.059	21.476	17.461	15.814	
544	35.579	38.627	42.23	21.431	17.422	15.773	
545	35.706	38.783	42.403	21.41	17.437	15.761	
546	35.833	38.94	42.577	21.352	17.352	15.71	
547	35.961	39.098	42.752	21.367	17.317	15.707	
548	36.09	39.257	42.928	21.329	17.285	15.648	
549	36.219	39.416	43.107	21.326	17.238	15.622	
550	36.349	39.577	43.286	21.261	17.228	15.591	
551	36.48	39.739	43.467	21.239	17.193	15.54	
552	36.611	39.901	43.65	21.241	17.157	15.508	
553	36.743	40.065	43.834	21.207	17.129	15.477	
554	36.876	40.229	44.02	21.168	17.077	15.44	
555	37.009	40.395	44.207	21.16	17.056	15.395	
556	37.143	40.562	44.397	21.131	17.016	15.362	
557	37.278	40.729	44.587	21.103	16.947	15.317	
558	37.414	40.898	44.78	21.084	16.962	15.3	
559	37.55	41.068	44.974	21.046	16.928	15.278	
560	37.687	41.239	45.169	21.019	16.886	15.228	
561	37.825	41.411	45.367	21.007	16.84	15.186	
562	37.963	41.584	45.566	21	16.812	15.184	
563	38.102	41.758	45.767	20.961	16.801	15.133	
564	38.242	41.934	45.97	20.944	16.75	15.126	
565	38.383	42.11	46.175	20.9	16.721	15.064	
566	38.524	42.288	46.382	20.879	16.684	15.074	
567	38.666	42.467	46.59	20.845	16.66	15.01	
568	38.809	42.647	46.801	20.818	16.626	14.969	
569	38.953	42.828	47.013	20.805	16.591	14.939	
570	39.097	43.01	47.227	20.791	16.566	14.891	
571	39.242	43.194	47.444	20.756	16.54	14.877	
572	39.388	43.379	47.662	20.734	16.528	14.866	
573	39.535	43.565	47.882	20.719	16.489	14.815	
574	39.682	43.752	48.104	20.685	16.473	14.755	
575	39.83	43.94	48.329	20.662	16.434	14.74	
576	39.979	44.13	48.555	20.631	16.404	14.719	
577	40.129	44.321	48.784	20.644	16.385	14.694	
578	40.279	44.513	49.014	20.618	16.331	14.681	
579	40.43	44.707	49.247	20.576	16.316	14.62	
580	40.582	44.901	49.482	20.577	16.277	14.621	
581	40.735	45.097	49.719	20.535	16.251	14.584	
582	40.888	45.295	49.958	20.524	16.22	14.522	
583	41.042	45.493	50.2	20.504	16.18	14.507	
584	41.197	45.693	50.444	20.492	16.17	14.517	
585	41.353	45.894	50.689	20.442	16.155	14.449	
586	41.509	46.097	50.938	20.431	16.123	14.417	
587	41.666	46.3	51.188	20.436	16.098	14.362	
588	41.824	46.505	51.441	20.408	16.07	14.357	
589	41.983	46.712	51.696	20.364	16.041	14.332	
590	42.142	46.919	51.953	20.345	16.005	14.287	
591	42.302	47.128	52.212	20.333	15.99	14.25	
592	42.463	47.338	52.474	20.31	15.918	14.221	
593	42.625	47.55	52.738	20.296	15.969	14.198	
594	42.787	47.762	53.005	20.283	15.892	14.209	
595	42.95	47.976	53.274	20.24	15.88	14.155	
596	43.114	48.192	53.545	20.22	15.879	14.124	
597	43.278	48.408	53.818	20.21	15.839	14.089	
598	43.443	48.626	54.094	20.202	15.8	14.07	
599	43.609	48.845	54.373	20.184	15.748	14.033	
600	43.775	49.066	54.653	20.146	15.774	14.024	
601	43.943	49.287	54.936	20.111	15.734	13.982	
602	44.11	49.51	55.222	20.089	15.676	13.946	
603	44.279	49.734	55.509	20.073	15.681	13.918	
604	44.448	49.959	55.799	20.062	15.645	13.915	
605	44.618	50.186	56.092	20.041	15.608	13.859	
606	44.788	50.414	56.387	20.03	15.616	13.815	
607	44.959	50.643	56.684	19.998	15.592	13.779	
608	45.131	50.873	56.983	20.014	15.535	13.804	
609	45.304	51.104	57.285	19.982	15.547	13.748	
610	45.476	51.337	57.589	19.959	15.505	13.733	
611	45.65	51.57	57.896	19.939	15.468	13.708	
612	45.824	51.805	58.205	19.937	15.48	13.705	
613	45.999	52.041	58.516	19.905	15.44	13.625	
614	46.174	52.278	58.829	19.873	15.416	13.633	
615	46.349	52.515	59.145	19.872	15.373	13.599	
616	46.526	52.754	59.463	19.848	15.366	13.567	
617	46.702	52.994	59.783	19.833	15.339	13.548	
618	46.88	53.235	60.105	19.81	15.324	13.544	
619	47.057	53.477	60.43	19.793	15.289	13.484	
620	47.235	53.72	60.757	19.769	15.26	13.464	
621	47.414	53.964	61.085	19.744	15.245	13.463	
622	47.593	54.209	61.416	19.758	15.223	13.435	
623	47.772	54.454	61.749	19.727	15.19	13.375	
624	47.952	54.7	62.084	19.705	15.17	13.372	
625	48.132	54.947	62.421	19.678	15.168	13.392	
626	48.313	55.195	62.761	19.681	15.12	13.311	
627	48.493	55.444	63.102	19.667	15.098	13.304	
628	48.674	55.693	63.444	19.638	15.06	13.283	
629	48.856	55.943	63.789	19.635	15.075	13.294	
630	49.037	56.193	64.136	19.57	15.013	13.233	
631	49.219	56.444	64.484	19.565	15.066	13.236	
632	49.401	56.696	64.834	19.575	15.011	13.141	
633	49.583	56.948	65.186	19.564	14.965	13.12	
634	49.766	57.2	65.539	19.51	14.954	13.069	
635	49.948	57.453	65.894	19.493	14.942	13.106	
636	50.131	57.706	66.25	19.49	14.951	13.106	
637	50.313	57.959	66.608	19.498	14.872	13.056	
638	50.496	58.213	66.967	19.454	14.846	13.046	
639	50.679	58.467	67.328	19.459	14.818	13.027	
640	50.862	58.72	67.689	19.425	14.799	13.018	
641	51.044	58.974	68.052	19.452	14.778	12.939	
642	51.227	59.228	68.416	19.402	14.772	12.986	
643	51.409	59.482	68.78	19.387	14.721	12.945	
644	51.592	59.735	69.146	19.404	14.727	12.899	
645	51.774	59.988	69.513	19.385	14.71	12.869	
646	51.956	60.241	69.88	19.341	14.67	12.857	
647	52.137	60.494	70.247	19.34	14.697	12.832	
648	52.319	60.746	70.616	19.298	14.644	12.833	
649	52.5	60.998	70.984	19.29	14.633	12.793	
650	52.681	61.249	71.353	19.268	14.571	12.757	
651	52.861	61.499	71.722	19.249	14.593	12.771	
652	53.041	61.749	72.091	19.245	14.544	12.718	
653	53.221	61.998	72.46	19.224	14.556	12.69	
654	53.4	62.245	72.829	19.213	14.505	12.636	
655	53.578	62.492	73.197	19.188	14.528	12.643	
656	53.756	62.738	73.564	19.173	14.551	12.655	
657	53.933	62.982	73.931	19.182	14.495	12.58	
658	54.11	63.225	74.297	19.145	14.451	12.585	
659	54.286	63.467	74.662	19.135	14.393	12.576	
660	54.461	63.707	75.025	19.131	14.406	12.557	
661	54.636	63.946	75.387	19.149	14.366	12.521	
662	54.809	64.183	75.747	19.141	14.38	12.487	
663	54.982	64.418	76.105	19.085	14.354	12.478	
664	55.154	64.651	76.461	19.067	14.358	12.46	
665	55.325	64.882	76.814	19.05	14.329	12.422	
666	55.494	65.111	77.164	19.037	14.283	12.4	
667	55.663	65.338	77.51	19.049	14.264	12.403	
668	55.831	65.562	77.853	19.03	14.28	12.379	
669	55.997	65.784	78.192	19.015	14.24	12.357	
670	56.163	66.003	78.527	18.996	14.227	12.341	
671	56.327	66.22	78.857	18.983	14.189	12.272	
672	56.49	66.433	79.181	18.968	14.151	12.307	
673	56.651	66.644	79.499	18.924	14.153	12.286	
674	56.811	66.852	79.81	18.939	14.161	12.278	
675	56.97	67.056	80.114	18.916	14.153	12.296	
676	57.127	67.257	80.41	18.918	14.072	12.203	
677	57.283	67.454	80.698	18.905	14.111	12.199	
678	57.437	67.648	80.975	18.877	14.073	12.219	
679	57.59	67.838	81.242	18.874	14.028	12.143	
680	57.74	68.024	81.498	18.865	14.013	12.153	
681	57.889	68.206	81.741	18.846	13.999	12.088	
682	58.037	68.383	81.97	18.845	14.005	12.109	
683	58.182	68.557	82.185	18.808	13.954	12.072	
684	58.326	68.726	82.383	18.784	13.945	12.093	
685	58.468	68.891	82.565	18.793	13.961	12.052	
686	58.607	69.051	82.728	18.775	13.924	12.002	
687	58.745	69.206	82.871	18.777	13.89	11.991	
688	58.881	69.356	82.995	18.772	13.868	11.962	
689	59.015	69.501	83.096	18.761	13.903	11.957	
690	59.146	69.641	83.176	18.716	13.875	11.965	
691	59.275	69.776	83.232	18.724	13.843	11.91	
692	59.402	69.905	83.266	18.709	13.782	11.94	
693	59.527	70.029	83.276	18.696	13.781	11.891	
694	59.65	70.147	83.262	18.682	13.775	11.898	
695	59.77	70.26	83.226	18.653	13.738	11.859	
696	59.887	70.367	83.168	18.654	13.704	11.854	
697	60.003	70.468	83.088	18.647	13.742	11.818	
698	60.115	70.563	82.988	18.656	13.697	11.76	
699	60.226	70.652	82.868	18.615	13.678	11.745	
700	60.333	70.735	82.73	18.603	13.714	11.763	
701	60.438	70.812	82.576	18.616	13.601	11.754	
702	60.541	70.883	82.405	18.605	13.677	11.742	
703	60.641	70.948	82.221	18.55	13.664	11.695	
704	60.738	71.006	82.023	18.548	13.616	11.689	
705	60.832	71.059	81.814	18.593	13.586	11.663	
706	60.924	71.104	81.593	18.539	13.595	11.627	
707	61.012	71.144	81.364	18.519	13.587	11.625	
708	61.098	71.177	81.125	18.499	13.513	11.634	
709	61.181	71.205	80.879	18.52	13.555	11.58	
710	61.262	71.225	80.626	18.509	13.487	11.628	
711	61.339	71.24	80.367	18.491	13.491	11.511	
712	61.413	71.248	80.103	18.46	13.43	11.505	
713	61.485	71.251	79.834	18.443	13.501	11.532	
714	61.553	71.247	79.561	18.434	13.419	11.487	
715	61.619	71.237	79.285	18.397	13.433	11.469	
716	61.682	71.222	79.005	18.418	13.356	11.374	
717	61.741	71.2	78.723	18.408	13.398	11.468	
718	61.798	71.172	78.438	18.389	13.347	11.371	
719	61.851	71.139	78.152	18.416	13.365	11.461	
720	61.902	71.101	77.864	18.332	13.336	11.414	
721	61.949	71.056	77.575	18.377	13.311	11.389	
722	61.994	71.007	77.285	18.373	13.341	11.365	
723	62.035	70.952	76.994	18.316	13.339	11.362	
724	62.074	70.891	76.703	18.348	13.267	11.357	
725	62.109	70.826	76.412	18.293	13.366	11.278	
726	62.141	70.756	76.12	18.343	13.2	11.279	
727	62.171	70.681	75.829	18.3	13.25	11.255	
728	62.197	70.601	75.538	18.318	13.194	11.255	
729	62.22	70.517	75.247	18.272	13.178	11.254	
730	62.241	70.428	74.957	18.26	13.183	11.173	
731	62.258	70.335	74.668	18.22	13.167	11.208	
732	62.272	70.238	74.379	18.247	13.116	11.197	
733	62.284	70.137	74.091	18.236	13.152	11.165	
734	62.292	70.032	73.805	18.263	13.117	11.143	
735	62.298	69.923	73.519	18.212	13.131	11.119	
736	62.3	69.811	73.234	18.211	13.114	11.12	
737	62.3	69.695	72.951	18.221	13.084	11.153	
738	62.297	69.576	72.669	18.175	13.091	11.076	
739	62.291	69.453	72.388	18.168	13.067	11.094	
740	62.282	69.328	72.109	18.198	13.06	11.074	
741	62.271	69.199	71.831	18.146	13.012	11.072	
742	62.257	69.068	71.555	18.159	13.021	11.016	
743	62.24	68.934	71.28	18.16	13.027	10.987	
744	62.22	68.797	71.006	18.128	13	11.023	
745	62.198	68.658	70.735	18.098	13.023	11.013	
746	62.173	68.516	70.465	18.113	12.97	10.981	
747	62.146	68.373	70.196	18.112	13.001	10.944	
748	62.116	68.227	69.93	18.09	12.967	10.93	
749	62.084	68.079	69.665	18.087	12.928	10.902	
750	62.049	67.929	69.402	18.026	12.909	10.938	
751	62.012	67.778	69.14	18.064	12.892	10.873	
752	61.972	67.624	68.881	18.016	12.923	10.846	
753	61.93	67.47	68.623	18.042	12.881	10.845	
754	61.886	67.313	68.367	18.033	12.862	10.87	
755	61.839	67.156	68.112	17.998	12.896	10.794	
756	61.791	66.997	67.86	18.017	12.83	10.84	
757	61.74	66.836	67.609	18.016	12.778	10.837	
758	61.687	66.675	67.36	17.993	12.814	10.794	
759	61.631	66.513	67.113	17.991	12.817	10.766	
760	61.574	66.349	66.868	17.965	12.743	10.723	
761	61.515	66.185	66.625	17.94	12.757	10.727	
762	61.454	66.02	66.384	17.968	12.744	10.685	
763	61.391	65.854	66.144	17.942	12.757	10.67	
764	61.326	65.688	65.906	17.942	12.75	10.703	
765	61.26	65.521	65.67	17.928	12.723	10.649	
766	61.191	65.353	65.436	17.945	12.732	10.659	
767	61.121	65.185	65.204	17.932	12.689	10.658	
768	61.049	65.016	64.974	17.898	12.676	10.604	
769	60.975	64.847	64.745	17.901	12.684	10.63	
770	60.9	64.678	64.518	17.88	12.632	10.573	
771	60.824	64.509	64.293	17.839	12.621	10.567	
772	60.745	64.339	64.07	17.837	12.664	10.567	
773	60.666	64.169	63.849	17.851	12.613	10.567	
774	60.585	64	63.629	17.831	12.605	10.51	
775	60.502	63.83	63.412	17.81	12.584	10.517	
776	60.418	63.66	63.196	17.872	12.563	10.49	
777	60.333	63.49	62.982	17.813	12.541	10.499	
778	60.247	63.32	62.769	17.814	12.507	10.516	
779	60.159	63.15	62.559	17.771	12.515	10.473	
780	60.071	62.981	62.35	17.769	12.529	10.484	
781	59.981	62.811	62.142	17.816	12.552	10.405	
782	59.89	62.642	61.937	17.788	12.453	10.414	
783	59.797	62.473	61.733	17.766	12.44	10.413	
784	59.704	62.305	61.531	17.747	12.468	10.369	
785	59.61	62.137	61.331	17.727	12.424	10.347	
786	59.515	61.969	61.132	17.72	12.435	10.349	
787	59.419	61.801	60.935	17.725	12.412	10.345	
788	59.322	61.634	60.74	17.722	12.394	10.324	
789	59.225	61.467	60.546	17.703	12.376	10.317	
790	59.126	61.301	60.354	17.705	12.403	10.277	
791	59.027	61.135	60.163	17.675	12.368	10.278	
792	58.927	60.97	59.975	17.689	12.361	10.267	
793	58.826	60.805	59.787	17.679	12.381	10.266	
794	58.725	60.641	59.602	17.66	12.327	10.239	
795	58.623	60.477	59.417	17.659	12.309	10.224	
796	58.52	60.314	59.235	17.662	12.313	10.213	
797	58.417	60.151	59.054	17.654	12.325	10.176	
798	58.313	59.989	58.874	17.666	12.323	10.181	
799	58.209	59.828	58.696	17.647	12.261	10.206	
800	58.104	59.667	58.52	17.62	12.266	10.135	
801	57.999	59.507	58.345	17.605	12.279	10.152	
802	57.893	59.347	58.171	17.648	12.257	10.122	
803	57.787	59.188	57.999	17.585	12.228	10.092	
804	57.68	59.03	57.828	17.575	12.219	10.133	
805	57.573	58.873	57.659	17.566	12.198	10.093	
806	57.466	58.716	57.491	17.583	12.17	10.084	
807	57.358	58.56	57.325	17.566	12.126	10.115	
808	57.251	58.404	57.16	17.569	12.174	10.024	
809	57.143	58.25	56.997	17.516	12.099	10.047	
810	57.034	58.096	56.834	17.556	12.165	10.014	
811	56.926	57.943	56.674	17.537	12.131	9.9973	
812	56.817	57.79	56.514	17.532	12.176	10.005	
813	56.708	57.638	56.356	17.542	12.077	9.9926	
814	56.599	57.488	56.199	17.52	12.11	10.013	
815	56.49	57.337	56.043	17.499	12.091	9.9656	
816	56.38	57.188	55.889	17.51	12.082	9.9131	
817	56.271	57.039	55.736	17.487	12.062	9.9298	
818	56.161	56.891	55.584	17.492	12.059	9.9034	
819	56.051	56.744	55.434	17.483	12.042	9.9129	
820	55.942	56.598	55.285	17.46	12.018	9.8719	
821	55.832	56.452	55.137	17.453	12.005	9.8656	
822	55.722	56.307	54.99	17.45	12.012	9.8616	
823	55.613	56.163	54.845	17.451	12.006	9.8525	
824	55.503	56.02	54.7	17.443	12.007	9.8497	
825	55.393	55.877	54.557	17.437	11.988	9.8449	
826	55.284	55.736	54.415	17.433	11.98	9.8362	
827	55.174	55.595	54.274	17.43	11.974	9.8144	
828	55.065	55.455	54.135	17.419	11.964	9.8087	
829	54.955	55.315	53.996	17.407	11.95	9.7941	
830	54.846	55.177	53.859	17.407	11.946	9.8031	
831	54.737	55.039	53.722	17.4	11.919	9.7859	
832	54.627	54.902	53.587	17.384	11.91	9.7662	
833	54.518	54.766	53.453	17.379	11.905	9.7353	
834	54.41	54.63	53.32	17.367	11.897	9.7158	
835	54.301	54.495	53.188	17.36	11.889	9.7177	
836	54.193	54.361	53.057	17.358	11.888	9.6974	
837	54.084	54.228	52.927	17.35	11.861	9.7024	
838	53.976	54.096	52.799	17.356	11.846	9.6741	
839	53.868	53.964	52.671	17.339	11.835	9.6728	
840	53.76	53.833	52.544	17.323	11.851	9.6213	
841	53.653	53.703	52.418	17.338	11.799	9.6059	
842	53.546	53.574	52.294	17.35	11.812	9.6524	
843	53.439	53.446	52.17	17.333	11.79	9.6237	
844	53.332	53.318	52.047	17.328	11.8	9.6135	
845	53.225	53.191	51.925	17.337	11.83	9.5864	
846	53.119	53.065	51.804	17.25	11.762	9.5728	
847	53.013	52.939	51.684	17.316	11.671	9.6306	
848	52.907	52.814	51.565	17.299	11.801	9.6341	
849	52.801	52.69	51.447	17.296	11.713	9.5251	
850	52.696	52.567	51.33	17.278	11.74	9.5683	
851	52.591	52.444	51.214	17.254	11.712	9.5872	
852	52.486	52.323	51.098	17.249	11.723	9.4661	
853	52.382	52.201	50.984	17.279	11.658	9.4759	
854	52.278	52.081	50.87	17.228	11.704	9.4325	
855	52.174	51.961	50.757	17.23	11.626	9.478	
856	52.071	51.843	50.646	17.202	11.678	9.4881	
857	51.968	51.724	50.535	17.234	11.659	9.4508	
858	51.865	51.607	50.424	17.248	11.682	9.4151	
859	51.762	51.49	50.315	17.26	11.629	9.461	
860	51.66	51.374	50.206	17.206	11.667	9.4684	
861	51.558	51.259	50.099	17.177	11.615	9.3825	
862	51.457	51.144	49.992	17.215	11.595	9.3837	
863	51.356	51.03	49.886	17.205	11.644	9.3907	
864	51.255	50.917	49.78	17.208	11.589	9.387	
865	51.155	50.804	49.676	17.157	11.577	9.3165	
866	51.054	50.692	49.572	17.167	11.563	9.3468	
867	50.955	50.581	49.469	17.147	11.513	9.3459	
868	50.855	50.47	49.367	17.118	11.543	9.3501	
869	50.756	50.36	49.265	17.15	11.508	9.2901	
870	50.658	50.251	49.165	17.159	11.516	9.3057	
871	50.559	50.143	49.065	17.146	11.508	9.2767	
872	50.461	50.035	48.965	17.131	11.512	9.3136	
873	50.364	49.927	48.867	17.157	11.469	9.267	
874	50.267	49.821	48.769	17.129	11.488	9.2504	
875	50.17	49.715	48.672	17.111	11.474	9.2559	
876	50.073	49.609	48.575	17.115	11.465	9.2204	
877	49.977	49.505	48.479	17.112	11.46	9.2537	
878	49.882	49.401	48.384	17.083	11.444	9.2191	
879	49.786	49.297	48.29	17.079	11.432	9.1998	
880	49.691	49.194	48.196	17.071	11.421	9.1926	
881	49.597	49.092	48.103	17.069	11.417	9.1849	
882	49.502	48.99	48.011	17.067	11.412	9.1889	
883	49.409	48.889	47.919	17.063	11.408	9.1794	
884	49.315	48.789	47.828	17.061	11.404	9.1718	
885	49.222	48.689	47.737	17.061	11.396	9.1709	
886	49.13	48.59	47.647	17.056	11.388	9.1566	
887	49.037	48.491	47.558	17.046	11.371	9.1428	
888	48.945	48.393	47.469	17.044	11.364	9.1243	
889	48.854	48.296	47.381	17.031	11.351	9.1119	
890	48.763	48.199	47.294	17.018	11.337	9.0964	
891	48.672	48.103	47.207	17.012	11.328	9.0812	
892	48.582	48.007	47.121	17.01	11.316	9.0788	
893	48.492	47.912	47.035	17.003	11.31	9.0602	
894	48.402	47.817	46.95	16.991	11.308	9.0486	
895	48.313	47.723	46.866	16.999	11.303	9.0533	
896	48.224	47.63	46.782	16.989	11.29	9.0498	
897	48.136	47.537	46.698	16.989	11.285	9.0476	
898	48.047	47.445	46.615	16.987	11.282	9.0195	
899	47.96	47.353	46.533	16.979	11.268	9.0175	
900	47.872	47.262	46.451	16.966	11.258	8.9949	
901	47.786	47.171	46.37	16.947	11.247	8.9733	
902	47.699	47.081	46.29	16.948	11.229	8.9685	
903	47.613	46.991	46.209	16.945	11.226	8.9618	
904	47.527	46.902	46.13	16.94	11.217	8.9595	
905	47.442	46.813	46.051	16.932	11.215	8.9576	
906	47.357	46.725	45.972	16.934	11.21	8.9517	
907	47.272	46.637	45.894	16.929	11.206	8.9528	
908	47.188	46.55	45.816	16.931	11.194	8.9288	
909	47.104	46.463	45.739	16.916	11.183	8.9209	
910	47.02	46.377	45.663	16.902	11.167	8.91	
911	46.937	46.292	45.587	16.906	11.155	8.9055	
912	46.855	46.206	45.511	16.894	11.128	8.8691	
913	46.772	46.122	45.436	16.881	11.137	8.8493	
914	46.69	46.038	45.361	16.883	11.127	8.8511	
915	46.608	45.954	45.287	16.876	11.114	8.8449	
916	46.527	45.871	45.213	16.869	11.119	8.8435	
917	46.446	45.788	45.14	16.869	11.116	8.8377	
918	46.366	45.706	45.067	16.872	11.111	8.8326	
919	46.286	45.624	44.995	16.868	11.102	8.8198	
920	46.206	45.542	44.923	16.862	11.094	8.8106	
921	46.126	45.461	44.851	16.852	11.081	8.8013	
922	46.047	45.381	44.78	16.848	11.073	8.8045	
923	45.968	45.301	44.71	16.851	11.066	8.7956	
924	45.89	45.221	44.64	16.835	11.037	8.7695	
925	45.812	45.142	44.57	16.832	11.054	8.7564	
926	45.734	45.064	44.5	16.815	11.035	8.7417	
927	45.657	44.985	44.432	16.816	11.041	8.7315	
928	45.58	44.908	44.363	16.814	11.034	8.7362	
929	45.504	44.83	44.295	16.797	10.994	8.7477	
930	45.427	44.753	44.227	16.793	10.972	8.7269	
931	45.351	44.677	44.16	16.805	11.016	8.7154	
932	45.276	44.601	44.093	16.812	10.951	8.6826	
933	45.201	44.525	44.027	16.782	11.008	8.6791	
934	45.126	44.45	43.96	16.775	10.976	8.695	
935	45.051	44.375	43.895	16.773	10.978	8.6554	
936	44.977	44.3	43.829	16.753	10.941	8.6501	
937	44.903	44.226	43.764	16.753	10.935	8.6851	
938	44.83	44.153	43.7	16.783	10.944	8.6069	
939	44.757	44.079	43.635	16.761	10.933	8.6336	
940	44.684	44.006	43.572	16.766	10.894	8.6504	
941	44.611	43.934	43.508	16.76	10.92	8.6114	
942	44.539	43.862	43.445	16.739	10.886	8.5574	
943	44.467	43.79	43.382	16.715	10.91	8.5951	
944	44.396	43.719	43.32	16.717	10.929	8.5787	
945	44.325	43.648	43.258	16.744	10.893	8.5827	
946	44.254	43.577	43.196	16.743	10.888	8.5713	
947	44.183	43.507	43.135	16.722	10.888	8.5569	
948	44.113	43.437	43.074	16.718	10.861	8.5456	
949	44.043	43.368	43.013	16.708	10.84	8.5238	
950	43.974	43.299	42.952	16.702	10.832	8.5213	
951	43.904	43.23	42.892	16.691	10.851	8.5259	
952	43.835	43.162	42.833	16.683	10.844	8.5209	
953	43.767	43.094	42.773	16.694	10.825	8.4986	
954	43.699	43.026	42.714	16.695	10.819	8.5124	
955	43.631	42.959	42.656	16.682	10.807	8.4784	
956	43.563	42.892	42.597	16.663	10.812	8.4848	
957	43.496	42.825	42.539	16.664	10.803	8.5324	
958	43.428	42.759	42.481	16.644	10.785	8.4534	
959	43.362	42.693	42.424	16.666	10.771	8.4791	
960	43.295	42.627	42.366	16.678	10.753	8.4078	
961	43.229	42.562	42.31	16.673	10.778	8.3952	
962	43.163	42.497	42.253	16.661	10.689	8.3687	
963	43.098	42.432	42.197	16.62	10.712	8.4149	
964	43.032	42.368	42.141	16.649	10.748	8.3485	
965	42.968	42.304	42.085	16.617	10.733	8.3817	
966	42.903	42.24	42.03	16.628	10.753	8.359	
967	42.838	42.177	41.974	16.623	10.733	8.3919	
968	42.774	42.114	41.92	16.627	10.745	8.3832	
969	42.711	42.051	41.865	16.611	10.709	8.3707	
970	42.647	41.989	41.811	16.625	10.692	8.3925	
971	42.584	41.927	41.757	16.613	10.68	8.3706	
972	42.521	41.865	41.703	16.61	10.702	8.3492	
973	42.458	41.804	41.65	16.61	10.685	8.3224	
974	42.396	41.742	41.596	16.594	10.661	8.3374	
975	42.334	41.682	41.543	16.588	10.668	8.2816	
976	42.272	41.621	41.491	16.58	10.653	8.2972	
977	42.21	41.561	41.438	16.575	10.641	8.2843	
978	42.149	41.501	41.386	16.572	10.632	8.2858	
979	42.088	41.441	41.334	16.57	10.638	8.2719	
980	42.028	41.382	41.283	16.575	10.628	8.2724	
981	41.967	41.322	41.231	16.572	10.626	8.2804	
982	41.907	41.264	41.18	16.566	10.621	8.2707	
983	41.847	41.205	41.129	16.562	10.623	8.2828	
984	41.787	41.147	41.079	16.548	10.613	8.2676	
985	41.728	41.089	41.028	16.546	10.617	8.2362	
986	41.669	41.031	40.978	16.573	10.595	8.2584	
987	41.61	40.974	40.928	16.537	10.591	8.2149	
988	41.551	40.916	40.879	16.532	10.56	8.1936	
989	41.493	40.859	40.829	16.524	10.566	8.1933	
990	41.435	40.803	40.78	16.52	10.547	8.1876	
991	41.377	40.746	40.731	16.519	10.55	8.1676	
992	41.32	40.69	40.682	16.52	10.545	8.1802	
993	41.262	40.634	40.634	16.509	10.544	8.1739	
994	41.205	40.579	40.586	16.517	10.548	8.1768	
995	41.148	40.523	40.538	16.503	10.54	8.1619	
996	41.092	40.468	40.49	16.496	10.533	8.1554	
997	41.035	40.414	40.442	16.504	10.529	8.1444	
998	40.979	40.359	40.395	16.493	10.516	8.1417	
999	40.924	40.305	40.348	16.483	10.502	8.1776	
1000	40.868	40.25	40.301	16.5	10.478	8.1157	
1001	40.813	40.197	40.254	16.464	10.53	8.0949	
1002	40.757	40.143	40.207	16.485	10.51	8.0982	
1003	40.703	40.09	40.161	16.476	10.477	8.0989	
1004	40.648	40.037	40.115	16.475	10.443	8.0759	
1005	40.594	39.984	40.069	16.439	10.542	8.1117	
1006	40.539	39.931	40.023	16.467	10.428	8.1096	
1007	40.485	39.879	39.978	16.465	10.492	8.0327	
1008	40.432	39.826	39.932	16.449	10.484	8.0563	
1009	40.378	39.775	39.887	16.429	10.432	8.0496	
1010	40.325	39.723	39.842	16.466	10.451	8.0414	
1011	40.272	39.671	39.798	16.433	10.444	8.0428	
1012	40.219	39.62	39.753	16.438	10.431	8.0143	
1013	40.166	39.569	39.709	16.434	10.414	8.0082	
1014	40.114	39.518	39.665	16.435	10.394	8.0042	
1015	40.062	39.468	39.621	16.437	10.4	7.9932	
1016	40.01	39.417	39.577	16.413	10.402	8.087	
1017	39.958	39.367	39.534	16.395	10.365	7.9546	
1018	39.907	39.317	39.49	16.391	10.366	7.9748	
1019	39.856	39.267	39.447	16.377	10.349	7.938	
1020	39.805	39.218	39.404	16.428	10.409	7.9076	
1021	39.754	39.169	39.361	16.344	10.406	7.9482	
1022	39.703	39.12	39.319	16.399	10.335	7.9468	
1023	39.653	39.071	39.276	16.418	10.322	7.9437	
1024	39.602	39.022	39.234	16.374	10.301	7.9785	
1025	39.552	38.974	39.192	16.416	10.31	7.9159	
1026	39.503	38.925	39.15	16.38	10.359	7.8728	
1027	39.453	38.877	39.108	16.414	10.241	7.8987	
1028	39.404	38.829	39.067	16.371	10.339	7.8451	
1029	39.355	38.782	39.025	16.355	10.283	7.8299	
1030	39.306	38.734	38.984	16.359	10.328	7.903	
1031	39.257	38.687	38.943	16.422	10.333	7.9249	
1032	39.208	38.64	38.902	16.316	10.327	7.8632	
1033	39.16	38.593	38.861	16.382	10.287	7.887	
1034	39.112	38.546	38.821	16.356	10.309	7.8533	
1035	39.064	38.5	38.78	16.379	10.251	7.9231	
1036	39.016	38.454	38.74	16.253	10.285	7.8388	
1037	38.968	38.407	38.7	16.397	10.175	7.8035	
1038	38.921	38.362	38.66	16.319	10.24	7.9786	
1039	38.874	38.316	38.62	16.361	10.29	7.9209	
1040	38.827	38.27	38.58	16.298	10.088	7.8087	
1041	38.78	38.225	38.541	16.335	10.216	7.8567	
1042	38.733	38.18	38.502	16.445	10.238	7.6434	
1043	38.687	38.135	38.462	16.412	10.176	7.6925	
1044	38.64	38.09	38.423	16.267	10.268	7.7417	
1045	38.594	38.045	38.385	16.308	10.204	7.7873	
1046	38.548	38.001	38.346	16.204	10.35	7.5825	
1047	38.503	37.957	38.307	16.266	10.039	7.7932	
1048	38.457	37.912	38.269	16.229	10.157	7.8069	
1049	38.412	37.868	38.231	16.299	10.171	7.7236	
1050	38.367	37.825	38.192	16.276	10.083	7.8107	
1051	38.322	37.781	38.154	16.278	10.17	7.7396	
1052	38.277	37.738	38.117	16.273	10.161	7.7044	
1053	38.232	37.694	38.079	16.277	10.167	7.7231	
1054	38.188	37.651	38.041	16.277	10.148	7.7089	
1055	38.143	37.608	38.004	16.277	10.167	7.6972	
1056	38.099	37.566	37.967	16.273	10.135	7.687	
1057	38.055	37.523	37.93	16.269	10.153	7.6997	
1058	38.012	37.481	37.893	16.262	10.142	7.6709	
1059	37.968	37.438	37.856	16.247	10.134	7.6933	
1060	37.925	37.396	37.819	16.254	10.134	7.6648	
1061	37.881	37.354	37.782	16.263	10.116	7.6747	
1062	37.838	37.313	37.746	16.239	10.115	7.6648	
1063	37.795	37.271	37.71	16.235	10.098	7.6667	
1064	37.752	37.229	37.673	16.233	10.093	7.6472	
1065	37.71	37.188	37.637	16.225	10.087	7.629	
1066	37.667	37.147	37.601	16.232	10.086	7.618	
1067	37.625	37.106	37.565	16.223	10.089	7.6219	
1068	37.583	37.065	37.53	16.218	10.078	7.6284	
1069	37.541	37.024	37.494	16.223	10.054	7.6005	
1070	37.499	36.984	37.459	16.22	10.079	7.5985	
1071	37.458	36.943	37.423	16.218	10.063	7.599	
1072	37.416	36.903	37.388	16.202	10.065	7.5925	
1073	37.375	36.863	37.353	16.215	10.029	7.5661	
1074	37.334	36.823	37.318	16.199	10.044	7.5808	
1075	37.293	36.783	37.283	16.193	10.033	7.5517	
1076	37.252	36.744	37.249	16.201	10.022	7.5548	
1077	37.211	36.704	37.214	16.189	10.024	7.5511	
1078	37.17	36.665	37.18	16.185	10.008	7.5417	
1079	37.13	36.626	37.145	16.186	10.022	7.5314	
1080	37.09	36.586	37.111	16.186	10.011	7.5387	
1081	37.05	36.548	37.077	16.179	10.01	7.5348	
1082	37.01	36.509	37.043	16.172	10.007	7.5257	
1083	36.97	36.47	37.009	16.18	9.9947	7.5117	
1084	36.93	36.431	36.975	16.172	9.995	7.5129	
1085	36.891	36.393	36.942	16.166	9.9914	7.5014	
1086	36.851	36.355	36.908	16.171	9.9923	7.5038	
1087	36.812	36.317	36.875	16.156	9.9873	7.4945	
1088	36.773	36.279	36.841	16.166	9.9817	7.4997	
1089	36.734	36.241	36.808	16.159	9.9779	7.4821	
1090	36.695	36.203	36.775	16.158	9.9803	7.4881	
1091	36.657	36.165	36.742	16.153	9.9785	7.4853	
1092	36.618	36.128	36.709	16.144	9.9565	7.4715	
1093	36.58	36.091	36.676	16.148	9.9506	7.4729	
1094	36.542	36.053	36.644	16.141	9.9601	7.4722	
1095	36.504	36.016	36.611	16.15	9.9318	7.4483	
1096	36.466	35.979	36.579	16.144	9.9407	7.4519	
1097	36.428	35.943	36.546	16.13	9.9283	7.4383	
1098	36.39	35.906	36.514	16.124	9.9234	7.4168	
1099	36.352	35.869	36.482	16.123	9.9232	7.4195	
1100	36.315	35.833	36.45	16.113	9.9178	7.4139	
1101	36.278	35.797	36.418	16.124	9.9056	7.3964	
1102	36.241	35.76	36.386	16.116	9.8945	7.3888	
1103	36.204	35.724	36.354	16.109	9.8791	7.3797	
1104	36.167	35.688	36.323	16.105	9.888	7.3786	
1105	36.13	35.652	36.291	16.097	9.8862	7.3711	
1106	36.093	35.617	36.26	16.101	9.8753	7.3644	
1107	36.057	35.581	36.228	16.09	9.8672	7.3615	
1108	36.02	35.546	36.197	16.098	9.873	7.3533	
1109	35.984	35.51	36.166	16.089	9.8628	7.35	
1110	35.948	35.475	36.135	16.087	9.8562	7.3493	
1111	35.912	35.44	36.104	16.086	9.8575	7.3426	
1112	35.876	35.405	36.073	16.085	9.8439	7.3361	
1113	35.841	35.37	36.042	16.085	9.8491	7.3346	
1114	35.805	35.335	36.011	16.08	9.8466	7.3305	
1115	35.769	35.3	35.981	16.077	9.8484	7.3291	
1116	35.734	35.266	35.95	16.078	9.8409	7.3321	
1117	35.699	35.231	35.92	16.079	9.8416	7.3209	
1118	35.664	35.197	35.89	16.072	9.8334	7.3214	
1119	35.629	35.163	35.859	16.06	9.8347	7.3015	
1120	35.594	35.129	35.829	16.068	9.8313	7.2924	
1121	35.559	35.095	35.799	16.067	9.8176	7.2878	
1122	35.524	35.061	35.769	16.06	9.8063	7.2978	
1123	35.49	35.027	35.739	16.048	9.8069	7.2903	
1124	35.455	34.993	35.71	16.063	9.8076	7.2673	
1125	35.421	34.96	35.68	16.054	9.7979	7.2623	
1126	35.387	34.926	35.65	16.058	9.8085	7.2676	
1127	35.353	34.893	35.621	16.033	9.7894	7.2435	
1128	35.319	34.86	35.591	16.033	9.7801	7.246	
1129	35.285	34.826	35.562	16.039	9.78	7.2589	
1130	35.251	34.793	35.533	16.029	9.784	7.2303	
1131	35.218	34.76	35.503	16.028	9.7661	7.2327	
1132	35.184	34.728	35.474	16.029	9.7641	7.2224	
1133	35.151	34.695	35.445	16.022	9.7746	7.22	
1134	35.118	34.662	35.416	16.013	9.7404	7.2208	
1135	35.084	34.63	35.387	16.016	9.7516	7.1929	
1136	35.051	34.597	35.359	16.019	9.733	7.2045	
1137	35.018	34.565	35.33	16.012	9.7186	7.2018	
1138	34.986	34.532	35.301	16.011	9.7314	7.1817	
1139	34.953	34.5	35.273	16.007	9.7294	7.188	
1140	34.92	34.468	35.244	16	9.711	7.1734	
1141	34.888	34.436	35.216	16.013	9.7229	7.1701	
1142	34.855	34.404	35.188	16.009	9.7157	7.1425	
1143	34.823	34.373	35.159	15.991	9.7047	7.1754	
1144	34.791	34.341	35.131	15.991	9.6948	7.1627	
1145	34.759	34.309	35.103	15.994	9.7082	7.1617	
1146	34.727	34.278	35.075	15.991	9.6734	7.1488	
1147	34.695	34.246	35.047	15.987	9.6773	7.1375	
1148	34.663	34.215	35.019	15.993	9.6824	7.1398	
1149	34.631	34.184	34.992	15.982	9.6859	7.1336	
1150	34.6	34.153	34.964	15.971	9.6696	7.1285	
1151	34.568	34.122	34.936	15.973	9.6557	7.1144	
1152	34.537	34.091	34.909	15.974	9.6664	7.1066	
1153	34.506	34.06	34.881	15.967	9.6521	7.0941	
1154	34.475	34.029	34.854	15.961	9.6519	7.0958	
1155	34.443	33.999	34.827	15.966	9.6506	7.0979	
1156	34.412	33.968	34.799	15.955	9.6498	7.0837	
1157	34.382	33.938	34.772	15.955	9.6421	7.0727	
1158	34.351	33.907	34.745	15.956	9.6421	7.0731	
1159	34.32	33.877	34.718	15.96	9.6267	7.0708	
1160	34.29	33.847	34.691	15.957	9.628	7.0722	
1161	34.259	33.817	34.664	15.947	9.6061	7.0769	
1162	34.229	33.786	34.637	15.943	9.6372	7.0503	
1163	34.198	33.757	34.61	15.932	9.6109	7.0423	
1164	34.168	33.727	34.584	15.933	9.5892	7.0355	
1165	34.138	33.697	34.557	15.926	9.6021	7.0251	
1166	34.108	33.667	34.531	15.934	9.5923	7.0232	
1167	34.078	33.637	34.504	15.935	9.6092	7.0307	
1168	34.048	33.608	34.478	15.925	9.5875	7.0159	
1169	34.019	33.578	34.451	15.919	9.579	7.0094	
1170	33.989	33.549	34.425	15.923	9.5874	6.9969	
1171	33.959	33.52	34.399	15.918	9.5745	6.9927	
1172	33.93	33.491	34.373	15.915	9.5753	6.9904	
1173	33.901	33.461	34.346	15.913	9.572	6.9898	
1174	33.871	33.432	34.32	15.912	9.5717	6.9855	
1175	33.842	33.403	34.294	15.911	9.5671	6.9893	
1176	33.813	33.375	34.269	15.909	9.5553	6.9753	
1177	33.784	33.346	34.243	15.913	9.5548	6.9734	
1178	33.755	33.317	34.217	15.902	9.5491	6.9642	
1179	33.726	33.288	34.191	15.902	9.5544	6.9693	
1180	33.697	33.26	34.166	15.901	9.5467	6.9584	
1181	33.669	33.231	34.14	15.901	9.5467	6.9598	
1182	33.64	33.203	34.114	15.894	9.5385	6.9547	
1183	33.612	33.174	34.089	15.897	9.537	6.95	
1184	33.583	33.146	34.064	15.892	9.532	6.9421	
1185	33.555	33.118	34.038	15.883	9.531	6.946	
1186	33.527	33.09	34.013	15.885	9.5219	6.9289	
1187	33.499	33.062	33.988	15.884	9.5224	6.9354	
1188	33.471	33.034	33.963	15.877	9.523	6.9241	
1189	33.443	33.006	33.937	15.882	9.5084	6.9071	
1190	33.415	32.978	33.912	15.876	9.5137	6.9197	
1191	33.387	32.95	33.887	15.87	9.5099	6.9094	
1192	33.359	32.923	33.862	15.871	9.4961	6.8957	
1193	33.331	32.895	33.838	15.868	9.4961	6.8932	
1194	33.304	32.868	33.813	15.862	9.5027	6.9035	
1195	33.276	32.84	33.788	15.874	9.474	6.8908	
1196	33.249	32.813	33.763	15.86	9.4905	6.8699	
1197	33.222	32.786	33.739	15.862	9.4762	6.8911	
1198	33.194	32.758	33.714	15.852	9.4631	6.8864	
1199	33.167	32.731	33.69	15.851	9.477	6.8633	
1200	33.14	32.704	33.665	15.858	9.4625	6.8505	
1201	33.113	32.677	33.641	15.861	9.4796	6.8706	
1202	33.086	32.65	33.616	15.841	9.4636	6.8566	
1203	33.059	32.623	33.592	15.848	9.4582	6.8337	
1204	33.033	32.596	33.568	15.851	9.4464	6.8183	
1205	33.006	32.57	33.544	15.832	9.4472	6.8323	
1206	32.979	32.543	33.52	15.836	9.466	6.8321	
1207	32.953	32.516	33.496	15.846	9.4633	6.8204	
1208	32.926	32.49	33.472	15.832	9.4402	6.8124	
1209	32.9	32.463	33.448	15.836	9.4279	6.8174	
1210	32.873	32.437	33.424	15.829	9.4198	6.7981	
1211	32.847	32.41	33.4	15.824	9.4014	6.7811	
1212	32.821	32.384	33.376	15.822	9.4159	6.7865	
1213	32.795	32.358	33.352	15.831	9.4125	6.7945	
1214	32.769	32.332	33.329	15.818	9.422	6.771	
1215	32.743	32.306	33.305	15.827	9.4065	6.7776	
1216	32.717	32.28	33.281	15.816	9.3902	6.7962	
1217	32.691	32.254	33.258	15.82	9.3945	6.7799	
1218	32.666	32.228	33.234	15.792	9.3676	6.7812	
1219	32.64	32.202	33.211	15.814	9.3787	6.7488	
1220	32.614	32.176	33.187	15.812	9.3724	6.7566	
1221	32.589	32.151	33.164	15.792	9.3678	6.7577	
1222	32.563	32.125	33.141	15.806	9.4041	6.7482	
1223	32.538	32.099	33.118	15.808	9.3612	6.7497	
1224	32.513	32.074	33.094	15.802	9.3661	6.7322	
1225	32.487	32.048	33.071	15.793	9.3623	6.7376	
1226	32.462	32.023	33.048	15.803	9.3763	6.7294	
1227	32.437	31.998	33.025	15.81	9.3589	6.7325	
1228	32.412	31.972	33.002	15.774	9.3448	6.7237	
1229	32.387	31.947	32.979	15.767	9.3236	6.7278	
1230	32.362	31.922	32.956	15.774	9.3573	6.7086	
1231	32.338	31.897	32.933	15.796	9.3605	6.676	
1232	32.313	31.872	32.911	15.789	9.3331	6.7336	
1233	32.288	31.847	32.888	15.803	9.3612	6.6865	
1234	32.264	31.822	32.865	15.779	9.3636	6.7088	
1235	32.239	31.797	32.842	15.762	9.3504	6.6856	
1236	32.214	31.772	32.82	15.776	9.3508	6.7156	
1237	32.19	31.748	32.797	15.771	9.3581	6.6932	
1238	32.166	31.723	32.775	15.803	9.3178	6.7029	
1239	32.141	31.698	32.752	15.735	9.3726	6.7182	
1240	32.117	31.674	32.73	15.732	9.2717	6.6779	
1241	32.093	31.649	32.708	15.745	9.341	6.6356	
1242	32.069	31.625	32.685	15.735	9.3044	6.6996	
1243	32.045	31.601	32.663	15.764	9.3127	6.761	
1244	32.021	31.576	32.641	15.782	9.3076	6.6586	
1245	31.997	31.552	32.619	15.721	9.362	6.5928	
1246	31.973	31.528	32.596	15.748	9.298	6.6041	
1247	31.949	31.504	32.574	15.731	9.2333	6.6094	
1248	31.926	31.48	32.552	15.743	9.2731	6.5843	
1249	31.902	31.456	32.53	15.775	9.2931	6.6536	
1250	31.879	31.432	32.508	15.753	9.3398	6.5861	
1251	31.855	31.408	32.486	15.739	9.2561	6.6486	
1252	31.832	31.384	32.464	15.709	9.2021	6.5795	
1253	31.808	31.36	32.443	15.708	9.3079	6.5872	
1254	31.785	31.336	32.421	15.716	9.2289	6.5936	
1255	31.762	31.312	32.399	15.74	9.2415	6.623	
1256	31.738	31.289	32.377	15.719	9.2629	6.5966	
1257	31.715	31.265	32.356	15.717	9.2216	6.5567	
1258	31.692	31.242	32.334	15.725	9.2458	6.548	
1259	31.669	31.218	32.312	15.694	9.2312	6.5771	
1260	31.646	31.195	32.291	15.709	9.2387	6.553	
1261	31.623	31.171	32.269	15.706	9.2178	6.5473	
1262	31.6	31.148	32.248	15.689	9.2162	6.5425	
1263	31.578	31.125	32.227	15.706	9.2186	6.5313	
1264	31.555	31.101	32.205	15.682	9.2026	6.5444	
1265	31.532	31.078	32.184	15.708	9.2245	6.5324	
1266	31.51	31.055	32.163	15.696	9.2306	6.5176	
1267	31.487	31.032	32.141	15.709	9.2023	6.5414	
1268	31.465	31.009	32.12	15.714	9.2095	6.5453	
1269	31.442	30.986	32.099	15.701	9.2186	6.5538	
1270	31.42	30.963	32.078	15.696	9.198	6.5367	
1271	31.397	30.94	32.057	15.683	9.2039	6.5136	
1272	31.375	30.917	32.036	15.688	9.2189	6.5472	
1273	31.353	30.895	32.015	15.705	9.2243	6.5247	
1274	31.331	30.872	31.994	15.701	9.2005	6.5306	
1275	31.309	30.849	31.973	15.686	9.1823	6.4939	
1276	31.287	30.826	31.952	15.699	9.2087	6.5205	
1277	31.265	30.804	31.931	15.663	9.1993	6.5191	
1278	31.243	30.781	31.91	15.665	9.1892	6.5112	
1279	31.221	30.759	31.889	15.681	9.1589	6.4593	
1280	31.199	30.736	31.869	15.675	9.156	6.4798	
1281	31.177	30.714	31.848	15.682	9.1567	6.4748	
1282	31.155	30.692	31.827	15.676	9.169	6.4949	
1283	31.134	30.669	31.807	15.656	9.1537	6.4527	
1284	31.112	30.647	31.786	15.632	9.1916	6.4591	
1285	31.091	30.625	31.766	15.644	9.1608	6.4782	
1286	31.069	30.603	31.745	15.669	9.1557	6.4463	
1287	31.048	30.581	31.725	15.652	9.1412	6.4697	
1288	31.026	30.559	31.704	15.663	9.1606	6.4591	
1289	31.005	30.537	31.684	15.652	9.1422	6.4344	
1290	30.984	30.515	31.663	15.657	9.1551	6.4376	
1291	30.962	30.493	31.643	15.64	9.1345	6.4164	
1292	30.941	30.471	31.623	15.656	9.1345	6.4736	
1293	30.92	30.449	31.603	15.647	9.1239	6.4379	
1294	30.899	30.427	31.582	15.668	9.1578	6.4281	
1295	30.878	30.405	31.562	15.646	9.1369	6.3954	
1296	30.857	30.384	31.542	15.653	9.1292	6.3926	
1297	30.836	30.362	31.522	15.651	9.0942	6.4387	
1298	30.815	30.341	31.502	15.631	9.1357	6.4042	
1299	30.794	30.319	31.482	15.641	9.0837	6.373	
1300	30.774	30.297	31.462	15.624	9.1037	6.3995	
1301	30.753	30.276	31.442	15.641	9.126	6.3705	
1302	30.732	30.255	31.422	15.611	9.0799	6.4187	
1303	30.712	30.233	31.402	15.637	9.1245	6.3851	
1304	30.691	30.212	31.382	15.648	9.1135	6.3952	
1305	30.671	30.19	31.362	15.652	9.0861	6.3467	
1306	30.65	30.169	31.343	15.629	9.1235	6.3831	
1307	30.63	30.148	31.323	15.62	9.108	6.3954	
1308	30.609	30.127	31.303	15.613	9.0891	6.388	
1309	30.589	30.106	31.283	15.62	9.0991	6.3783	
1310	30.569	30.085	31.264	15.612	9.0767	6.3653	
1311	30.548	30.064	31.244	15.62	9.0461	6.3913	
1312	30.528	30.043	31.225	15.608	9.0606	6.3221	
1313	30.508	30.022	31.205	15.613	9.0866	6.3847	
1314	30.488	30.001	31.186	15.607	9.0596	6.3495	
1315	30.468	29.98	31.166	15.602	9.0327	6.3262	
1316	30.448	29.959	31.147	15.629	8.9941	6.3194	
1317	30.428	29.938	31.127	15.605	9.0557	6.3822	
1318	30.408	29.917	31.108	15.589	9.0545	6.3601	
1319	30.388	29.897	31.088	15.631	9.0479	6.354	
1320	30.368	29.876	31.069	15.574	9.0367	6.3584	
1321	30.349	29.856	31.05	15.612	9.0226	6.3347	
1322	30.329	29.835	31.031	15.601	8.9983	6.2378	
1323	30.309	29.814	31.011	15.554	9.0135	6.278	
1324	30.29	29.794	30.992	15.608	9.0519	6.2872	
1325	30.27	29.773	30.973	15.621	8.9865	6.3038	
1326	30.251	29.753	30.954	15.629	8.988	6.2721	
1327	30.231	29.733	30.935	15.6	9.0561	6.2622	
1328	30.212	29.712	30.916	15.561	8.9618	6.3632	
1329	30.192	29.692	30.897	15.563	8.9748	6.2771	
1330	30.173	29.672	30.878	15.621	9.0407	6.2531	
1331	30.154	29.651	30.859	15.566	9.0607	6.3246	
1332	30.134	29.631	30.84	15.561	8.9719	6.418	
1333	30.115	29.611	30.821	15.578	9.0236	6.2824	
1334	30.096	29.591	30.802	15.6	8.9906	6.2743	
1335	30.077	29.571	30.783	15.55	9.0051	6.153	
1336	30.058	29.551	30.764	15.537	9.0374	6.3185	
1337	30.039	29.531	30.746	15.618	8.9803	6.1591	
1338	30.02	29.511	30.727	15.535	9.048	6.2468	
1339	30.001	29.491	30.708	15.561	9.032	6.2708	
1340	29.982	29.471	30.69	15.593	9.0077	6.1586	
1341	29.963	29.451	30.671	15.666	8.8259	6.2786	
1342	29.944	29.432	30.652	15.575	8.9248	6.4947	
1343	29.925	29.412	30.634	15.64	9.0003	6.4568	
1344	29.907	29.392	30.615	15.52	9.0383	6.2736	
1345	29.888	29.372	30.597	15.567	9.1261	6.2256	
1346	29.869	29.353	30.578	15.405	8.8527	6.0078	
1347	29.851	29.333	30.56	15.559	9.1196	5.8337	
1348	29.832	29.313	30.541	15.504	9.1334	6.1728	
1349	29.813	29.294	30.523	15.419	9.278	6.2167	
1350	29.795	29.274	30.504	15.265	9.0644	6.2217	
1351	29.777	29.255	30.486	15.503	8.9301	5.9253	
1352	29.758	29.236	30.468	15.455	8.8241	6.3825	
1353	29.74	29.216	30.449	15.547	8.3823	6.2501	
1354	29.721	29.197	30.431	15.469	9.3073	6.3855	
1355	29.703	29.177	30.413	15.712	8.773	5.6078	
1356	29.685	29.158	30.395	15.648	9.1567	6.0752	
1357	29.667	29.139	30.376	15.444	9.0441	6.2724	
1358	29.649	29.12	30.358	16.248	9.371	6.3795	
1359	29.63	29.101	30.34	16.262	8.6908	6.918	
1426	28.5	27.889	29.185	15.655	9.2987	6.337	
1427	28.484	27.872	29.169	15.544	8.6458	6.0444	
1428	28.468	27.855	29.152	15.394	8.841	5.6434	
1429	28.453	27.838	29.136	15.638	8.6618	5.8162	
1430	28.437	27.821	29.12	15.645	8.8034	5.8313	
1431	28.422	27.804	29.103	15.324	8.9254	6.1083	
1432	28.406	27.787	29.087	15.558	8.5618	5.8907	
1433	28.39	27.77	29.071	15.35	8.5981	5.8503	
1434	28.375	27.754	29.054	15.504	8.9164	6.1849	
1435	28.359	27.737	29.038	15.523	8.856	5.7635	
1436	28.344	27.72	29.022	15.531	8.646	5.9371	
1437	28.329	27.703	29.006	15.437	8.9074	5.8618	
1438	28.313	27.686	28.99	15.329	8.6594	5.9473	
1439	28.298	27.67	28.973	15.448	8.7878	5.9026	
1440	28.283	27.653	28.957	15.332	8.7869	5.8234	
1441	28.267	27.636	28.941	15.418	8.6815	6.0523	
1442	28.252	27.62	28.925	15.471	8.6178	5.804	
1443	28.237	27.603	28.909	15.352	8.745	5.9607	
1444	28.222	27.586	28.893	15.461	8.7728	5.754	
1445	28.206	27.57	28.877	15.33	8.7337	5.8418	
1446	28.191	27.553	28.861	15.463	8.6349	5.8148	
1447	28.176	27.537	28.845	15.435	8.7027	5.7187	
1448	28.161	27.52	28.829	15.418	8.6759	5.8657	
1449	28.146	27.504	28.813	15.369	8.7286	5.8616	
1450	28.131	27.487	28.797	15.389	8.7223	5.7667	
1451	28.116	27.471	28.781	15.439	8.6835	5.8613	
1452	28.101	27.455	28.766	15.461	8.7416	5.9121	
1453	28.086	27.438	28.75	15.432	8.7434	5.9344	
1454	28.071	27.422	28.734	15.347	8.6775	5.7013	
1455	28.056	27.406	28.718	15.416	8.7501	5.778	
1456	28.041	27.389	28.702	15.442	8.7139	5.8162	
1457	28.027	27.373	28.686	15.384	8.5911	5.8161	
1458	28.012	27.357	28.671	15.382	8.7003	5.8269	
1459	27.997	27.341	28.655	15.364	8.5653	5.7475	
1460	27.982	27.324	28.639	15.406	8.6329	5.8577	
1461	27.968	27.308	28.624	15.425	8.6263	5.8131	
1462	27.953	27.292	28.608	15.392	8.6402	5.8205	
1463	27.938	27.276	28.592	15.378	8.6426	5.7707	
1464	27.924	27.26	28.577	15.356	8.6674	5.7556	
1465	27.909	27.244	28.561	15.367	8.7009	5.7782	
1466	27.894	27.228	28.545	15.362	8.5979	5.8152	
1467	27.88	27.212	28.53	15.382	8.6242	5.8072	
1468	27.865	27.196	28.514	15.351	8.6378	5.7845	
1469	27.851	27.18	28.499	15.375	8.6157	5.7777	
1470	27.836	27.164	28.483	15.368	8.6027	5.7829	
1471	27.822	27.148	28.468	15.371	8.6274	5.7814	
1472	27.808	27.132	28.452	15.372	8.6286	5.7604	
1473	27.793	27.116	28.437	15.361	8.64	5.7729	
1474	27.779	27.101	28.422	15.364	8.6233	5.7729	
1475	27.765	27.085	28.406	15.367	8.6216	5.7631	
1476	27.75	27.069	28.391	15.361	8.6167	5.7547	
1477	27.736	27.053	28.375	15.367	8.6407	5.7684	
1478	27.722	27.037	28.36	15.372	8.6251	5.7501	
1479	27.708	27.022	28.345	15.364	8.6199	5.7574	
1480	27.693	27.006	28.329	15.365	8.6238	5.7479	
1481	27.679	26.99	28.314	15.366	8.6113	5.7261	
1482	27.665	26.975	28.299	15.361	8.6283	5.7517	
1483	27.651	26.959	28.284	15.362	8.62	5.7472	
1484	27.637	26.944	28.268	15.378	8.6195	5.7384	
1485	27.623	26.928	28.253	15.355	8.6304	5.737	
1486	27.609	26.912	28.238	15.356	8.5946	5.6973	
1487	27.595	26.897	28.223	15.348	8.6228	5.7008	
1488	27.581	26.881	28.208	15.36	8.6145	5.7232	
1489	27.567	26.866	28.193	15.361	8.6151	5.7038	
1490	27.553	26.85	28.177	15.362	8.5895	5.747	
1491	27.539	26.835	28.162	15.345	8.6053	5.698	
1492	27.525	26.82	28.147	15.351	8.5961	5.7165	
1493	27.511	26.804	28.132	15.341	8.5614	5.7088	
1494	27.497	26.789	28.117	15.341	8.5719	5.697	
1495	27.484	26.773	28.102	15.332	8.5697	5.6877	
1496	27.47	26.758	28.087	15.36	8.6007	5.7053	
1497	27.456	26.743	28.072	15.331	8.5842	5.694	
1498	27.442	26.728	28.057	15.364	8.5808	5.6957	
1499	27.429	26.712	28.042	15.346	8.5729	5.7135	
1500	27.415	26.697	28.027	15.338	8.5688	5.6944	
1501	27.401	26.682	28.012	15.324	8.5615	5.6481	
1502	27.388	26.667	27.997	15.341	8.5663	5.6767	
1503	27.374	26.652	27.983	15.337	8.5858	5.6658	
1504	27.36	26.636	27.968	15.331	8.5525	5.6375	
1505	27.347	26.621	27.953	15.336	8.5556	5.6753	
1506	27.333	26.606	27.938	15.327	8.5511	5.6423	
1507	27.32	26.591	27.923	15.311	8.5398	5.6658	
1508	27.306	26.576	27.909	15.308	8.5416	5.6703	
1509	27.293	26.561	27.894	15.345	8.5427	5.6533	
1510	27.279	26.546	27.879	15.333	8.5601	5.6374	
1511	27.266	26.531	27.864	15.339	8.555	5.6471	
1512	27.253	26.516	27.85	15.33	8.5822	5.6517	
1513	27.239	26.501	27.835	15.364	8.5032	5.6648	
1514	27.226	26.486	27.82	15.322	8.5396	5.6835	
1515	27.213	26.471	27.806	15.295	8.5603	5.6483	
1516	27.199	26.456	27.791	15.318	8.5056	5.6522	
1517	27.186	26.441	27.776	15.315	8.5658	5.6102	
1518	27.173	26.427	27.762	15.295	8.5482	5.6359	
1519	27.16	26.412	27.747	15.297	8.5464	5.6432	
1520	27.146	26.397	27.732	15.291	8.534	5.6375	
1521	27.133	26.382	27.718	15.314	8.4871	5.5673	
1522	27.12	26.368	27.703	15.294	8.5187	5.5965	
1523	27.107	26.353	27.689	15.298	8.5355	5.6022	
1524	27.094	26.338	27.674	15.33	8.5488	5.6586	
1525	27.081	26.323	27.66	15.314	8.5414	5.6269	
1526	27.068	26.309	27.645	15.292	8.5151	5.6013	
1527	27.055	26.294	27.631	15.3	8.528	5.6024	
1528	27.042	26.279	27.617	15.288	8.5465	5.6141	
1529	27.029	26.265	27.602	15.293	8.4942	5.5902	
1530	27.016	26.25	27.588	15.303	8.5058	5.6026	
1531	27.003	26.236	27.573	15.28	8.4914	5.604	
1532	26.99	26.221	27.559	15.308	8.4916	5.603	
1533	26.977	26.207	27.545	15.284	8.4702	5.5967	
1534	26.964	26.192	27.53	15.305	8.4793	5.6376	
1535	26.951	26.178	27.516	15.298	8.4926	5.5712	
1536	26.939	26.163	27.502	15.276	8.4891	5.5791	
1537	26.926	26.149	27.487	15.283	8.4941	5.5846	
1538	26.913	26.134	27.473	15.277	8.5252	5.5789	
1539	26.9	26.12	27.459	15.294	8.4816	5.577	
1540	26.887	26.106	27.445	15.287	8.4628	5.578	
1541	26.875	26.091	27.43	15.275	8.4525	5.5494	
1542	26.862	26.077	27.416	15.281	8.4651	5.5754	
1543	26.849	26.062	27.402	15.279	8.4722	5.544	
1544	26.837	26.048	27.388	15.282	8.4897	5.5788	
1545	26.824	26.034	27.374	15.263	8.493	5.5536	
1546	26.811	26.02	27.36	15.278	8.4662	5.5539	
1547	26.799	26.005	27.346	15.274	8.4734	5.5453	
1548	26.786	25.991	27.331	15.277	8.4642	5.5399	
1549	26.774	25.977	27.317	15.277	8.4838	5.5347	
1550	26.761	25.963	27.303	15.282	8.4621	5.5433	
1551	26.749	25.949	27.289	15.26	8.4848	5.5405	
1552	26.736	25.934	27.275	15.272	8.4641	5.5476	
1553	26.724	25.92	27.261	15.253	8.4528	5.5522	
1554	26.711	25.906	27.247	15.262	8.4672	5.5335	
1555	26.699	25.892	27.233	15.281	8.442	5.52	
1556	26.687	25.878	27.219	15.259	8.4567	5.5561	
1557	26.674	25.864	27.205	15.253	8.4481	5.5181	
1558	26.662	25.85	27.191	15.256	8.4504	5.5207	
1559	26.65	25.836	27.177	15.276	8.4324	5.4932	
1560	26.637	25.822	27.163	15.271	8.4614	5.517	
1561	26.625	25.808	27.15	15.28	8.463	5.5073	
1562	26.613	25.794	27.136	15.286	8.4263	5.5184	
1563	26.6	25.78	27.122	15.246	8.4494	5.5213	
1564	26.588	25.766	27.108	15.253	8.4738	5.4959	
1565	26.576	25.752	27.094	15.26	8.475	5.4892	
1566	26.564	25.738	27.08	15.25	8.4211	5.471	
1567	26.552	25.725	27.067	15.272	8.4036	5.5013	
1568	26.539	25.711	27.053	15.254	8.4459	5.5132	
1569	26.527	25.697	27.039	15.273	8.4673	5.5183	
1570	26.515	25.683	27.025	15.258	8.4541	5.5109	
1571	26.503	25.669	27.012	15.251	8.43	5.5032	
1572	26.491	25.656	26.998	15.247	8.4216	5.516	
1573	26.479	25.642	26.984	15.253	8.4038	5.4898	
1574	26.467	25.628	26.97	15.271	8.4254	5.4739	
1575	26.455	25.614	26.957	15.231	8.4078	5.4942	
1576	26.443	25.601	26.943	15.249	8.3978	5.4296	
1577	26.431	25.587	26.929	15.217	8.3749	5.4756	
1578	26.419	25.573	26.916	15.237	8.4288	5.4607	
1579	26.407	25.56	26.902	15.228	8.4205	5.4795	
1580	26.395	25.546	26.889	15.239	8.3869	5.4487	
1581	26.383	25.532	26.875	15.234	8.4189	5.4105	
1582	26.372	25.519	26.861	15.257	8.4008	5.48	
1583	26.36	25.505	26.848	15.226	8.4345	5.4544	
1584	26.348	25.492	26.834	15.259	8.3606	5.4227	
1585	26.336	25.478	26.821	15.244	8.4289	5.4566	
1586	26.324	25.465	26.807	15.233	8.3734	5.502	
1587	26.313	25.451	26.794	15.238	8.4237	5.4611	
1588	26.301	25.438	26.78	15.245	8.3774	5.3926	
1589	26.289	25.424	26.767	15.215	8.3875	5.4566	
1590	26.277	25.411	26.753	15.228	8.3519	5.4219	
1591	26.266	25.397	26.74	15.219	8.3652	5.442	
1592	26.254	25.384	26.727	15.22	8.4063	5.4059	
1593	26.242	25.371	26.713	15.242	8.3902	5.4055	
1594	26.231	25.357	26.7	15.227	8.3533	5.4718	
1595	26.219	25.344	26.686	15.251	8.3693	5.388	
1596	26.208	25.331	26.673	15.218	8.396	5.4089	
1597	26.196	25.317	26.66	15.224	8.3787	5.4234	
1598	26.184	25.304	26.646	15.233	8.3674	5.3693	
1599	26.173	25.291	26.633	15.229	8.3583	5.4027	
1600	26.161	25.277	26.62	15.215	8.372	5.3582	
1601	26.15	25.264	26.607	15.245	8.3609	5.4297	
1602	26.138	25.251	26.593	15.238	8.3485	5.3855	
1603	26.127	25.238	26.58	15.243	8.3307	5.3756	
1604	26.116	25.225	26.567	15.231	8.3665	5.3766	
1605	26.104	25.211	26.554	15.219	8.355	5.4195	
1606	26.093	25.198	26.54	15.218	8.3515	5.381	
1607	26.081	25.185	26.527	15.236	8.3546	5.3807	
1608	26.07	25.172	26.514	15.198	8.3743	5.3834	
1609	26.059	25.159	26.501	15.209	8.3542	5.3865	
1610	26.047	25.146	26.488	15.217	8.3669	5.3679	
1611	26.036	25.133	26.474	15.223	8.3448	5.3933	
1612	26.025	25.12	26.461	15.243	8.3307	5.3638	
1613	26.013	25.107	26.448	15.178	8.3644	5.3728	
1614	26.002	25.094	26.435	15.202	8.361	5.4227	
1615	25.991	25.081	26.422	15.227	8.3397	5.3958	
1616	25.98	25.068	26.409	15.22	8.3127	5.3666	
1617	25.968	25.055	26.396	15.246	8.3553	5.3936	
1618	25.957	25.042	26.383	15.226	8.3236	5.3726	
1619	25.946	25.029	26.37	15.199	8.3466	5.3731	
1620	25.935	25.016	26.357	15.181	8.3603	5.3781	
1621	25.924	25.003	26.344	15.208	8.3253	5.3494	
1622	25.913	24.99	26.331	15.178	8.3112	5.3902	
1623	25.902	24.977	26.318	15.171	8.3181	5.3343	
1624	25.891	24.964	26.305	15.213	8.3478	5.3601	
1625	25.88	24.951	26.292	15.221	8.3268	5.3138	
1626	25.868	24.939	26.279	15.189	8.3195	5.3457	
1627	25.857	24.926	26.266	15.194	8.2845	5.3273	
1628	25.846	24.913	26.253	15.187	8.3499	5.3401	
1629	25.835	24.9	26.24	15.19	8.342	5.3735	
1630	25.824	24.887	26.227	15.179	8.3391	5.3371	
1631	25.813	24.875	26.214	15.173	8.3154	5.3855	
1632	25.803	24.862	26.202	15.186	8.35	5.3166	
1633	25.792	24.849	26.189	15.203	8.3497	5.3381	
1634	25.781	24.836	26.176	15.171	8.297	5.3258	
1635	25.77	24.824	26.163	15.194	8.3312	5.3287	
1636	25.759	24.811	26.15	15.188	8.3212	5.3036	
1637	25.748	24.798	26.138	15.199	8.3059	5.3668	
1638	25.737	24.786	26.125	15.222	8.2801	5.3259	
1639	25.727	24.773	26.112	15.182	8.3194	5.2974	
1640	25.716	24.761	26.099	15.173	8.2818	5.3281	
1641	25.705	24.748	26.087	15.175	8.354	5.2891	
1642	25.694	24.735	26.074	15.205	8.2703	5.335	
1643	25.683	24.723	26.061	15.19	8.3112	5.2849	
1644	25.673	24.71	26.048	15.187	8.2906	5.3078	
1645	25.662	24.698	26.036	15.188	8.2927	5.329	
1646	25.651	24.685	26.023	15.208	8.31	5.2496	
1647	25.641	24.673	26.01	15.15	8.3281	5.3322	
1648	25.63	24.66	25.998	15.196	8.214	5.2562	
1649	25.619	24.648	25.985	15.203	8.3041	5.32	
1650	25.609	24.635	25.973	15.183	8.3097	5.3172	
1651	25.598	24.623	25.96	15.183	8.2823	5.2789	
1652	25.587	24.611	25.947	15.167	8.2903	5.2806	
1653	25.577	24.598	25.935	15.222	8.273	5.3132	
1654	25.566	24.586	25.922	15.187	8.2721	5.3	
1655	25.556	24.573	25.91	15.181	8.3124	5.2674	
1656	25.545	24.561	25.897	15.178	8.2858	5.2886	
1657	25.535	24.549	25.885	15.182	8.2736	5.2715	
1658	25.524	24.536	25.872	15.168	8.2909	5.2684	
1659	25.514	24.524	25.86	15.198	8.2389	5.2994	
1660	25.503	24.512	25.847	15.134	8.2013	5.3163	
1661	25.493	24.5	25.835	15.18	8.22	5.277	
1662	25.482	24.487	25.822	15.141	8.2754	5.2561	
1663	25.472	24.475	25.81	15.16	8.3068	5.3083	
1664	25.462	24.463	25.797	15.139	8.2076	5.1903	
1665	25.451	24.451	25.785	15.134	8.2768	5.2901	
1666	25.441	24.438	25.772	15.203	8.2376	5.2267	
1667	25.43	24.426	25.76	15.116	8.178	5.2636	
1668	25.42	24.414	25.748	15.094	8.2587	5.2816	
1669	25.41	24.402	25.735	15.177	8.2221	5.1642	
1670	25.399	24.39	25.723	15.177	8.3188	5.28	
1671	25.389	24.378	25.711	15.144	8.2985	5.1962	
1672	25.379	24.365	25.698	15.205	8.2434	5.1552	
1673	25.369	24.353	25.686	15.194	8.2671	5.2595	
1674	25.358	24.341	25.674	15.196	8.273	5.2443	
1675	25.348	24.329	25.661	15.123	8.1082	5.2754	
1676	25.338	24.317	25.649	15.177	8.2951	5.2414	
1677	25.328	24.305	25.637	15.141	8.2686	5.3115	
1678	25.317	24.293	25.625	15.131	8.1656	5.2901	
1679	25.307	24.281	25.612	15.153	8.2106	5.2576	
1680	25.297	24.269	25.6	15.136	8.2649	5.3272	
1681	25.287	24.257	25.588	15.15	8.3289	5.2473	
1682	25.277	24.245	25.576	15.105	8.2398	5.2015	
1683	25.267	24.233	25.563	15.132	8.2922	5.1972	
1684	25.257	24.221	25.551	15.112	8.2552	5.3479	
1685	25.247	24.209	25.539	15.14	8.0623	5.0309	
1686	25.237	24.197	25.527	15.254	8.287	5.2897	
1687	25.227	24.185	25.515	15.066	8.3556	5.4453	
1688	25.217	24.174	25.503	15.075	8.27	5.2045	
1689	25.207	24.162	25.491	15.151	8.2085	5.0922	
1690	25.196	24.15	25.478	15.044	8.425	5.2279	
1691	25.187	24.138	25.466	15.226	8.1621	5.1941	
1692	25.177	24.126	25.454	15.228	8.4692	5.2754	
1693	25.167	24.114	25.442	14.99	8.3545	5.5722	
1694	25.157	24.102	25.43	14.9	8.082	5.2263	
1695	25.147	24.091	25.418	15.192	8.4939	5.4261	
1696	25.137	24.079	25.406	15.082	8.2301	5.4347	
1697	25.127	24.067	25.394	15.142	8.3357	5.437	
1698	25.117	24.055	25.382	14.719	8.2576	4.9981	
1699	25.107	24.044	25.37	14.916	8.6842	5.3629	
1700	25.097	24.032	25.358	14.932	8.1696	5.1826	
