	65	70	75	65	70	75	
300	37.245	38.299	40.199	37.511	37.209	37.514	
301	37.417	38.606	40.588	37.295	36.907	37.453	
302	37.614	38.94	41.003	37.087	36.772	37.279	
303	37.837	39.3	41.448	37.019	36.553	37.024	
304	38.085	39.69	41.925	36.99	36.489	37.052	
305	38.36	40.109	42.436	36.884	36.423	36.867	
306	38.662	40.559	42.986	36.614	36.185	36.77	
307	38.99	41.043	43.579	36.511	36.277	36.641	
308	39.346	41.562	44.219	36.334	36.128	36.541	
309	39.731	42.119	44.911	36.365	35.959	36.377	
310	40.145	42.716	45.661	36.171	35.873	36.379	
311	40.591	43.357	46.476	36.159	35.715	36.319	
312	41.069	44.046	47.362	36.209	35.719	36.207	
313	41.581	44.785	48.328	35.89	35.526	36.139	
314	42.129	45.58	49.383	35.955	35.547	35.953	
315	42.715	46.435	50.536	35.892	35.364	35.909	
316	43.341	47.355	51.797	35.798	35.418	35.815	
317	44.009	48.344	53.177	35.661	35.298	35.754	
318	44.721	49.407	54.687	35.561	35.153	35.59	
319	45.48	50.55	56.337	35.518	35.053	35.611	
320	46.287	51.777	58.138	35.535	35.035	35.459	
321	47.145	53.092	60.098	35.427	34.977	35.375	
322	48.056	54.497	62.224	35.393	34.901	35.332	
323	49.02	55.995	64.519	35.355	34.78	35.278	
324	50.038	57.584	66.979	35.23	34.786	35.152	
325	51.11	59.26	69.594	35.241	34.578	35.091	
326	52.235	61.014	72.345	35.155	34.568	35.032	
327	53.41	62.834	75.194	35.062	34.546	34.927	
328	54.629	64.696	78.077	35.028	34.498	34.847	
329	55.886	66.571	80.87	34.999	34.432	34.774	
330	57.172	68.413	83.295	35.011	34.459	34.767	
331	58.471	70.164	84.69	34.888	34.365	34.712	
332	59.769	71.746	84.229	34.842	34.23	34.555	
333	61.043	73.065	82.291	34.885	34.182	34.577	
334	62.267	74.02	79.761	34.798	34.161	34.525	
335	63.411	74.52	77.075	34.731	34.097	34.447	
336	64.443	74.516	74.404	34.609	34.041	34.358	
337	65.326	74.02	71.826	34.687	34.006	34.353	
338	66.027	73.102	69.378	34.632	33.962	34.303	
339	66.516	71.861	67.078	34.529	33.832	34.23	
340	66.772	70.399	64.932	34.579	33.724	34.179	
341	66.786	68.805	62.942	34.486	33.766	34.165	
342	66.562	67.145	61.102	34.466	33.725	34.1	
343	66.117	65.471	59.406	34.549	33.733	34.023	
344	65.477	63.818	57.844	34.521	33.702	33.95	
345	64.675	62.21	56.408	34.424	33.661	33.933	
346	63.745	60.663	55.088	34.455	33.622	33.892	
347	62.721	59.186	53.873	34.458	33.593	33.865	
348	61.631	57.785	52.756	34.377	33.616	33.812	
349	60.504	56.461	51.726	34.389	33.625	33.81	
350	59.359	55.214	50.776	34.388	33.625	33.767	
351	58.215	54.042	49.899	34.35	33.524	33.743	
352	57.083	52.942	49.088	34.396	33.574	33.8	
353	55.974	51.911	48.335	34.351	33.52	33.614	
354	54.895	50.943	47.635	34.458	33.583	33.722	
355	53.851	50.035	46.984	34.599	33.444	33.575	
356	52.845	49.182	46.375	34.579	33.535	33.58	
357	51.878	48.38	45.804	34.514	33.694	33.653	
358	50.952	47.626	45.268	34.45	33.599	33.561	
359	50.067	46.915	44.762	34.557	33.626	33.604	
360	49.224	46.244	44.282	34.568	33.602	33.533	
361	48.421	45.61	43.826	34.519	33.534	33.614	
362	47.659	45.009	43.389	34.468	33.471	33.318	
363	46.937	44.439	42.97	34.502	33.373	33.27	
364	46.252	43.896	42.563	34.485	33.406	33.141	
365	45.603	43.377	42.168	34.48	33.239	33.257	
366	44.987	42.879	41.78	34.43	33.18	32.916	
367	44.401	42.398	41.398	34.217	33.026	32.627	
368	43.841	41.932	41.019	34.2	33.006	32.484	
369	43.304	41.477	40.641	34.034	32.568	32.257	
370	42.789	41.033	40.263	33.841	32.395	31.955	
371	42.291	40.597	39.885	33.737	32.227	31.762	
372	41.811	40.168	39.506	33.555	32.089	31.437	
373	41.345	39.746	39.126	33.39	31.779	31.262	
374	40.892	39.33	38.746	33.076	31.523	30.992	
375	40.452	38.918	38.364	32.972	31.289	30.557	
376	40.023	38.512	37.982	32.744	31.026	30.281	
377	39.604	38.11	37.598	32.512	30.758	29.935	
378	39.196	37.713	37.215	32.361	30.452	29.755	
379	38.797	37.322	36.832	32.152	30.302	29.525	
380	38.408	36.934	36.448	31.847	30.094	29.22	
381	38.026	36.55	36.064	31.78	29.805	28.874	
382	37.653	36.17	35.679	31.618	29.702	28.718	
383	37.287	35.794	35.294	31.407	29.37	28.494	
384	36.928	35.42	34.908	31.178	29.194	28.195	
385	36.577	35.051	34.523	31.074	29.021	28.069	
386	36.233	34.687	34.138	30.864	28.789	27.848	
387	35.896	34.325	33.753	30.652	28.633	27.637	
388	35.566	33.967	33.367	30.583	28.41	27.476	
389	35.241	33.612	32.981	30.461	28.307	27.256	
390	34.923	33.26	32.595	30.26	28.108	27.05	
391	34.612	32.913	32.21	30.191	27.915	26.895	
392	34.308	32.57	31.825	29.981	27.735	26.665	
393	34.009	32.23	31.441	29.878	27.587	26.582	
394	33.716	31.893	31.056	29.682	27.397	26.4	
395	33.429	31.559	30.67	29.63	27.355	26.298	
396	33.147	31.229	30.286	29.422	27.142	26.077	
397	32.872	30.903	29.902	29.335	27.036	25.925	
398	32.602	30.58	29.517	29.275	26.882	25.776	
399	32.336	30.259	29.131	29.093	26.69	25.637	
400	32.075	29.94	28.745	29.072	26.6	25.423	
401	31.82	29.626	28.359	28.922	26.451	25.337	
402	31.57	29.313	27.972	28.768	26.379	25.181	
403	31.323	29.003	27.583	28.682	26.196	25.041	
404	31.08	28.694	27.192	28.573	26.143	24.894	
405	30.841	28.388	26.801	28.511	25.929	24.83	
406	30.606	28.084	26.409	28.418	25.831	24.647	
407	30.375	27.781	26.014	28.306	25.691	24.585	
408	30.147	27.48	25.618	28.204	25.67	24.441	
409	29.922	27.181	25.22	28.091	25.533	24.21	
410	29.701	26.884	24.821	28.031	25.423	24.179	
411	29.483	26.588	24.42	27.868	25.362	24.088	
412	29.267	26.293	24.016	27.819	25.199	23.977	
413	29.055	26.001	23.612	27.751	25.068	23.815	
414	28.846	25.71	23.205	27.647	25.046	23.779	
415	28.639	25.42	22.797	27.567	24.906	23.666	
416	28.435	25.131	22.387	27.436	24.81	23.564	
417	28.234	24.845	21.977	27.395	24.667	23.442	
418	28.035	24.561	21.564	27.242	24.576	23.314	
419	27.839	24.277	21.151	27.24	24.539	23.278	
420	27.646	23.996	20.736	27.177	24.391	23.051	
421	27.455	23.717	20.321	26.993	24.277	23.05	
422	27.267	23.44	19.904	27.016	24.164	22.99	
423	27.082	23.165	19.487	26.934	24.088	22.879	
424	26.899	22.892	19.07	26.867	24.049	22.714	
425	26.718	22.621	18.652	26.755	23.89	22.644	
426	26.54	22.353	18.234	26.651	23.86	22.58	
427	26.365	22.087	17.816	26.553	23.755	22.538	
428	26.192	21.824	17.398	26.479	23.663	22.372	
429	26.022	21.563	16.981	26.519	23.569	22.282	
430	25.855	21.305	16.564	26.369	23.426	22.284	
431	25.69	21.05	16.149	26.264	23.503	22.162	
432	25.527	20.797	15.734	26.276	23.311	21.984	
433	25.367	20.549	15.321	26.141	23.339	21.941	
434	25.21	20.303	14.91	26.086	23.175	21.795	
435	25.055	20.061	14.5	26.006	23.033	21.804	
436	24.903	19.822	14.094	25.973	22.899	21.543	
437	24.753	19.587	13.689	25.893	22.922	21.617	
438	24.606	19.355	13.288	25.872	22.893	21.469	
439	24.462	19.128	12.89	25.71	22.818	21.435	
440	24.32	18.904	12.495	25.695	22.639	21.343	
441	24.18	18.684	12.105	25.63	22.648	21.261	
442	24.044	18.469	11.72	25.588	22.648	21.104	
443	23.91	18.258	11.339	25.507	22.442	21.184	
444	23.779	18.052	10.965	25.556	22.424	20.985	
445	23.65	17.85	10.596	25.392	22.277	20.91	
446	23.524	17.653	10.234	25.234	22.293	20.863	
447	23.401	17.461	9.88	25.292	22.112	20.749	
448	23.28	17.274	9.5339	25.195	22.141	20.723	
449	23.162	17.092	9.1969	25.183	22.026	20.627	
450	23.047	16.915	8.8702	25.118	21.916	20.654	
451	22.934	16.744	8.5539	25.118	21.857	20.554	
452	22.825	16.578	8.2501	25.026	21.784	20.444	
453	22.718	16.418	7.9592	24.922	21.755	20.443	
454	22.613	16.263	7.6826	24.835	21.684	20.273	
455	22.511	16.114	7.4219	24.769	21.671	20.279	
456	22.412	15.971	7.1778	24.72	21.58	20.095	
457	22.316	15.834	6.9527	24.709	21.546	20.092	
458	22.222	15.703	6.7472	24.66	21.441	20.062	
459	22.131	15.578	6.5631	24.663	21.481	19.975	
460	22.043	15.46	6.4019	24.545	21.331	19.906	
461	21.957	15.347	6.2643	24.62	21.233	19.818	
462	21.875	15.241	6.1525	24.431	21.183	19.772	
463	21.794	15.141	6.0662	24.46	21.21	19.722	
464	21.717	15.047	6.0067	24.327	21.031	19.609	
465	21.642	14.96	5.974	24.36	21.017	19.608	
466	21.57	14.879	5.9677	24.267	20.954	19.454	
467	21.5	14.805	5.9879	24.206	20.854	19.484	
468	21.433	14.737	6.033	24.17	20.799	19.396	
469	21.369	14.675	6.1028	24.092	20.77	19.34	
470	21.307	14.62	6.1949	24.061	20.699	19.193	
471	21.248	14.571	6.3085	24.012	20.652	19.217	
472	21.192	14.528	6.4414	23.934	20.679	19.142	
473	21.138	14.491	6.592	23.947	20.517	19.035	
474	21.086	14.461	6.7589	23.908	20.509	19.076	
475	21.037	14.437	6.9397	23.846	20.472	18.955	
476	20.991	14.418	7.1337	23.824	20.439	18.928	
477	20.947	14.406	7.3385	23.74	20.279	18.806	
478	20.906	14.399	7.5535	23.684	20.28	18.775	
479	20.866	14.398	7.7767	23.667	20.197	18.72	
480	20.83	14.403	8.0076	23.599	20.142	18.638	
481	20.796	14.413	8.2446	23.572	20.093	18.615	
482	20.764	14.428	8.487	23.495	20.1	18.561	
483	20.734	14.449	8.734	23.543	20.037	18.524	
484	20.707	14.474	8.9847	23.447	19.952	18.437	
485	20.682	14.505	9.2386	23.405	19.904	18.479	
486	20.659	14.541	9.4949	23.388	19.787	18.36	
487	20.639	14.581	9.7532	23.308	19.783	18.254	
488	20.621	14.625	10.013	23.318	19.714	18.213	
489	20.605	14.674	10.274	23.228	19.691	18.178	
490	20.591	14.727	10.535	23.239	19.606	18.185	
491	20.579	14.785	10.797	23.162	19.598	18.078	
492	20.569	14.846	11.059	23.125	19.513	18.036	
493	20.562	14.911	11.321	23.098	19.505	17.975	
494	20.556	14.979	11.582	23.049	19.475	17.976	
495	20.553	15.052	11.843	23.039	19.452	17.877	
496	20.551	15.127	12.103	22.991	19.38	17.876	
497	20.551	15.206	12.362	22.952	19.303	17.874	
498	20.553	15.288	12.619	22.922	19.281	17.787	
499	20.558	15.372	12.876	22.888	19.204	17.73	
500	20.563	15.46	13.131	22.873	19.164	17.653	
501	20.571	15.55	13.384	22.799	19.155	17.607	
502	20.581	15.642	13.636	22.748	19.072	17.553	
503	20.592	15.738	13.887	22.745	19.08	17.515	
504	20.605	15.835	14.135	22.67	18.989	17.461	
505	20.62	15.934	14.382	22.66	18.966	17.426	
506	20.636	16.036	14.627	22.59	18.9	17.357	
507	20.654	16.139	14.871	22.573	18.858	17.36	
508	20.674	16.245	15.112	22.544	18.831	17.264	
509	20.695	16.352	15.351	22.54	18.784	17.234	
510	20.717	16.46	15.589	22.464	18.744	17.185	
511	20.741	16.57	15.824	22.441	18.672	17.172	
512	20.767	16.682	16.057	22.411	18.653	17.095	
513	20.794	16.795	16.289	22.38	18.604	17.039	
514	20.822	16.909	16.518	22.329	18.581	17.008	
515	20.852	17.024	16.745	22.323	18.521	16.956	
516	20.883	17.141	16.971	22.272	18.488	16.925	
517	20.916	17.258	17.194	22.233	18.453	16.889	
518	20.949	17.377	17.415	22.213	18.429	16.8	
519	20.984	17.496	17.634	22.156	18.383	16.8	
520	21.021	17.616	17.851	22.155	18.329	16.783	
521	21.058	17.736	18.067	22.107	18.281	16.705	
522	21.096	17.858	18.28	22.082	18.236	16.682	
523	21.136	17.98	18.491	22.044	18.197	16.633	
524	21.177	18.102	18.7	22.008	18.175	16.576	
525	21.219	18.225	18.907	21.973	18.11	16.541	
526	21.262	18.349	19.112	21.948	18.101	16.479	
527	21.306	18.472	19.315	21.919	18.041	16.467	
528	21.351	18.597	19.517	21.871	18.015	16.444	
529	21.397	18.721	19.716	21.848	17.935	16.346	
530	21.444	18.846	19.913	21.807	17.963	16.332	
531	21.492	18.971	20.109	21.787	17.894	16.282	
532	21.541	19.096	20.303	21.792	17.872	16.249	
533	21.59	19.221	20.495	21.715	17.836	16.21	
534	21.641	19.347	20.685	21.688	17.765	16.173	
535	21.693	19.472	20.873	21.675	17.736	16.118	
536	21.745	19.598	21.06	21.642	17.728	16.071	
537	21.798	19.723	21.244	21.635	17.67	16.051	
538	21.852	19.849	21.427	21.595	17.649	16.008	
539	21.907	19.974	21.608	21.569	17.626	15.99	
540	21.962	20.1	21.788	21.55	17.587	15.938	
541	22.018	20.225	21.966	21.51	17.537	15.923	
542	22.075	20.351	22.142	21.482	17.509	15.858	
543	22.133	20.476	22.317	21.476	17.461	15.814	
544	22.191	20.601	22.49	21.431	17.422	15.773	
545	22.25	20.726	22.662	21.41	17.437	15.761	
546	22.309	20.85	22.832	21.352	17.352	15.71	
547	22.37	20.975	23	21.367	17.317	15.707	
548	22.431	21.099	23.167	21.329	17.285	15.648	
549	22.492	21.224	23.332	21.326	17.238	15.622	
550	22.554	21.348	23.496	21.261	17.228	15.591	
551	22.617	21.471	23.659	21.239	17.193	15.54	
552	22.68	21.595	23.82	21.241	17.157	15.508	
553	22.744	21.718	23.98	21.207	17.129	15.477	
554	22.808	21.841	24.138	21.168	17.077	15.44	
555	22.873	21.964	24.295	21.16	17.056	15.395	
556	22.938	22.086	24.451	21.131	17.016	15.362	
557	23.004	22.208	24.605	21.103	16.947	15.317	
558	23.07	22.33	24.758	21.084	16.962	15.3	
559	23.137	22.452	24.91	21.046	16.928	15.278	
560	23.204	22.573	25.061	21.019	16.886	15.228	
561	23.272	22.694	25.21	21.007	16.84	15.186	
562	23.34	22.815	25.358	21	16.812	15.184	
563	23.408	22.936	25.506	20.961	16.801	15.133	
564	23.477	23.056	25.651	20.944	16.75	15.126	
565	23.547	23.176	25.796	20.9	16.721	15.064	
566	23.616	23.295	25.94	20.879	16.684	15.074	
567	23.687	23.415	26.083	20.845	16.66	15.01	
568	23.757	23.534	26.224	20.818	16.626	14.969	
569	23.828	23.652	26.365	20.805	16.591	14.939	
570	23.9	23.771	26.504	20.791	16.566	14.891	
571	23.971	23.889	26.643	20.756	16.54	14.877	
572	24.044	24.007	26.78	20.734	16.528	14.866	
573	24.116	24.124	26.917	20.719	16.489	14.815	
574	24.189	24.241	27.052	20.685	16.473	14.755	
575	24.262	24.358	27.187	20.662	16.434	14.74	
576	24.336	24.475	27.321	20.631	16.404	14.719	
577	24.409	24.591	27.454	20.644	16.385	14.694	
578	24.484	24.707	27.586	20.618	16.331	14.681	
579	24.558	24.823	27.717	20.576	16.316	14.62	
580	24.633	24.939	27.847	20.577	16.277	14.621	
581	24.708	25.054	27.977	20.535	16.251	14.584	
582	24.784	25.169	28.106	20.524	16.22	14.522	
583	24.86	25.284	28.234	20.504	16.18	14.507	
584	24.936	25.399	28.361	20.492	16.17	14.517	
585	25.012	25.513	28.488	20.442	16.155	14.449	
586	25.089	25.627	28.613	20.431	16.123	14.417	
587	25.166	25.741	28.739	20.436	16.098	14.362	
588	25.243	25.854	28.863	20.408	16.07	14.357	
589	25.321	25.968	28.987	20.364	16.041	14.332	
590	25.399	26.081	29.11	20.345	16.005	14.287	
591	25.477	26.194	29.232	20.333	15.99	14.25	
592	25.556	26.307	29.354	20.31	15.918	14.221	
593	25.634	26.419	29.476	20.296	15.969	14.198	
594	25.713	26.532	29.596	20.283	15.892	14.209	
595	25.793	26.644	29.717	20.24	15.88	14.155	
596	25.872	26.756	29.836	20.22	15.879	14.124	
597	25.952	26.868	29.955	20.21	15.839	14.089	
598	26.033	26.98	30.074	20.202	15.8	14.07	
599	26.113	27.091	30.192	20.184	15.748	14.033	
600	26.194	27.203	30.31	20.146	15.774	14.024	
601	26.275	27.314	30.427	20.111	15.734	13.982	
602	26.356	27.425	30.543	20.089	15.676	13.946	
603	26.438	27.536	30.66	20.073	15.681	13.918	
604	26.52	27.647	30.776	20.062	15.645	13.915	
605	26.602	27.758	30.891	20.041	15.608	13.859	
606	26.685	27.868	31.006	20.03	15.616	13.815	
607	26.768	27.979	31.121	19.998	15.592	13.779	
608	26.851	28.089	31.235	20.014	15.535	13.804	
609	26.934	28.2	31.349	19.982	15.547	13.748	
610	27.018	28.31	31.463	19.959	15.505	13.733	
611	27.102	28.42	31.576	19.939	15.468	13.708	
612	27.186	28.531	31.689	19.937	15.48	13.705	
613	27.271	28.641	31.802	19.905	15.44	13.625	
614	27.355	28.751	31.914	19.873	15.416	13.633	
615	27.441	28.861	32.026	19.872	15.373	13.599	
616	27.526	28.971	32.138	19.848	15.366	13.567	
617	27.612	29.081	32.25	19.833	15.339	13.548	
618	27.698	29.191	32.361	19.81	15.324	13.544	
619	27.784	29.302	32.472	19.793	15.289	13.484	
620	27.871	29.412	32.583	19.769	15.26	13.464	
621	27.958	29.522	32.694	19.744	15.245	13.463	
622	28.045	29.632	32.805	19.758	15.223	13.435	
623	28.133	29.742	32.915	19.727	15.19	13.375	
624	28.221	29.852	33.026	19.705	15.17	13.372	
625	28.309	29.962	33.136	19.678	15.168	13.392	
626	28.398	30.073	33.246	19.681	15.12	13.311	
627	28.487	30.183	33.356	19.667	15.098	13.304	
628	28.576	30.294	33.466	19.638	15.06	13.283	
629	28.666	30.404	33.576	19.635	15.075	13.294	
630	28.756	30.515	33.686	19.57	15.013	13.233	
631	28.846	30.625	33.795	19.565	15.066	13.236	
632	28.937	30.736	33.905	19.575	15.011	13.141	
633	29.028	30.847	34.014	19.564	14.965	13.12	
634	29.119	30.958	34.124	19.51	14.954	13.069	
635	29.211	31.069	34.234	19.493	14.942	13.106	
636	29.303	31.181	34.343	19.49	14.951	13.106	
637	29.395	31.292	34.453	19.498	14.872	13.056	
638	29.488	31.404	34.562	19.454	14.846	13.046	
639	29.581	31.516	34.672	19.459	14.818	13.027	
640	29.675	31.628	34.782	19.425	14.799	13.018	
641	29.769	31.74	34.891	19.452	14.778	12.939	
642	29.863	31.852	35.001	19.402	14.772	12.986	
643	29.958	31.965	35.111	19.387	14.721	12.945	
644	30.053	32.078	35.221	19.404	14.727	12.899	
645	30.149	32.191	35.331	19.385	14.71	12.869	
646	30.245	32.304	35.441	19.341	14.67	12.857	
647	30.341	32.418	35.551	19.34	14.697	12.832	
648	30.438	32.531	35.662	19.298	14.644	12.833	
649	30.535	32.645	35.772	19.29	14.633	12.793	
650	30.633	32.76	35.883	19.268	14.571	12.757	
651	30.731	32.874	35.994	19.249	14.593	12.771	
652	30.829	32.989	36.105	19.245	14.544	12.718	
653	30.928	33.104	36.216	19.224	14.556	12.69	
654	31.027	33.219	36.327	19.213	14.505	12.636	
655	31.127	33.335	36.439	19.188	14.528	12.643	
656	31.227	33.451	36.551	19.173	14.551	12.655	
657	31.328	33.567	36.663	19.182	14.495	12.58	
658	31.429	33.684	36.775	19.145	14.451	12.585	
659	31.531	33.801	36.887	19.135	14.393	12.576	
660	31.633	33.918	37	19.131	14.406	12.557	
661	31.735	34.036	37.113	19.149	14.366	12.521	
662	31.838	34.154	37.227	19.141	14.38	12.487	
663	31.942	34.273	37.34	19.085	14.354	12.478	
664	32.046	34.391	37.454	19.067	14.358	12.46	
665	32.151	34.511	37.568	19.05	14.329	12.422	
666	32.256	34.63	37.683	19.037	14.283	12.4	
667	32.361	34.75	37.798	19.049	14.264	12.403	
668	32.467	34.871	37.913	19.03	14.28	12.379	
669	32.574	34.992	38.028	19.015	14.24	12.357	
670	32.681	35.113	38.144	18.996	14.227	12.341	
671	32.789	35.235	38.26	18.983	14.189	12.272	
672	32.897	35.357	38.377	18.968	14.151	12.307	
673	33.006	35.48	38.494	18.924	14.153	12.286	
674	33.115	35.603	38.611	18.939	14.161	12.278	
675	33.225	35.726	38.729	18.916	14.153	12.296	
676	33.335	35.85	38.847	18.918	14.072	12.203	
677	33.446	35.975	38.966	18.905	14.111	12.199	
678	33.558	36.1	39.085	18.877	14.073	12.219	
679	33.67	36.226	39.204	18.874	14.028	12.143	
680	33.783	36.352	39.324	18.865	14.013	12.153	
681	33.896	36.478	39.444	18.846	13.999	12.088	
682	34.01	36.606	39.565	18.845	14.005	12.109	
683	34.124	36.733	39.686	18.808	13.954	12.072	
684	34.24	36.862	39.808	18.784	13.945	12.093	
685	34.355	36.991	39.93	18.793	13.961	12.052	
686	34.472	37.12	40.053	18.775	13.924	12.002	
687	34.589	37.25	40.176	18.777	13.89	11.991	
688	34.706	37.381	40.3	18.772	13.868	11.962	
689	34.825	37.512	40.424	18.761	13.903	11.957	
690	34.944	37.644	40.548	18.716	13.875	11.965	
691	35.063	37.776	40.674	18.724	13.843	11.91	
692	35.183	37.909	40.8	18.709	13.782	11.94	
693	35.304	38.043	40.926	18.696	13.781	11.891	
694	35.426	38.177	41.053	18.682	13.775	11.898	
695	35.548	38.312	41.18	18.653	13.738	11.859	
696	35.671	38.448	41.308	18.654	13.704	11.854	
697	35.795	38.584	41.437	18.647	13.742	11.818	
698	35.919	38.721	41.566	18.656	13.697	11.76	
699	36.045	38.859	41.696	18.615	13.678	11.745	
700	36.17	38.997	41.826	18.603	13.714	11.763	
701	36.297	39.136	41.957	18.616	13.601	11.754	
702	36.424	39.276	42.089	18.605	13.677	11.742	
703	36.552	39.416	42.221	18.55	13.664	11.695	
704	36.681	39.557	42.354	18.548	13.616	11.689	
705	36.81	39.699	42.488	18.593	13.586	11.663	
706	36.941	39.842	42.622	18.539	13.595	11.627	
707	37.072	39.985	42.757	18.519	13.587	11.625	
708	37.203	40.129	42.892	18.499	13.513	11.634	
709	37.336	40.274	43.028	18.52	13.555	11.58	
710	37.469	40.42	43.165	18.509	13.487	11.628	
711	37.604	40.566	43.303	18.491	13.491	11.511	
712	37.738	40.714	43.441	18.46	13.43	11.505	
713	37.874	40.862	43.58	18.443	13.501	11.532	
714	38.011	41.01	43.719	18.434	13.419	11.487	
715	38.148	41.16	43.86	18.397	13.433	11.469	
716	38.286	41.31	44.001	18.418	13.356	11.374	
717	38.425	41.462	44.142	18.408	13.398	11.468	
718	38.565	41.614	44.285	18.389	13.347	11.371	
719	38.706	41.767	44.428	18.416	13.365	11.461	
720	38.848	41.921	44.571	18.332	13.336	11.414	
721	38.99	42.075	44.716	18.377	13.311	11.389	
722	39.133	42.231	44.861	18.373	13.341	11.365	
723	39.277	42.387	45.007	18.316	13.339	11.362	
724	39.422	42.545	45.154	18.348	13.267	11.357	
725	39.568	42.703	45.302	18.293	13.366	11.278	
726	39.715	42.862	45.45	18.343	13.2	11.279	
727	39.863	43.022	45.599	18.3	13.25	11.255	
728	40.012	43.183	45.749	18.318	13.194	11.255	
729	40.161	43.344	45.899	18.272	13.178	11.254	
730	40.312	43.507	46.051	18.26	13.183	11.173	
731	40.463	43.671	46.203	18.22	13.167	11.208	
732	40.615	43.835	46.355	18.247	13.116	11.197	
733	40.769	44.001	46.509	18.236	13.152	11.165	
734	40.923	44.167	46.663	18.263	13.117	11.143	
735	41.078	44.334	46.819	18.212	13.131	11.119	
736	41.234	44.503	46.975	18.211	13.114	11.12	
737	41.391	44.672	47.131	18.221	13.084	11.153	
738	41.549	44.842	47.289	18.175	13.091	11.076	
739	41.708	45.014	47.447	18.168	13.067	11.094	
740	41.868	45.186	47.606	18.198	13.06	11.074	
741	42.029	45.359	47.766	18.146	13.012	11.072	
742	42.191	45.533	47.927	18.159	13.021	11.016	
743	42.354	45.709	48.088	18.16	13.027	10.987	
744	42.519	45.885	48.25	18.128	13	11.023	
745	42.684	46.062	48.413	18.098	13.023	11.013	
746	42.85	46.24	48.577	18.113	12.97	10.981	
747	43.017	46.42	48.742	18.112	13.001	10.944	
748	43.185	46.6	48.907	18.09	12.967	10.93	
749	43.354	46.781	49.073	18.087	12.928	10.902	
750	43.525	46.964	49.24	18.026	12.909	10.938	
751	43.696	47.147	49.408	18.064	12.892	10.873	
752	43.868	47.332	49.577	18.016	12.923	10.846	
753	44.042	47.517	49.746	18.042	12.881	10.845	
754	44.216	47.704	49.916	18.033	12.862	10.87	
755	44.392	47.891	50.087	17.998	12.896	10.794	
756	44.569	48.08	50.258	18.017	12.83	10.84	
757	44.747	48.27	50.43	18.016	12.778	10.837	
758	44.926	48.461	50.604	17.993	12.814	10.794	
759	45.106	48.652	50.777	17.991	12.817	10.766	
760	45.287	48.845	50.952	17.965	12.743	10.723	
761	45.469	49.039	51.127	17.94	12.757	10.727	
762	45.652	49.235	51.303	17.968	12.744	10.685	
763	45.837	49.431	51.48	17.942	12.757	10.67	
764	46.023	49.628	51.657	17.942	12.75	10.703	
765	46.209	49.826	51.836	17.928	12.723	10.649	
766	46.397	50.026	52.014	17.945	12.732	10.659	
767	46.586	50.226	52.194	17.932	12.689	10.658	
768	46.777	50.428	52.374	17.898	12.676	10.604	
769	46.968	50.631	52.555	17.901	12.684	10.63	
770	47.161	50.835	52.737	17.88	12.632	10.573	
771	47.354	51.039	52.919	17.839	12.621	10.567	
772	47.549	51.245	53.102	17.837	12.664	10.567	
773	47.745	51.453	53.286	17.851	12.613	10.567	
774	47.942	51.661	53.47	17.831	12.605	10.51	
775	48.141	51.87	53.654	17.81	12.584	10.517	
776	48.34	52.08	53.84	17.872	12.563	10.49	
777	48.541	52.292	54.026	17.813	12.541	10.499	
778	48.743	52.504	54.212	17.814	12.507	10.516	
779	48.947	52.718	54.399	17.771	12.515	10.473	
780	49.151	52.933	54.587	17.769	12.529	10.484	
781	49.357	53.148	54.775	17.816	12.552	10.405	
782	49.563	53.365	54.964	17.788	12.453	10.414	
783	49.771	53.583	55.153	17.766	12.44	10.413	
784	49.981	53.802	55.342	17.747	12.468	10.369	
785	50.191	54.022	55.533	17.727	12.424	10.347	
786	50.403	54.243	55.723	17.72	12.435	10.349	
787	50.616	54.466	55.914	17.725	12.412	10.345	
788	50.83	54.689	56.105	17.722	12.394	10.324	
789	51.045	54.913	56.297	17.703	12.376	10.317	
790	51.262	55.138	56.489	17.705	12.403	10.277	
791	51.48	55.365	56.681	17.675	12.368	10.278	
792	51.699	55.592	56.874	17.689	12.361	10.267	
793	51.919	55.821	57.067	17.679	12.381	10.266	
794	52.141	56.05	57.26	17.66	12.327	10.239	
795	52.363	56.28	57.454	17.659	12.309	10.224	
796	52.587	56.512	57.648	17.662	12.313	10.213	
797	52.813	56.744	57.842	17.654	12.325	10.176	
798	53.039	56.978	58.036	17.666	12.323	10.181	
799	53.267	57.212	58.23	17.647	12.261	10.206	
800	53.496	57.448	58.424	17.62	12.266	10.135	
801	53.726	57.684	58.619	17.605	12.279	10.152	
802	53.957	57.921	58.813	17.648	12.257	10.122	
803	54.19	58.159	59.007	17.585	12.228	10.092	
804	54.424	58.398	59.202	17.575	12.219	10.133	
805	54.659	58.638	59.396	17.566	12.198	10.093	
806	54.896	58.879	59.59	17.583	12.17	10.084	
807	55.133	59.121	59.785	17.566	12.126	10.115	
808	55.372	59.364	59.979	17.569	12.174	10.024	
809	55.612	59.607	60.172	17.516	12.099	10.047	
810	55.853	59.852	60.366	17.556	12.165	10.014	
811	56.096	60.097	60.559	17.537	12.131	9.9973	
812	56.34	60.343	60.752	17.532	12.176	10.005	
813	56.585	60.589	60.945	17.542	12.077	9.9926	
814	56.831	60.837	61.137	17.52	12.11	10.013	
815	57.078	61.085	61.329	17.499	12.091	9.9656	
816	57.327	61.334	61.521	17.51	12.082	9.9131	
817	57.577	61.584	61.712	17.487	12.062	9.9298	
818	57.828	61.834	61.902	17.492	12.059	9.9034	
819	58.08	62.085	62.092	17.483	12.042	9.9129	
820	58.333	62.337	62.281	17.46	12.018	9.8719	
821	58.588	62.589	62.469	17.453	12.005	9.8656	
822	58.843	62.842	62.657	17.45	12.012	9.8616	
823	59.1	63.096	62.844	17.451	12.006	9.8525	
824	59.358	63.35	63.03	17.443	12.007	9.8497	
825	59.618	63.605	63.215	17.437	11.988	9.8449	
826	59.878	63.86	63.399	17.433	11.98	9.8362	
827	60.14	64.115	63.583	17.43	11.974	9.8144	
828	60.402	64.371	63.765	17.419	11.964	9.8087	
829	60.666	64.628	63.946	17.407	11.95	9.7941	
830	60.931	64.884	64.126	17.407	11.946	9.8031	
831	61.197	65.142	64.305	17.4	11.919	9.7859	
832	61.464	65.399	64.482	17.384	11.91	9.7662	
833	61.732	65.657	64.658	17.379	11.905	9.7353	
834	62.002	65.915	64.833	17.367	11.897	9.7158	
835	62.272	66.173	65.007	17.36	11.889	9.7177	
836	62.543	66.431	65.178	17.358	11.888	9.6974	
837	62.816	66.69	65.349	17.35	11.861	9.7024	
838	63.09	66.948	65.517	17.356	11.846	9.6741	
839	63.364	67.207	65.684	17.339	11.835	9.6728	
840	63.64	67.466	65.85	17.323	11.851	9.6213	
841	63.916	67.724	66.013	17.338	11.799	9.6059	
842	64.194	67.983	66.175	17.35	11.812	9.6524	
843	64.473	68.241	66.334	17.333	11.79	9.6237	
844	64.752	68.5	66.492	17.328	11.8	9.6135	
845	65.033	68.758	66.648	17.337	11.83	9.5864	
846	65.314	69.015	66.801	17.25	11.762	9.5728	
847	65.597	69.273	66.953	17.316	11.671	9.6306	
848	65.88	69.53	67.102	17.299	11.801	9.6341	
849	66.165	69.786	67.249	17.296	11.713	9.5251	
850	66.45	70.042	67.393	17.278	11.74	9.5683	
851	66.736	70.298	67.535	17.254	11.712	9.5872	
852	67.023	70.553	67.674	17.249	11.723	9.4661	
853	67.311	70.807	67.811	17.279	11.658	9.4759	
854	67.599	71.06	67.946	17.228	11.704	9.4325	
855	67.889	71.313	68.077	17.23	11.626	9.478	
856	68.179	71.565	68.206	17.202	11.678	9.4881	
857	68.47	71.815	68.332	17.234	11.659	9.4508	
858	68.762	72.065	68.455	17.248	11.682	9.4151	
859	69.055	72.313	68.575	17.26	11.629	9.461	
860	69.348	72.56	68.692	17.206	11.667	9.4684	
861	69.642	72.806	68.806	17.177	11.615	9.3825	
862	69.937	73.051	68.917	17.215	11.595	9.3837	
863	70.233	73.294	69.025	17.205	11.644	9.3907	
864	70.529	73.535	69.13	17.208	11.589	9.387	
865	70.826	73.775	69.231	17.157	11.577	9.3165	
866	71.123	74.012	69.329	17.167	11.563	9.3468	
867	71.421	74.248	69.423	17.147	11.513	9.3459	
868	71.72	74.482	69.514	17.118	11.543	9.3501	
869	72.019	74.713	69.602	17.15	11.508	9.2901	
870	72.319	74.942	69.686	17.159	11.516	9.3057	
871	72.62	75.169	69.767	17.146	11.508	9.2767	
872	72.92	75.393	69.844	17.131	11.512	9.3136	
873	73.222	75.614	69.917	17.157	11.469	9.267	
874	73.524	75.833	69.987	17.129	11.488	9.2504	
875	73.826	76.048	70.053	17.111	11.474	9.2559	
876	74.129	76.261	70.115	17.115	11.465	9.2204	
877	74.432	76.469	70.173	17.112	11.46	9.2537	
878	74.736	76.675	70.228	17.083	11.444	9.2191	
879	75.04	76.876	70.279	17.079	11.432	9.1998	
880	75.344	77.074	70.326	17.071	11.421	9.1926	
881	75.649	77.267	70.369	17.069	11.417	9.1849	
882	75.954	77.457	70.408	17.067	11.412	9.1889	
883	76.259	77.641	70.444	17.063	11.408	9.1794	
884	76.565	77.821	70.476	17.061	11.404	9.1718	
885	76.871	77.996	70.504	17.061	11.396	9.1709	
886	77.177	78.166	70.528	17.056	11.388	9.1566	
887	77.483	78.331	70.548	17.046	11.371	9.1428	
888	77.79	78.49	70.564	17.044	11.364	9.1243	
889	78.097	78.643	70.577	17.031	11.351	9.1119	
890	78.403	78.79	70.585	17.018	11.337	9.0964	
891	78.71	78.931	70.59	17.012	11.328	9.0812	
892	79.017	79.065	70.591	17.01	11.316	9.0788	
893	79.325	79.193	70.589	17.003	11.31	9.0602	
894	79.632	79.314	70.583	16.991	11.308	9.0486	
895	79.939	79.428	70.573	16.999	11.303	9.0533	
896	80.246	79.534	70.559	16.989	11.29	9.0498	
897	80.554	79.632	70.542	16.989	11.285	9.0476	
898	80.861	79.723	70.522	16.987	11.282	9.0195	
899	81.168	79.806	70.497	16.979	11.268	9.0175	
900	81.475	79.881	70.47	16.966	11.258	8.9949	
901	81.782	79.948	70.439	16.947	11.247	8.9733	
902	82.089	80.006	70.404	16.948	11.229	8.9685	
903	82.396	80.056	70.366	16.945	11.226	8.9618	
904	82.702	80.098	70.325	16.94	11.217	8.9595	
905	83.009	80.131	70.281	16.932	11.215	8.9576	
906	83.315	80.155	70.233	16.934	11.21	8.9517	
907	83.621	80.171	70.183	16.929	11.206	8.9528	
908	83.927	80.178	70.129	16.931	11.194	8.9288	
909	84.232	80.176	70.073	16.916	11.183	8.9209	
910	84.538	80.166	70.013	16.902	11.167	8.91	
911	84.843	80.147	69.951	16.906	11.155	8.9055	
912	85.147	80.121	69.886	16.894	11.128	8.8691	
913	85.451	80.086	69.818	16.881	11.137	8.8493	
914	85.755	80.043	69.747	16.883	11.127	8.8511	
915	86.059	79.992	69.674	16.876	11.114	8.8449	
916	86.362	79.934	69.598	16.869	11.119	8.8435	
917	86.664	79.867	69.52	16.869	11.116	8.8377	
918	86.967	79.794	69.439	16.872	11.111	8.8326	
919	87.268	79.714	69.356	16.868	11.102	8.8198	
920	87.569	79.627	69.271	16.862	11.094	8.8106	
921	87.87	79.533	69.184	16.852	11.081	8.8013	
922	88.17	79.433	69.094	16.848	11.073	8.8045	
923	88.47	79.327	69.003	16.851	11.066	8.7956	
924	88.769	79.216	68.909	16.835	11.037	8.7695	
925	89.067	79.098	68.813	16.832	11.054	8.7564	
926	89.364	78.976	68.716	16.815	11.035	8.7417	
927	89.66	78.848	68.617	16.816	11.041	8.7315	
928	89.935	78.716	68.516	16.814	11.034	8.7362	
929	89.739	78.579	68.413	16.797	10.994	8.7477	
930	89.446	78.437	68.308	16.793	10.972	8.7269	
931	89.152	78.292	68.202	16.805	11.016	8.7154	
932	88.858	78.142	68.095	16.812	10.951	8.6826	
933	88.565	77.989	67.986	16.782	11.008	8.6791	
934	88.273	77.833	67.876	16.775	10.976	8.695	
935	87.981	77.673	67.764	16.773	10.978	8.6554	
936	87.69	77.51	67.651	16.753	10.941	8.6501	
937	87.4	77.345	67.537	16.753	10.935	8.6851	
938	87.111	77.176	67.421	16.783	10.944	8.6069	
939	86.822	77.005	67.305	16.761	10.933	8.6336	
940	86.534	76.832	67.187	16.766	10.894	8.6504	
941	86.247	76.657	67.069	16.76	10.92	8.6114	
942	85.961	76.479	66.949	16.739	10.886	8.5574	
943	85.676	76.3	66.828	16.715	10.91	8.5951	
944	85.392	76.119	66.707	16.717	10.929	8.5787	
945	85.108	75.936	66.585	16.744	10.893	8.5827	
946	84.825	75.752	66.462	16.743	10.888	8.5713	
947	84.544	75.567	66.338	16.722	10.888	8.5569	
948	84.263	75.38	66.213	16.718	10.861	8.5456	
949	83.983	75.192	66.088	16.708	10.84	8.5238	
950	83.704	75.003	65.962	16.702	10.832	8.5213	
951	83.426	74.813	65.836	16.691	10.851	8.5259	
952	83.149	74.622	65.709	16.683	10.844	8.5209	
953	82.874	74.431	65.582	16.694	10.825	8.4986	
954	82.599	74.239	65.454	16.695	10.819	8.5124	
955	82.325	74.046	65.325	16.682	10.807	8.4784	
956	82.052	73.853	65.197	16.663	10.812	8.4848	
957	81.78	73.659	65.068	16.664	10.803	8.5324	
958	81.509	73.465	64.938	16.644	10.785	8.4534	
959	81.239	73.27	64.809	16.666	10.771	8.4791	
960	80.97	73.075	64.679	16.678	10.753	8.4078	
961	80.702	72.88	64.548	16.673	10.778	8.3952	
962	80.436	72.685	64.418	16.661	10.689	8.3687	
963	80.17	72.49	64.287	16.62	10.712	8.4149	
964	79.906	72.295	64.157	16.649	10.748	8.3485	
965	79.642	72.1	64.026	16.617	10.733	8.3817	
966	79.38	71.905	63.895	16.628	10.753	8.359	
967	79.119	71.71	63.764	16.623	10.733	8.3919	
968	78.859	71.515	63.632	16.627	10.745	8.3832	
969	78.599	71.321	63.501	16.611	10.709	8.3707	
970	78.342	71.126	63.37	16.625	10.692	8.3925	
971	78.085	70.932	63.239	16.613	10.68	8.3706	
972	77.829	70.738	63.108	16.61	10.702	8.3492	
973	77.575	70.545	62.977	16.61	10.685	8.3224	
974	77.321	70.352	62.846	16.594	10.661	8.3374	
975	77.069	70.159	62.715	16.588	10.668	8.2816	
976	76.818	69.967	62.584	16.58	10.653	8.2972	
977	76.568	69.775	62.454	16.575	10.641	8.2843	
978	76.319	69.583	62.323	16.572	10.632	8.2858	
979	76.072	69.392	62.193	16.57	10.638	8.2719	
980	75.825	69.202	62.063	16.575	10.628	8.2724	
981	75.58	69.012	61.933	16.572	10.626	8.2804	
982	75.336	68.823	61.803	16.566	10.621	8.2707	
983	75.093	68.634	61.674	16.562	10.623	8.2828	
984	74.851	68.446	61.545	16.548	10.613	8.2676	
985	74.61	68.258	61.416	16.546	10.617	8.2362	
986	74.371	68.072	61.287	16.573	10.595	8.2584	
987	74.133	67.885	61.159	16.537	10.591	8.2149	
988	73.896	67.7	61.031	16.532	10.56	8.1936	
989	73.66	67.515	60.903	16.524	10.566	8.1933	
990	73.425	67.33	60.775	16.52	10.547	8.1876	
991	73.191	67.147	60.648	16.519	10.55	8.1676	
992	72.959	66.964	60.521	16.52	10.545	8.1802	
993	72.728	66.782	60.395	16.509	10.544	8.1739	
994	72.498	66.6	60.269	16.517	10.548	8.1768	
995	72.269	66.42	60.143	16.503	10.54	8.1619	
996	72.042	66.24	60.018	16.496	10.533	8.1554	
997	71.815	66.06	59.893	16.504	10.529	8.1444	
998	71.59	65.882	59.768	16.493	10.516	8.1417	
999	71.366	65.704	59.644	16.483	10.502	8.1776	
1000	71.143	65.527	59.52	16.5	10.478	8.1157	
1001	70.921	65.351	59.397	16.464	10.53	8.0949	
1002	70.701	65.176	59.274	16.485	10.51	8.0982	
1003	70.481	65.001	59.151	16.476	10.477	8.0989	
1004	70.263	64.827	59.029	16.475	10.443	8.0759	
1005	70.046	64.654	58.907	16.439	10.542	8.1117	
1006	69.83	64.482	58.786	16.467	10.428	8.1096	
1007	69.615	64.311	58.665	16.465	10.492	8.0327	
1008	69.402	64.14	58.545	16.449	10.484	8.0563	
1009	69.19	63.971	58.425	16.429	10.432	8.0496	
1010	68.978	63.802	58.305	16.466	10.451	8.0414	
1011	68.768	63.634	58.186	16.433	10.444	8.0428	
1012	68.559	63.466	58.068	16.438	10.431	8.0143	
1013	68.352	63.3	57.95	16.434	10.414	8.0082	
1014	68.145	63.134	57.832	16.435	10.394	8.0042	
1015	67.94	62.969	57.715	16.437	10.4	7.9932	
1016	67.735	62.805	57.598	16.413	10.402	8.087	
1017	67.532	62.642	57.482	16.395	10.365	7.9546	
1018	67.33	62.48	57.367	16.391	10.366	7.9748	
1019	67.13	62.318	57.251	16.377	10.349	7.938	
1020	66.93	62.158	57.137	16.428	10.409	7.9076	
1021	66.731	61.998	57.023	16.344	10.406	7.9482	
1022	66.534	61.839	56.909	16.399	10.335	7.9468	
1023	66.337	61.68	56.796	16.418	10.322	7.9437	
1024	66.142	61.523	56.683	16.374	10.301	7.9785	
1025	65.948	61.366	56.571	16.416	10.31	7.9159	
1026	65.755	61.211	56.459	16.38	10.359	7.8728	
1027	65.563	61.056	56.348	16.414	10.241	7.8987	
1028	65.372	60.902	56.237	16.371	10.339	7.8451	
1029	65.183	60.748	56.127	16.355	10.283	7.8299	
1030	64.994	60.596	56.017	16.359	10.328	7.903	
1031	64.807	60.444	55.908	16.422	10.333	7.9249	
1032	64.62	60.293	55.799	16.316	10.327	7.8632	
1033	64.435	60.143	55.691	16.382	10.287	7.887	
1034	64.25	59.994	55.583	16.356	10.309	7.8533	
1035	64.067	59.846	55.476	16.379	10.251	7.9231	
1036	63.885	59.698	55.369	16.253	10.285	7.8388	
1037	63.704	59.551	55.263	16.397	10.175	7.8035	
1038	63.524	59.405	55.157	16.319	10.24	7.9786	
1039	63.345	59.26	55.052	16.361	10.29	7.9209	
1040	63.167	59.116	54.947	16.298	10.088	7.8087	
1041	62.99	58.972	54.843	16.335	10.216	7.8567	
1042	62.814	58.829	54.739	16.445	10.238	7.6434	
1043	62.639	58.687	54.636	16.412	10.176	7.6925	
1044	62.466	58.546	54.533	16.267	10.268	7.7417	
1045	62.293	58.406	54.431	16.308	10.204	7.7873	
1046	62.121	58.266	54.329	16.204	10.35	7.5825	
1047	61.95	58.127	54.228	16.266	10.039	7.7932	
1048	61.781	57.989	54.127	16.229	10.157	7.8069	
1049	61.612	57.852	54.027	16.299	10.171	7.7236	
1050	61.444	57.715	53.927	16.276	10.083	7.8107	
1051	61.277	57.579	53.828	16.278	10.17	7.7396	
1052	61.112	57.444	53.729	16.273	10.161	7.7044	
1053	60.947	57.31	53.631	16.277	10.167	7.7231	
1054	60.783	57.176	53.533	16.277	10.148	7.7089	
1055	60.62	57.043	53.436	16.277	10.167	7.6972	
1056	60.458	56.911	53.339	16.273	10.135	7.687	
1057	60.297	56.78	53.243	16.269	10.153	7.6997	
1058	60.137	56.649	53.147	16.262	10.142	7.6709	
1059	59.978	56.519	53.052	16.247	10.134	7.6933	
1060	59.82	56.39	52.957	16.254	10.134	7.6648	
1061	59.663	56.262	52.862	16.263	10.116	7.6747	
1062	59.507	56.134	52.768	16.239	10.115	7.6648	
1063	59.352	56.007	52.675	16.235	10.098	7.6667	
1064	59.197	55.881	52.582	16.233	10.093	7.6472	
1065	59.044	55.755	52.489	16.225	10.087	7.629	
1066	58.891	55.63	52.397	16.232	10.086	7.618	
1067	58.74	55.506	52.306	16.223	10.089	7.6219	
1068	58.589	55.383	52.214	16.218	10.078	7.6284	
1069	58.439	55.26	52.124	16.223	10.054	7.6005	
1070	58.29	55.138	52.033	16.22	10.079	7.5985	
1071	58.142	55.017	51.944	16.218	10.063	7.599	
1072	57.995	54.896	51.854	16.202	10.065	7.5925	
1073	57.848	54.776	51.765	16.215	10.029	7.5661	
1074	57.703	54.657	51.677	16.199	10.044	7.5808	
1075	57.558	54.538	51.589	16.193	10.033	7.5517	
1076	57.415	54.42	51.501	16.201	10.022	7.5548	
1077	57.272	54.303	51.414	16.189	10.024	7.5511	
1078	57.13	54.186	51.328	16.185	10.008	7.5417	
1079	56.988	54.07	51.242	16.186	10.022	7.5314	
1080	56.848	53.954	51.156	16.186	10.011	7.5387	
1081	56.708	53.84	51.07	16.179	10.01	7.5348	
1082	56.57	53.726	50.986	16.172	10.007	7.5257	
1083	56.432	53.612	50.901	16.18	9.9947	7.5117	
1084	56.295	53.499	50.817	16.172	9.995	7.5129	
1085	56.158	53.387	50.733	16.166	9.9914	7.5014	
1086	56.023	53.276	50.65	16.171	9.9923	7.5038	
1087	55.888	53.165	50.567	16.156	9.9873	7.4945	
1088	55.754	53.054	50.485	16.166	9.9817	7.4997	
1089	55.621	52.945	50.403	16.159	9.9779	7.4821	
1090	55.489	52.835	50.322	16.158	9.9803	7.4881	
1091	55.357	52.727	50.24	16.153	9.9785	7.4853	
1092	55.227	52.619	50.16	16.144	9.9565	7.4715	
1093	55.097	52.512	50.079	16.148	9.9506	7.4729	
1094	54.967	52.405	50	16.141	9.9601	7.4722	
1095	54.839	52.299	49.92	16.15	9.9318	7.4483	
1096	54.711	52.193	49.841	16.144	9.9407	7.4519	
1097	54.584	52.089	49.762	16.13	9.9283	7.4383	
1098	54.458	51.984	49.684	16.124	9.9234	7.4168	
1099	54.332	51.88	49.606	16.123	9.9232	7.4195	
1100	54.208	51.777	49.529	16.113	9.9178	7.4139	
1101	54.084	51.675	49.451	16.124	9.9056	7.3964	
1102	53.96	51.573	49.375	16.116	9.8945	7.3888	
1103	53.838	51.471	49.298	16.109	9.8791	7.3797	
1104	53.716	51.37	49.222	16.105	9.888	7.3786	
1105	53.594	51.27	49.147	16.097	9.8862	7.3711	
1106	53.474	51.17	49.072	16.101	9.8753	7.3644	
1107	53.354	51.071	48.997	16.09	9.8672	7.3615	
1108	53.235	50.972	48.922	16.098	9.873	7.3533	
1109	53.117	50.874	48.848	16.089	9.8628	7.35	
1110	52.999	50.776	48.775	16.087	9.8562	7.3493	
1111	52.882	50.679	48.701	16.086	9.8575	7.3426	
1112	52.765	50.582	48.628	16.085	9.8439	7.3361	
1113	52.65	50.486	48.556	16.085	9.8491	7.3346	
1114	52.535	50.39	48.483	16.08	9.8466	7.3305	
1115	52.42	50.295	48.411	16.077	9.8484	7.3291	
1116	52.306	50.201	48.34	16.078	9.8409	7.3321	
1117	52.193	50.107	48.269	16.079	9.8416	7.3209	
1118	52.081	50.013	48.198	16.072	9.8334	7.3214	
1119	51.969	49.92	48.127	16.06	9.8347	7.3015	
1120	51.858	49.828	48.057	16.068	9.8313	7.2924	
1121	51.747	49.736	47.987	16.067	9.8176	7.2878	
1122	51.637	49.644	47.918	16.06	9.8063	7.2978	
1123	51.528	49.553	47.849	16.048	9.8069	7.2903	
1124	51.42	49.463	47.78	16.063	9.8076	7.2673	
1125	51.311	49.373	47.712	16.054	9.7979	7.2623	
1126	51.204	49.283	47.644	16.058	9.8085	7.2676	
1127	51.097	49.194	47.576	16.033	9.7894	7.2435	
1128	50.991	49.105	47.508	16.033	9.7801	7.246	
1129	50.885	49.017	47.441	16.039	9.78	7.2589	
1130	50.78	48.929	47.374	16.029	9.784	7.2303	
1131	50.676	48.842	47.308	16.028	9.7661	7.2327	
1132	50.572	48.755	47.242	16.029	9.7641	7.2224	
1133	50.469	48.669	47.176	16.022	9.7746	7.22	
1134	50.366	48.583	47.11	16.013	9.7404	7.2208	
1135	50.264	48.498	47.045	16.016	9.7516	7.1929	
1136	50.162	48.413	46.98	16.019	9.733	7.2045	
1137	50.061	48.328	46.916	16.012	9.7186	7.2018	
1138	49.961	48.244	46.852	16.011	9.7314	7.1817	
1139	49.861	48.16	46.788	16.007	9.7294	7.188	
1140	49.762	48.077	46.724	16	9.711	7.1734	
1141	49.663	47.994	46.661	16.013	9.7229	7.1701	
1142	49.564	47.912	46.598	16.009	9.7157	7.1425	
1143	49.467	47.83	46.535	15.991	9.7047	7.1754	
1144	49.37	47.749	46.472	15.991	9.6948	7.1627	
1145	49.273	47.667	46.41	15.994	9.7082	7.1617	
1146	49.177	47.587	46.348	15.991	9.6734	7.1488	
1147	49.081	47.506	46.287	15.987	9.6773	7.1375	
1148	48.986	47.427	46.225	15.993	9.6824	7.1398	
1149	48.892	47.347	46.164	15.982	9.6859	7.1336	
1150	48.798	47.268	46.104	15.971	9.6696	7.1285	
1151	48.704	47.19	46.043	15.973	9.6557	7.1144	
1152	48.611	47.111	45.983	15.974	9.6664	7.1066	
1153	48.519	47.033	45.923	15.967	9.6521	7.0941	
1154	48.427	46.956	45.864	15.961	9.6519	7.0958	
1155	48.335	46.879	45.804	15.966	9.6506	7.0979	
1156	48.244	46.802	45.745	15.955	9.6498	7.0837	
1157	48.154	46.726	45.687	15.955	9.6421	7.0727	
1158	48.064	46.65	45.628	15.956	9.6421	7.0731	
1159	47.974	46.575	45.57	15.96	9.6267	7.0708	
1160	47.885	46.499	45.512	15.957	9.628	7.0722	
1161	47.796	46.425	45.454	15.947	9.6061	7.0769	
1162	47.708	46.35	45.397	15.943	9.6372	7.0503	
1163	47.621	46.276	45.34	15.932	9.6109	7.0423	
1164	47.533	46.203	45.283	15.933	9.5892	7.0355	
1165	47.447	46.129	45.226	15.926	9.6021	7.0251	
1166	47.36	46.056	45.17	15.934	9.5923	7.0232	
1167	47.275	45.984	45.114	15.935	9.6092	7.0307	
1168	47.189	45.912	45.058	15.925	9.5875	7.0159	
1169	47.104	45.84	45.002	15.919	9.579	7.0094	
1170	47.02	45.768	44.947	15.923	9.5874	6.9969	
1171	46.936	45.697	44.892	15.918	9.5745	6.9927	
1172	46.852	45.626	44.837	15.915	9.5753	6.9904	
1173	46.769	45.556	44.782	15.913	9.572	6.9898	
1174	46.687	45.486	44.728	15.912	9.5717	6.9855	
1175	46.604	45.416	44.674	15.911	9.5671	6.9893	
1176	46.522	45.347	44.62	15.909	9.5553	6.9753	
1177	46.441	45.277	44.566	15.913	9.5548	6.9734	
1178	46.36	45.209	44.513	15.902	9.5491	6.9642	
1179	46.279	45.14	44.459	15.902	9.5544	6.9693	
1180	46.199	45.072	44.407	15.901	9.5467	6.9584	
1181	46.119	45.004	44.354	15.901	9.5467	6.9598	
1182	46.04	44.937	44.301	15.894	9.5385	6.9547	
1183	45.961	44.87	44.249	15.897	9.537	6.95	
1184	45.883	44.803	44.197	15.892	9.532	6.9421	
1185	45.805	44.736	44.145	15.883	9.531	6.946	
1186	45.727	44.67	44.094	15.885	9.5219	6.9289	
1187	45.649	44.604	44.042	15.884	9.5224	6.9354	
1188	45.573	44.539	43.991	15.877	9.523	6.9241	
1189	45.496	44.474	43.94	15.882	9.5084	6.9071	
1190	45.42	44.409	43.889	15.876	9.5137	6.9197	
1191	45.344	44.344	43.839	15.87	9.5099	6.9094	
1192	45.269	44.28	43.789	15.871	9.4961	6.8957	
1193	45.194	44.216	43.739	15.868	9.4961	6.8932	
1194	45.119	44.152	43.689	15.862	9.5027	6.9035	
1195	45.045	44.088	43.639	15.874	9.474	6.8908	
1196	44.971	44.025	43.59	15.86	9.4905	6.8699	
1197	44.897	43.962	43.541	15.862	9.4762	6.8911	
1198	44.824	43.9	43.492	15.852	9.4631	6.8864	
1199	44.751	43.838	43.443	15.851	9.477	6.8633	
1200	44.679	43.776	43.394	15.858	9.4625	6.8505	
1201	44.607	43.714	43.346	15.861	9.4796	6.8706	
1202	44.535	43.652	43.298	15.841	9.4636	6.8566	
1203	44.464	43.591	43.25	15.848	9.4582	6.8337	
1204	44.393	43.53	43.202	15.851	9.4464	6.8183	
1205	44.322	43.47	43.154	15.832	9.4472	6.8323	
1206	44.252	43.41	43.107	15.836	9.466	6.8321	
1207	44.182	43.349	43.06	15.846	9.4633	6.8204	
1208	44.112	43.29	43.013	15.832	9.4402	6.8124	
1209	44.043	43.23	42.966	15.836	9.4279	6.8174	
1210	43.974	43.171	42.919	15.829	9.4198	6.7981	
1211	43.905	43.112	42.873	15.824	9.4014	6.7811	
1212	43.837	43.053	42.827	15.822	9.4159	6.7865	
1213	43.769	42.995	42.781	15.831	9.4125	6.7945	
1214	43.702	42.937	42.735	15.818	9.422	6.771	
1215	43.634	42.879	42.689	15.827	9.4065	6.7776	
1216	43.567	42.821	42.644	15.816	9.3902	6.7962	
1217	43.501	42.764	42.598	15.82	9.3945	6.7799	
1218	43.434	42.706	42.553	15.792	9.3676	6.7812	
1219	43.368	42.65	42.508	15.814	9.3787	6.7488	
1220	43.303	42.593	42.464	15.812	9.3724	6.7566	
1221	43.237	42.536	42.419	15.792	9.3678	6.7577	
1222	43.172	42.48	42.375	15.806	9.4041	6.7482	
1223	43.107	42.424	42.33	15.808	9.3612	6.7497	
1224	43.043	42.369	42.286	15.802	9.3661	6.7322	
1225	42.979	42.313	42.242	15.793	9.3623	6.7376	
1226	42.915	42.258	42.199	15.803	9.3763	6.7294	
1227	42.851	42.203	42.155	15.81	9.3589	6.7325	
1228	42.788	42.148	42.112	15.774	9.3448	6.7237	
1229	42.725	42.094	42.069	15.767	9.3236	6.7278	
1230	42.663	42.04	42.026	15.774	9.3573	6.7086	
1231	42.6	41.986	41.983	15.796	9.3605	6.676	
1232	42.538	41.932	41.94	15.789	9.3331	6.7336	
1233	42.476	41.878	41.898	15.803	9.3612	6.6865	
1234	42.415	41.825	41.855	15.779	9.3636	6.7088	
1235	42.354	41.772	41.813	15.762	9.3504	6.6856	
1236	42.293	41.719	41.771	15.776	9.3508	6.7156	
1237	42.232	41.666	41.729	15.771	9.3581	6.6932	
1238	42.172	41.614	41.687	15.803	9.3178	6.7029	
1239	42.112	41.562	41.646	15.735	9.3726	6.7182	
1240	42.052	41.51	41.604	15.732	9.2717	6.6779	
1241	41.992	41.458	41.563	15.745	9.341	6.6356	
1242	41.933	41.406	41.522	15.735	9.3044	6.6996	
1243	41.874	41.355	41.481	15.764	9.3127	6.761	
1244	41.815	41.304	41.44	15.782	9.3076	6.6586	
1245	41.757	41.253	41.4	15.721	9.362	6.5928	
1246	41.699	41.202	41.359	15.748	9.298	6.6041	
1247	41.641	41.152	41.319	15.731	9.2333	6.6094	
1248	41.583	41.101	41.279	15.743	9.2731	6.5843	
1249	41.526	41.051	41.239	15.775	9.2931	6.6536	
1250	41.468	41.001	41.199	15.753	9.3398	6.5861	
1251	41.412	40.952	41.159	15.739	9.2561	6.6486	
1252	41.355	40.902	41.12	15.709	9.2021	6.5795	
1253	41.298	40.853	41.08	15.708	9.3079	6.5872	
1254	41.242	40.804	41.041	15.716	9.2289	6.5936	
1255	41.186	40.755	41.002	15.74	9.2415	6.623	
1256	41.131	40.706	40.963	15.719	9.2629	6.5966	
1257	41.075	40.658	40.924	15.717	9.2216	6.5567	
1258	41.02	40.609	40.885	15.725	9.2458	6.548	
1259	40.965	40.561	40.847	15.694	9.2312	6.5771	
1260	40.911	40.513	40.808	15.709	9.2387	6.553	
1261	40.856	40.466	40.77	15.706	9.2178	6.5473	
1262	40.802	40.418	40.732	15.689	9.2162	6.5425	
1263	40.748	40.371	40.694	15.706	9.2186	6.5313	
1264	40.694	40.324	40.656	15.682	9.2026	6.5444	
1265	40.641	40.277	40.618	15.708	9.2245	6.5324	
1266	40.588	40.23	40.581	15.696	9.2306	6.5176	
1267	40.535	40.183	40.543	15.709	9.2023	6.5414	
1268	40.482	40.137	40.506	15.714	9.2095	6.5453	
1269	40.429	40.091	40.469	15.701	9.2186	6.5538	
1270	40.377	40.045	40.432	15.696	9.198	6.5367	
1271	40.325	39.999	40.395	15.683	9.2039	6.5136	
1272	40.273	39.953	40.358	15.688	9.2189	6.5472	
1273	40.221	39.907	40.321	15.705	9.2243	6.5247	
1274	40.17	39.862	40.285	15.701	9.2005	6.5306	
1275	40.119	39.817	40.248	15.686	9.1823	6.4939	
1276	40.067	39.772	40.212	15.699	9.2087	6.5205	
1277	40.017	39.727	40.176	15.663	9.1993	6.5191	
1278	39.966	39.682	40.14	15.665	9.1892	6.5112	
1279	39.916	39.638	40.104	15.681	9.1589	6.4593	
1280	39.866	39.594	40.068	15.675	9.156	6.4798	
1281	39.816	39.549	40.032	15.682	9.1567	6.4748	
1282	39.766	39.505	39.997	15.676	9.169	6.4949	
1283	39.716	39.462	39.961	15.656	9.1537	6.4527	
1284	39.667	39.418	39.926	15.632	9.1916	6.4591	
1285	39.618	39.375	39.891	15.644	9.1608	6.4782	
1286	39.569	39.331	39.856	15.669	9.1557	6.4463	
1287	39.52	39.288	39.821	15.652	9.1412	6.4697	
1288	39.472	39.245	39.786	15.663	9.1606	6.4591	
1289	39.424	39.202	39.751	15.652	9.1422	6.4344	
1290	39.375	39.159	39.716	15.657	9.1551	6.4376	
1291	39.328	39.117	39.682	15.64	9.1345	6.4164	
1292	39.28	39.075	39.647	15.656	9.1345	6.4736	
1293	39.232	39.032	39.613	15.647	9.1239	6.4379	
1294	39.185	38.99	39.579	15.668	9.1578	6.4281	
1295	39.138	38.948	39.545	15.646	9.1369	6.3954	
1296	39.091	38.907	39.511	15.653	9.1292	6.3926	
1297	39.044	38.865	39.477	15.651	9.0942	6.4387	
1298	38.998	38.824	39.444	15.631	9.1357	6.4042	
1299	38.951	38.782	39.41	15.641	9.0837	6.373	
1300	38.905	38.741	39.376	15.624	9.1037	6.3995	
1301	38.859	38.7	39.343	15.641	9.126	6.3705	
1302	38.813	38.659	39.31	15.611	9.0799	6.4187	
1303	38.768	38.619	39.277	15.637	9.1245	6.3851	
1304	38.722	38.578	39.244	15.648	9.1135	6.3952	
1305	38.677	38.538	39.211	15.652	9.0861	6.3467	
1306	38.632	38.497	39.178	15.629	9.1235	6.3831	
1307	38.587	38.457	39.145	15.62	9.108	6.3954	
1308	38.542	38.417	39.112	15.613	9.0891	6.388	
1309	38.498	38.378	39.08	15.62	9.0991	6.3783	
1310	38.453	38.338	39.047	15.612	9.0767	6.3653	
1311	38.409	38.298	39.015	15.62	9.0461	6.3913	
1312	38.365	38.259	38.983	15.608	9.0606	6.3221	
1313	38.321	38.22	38.951	15.613	9.0866	6.3847	
1314	38.278	38.18	38.919	15.607	9.0596	6.3495	
1315	38.234	38.141	38.887	15.602	9.0327	6.3262	
1316	38.191	38.103	38.855	15.629	8.9941	6.3194	
1317	38.148	38.064	38.823	15.605	9.0557	6.3822	
1318	38.105	38.025	38.792	15.589	9.0545	6.3601	
1319	38.062	37.987	38.76	15.631	9.0479	6.354	
1320	38.019	37.948	38.729	15.574	9.0367	6.3584	
1321	37.977	37.91	38.697	15.612	9.0226	6.3347	
1322	37.934	37.872	38.666	15.601	8.9983	6.2378	
1323	37.892	37.834	38.635	15.554	9.0135	6.278	
1324	37.85	37.796	38.604	15.608	9.0519	6.2872	
1325	37.809	37.759	38.573	15.621	8.9865	6.3038	
1326	37.767	37.721	38.542	15.629	8.988	6.2721	
1327	37.725	37.684	38.511	15.6	9.0561	6.2622	
1328	37.684	37.647	38.481	15.561	8.9618	6.3632	
1329	37.643	37.609	38.45	15.563	8.9748	6.2771	
1330	37.602	37.572	38.419	15.621	9.0407	6.2531	
1331	37.561	37.535	38.389	15.566	9.0607	6.3246	
1332	37.52	37.499	38.359	15.561	8.9719	6.418	
1333	37.479	37.462	38.328	15.578	9.0236	6.2824	
1334	37.439	37.425	38.298	15.6	8.9906	6.2743	
1335	37.399	37.389	38.268	15.55	9.0051	6.153	
1336	37.359	37.353	38.238	15.537	9.0374	6.3185	
1337	37.319	37.317	38.209	15.618	8.9803	6.1591	
1338	37.279	37.28	38.179	15.535	9.048	6.2468	
1339	37.239	37.244	38.149	15.561	9.032	6.2708	
1340	37.2	37.209	38.119	15.593	9.0077	6.1586	
1341	37.16	37.173	38.09	15.666	8.8259	6.2786	
1342	37.121	37.137	38.061	15.575	8.9248	6.4947	
1343	37.082	37.102	38.031	15.64	9.0003	6.4568	
1344	37.043	37.067	38.002	15.52	9.0383	6.2736	
1345	37.004	37.031	37.973	15.567	9.1261	6.2256	
1346	36.966	36.996	37.944	15.405	8.8527	6.0078	
1347	36.927	36.961	37.915	15.559	9.1196	5.8337	
1348	36.889	36.926	37.886	15.504	9.1334	6.1728	
1349	36.85	36.891	37.857	15.419	9.278	6.2167	
1350	36.812	36.857	37.828	15.265	9.0644	6.2217	
1351	36.774	36.822	37.799	15.503	8.9301	5.9253	
1352	36.737	36.788	37.771	15.455	8.8241	6.3825	
1353	36.699	36.753	37.742	15.547	8.3823	6.2501	
1354	36.661	36.719	37.714	15.469	9.3073	6.3855	
1355	36.624	36.685	37.686	15.712	8.773	5.6078	
1356	36.587	36.651	37.657	15.648	9.1567	6.0752	
1357	36.55	36.617	37.629	15.444	9.0441	6.2724	
1358	36.513	36.583	37.601	16.248	9.371	6.3795	
1359	36.476	36.55	37.573	16.262	8.6908	6.918	
1426	34.272	34.507	35.853	15.655	9.2987	6.337	
1427	34.243	34.479	35.829	15.544	8.6458	6.0444	
1428	34.213	34.451	35.806	15.394	8.841	5.6434	
1429	34.184	34.424	35.782	15.638	8.6618	5.8162	
1430	34.155	34.396	35.759	15.645	8.8034	5.8313	
1431	34.126	34.369	35.735	15.324	8.9254	6.1083	
1432	34.097	34.342	35.712	15.558	8.5618	5.8907	
1433	34.068	34.315	35.689	15.35	8.5981	5.8503	
1434	34.04	34.287	35.666	15.504	8.9164	6.1849	
1435	34.011	34.26	35.643	15.523	8.856	5.7635	
1436	33.983	34.233	35.619	15.531	8.646	5.9371	
1437	33.954	34.207	35.596	15.437	8.9074	5.8618	
1438	33.926	34.18	35.573	15.329	8.6594	5.9473	
1439	33.897	34.153	35.55	15.448	8.7878	5.9026	
1440	33.869	34.126	35.528	15.332	8.7869	5.8234	
1441	33.841	34.099	35.505	15.418	8.6815	6.0523	
1442	33.813	34.073	35.482	15.471	8.6178	5.804	
1443	33.785	34.046	35.459	15.352	8.745	5.9607	
1444	33.757	34.02	35.437	15.461	8.7728	5.754	
1445	33.729	33.994	35.414	15.33	8.7337	5.8418	
1446	33.702	33.967	35.391	15.463	8.6349	5.8148	
1447	33.674	33.941	35.369	15.435	8.7027	5.7187	
1448	33.647	33.915	35.346	15.418	8.6759	5.8657	
1449	33.619	33.889	35.324	15.369	8.7286	5.8616	
1450	33.592	33.863	35.302	15.389	8.7223	5.7667	
1451	33.565	33.837	35.279	15.439	8.6835	5.8613	
1452	33.537	33.811	35.257	15.461	8.7416	5.9121	
1453	33.51	33.785	35.235	15.432	8.7434	5.9344	
1454	33.483	33.759	35.213	15.347	8.6775	5.7013	
1455	33.456	33.734	35.19	15.416	8.7501	5.778	
1456	33.429	33.708	35.168	15.442	8.7139	5.8162	
1457	33.402	33.682	35.146	15.384	8.5911	5.8161	
1458	33.376	33.657	35.124	15.382	8.7003	5.8269	
1459	33.349	33.631	35.102	15.364	8.5653	5.7475	
1460	33.323	33.606	35.081	15.406	8.6329	5.8577	
1461	33.296	33.581	35.059	15.425	8.6263	5.8131	
1462	33.27	33.556	35.037	15.392	8.6402	5.8205	
1463	33.243	33.53	35.015	15.378	8.6426	5.7707	
1464	33.217	33.505	34.993	15.356	8.6674	5.7556	
1465	33.191	33.48	34.972	15.367	8.7009	5.7782	
1466	33.165	33.455	34.95	15.362	8.5979	5.8152	
1467	33.139	33.43	34.929	15.382	8.6242	5.8072	
1468	33.113	33.405	34.907	15.351	8.6378	5.7845	
1469	33.087	33.38	34.886	15.375	8.6157	5.7777	
1470	33.061	33.356	34.864	15.368	8.6027	5.7829	
1471	33.035	33.331	34.843	15.371	8.6274	5.7814	
1472	33.01	33.306	34.821	15.372	8.6286	5.7604	
1473	32.984	33.282	34.8	15.361	8.64	5.7729	
1474	32.959	33.257	34.779	15.364	8.6233	5.7729	
1475	32.933	33.233	34.758	15.367	8.6216	5.7631	
1476	32.908	33.208	34.736	15.361	8.6167	5.7547	
1477	32.883	33.184	34.715	15.367	8.6407	5.7684	
1478	32.857	33.16	34.694	15.372	8.6251	5.7501	
1479	32.832	33.136	34.673	15.364	8.6199	5.7574	
1480	32.807	33.111	34.652	15.365	8.6238	5.7479	
1481	32.782	33.087	34.631	15.366	8.6113	5.7261	
1482	32.757	33.063	34.61	15.361	8.6283	5.7517	
1483	32.732	33.039	34.59	15.362	8.62	5.7472	
1484	32.708	33.015	34.569	15.378	8.6195	5.7384	
1485	32.683	32.991	34.548	15.355	8.6304	5.737	
1486	32.658	32.968	34.527	15.356	8.5946	5.6973	
1487	32.634	32.944	34.507	15.348	8.6228	5.7008	
1488	32.609	32.92	34.486	15.36	8.6145	5.7232	
1489	32.585	32.896	34.465	15.361	8.6151	5.7038	
1490	32.56	32.873	34.445	15.362	8.5895	5.747	
1491	32.536	32.849	34.424	15.345	8.6053	5.698	
1492	32.512	32.826	34.404	15.351	8.5961	5.7165	
1493	32.488	32.802	34.383	15.341	8.5614	5.7088	
1494	32.463	32.779	34.363	15.341	8.5719	5.697	
1495	32.439	32.756	34.342	15.332	8.5697	5.6877	
1496	32.415	32.732	34.322	15.36	8.6007	5.7053	
1497	32.392	32.709	34.302	15.331	8.5842	5.694	
1498	32.368	32.686	34.282	15.364	8.5808	5.6957	
1499	32.344	32.663	34.261	15.346	8.5729	5.7135	
1500	32.32	32.64	34.241	15.338	8.5688	5.6944	
1501	32.297	32.617	34.221	15.324	8.5615	5.6481	
1502	32.273	32.594	34.201	15.341	8.5663	5.6767	
1503	32.249	32.571	34.181	15.337	8.5858	5.6658	
1504	32.226	32.548	34.161	15.331	8.5525	5.6375	
1505	32.203	32.525	34.141	15.336	8.5556	5.6753	
1506	32.179	32.502	34.121	15.327	8.5511	5.6423	
1507	32.156	32.48	34.101	15.311	8.5398	5.6658	
1508	32.133	32.457	34.081	15.308	8.5416	5.6703	
1509	32.11	32.434	34.061	15.345	8.5427	5.6533	
1510	32.087	32.412	34.042	15.333	8.5601	5.6374	
1511	32.064	32.389	34.022	15.339	8.555	5.6471	
1512	32.041	32.367	34.002	15.33	8.5822	5.6517	
1513	32.018	32.345	33.982	15.364	8.5032	5.6648	
1514	31.995	32.322	33.963	15.322	8.5396	5.6835	
1515	31.972	32.3	33.943	15.295	8.5603	5.6483	
1516	31.949	32.278	33.924	15.318	8.5056	5.6522	
1517	31.927	32.256	33.904	15.315	8.5658	5.6102	
1518	31.904	32.233	33.885	15.295	8.5482	5.6359	
1519	31.882	32.211	33.865	15.297	8.5464	5.6432	
1520	31.859	32.189	33.846	15.291	8.534	5.6375	
1521	31.837	32.167	33.826	15.314	8.4871	5.5673	
1522	31.814	32.145	33.807	15.294	8.5187	5.5965	
1523	31.792	32.123	33.788	15.298	8.5355	5.6022	
1524	31.77	32.101	33.769	15.33	8.5488	5.6586	
1525	31.748	32.08	33.749	15.314	8.5414	5.6269	
1526	31.725	32.058	33.73	15.292	8.5151	5.6013	
1527	31.703	32.036	33.711	15.3	8.528	5.6024	
1528	31.681	32.015	33.692	15.288	8.5465	5.6141	
1529	31.659	31.993	33.673	15.293	8.4942	5.5902	
1530	31.638	31.971	33.654	15.303	8.5058	5.6026	
1531	31.616	31.95	33.635	15.28	8.4914	5.604	
1532	31.594	31.928	33.616	15.308	8.4916	5.603	
1533	31.572	31.907	33.597	15.284	8.4702	5.5967	
1534	31.551	31.885	33.578	15.305	8.4793	5.6376	
1535	31.529	31.864	33.559	15.298	8.4926	5.5712	
1536	31.507	31.843	33.54	15.276	8.4891	5.5791	
1537	31.486	31.822	33.521	15.283	8.4941	5.5846	
1538	31.464	31.8	33.502	15.277	8.5252	5.5789	
1539	31.443	31.779	33.484	15.294	8.4816	5.577	
1540	31.422	31.758	33.465	15.287	8.4628	5.578	
1541	31.4	31.737	33.446	15.275	8.4525	5.5494	
1542	31.379	31.716	33.428	15.281	8.4651	5.5754	
1543	31.358	31.695	33.409	15.279	8.4722	5.544	
1544	31.337	31.674	33.39	15.282	8.4897	5.5788	
1545	31.316	31.653	33.372	15.263	8.493	5.5536	
1546	31.295	31.632	33.353	15.278	8.4662	5.5539	
1547	31.274	31.611	33.335	15.274	8.4734	5.5453	
1548	31.253	31.591	33.316	15.277	8.4642	5.5399	
1549	31.232	31.57	33.298	15.277	8.4838	5.5347	
1550	31.211	31.549	33.28	15.282	8.4621	5.5433	
1551	31.191	31.529	33.261	15.26	8.4848	5.5405	
1552	31.17	31.508	33.243	15.272	8.4641	5.5476	
1553	31.149	31.487	33.225	15.253	8.4528	5.5522	
1554	31.129	31.467	33.206	15.262	8.4672	5.5335	
1555	31.108	31.447	33.188	15.281	8.442	5.52	
1556	31.088	31.426	33.17	15.259	8.4567	5.5561	
1557	31.067	31.406	33.152	15.253	8.4481	5.5181	
1558	31.047	31.385	33.134	15.256	8.4504	5.5207	
1559	31.026	31.365	33.116	15.276	8.4324	5.4932	
1560	31.006	31.345	33.097	15.271	8.4614	5.517	
1561	30.986	31.325	33.079	15.28	8.463	5.5073	
1562	30.966	31.304	33.061	15.286	8.4263	5.5184	
1563	30.945	31.284	33.043	15.246	8.4494	5.5213	
1564	30.925	31.264	33.025	15.253	8.4738	5.4959	
1565	30.905	31.244	33.008	15.26	8.475	5.4892	
1566	30.885	31.224	32.99	15.25	8.4211	5.471	
1567	30.865	31.204	32.972	15.272	8.4036	5.5013	
1568	30.845	31.184	32.954	15.254	8.4459	5.5132	
1569	30.826	31.164	32.936	15.273	8.4673	5.5183	
1570	30.806	31.144	32.918	15.258	8.4541	5.5109	
1571	30.786	31.125	32.901	15.251	8.43	5.5032	
1572	30.766	31.105	32.883	15.247	8.4216	5.516	
1573	30.747	31.085	32.865	15.253	8.4038	5.4898	
1574	30.727	31.065	32.848	15.271	8.4254	5.4739	
1575	30.708	31.046	32.83	15.231	8.4078	5.4942	
1576	30.688	31.026	32.812	15.249	8.3978	5.4296	
1577	30.669	31.006	32.795	15.217	8.3749	5.4756	
1578	30.649	30.987	32.777	15.237	8.4288	5.4607	
1579	30.63	30.967	32.76	15.228	8.4205	5.4795	
1580	30.61	30.948	32.742	15.239	8.3869	5.4487	
1581	30.591	30.928	32.725	15.234	8.4189	5.4105	
1582	30.572	30.909	32.707	15.257	8.4008	5.48	
1583	30.553	30.89	32.69	15.226	8.4345	5.4544	
1584	30.534	30.87	32.673	15.259	8.3606	5.4227	
1585	30.514	30.851	32.655	15.244	8.4289	5.4566	
1586	30.495	30.832	32.638	15.233	8.3734	5.502	
1587	30.476	30.813	32.621	15.238	8.4237	5.4611	
1588	30.457	30.793	32.603	15.245	8.3774	5.3926	
1589	30.438	30.774	32.586	15.215	8.3875	5.4566	
1590	30.42	30.755	32.569	15.228	8.3519	5.4219	
1591	30.401	30.736	32.552	15.219	8.3652	5.442	
1592	30.382	30.717	32.535	15.22	8.4063	5.4059	
1593	30.363	30.698	32.518	15.242	8.3902	5.4055	
1594	30.344	30.679	32.501	15.227	8.3533	5.4718	
1595	30.326	30.66	32.483	15.251	8.3693	5.388	
1596	30.307	30.641	32.466	15.218	8.396	5.4089	
1597	30.289	30.623	32.449	15.224	8.3787	5.4234	
1598	30.27	30.604	32.432	15.233	8.3674	5.3693	
1599	30.252	30.585	32.415	15.229	8.3583	5.4027	
1600	30.233	30.566	32.399	15.215	8.372	5.3582	
1601	30.215	30.548	32.382	15.245	8.3609	5.4297	
1602	30.196	30.529	32.365	15.238	8.3485	5.3855	
1603	30.178	30.51	32.348	15.243	8.3307	5.3756	
1604	30.16	30.492	32.331	15.231	8.3665	5.3766	
1605	30.142	30.473	32.314	15.219	8.355	5.4195	
1606	30.123	30.455	32.298	15.218	8.3515	5.381	
1607	30.105	30.436	32.281	15.236	8.3546	5.3807	
1608	30.087	30.418	32.264	15.198	8.3743	5.3834	
1609	30.069	30.399	32.247	15.209	8.3542	5.3865	
1610	30.051	30.381	32.231	15.217	8.3669	5.3679	
1611	30.033	30.362	32.214	15.223	8.3448	5.3933	
1612	30.015	30.344	32.197	15.243	8.3307	5.3638	
1613	29.997	30.326	32.181	15.178	8.3644	5.3728	
1614	29.979	30.308	32.164	15.202	8.361	5.4227	
1615	29.962	30.289	32.148	15.227	8.3397	5.3958	
1616	29.944	30.271	32.131	15.22	8.3127	5.3666	
1617	29.926	30.253	32.115	15.246	8.3553	5.3936	
1618	29.908	30.235	32.098	15.226	8.3236	5.3726	
1619	29.891	30.217	32.082	15.199	8.3466	5.3731	
1620	29.873	30.199	32.065	15.181	8.3603	5.3781	
1621	29.855	30.181	32.049	15.208	8.3253	5.3494	
1622	29.838	30.163	32.033	15.178	8.3112	5.3902	
1623	29.82	30.145	32.016	15.171	8.3181	5.3343	
1624	29.803	30.127	32	15.213	8.3478	5.3601	
1625	29.785	30.109	31.984	15.221	8.3268	5.3138	
1626	29.768	30.091	31.967	15.189	8.3195	5.3457	
1627	29.751	30.073	31.951	15.194	8.2845	5.3273	
1628	29.733	30.055	31.935	15.187	8.3499	5.3401	
1629	29.716	30.038	31.919	15.19	8.342	5.3735	
1630	29.699	30.02	31.903	15.179	8.3391	5.3371	
1631	29.682	30.002	31.886	15.173	8.3154	5.3855	
1632	29.665	29.985	31.87	15.186	8.35	5.3166	
1633	29.647	29.967	31.854	15.203	8.3497	5.3381	
1634	29.63	29.949	31.838	15.171	8.297	5.3258	
1635	29.613	29.932	31.822	15.194	8.3312	5.3287	
1636	29.596	29.914	31.806	15.188	8.3212	5.3036	
1637	29.579	29.897	31.79	15.199	8.3059	5.3668	
1638	29.562	29.879	31.774	15.222	8.2801	5.3259	
1639	29.545	29.862	31.758	15.182	8.3194	5.2974	
1640	29.529	29.844	31.742	15.173	8.2818	5.3281	
1641	29.512	29.827	31.726	15.175	8.354	5.2891	
1642	29.495	29.81	31.71	15.205	8.2703	5.335	
1643	29.478	29.792	31.695	15.19	8.3112	5.2849	
1644	29.462	29.775	31.679	15.187	8.2906	5.3078	
1645	29.445	29.758	31.663	15.188	8.2927	5.329	
1646	29.428	29.74	31.647	15.208	8.31	5.2496	
1647	29.412	29.723	31.631	15.15	8.3281	5.3322	
1648	29.395	29.706	31.616	15.196	8.214	5.2562	
1649	29.378	29.689	31.6	15.203	8.3041	5.32	
1650	29.362	29.672	31.584	15.183	8.3097	5.3172	
1651	29.345	29.655	31.568	15.183	8.2823	5.2789	
1652	29.329	29.638	31.553	15.167	8.2903	5.2806	
1653	29.313	29.62	31.537	15.222	8.273	5.3132	
1654	29.296	29.603	31.521	15.187	8.2721	5.3	
1655	29.28	29.586	31.506	15.181	8.3124	5.2674	
1656	29.264	29.57	31.49	15.178	8.2858	5.2886	
1657	29.247	29.553	31.475	15.182	8.2736	5.2715	
1658	29.231	29.536	31.459	15.168	8.2909	5.2684	
1659	29.215	29.519	31.444	15.198	8.2389	5.2994	
1660	29.199	29.502	31.428	15.134	8.2013	5.3163	
1661	29.183	29.485	31.413	15.18	8.22	5.277	
1662	29.167	29.468	31.397	15.141	8.2754	5.2561	
1663	29.151	29.452	31.382	15.16	8.3068	5.3083	
1664	29.135	29.435	31.366	15.139	8.2076	5.1903	
1665	29.119	29.418	31.351	15.134	8.2768	5.2901	
1666	29.103	29.402	31.336	15.203	8.2376	5.2267	
1667	29.087	29.385	31.32	15.116	8.178	5.2636	
1668	29.071	29.368	31.305	15.094	8.2587	5.2816	
1669	29.055	29.352	31.29	15.177	8.2221	5.1642	
1670	29.039	29.335	31.274	15.177	8.3188	5.28	
1671	29.023	29.319	31.259	15.144	8.2985	5.1962	
1672	29.008	29.302	31.244	15.205	8.2434	5.1552	
1673	28.992	29.286	31.229	15.194	8.2671	5.2595	
1674	28.976	29.269	31.214	15.196	8.273	5.2443	
1675	28.961	29.253	31.198	15.123	8.1082	5.2754	
1676	28.945	29.236	31.183	15.177	8.2951	5.2414	
1677	28.929	29.22	31.168	15.141	8.2686	5.3115	
1678	28.914	29.204	31.153	15.131	8.1656	5.2901	
1679	28.898	29.187	31.138	15.153	8.2106	5.2576	
1680	28.883	29.171	31.123	15.136	8.2649	5.3272	
1681	28.867	29.155	31.108	15.15	8.3289	5.2473	
1682	28.852	29.139	31.093	15.105	8.2398	5.2015	
1683	28.836	29.123	31.078	15.132	8.2922	5.1972	
1684	28.821	29.106	31.063	15.112	8.2552	5.3479	
1685	28.806	29.09	31.048	15.14	8.0623	5.0309	
1686	28.79	29.074	31.033	15.254	8.287	5.2897	
1687	28.775	29.058	31.018	15.066	8.3556	5.4453	
1688	28.76	29.042	31.003	15.075	8.27	5.2045	
1689	28.745	29.026	30.988	15.151	8.2085	5.0922	
1690	28.73	29.01	30.973	15.044	8.425	5.2279	
1691	28.714	28.994	30.958	15.226	8.1621	5.1941	
1692	28.699	28.978	30.944	15.228	8.4692	5.2754	
1693	28.684	28.962	30.929	14.99	8.3545	5.5722	
1694	28.669	28.946	30.914	14.9	8.082	5.2263	
1695	28.654	28.93	30.899	15.192	8.4939	5.4261	
1696	28.639	28.914	30.884	15.082	8.2301	5.4347	
1697	28.624	28.898	30.87	15.142	8.3357	5.437	
1698	28.609	28.883	30.855	14.719	8.2576	4.9981	
1699	28.594	28.867	30.84	14.916	8.6842	5.3629	
1700	28.579	28.851	30.826	14.932	8.1696	5.1826	
