	65	70	75	65	70	75	
300	46.265	51.554	58.886	37.511	37.209	37.514	
301	47.056	52.878	61.134	37.295	36.907	37.453	
302	47.902	54.287	63.526	37.087	36.772	37.279	
303	48.803	55.775	66.029	37.019	36.553	37.024	
304	49.755	57.328	68.571	36.99	36.489	37.052	
305	50.754	58.922	71.042	36.884	36.423	36.867	
306	51.795	60.532	73.284	36.614	36.185	36.77	
307	52.868	62.116	75.069	36.511	36.277	36.641	
308	53.963	63.624	76.134	36.334	36.128	36.541	
309	55.066	64.995	76.286	36.365	35.959	36.377	
310	56.159	66.163	75.528	36.171	35.873	36.379	
311	57.22	67.059	74.059	36.159	35.715	36.319	
312	58.225	67.625	72.151	36.209	35.719	36.207	
313	59.15	67.828	70.028	35.89	35.526	36.139	
314	59.964	67.66	67.843	35.955	35.547	35.953	
315	60.642	67.15	65.692	35.892	35.364	35.909	
316	61.16	66.348	63.631	35.798	35.418	35.815	
317	61.5	65.321	61.691	35.661	35.298	35.754	
318	61.65	64.132	59.885	35.561	35.153	35.59	
319	61.609	62.841	58.215	35.518	35.053	35.611	
320	61.385	61.499	56.68	35.535	35.035	35.459	
321	60.992	60.143	55.271	35.427	34.977	35.375	
322	60.452	58.802	53.98	35.393	34.901	35.332	
323	59.788	57.497	52.798	35.355	34.78	35.278	
324	59.027	56.24	51.715	35.23	34.786	35.152	
325	58.194	55.039	50.721	35.241	34.578	35.091	
326	57.312	53.9	49.808	35.155	34.568	35.032	
327	56.399	52.823	48.967	35.062	34.546	34.927	
328	55.474	51.809	48.191	35.028	34.498	34.847	
329	54.548	50.856	47.473	34.999	34.432	34.774	
330	53.634	49.96	46.807	35.011	34.459	34.767	
331	52.739	49.12	46.187	34.888	34.365	34.712	
332	51.868	48.331	45.609	34.842	34.23	34.555	
333	51.027	47.59	45.069	34.885	34.182	34.577	
334	50.218	46.895	44.561	34.798	34.161	34.525	
335	49.442	46.241	44.083	34.731	34.097	34.447	
336	48.7	45.625	43.633	34.609	34.041	34.358	
337	47.992	45.045	43.206	34.687	34.006	34.353	
338	47.317	44.497	42.801	34.632	33.962	34.303	
339	46.676	43.98	42.415	34.529	33.832	34.23	
340	46.066	43.49	42.047	34.579	33.724	34.179	
341	45.486	43.026	41.695	34.486	33.766	34.165	
342	44.936	42.585	41.357	34.466	33.725	34.1	
343	44.414	42.166	41.032	34.549	33.733	34.023	
344	43.918	41.768	40.719	34.521	33.702	33.95	
345	43.447	41.388	40.417	34.424	33.661	33.933	
346	43	41.025	40.125	34.455	33.622	33.892	
347	42.576	40.679	39.841	34.458	33.593	33.865	
348	42.174	40.348	39.566	34.377	33.616	33.812	
349	41.792	40.032	39.299	34.389	33.625	33.81	
350	41.429	39.729	39.038	34.388	33.625	33.767	
351	41.086	39.439	38.785	34.35	33.524	33.743	
352	40.761	39.162	38.538	34.396	33.574	33.8	
353	40.453	38.896	38.298	34.351	33.52	33.614	
354	40.161	38.642	38.062	34.458	33.583	33.722	
355	39.886	38.398	37.832	34.599	33.444	33.575	
356	39.625	38.165	37.606	34.579	33.535	33.58	
357	39.377	37.939	37.383	34.514	33.694	33.653	
358	39.141	37.72	37.16	34.45	33.599	33.561	
359	38.915	37.506	36.934	34.557	33.626	33.604	
360	38.696	37.292	36.704	34.568	33.602	33.533	
361	38.481	37.077	36.464	34.519	33.534	33.614	
362	38.267	36.855	36.212	34.468	33.471	33.318	
363	38.051	36.625	35.942	34.502	33.373	33.27	
364	37.83	36.381	35.652	34.485	33.406	33.141	
365	37.601	36.123	35.338	34.48	33.239	33.257	
366	37.362	35.847	34.999	34.43	33.18	32.916	
367	37.113	35.554	34.634	34.217	33.026	32.627	
368	36.853	35.241	34.241	34.2	33.006	32.484	
369	36.581	34.91	33.821	34.034	32.568	32.257	
370	36.297	34.56	33.376	33.841	32.395	31.955	
371	36.005	34.196	32.908	33.737	32.227	31.762	
372	35.705	33.819	32.421	33.555	32.089	31.437	
373	35.4	33.432	31.917	33.39	31.779	31.262	
374	35.09	33.036	31.399	33.076	31.523	30.992	
375	34.777	32.634	30.868	32.972	31.289	30.557	
376	34.463	32.226	30.327	32.744	31.026	30.281	
377	34.148	31.816	29.777	32.512	30.758	29.935	
378	33.834	31.404	29.221	32.361	30.452	29.755	
379	33.522	30.992	28.662	32.152	30.302	29.525	
380	33.212	30.58	28.099	31.847	30.094	29.22	
381	32.905	30.169	27.532	31.78	29.805	28.874	
382	32.6	29.76	26.964	31.618	29.702	28.718	
383	32.299	29.352	26.393	31.407	29.37	28.494	
384	32	28.947	25.822	31.178	29.194	28.195	
385	31.706	28.546	25.252	31.074	29.021	28.069	
386	31.418	28.149	24.684	30.864	28.789	27.848	
387	31.133	27.756	24.117	30.652	28.633	27.637	
388	30.852	27.367	23.552	30.583	28.41	27.476	
389	30.576	26.983	22.99	30.461	28.307	27.256	
390	30.305	26.603	22.43	30.26	28.108	27.05	
391	30.04	26.231	21.876	30.191	27.915	26.895	
392	29.781	25.864	21.328	29.981	27.735	26.665	
393	29.527	25.504	20.783	29.878	27.587	26.582	
394	29.278	25.149	20.243	29.682	27.397	26.4	
395	29.034	24.8	19.708	29.63	27.355	26.298	
396	28.796	24.459	19.181	29.422	27.142	26.077	
397	28.565	24.125	18.661	29.335	27.036	25.925	
398	28.338	23.797	18.146	29.275	26.882	25.776	
399	28.116	23.475	17.638	29.093	26.69	25.637	
400	27.899	23.16	17.136	29.072	26.6	25.423	
401	27.689	22.853	16.645	28.922	26.451	25.337	
402	27.484	22.553	16.16	28.768	26.379	25.181	
403	27.283	22.259	15.683	28.682	26.196	25.041	
404	27.086	21.971	15.215	28.573	26.143	24.894	
405	26.895	21.691	14.757	28.511	25.929	24.83	
406	26.708	21.417	14.309	28.418	25.831	24.647	
407	26.525	21.15	13.871	28.306	25.691	24.585	
408	26.346	20.89	13.444	28.204	25.67	24.441	
409	26.172	20.637	13.031	28.091	25.533	24.21	
410	26.003	20.392	12.631	28.031	25.423	24.179	
411	25.836	20.153	12.244	27.868	25.362	24.088	
412	25.674	19.921	11.873	27.819	25.199	23.977	
413	25.516	19.697	11.519	27.751	25.068	23.815	
414	25.363	19.48	11.183	27.647	25.046	23.779	
415	25.212	19.271	10.865	27.567	24.906	23.666	
416	25.066	19.069	10.568	27.436	24.81	23.564	
417	24.924	18.875	10.294	27.395	24.667	23.442	
418	24.785	18.689	10.041	27.242	24.576	23.314	
419	24.65	18.511	9.8126	27.24	24.539	23.278	
420	24.519	18.341	9.6102	27.177	24.391	23.051	
421	24.392	18.18	9.4339	26.993	24.277	23.05	
422	24.269	18.026	9.2844	27.016	24.164	22.99	
423	24.149	17.881	9.1629	26.934	24.088	22.879	
424	24.034	17.744	9.0699	26.867	24.049	22.714	
425	23.922	17.616	9.0048	26.755	23.89	22.644	
426	23.813	17.496	8.9679	26.651	23.86	22.58	
427	23.709	17.385	8.9592	26.553	23.755	22.538	
428	23.608	17.282	8.977	26.479	23.663	22.372	
429	23.511	17.187	9.0207	26.519	23.569	22.282	
430	23.418	17.101	9.0898	26.369	23.426	22.284	
431	23.329	17.024	9.182	26.264	23.503	22.162	
432	23.243	16.954	9.2959	26.276	23.311	21.984	
433	23.161	16.893	9.4308	26.141	23.339	21.941	
434	23.082	16.84	9.5841	26.086	23.175	21.795	
435	23.007	16.795	9.7543	26.006	23.033	21.804	
436	22.935	16.758	9.9404	25.973	22.899	21.543	
437	22.867	16.729	10.14	25.893	22.922	21.617	
438	22.803	16.707	10.352	25.872	22.893	21.469	
439	22.742	16.693	10.575	25.71	22.818	21.435	
440	22.685	16.686	10.808	25.695	22.639	21.343	
441	22.631	16.687	11.049	25.63	22.648	21.261	
442	22.58	16.694	11.297	25.588	22.648	21.104	
443	22.533	16.708	11.552	25.507	22.442	21.184	
444	22.489	16.729	11.812	25.556	22.424	20.985	
445	22.448	16.756	12.076	25.392	22.277	20.91	
446	22.41	16.789	12.344	25.234	22.293	20.863	
447	22.376	16.829	12.615	25.292	22.112	20.749	
448	22.345	16.874	12.888	25.195	22.141	20.723	
449	22.317	16.924	13.162	25.183	22.026	20.627	
450	22.292	16.98	13.438	25.118	21.916	20.654	
451	22.27	17.041	13.715	25.118	21.857	20.554	
452	22.251	17.107	13.992	25.026	21.784	20.444	
453	22.235	17.177	14.269	24.922	21.755	20.443	
454	22.221	17.252	14.545	24.835	21.684	20.273	
455	22.211	17.331	14.821	24.769	21.671	20.279	
456	22.203	17.414	15.096	24.72	21.58	20.095	
457	22.198	17.502	15.369	24.709	21.546	20.092	
458	22.196	17.592	15.642	24.66	21.441	20.062	
459	22.196	17.686	15.912	24.663	21.481	19.975	
460	22.199	17.784	16.182	24.545	21.331	19.906	
461	22.204	17.884	16.449	24.62	21.233	19.818	
462	22.212	17.988	16.714	24.431	21.183	19.772	
463	22.223	18.094	16.977	24.46	21.21	19.722	
464	22.235	18.203	17.238	24.327	21.031	19.609	
465	22.25	18.314	17.497	24.36	21.017	19.608	
466	22.267	18.428	17.753	24.267	20.954	19.454	
467	22.286	18.544	18.008	24.206	20.854	19.484	
468	22.308	18.661	18.259	24.17	20.799	19.396	
469	22.331	18.781	18.509	24.092	20.77	19.34	
470	22.357	18.902	18.756	24.061	20.699	19.193	
471	22.385	19.025	19	24.012	20.652	19.217	
472	22.414	19.149	19.242	23.934	20.679	19.142	
473	22.446	19.274	19.481	23.947	20.517	19.035	
474	22.479	19.401	19.718	23.908	20.509	19.076	
475	22.514	19.529	19.953	23.846	20.472	18.955	
476	22.551	19.658	20.185	23.824	20.439	18.928	
477	22.589	19.788	20.414	23.74	20.279	18.806	
478	22.63	19.919	20.641	23.684	20.28	18.775	
479	22.672	20.051	20.866	23.667	20.197	18.72	
480	22.715	20.183	21.088	23.599	20.142	18.638	
481	22.76	20.316	21.307	23.572	20.093	18.615	
482	22.807	20.45	21.525	23.495	20.1	18.561	
483	22.855	20.584	21.74	23.543	20.037	18.524	
484	22.904	20.719	21.952	23.447	19.952	18.437	
485	22.955	20.853	22.162	23.405	19.904	18.479	
486	23.007	20.989	22.37	23.388	19.787	18.36	
487	23.06	21.124	22.576	23.308	19.783	18.254	
488	23.115	21.26	22.779	23.318	19.714	18.213	
489	23.171	21.396	22.981	23.228	19.691	18.178	
490	23.228	21.532	23.18	23.239	19.606	18.185	
491	23.286	21.668	23.377	23.162	19.598	18.078	
492	23.345	21.804	23.571	23.125	19.513	18.036	
493	23.406	21.94	23.764	23.098	19.505	17.975	
494	23.467	22.076	23.955	23.049	19.475	17.976	
495	23.53	22.212	24.144	23.039	19.452	17.877	
496	23.594	22.348	24.331	22.991	19.38	17.876	
497	23.658	22.484	24.515	22.952	19.303	17.874	
498	23.724	22.619	24.698	22.922	19.281	17.787	
499	23.79	22.755	24.88	22.888	19.204	17.73	
500	23.858	22.89	25.059	22.873	19.164	17.653	
501	23.926	23.026	25.236	22.799	19.155	17.607	
502	23.995	23.161	25.412	22.748	19.072	17.553	
503	24.065	23.296	25.586	22.745	19.08	17.515	
504	24.135	23.43	25.759	22.67	18.989	17.461	
505	24.207	23.564	25.929	22.66	18.966	17.426	
506	24.279	23.698	26.098	22.59	18.9	17.357	
507	24.352	23.832	26.266	22.573	18.858	17.36	
508	24.425	23.966	26.432	22.544	18.831	17.264	
509	24.5	24.099	26.597	22.54	18.784	17.234	
510	24.575	24.232	26.76	22.464	18.744	17.185	
511	24.65	24.364	26.921	22.441	18.672	17.172	
512	24.727	24.497	27.081	22.411	18.653	17.095	
513	24.804	24.629	27.24	22.38	18.604	17.039	
514	24.881	24.76	27.398	22.329	18.581	17.008	
515	24.959	24.891	27.554	22.323	18.521	16.956	
516	25.038	25.023	27.709	22.272	18.488	16.925	
517	25.117	25.153	27.862	22.233	18.453	16.889	
518	25.197	25.284	28.015	22.213	18.429	16.8	
519	25.277	25.414	28.166	22.156	18.383	16.8	
520	25.358	25.543	28.316	22.155	18.329	16.783	
521	25.439	25.673	28.465	22.107	18.281	16.705	
522	25.521	25.802	28.613	22.082	18.236	16.682	
523	25.603	25.931	28.759	22.044	18.197	16.633	
524	25.686	26.059	28.905	22.008	18.175	16.576	
525	25.769	26.188	29.05	21.973	18.11	16.541	
526	25.853	26.316	29.194	21.948	18.101	16.479	
527	25.937	26.443	29.336	21.919	18.041	16.467	
528	26.022	26.57	29.478	21.871	18.015	16.444	
529	26.107	26.698	29.619	21.848	17.935	16.346	
530	26.192	26.824	29.759	21.807	17.963	16.332	
531	26.278	26.951	29.898	21.787	17.894	16.282	
532	26.364	27.077	30.037	21.792	17.872	16.249	
533	26.451	27.203	30.175	21.715	17.836	16.21	
534	26.538	27.329	30.311	21.688	17.765	16.173	
535	26.626	27.455	30.448	21.675	17.736	16.118	
536	26.714	27.58	30.583	21.642	17.728	16.071	
537	26.802	27.705	30.718	21.635	17.67	16.051	
538	26.89	27.83	30.852	21.595	17.649	16.008	
539	26.979	27.955	30.985	21.569	17.626	15.99	
540	27.069	28.079	31.118	21.55	17.587	15.938	
541	27.159	28.204	31.25	21.51	17.537	15.923	
542	27.249	28.328	31.382	21.482	17.509	15.858	
543	27.339	28.452	31.513	21.476	17.461	15.814	
544	27.43	28.576	31.644	21.431	17.422	15.773	
545	27.521	28.7	31.774	21.41	17.437	15.761	
546	27.613	28.823	31.903	21.352	17.352	15.71	
547	27.705	28.947	32.033	21.367	17.317	15.707	
548	27.797	29.07	32.161	21.329	17.285	15.648	
549	27.89	29.194	32.29	21.326	17.238	15.622	
550	27.983	29.317	32.418	21.261	17.228	15.591	
551	28.076	29.44	32.545	21.239	17.193	15.54	
552	28.17	29.563	32.672	21.241	17.157	15.508	
553	28.264	29.686	32.799	21.207	17.129	15.477	
554	28.358	29.809	32.926	21.168	17.077	15.44	
555	28.453	29.932	33.053	21.16	17.056	15.395	
556	28.548	30.055	33.179	21.131	17.016	15.362	
557	28.644	30.178	33.305	21.103	16.947	15.317	
558	28.74	30.301	33.43	21.084	16.962	15.3	
559	28.836	30.424	33.556	21.046	16.928	15.278	
560	28.933	30.547	33.681	21.019	16.886	15.228	
561	29.03	30.67	33.806	21.007	16.84	15.186	
562	29.127	30.793	33.931	21	16.812	15.184	
563	29.225	30.916	34.056	20.961	16.801	15.133	
564	29.323	31.039	34.181	20.944	16.75	15.126	
565	29.422	31.163	34.306	20.9	16.721	15.064	
566	29.521	31.286	34.431	20.879	16.684	15.074	
567	29.62	31.41	34.555	20.845	16.66	15.01	
568	29.72	31.533	34.68	20.818	16.626	14.969	
569	29.82	31.657	34.805	20.805	16.591	14.939	
570	29.921	31.781	34.93	20.791	16.566	14.891	
571	30.021	31.905	35.054	20.756	16.54	14.877	
572	30.123	32.029	35.179	20.734	16.528	14.866	
573	30.224	32.154	35.304	20.719	16.489	14.815	
574	30.327	32.279	35.429	20.685	16.473	14.755	
575	30.429	32.404	35.554	20.662	16.434	14.74	
576	30.532	32.529	35.68	20.631	16.404	14.719	
577	30.636	32.654	35.805	20.644	16.385	14.694	
578	30.74	32.78	35.931	20.618	16.331	14.681	
579	30.844	32.906	36.057	20.576	16.316	14.62	
580	30.949	33.032	36.183	20.577	16.277	14.621	
581	31.054	33.158	36.309	20.535	16.251	14.584	
582	31.159	33.285	36.435	20.524	16.22	14.522	
583	31.266	33.412	36.562	20.504	16.18	14.507	
584	31.372	33.539	36.689	20.492	16.17	14.517	
585	31.479	33.667	36.817	20.442	16.155	14.449	
586	31.587	33.795	36.944	20.431	16.123	14.417	
587	31.695	33.924	37.072	20.436	16.098	14.362	
588	31.803	34.052	37.201	20.408	16.07	14.357	
589	31.912	34.182	37.329	20.364	16.041	14.332	
590	32.022	34.311	37.458	20.345	16.005	14.287	
591	32.132	34.441	37.588	20.333	15.99	14.25	
592	32.242	34.572	37.718	20.31	15.918	14.221	
593	32.353	34.703	37.848	20.296	15.969	14.198	
594	32.465	34.834	37.979	20.283	15.892	14.209	
595	32.577	34.966	38.11	20.24	15.88	14.155	
596	32.689	35.098	38.242	20.22	15.879	14.124	
597	32.803	35.231	38.375	20.21	15.839	14.089	
598	32.916	35.364	38.507	20.202	15.8	14.07	
599	33.031	35.498	38.641	20.184	15.748	14.033	
600	33.145	35.632	38.775	20.146	15.774	14.024	
601	33.261	35.767	38.909	20.111	15.734	13.982	
602	33.377	35.903	39.044	20.089	15.676	13.946	
603	33.493	36.039	39.18	20.073	15.681	13.918	
604	33.61	36.175	39.316	20.062	15.645	13.915	
605	33.728	36.313	39.453	20.041	15.608	13.859	
606	33.847	36.451	39.591	20.03	15.616	13.815	
607	33.965	36.589	39.729	19.998	15.592	13.779	
608	34.085	36.728	39.868	20.014	15.535	13.804	
609	34.205	36.868	40.008	19.982	15.547	13.748	
610	34.326	37.008	40.148	19.959	15.505	13.733	
611	34.448	37.149	40.289	19.939	15.468	13.708	
612	34.57	37.291	40.431	19.937	15.48	13.705	
613	34.692	37.433	40.574	19.905	15.44	13.625	
614	34.816	37.577	40.717	19.873	15.416	13.633	
615	34.94	37.72	40.862	19.872	15.373	13.599	
616	35.065	37.865	41.007	19.848	15.366	13.567	
617	35.19	38.01	41.153	19.833	15.339	13.548	
618	35.316	38.157	41.299	19.81	15.324	13.544	
619	35.443	38.304	41.447	19.793	15.289	13.484	
620	35.571	38.451	41.596	19.769	15.26	13.464	
621	35.699	38.6	41.745	19.744	15.245	13.463	
622	35.828	38.749	41.895	19.758	15.223	13.435	
623	35.958	38.899	42.047	19.727	15.19	13.375	
624	36.088	39.05	42.199	19.705	15.17	13.372	
625	36.219	39.202	42.352	19.678	15.168	13.392	
626	36.351	39.355	42.506	19.681	15.12	13.311	
627	36.484	39.508	42.661	19.667	15.098	13.304	
628	36.617	39.663	42.817	19.638	15.06	13.283	
629	36.752	39.818	42.974	19.635	15.075	13.294	
630	36.887	39.975	43.133	19.57	15.013	13.233	
631	37.022	40.132	43.292	19.565	15.066	13.236	
632	37.159	40.29	43.452	19.575	15.011	13.141	
633	37.296	40.449	43.614	19.564	14.965	13.12	
634	37.434	40.609	43.776	19.51	14.954	13.069	
635	37.573	40.77	43.94	19.493	14.942	13.106	
636	37.713	40.932	44.104	19.49	14.951	13.106	
637	37.854	41.095	44.27	19.498	14.872	13.056	
638	37.995	41.26	44.437	19.454	14.846	13.046	
639	38.138	41.425	44.606	19.459	14.818	13.027	
640	38.281	41.591	44.775	19.425	14.799	13.018	
641	38.425	41.758	44.946	19.452	14.778	12.939	
642	38.57	41.926	45.117	19.402	14.772	12.986	
643	38.716	42.096	45.29	19.387	14.721	12.945	
644	38.862	42.266	45.465	19.404	14.727	12.899	
645	39.01	42.438	45.64	19.385	14.71	12.869	
646	39.158	42.61	45.817	19.341	14.67	12.857	
647	39.308	42.784	45.995	19.34	14.697	12.832	
648	39.458	42.959	46.174	19.298	14.644	12.833	
649	39.609	43.135	46.355	19.29	14.633	12.793	
650	39.761	43.313	46.537	19.268	14.571	12.757	
651	39.914	43.491	46.72	19.249	14.593	12.771	
652	40.068	43.671	46.905	19.245	14.544	12.718	
653	40.223	43.851	47.091	19.224	14.556	12.69	
654	40.379	44.033	47.279	19.213	14.505	12.636	
655	40.536	44.217	47.467	19.188	14.528	12.643	
656	40.694	44.401	47.658	19.173	14.551	12.655	
657	40.852	44.587	47.849	19.182	14.495	12.58	
658	41.012	44.774	48.042	19.145	14.451	12.585	
659	41.173	44.962	48.237	19.135	14.393	12.576	
660	41.334	45.151	48.433	19.131	14.406	12.557	
661	41.497	45.342	48.63	19.149	14.366	12.521	
662	41.661	45.534	48.829	19.141	14.38	12.487	
663	41.826	45.728	49.029	19.085	14.354	12.478	
664	41.991	45.922	49.231	19.067	14.358	12.46	
665	42.158	46.118	49.434	19.05	14.329	12.422	
666	42.326	46.316	49.639	19.037	14.283	12.4	
667	42.495	46.514	49.845	19.049	14.264	12.403	
668	42.664	46.714	50.053	19.03	14.28	12.379	
669	42.835	46.916	50.262	19.015	14.24	12.357	
670	43.007	47.119	50.473	18.996	14.227	12.341	
671	43.18	47.323	50.686	18.983	14.189	12.272	
672	43.354	47.528	50.9	18.968	14.151	12.307	
673	43.529	47.735	51.115	18.924	14.153	12.286	
674	43.705	47.944	51.332	18.939	14.161	12.278	
675	43.883	48.153	51.551	18.916	14.153	12.296	
676	44.061	48.365	51.771	18.918	14.072	12.203	
677	44.24	48.577	51.993	18.905	14.111	12.199	
678	44.421	48.791	52.217	18.877	14.073	12.219	
679	44.602	49.007	52.442	18.874	14.028	12.143	
680	44.785	49.224	52.668	18.865	14.013	12.153	
681	44.968	49.442	52.897	18.846	13.999	12.088	
682	45.153	49.662	53.127	18.845	14.005	12.109	
683	45.339	49.884	53.358	18.808	13.954	12.072	
684	45.526	50.106	53.591	18.784	13.945	12.093	
685	45.714	50.331	53.826	18.793	13.961	12.052	
686	45.903	50.557	54.062	18.775	13.924	12.002	
687	46.094	50.784	54.3	18.777	13.89	11.991	
688	46.285	51.013	54.54	18.772	13.868	11.962	
689	46.478	51.243	54.781	18.761	13.903	11.957	
690	46.671	51.475	55.024	18.716	13.875	11.965	
691	46.866	51.708	55.268	18.724	13.843	11.91	
692	47.062	51.943	55.514	18.709	13.782	11.94	
693	47.259	52.18	55.762	18.696	13.781	11.891	
694	47.457	52.418	56.011	18.682	13.775	11.898	
695	47.656	52.657	56.262	18.653	13.738	11.859	
696	47.857	52.898	56.514	18.654	13.704	11.854	
697	48.058	53.141	56.769	18.647	13.742	11.818	
698	48.261	53.385	57.024	18.656	13.697	11.76	
699	48.464	53.63	57.281	18.615	13.678	11.745	
700	48.669	53.878	57.54	18.603	13.714	11.763	
701	48.875	54.126	57.801	18.616	13.601	11.754	
702	49.082	54.377	58.063	18.605	13.677	11.742	
703	49.29	54.628	58.326	18.55	13.664	11.695	
704	49.499	54.882	58.591	18.548	13.616	11.689	
705	49.71	55.137	58.858	18.593	13.586	11.663	
706	49.921	55.393	59.126	18.539	13.595	11.627	
707	50.134	55.651	59.395	18.519	13.587	11.625	
708	50.347	55.91	59.666	18.499	13.513	11.634	
709	50.562	56.171	59.939	18.52	13.555	11.58	
710	50.778	56.434	60.212	18.509	13.487	11.628	
711	50.995	56.698	60.488	18.491	13.491	11.511	
712	51.213	56.964	60.765	18.46	13.43	11.505	
713	51.432	57.231	61.043	18.443	13.501	11.532	
714	51.652	57.499	61.322	18.434	13.419	11.487	
715	51.873	57.769	61.603	18.397	13.433	11.469	
716	52.095	58.041	61.885	18.418	13.356	11.374	
717	52.318	58.314	62.169	18.408	13.398	11.468	
718	52.542	58.589	62.454	18.389	13.347	11.371	
719	52.767	58.865	62.74	18.416	13.365	11.461	
720	52.994	59.142	63.027	18.332	13.336	11.414	
721	53.221	59.421	63.315	18.377	13.311	11.389	
722	53.449	59.702	63.605	18.373	13.341	11.365	
723	53.678	59.983	63.896	18.316	13.339	11.362	
724	53.908	60.267	64.188	18.348	13.267	11.357	
725	54.139	60.552	64.481	18.293	13.366	11.278	
726	54.371	60.838	64.775	18.343	13.2	11.279	
727	54.604	61.125	65.07	18.3	13.25	11.255	
728	54.838	61.414	65.365	18.318	13.194	11.255	
729	55.073	61.704	65.662	18.272	13.178	11.254	
730	55.309	61.996	65.96	18.26	13.183	11.173	
731	55.545	62.289	66.258	18.22	13.167	11.208	
732	55.782	62.583	66.558	18.247	13.116	11.197	
733	56.021	62.879	66.858	18.236	13.152	11.165	
734	56.26	63.176	67.158	18.263	13.117	11.143	
735	56.499	63.474	67.46	18.212	13.131	11.119	
736	56.74	63.773	67.762	18.211	13.114	11.12	
737	56.981	64.074	68.064	18.221	13.084	11.153	
738	57.223	64.376	68.367	18.175	13.091	11.076	
739	57.466	64.679	68.67	18.168	13.067	11.094	
740	57.709	64.983	68.974	18.198	13.06	11.074	
741	57.954	65.288	69.278	18.146	13.012	11.072	
742	58.198	65.595	69.582	18.159	13.021	11.016	
743	58.444	65.903	69.886	18.16	13.027	10.987	
744	58.69	66.211	70.19	18.128	13	11.023	
745	58.936	66.521	70.494	18.098	13.023	11.013	
746	59.183	66.832	70.799	18.113	12.97	10.981	
747	59.431	67.144	71.102	18.112	13.001	10.944	
748	59.679	67.457	71.406	18.09	12.967	10.93	
749	59.927	67.77	71.709	18.087	12.928	10.902	
750	60.176	68.085	72.012	18.026	12.909	10.938	
751	60.425	68.401	72.314	18.064	12.892	10.873	
752	60.675	68.717	72.616	18.016	12.923	10.846	
753	60.925	69.034	72.917	18.042	12.881	10.845	
754	61.175	69.352	73.216	18.033	12.862	10.87	
755	61.426	69.671	73.515	17.998	12.896	10.794	
756	61.676	69.991	73.813	18.017	12.83	10.84	
757	61.927	70.311	74.109	18.016	12.778	10.837	
758	62.178	70.632	74.404	17.993	12.814	10.794	
759	62.429	70.954	74.697	17.991	12.817	10.766	
760	62.68	71.276	74.989	17.965	12.743	10.723	
761	62.931	71.599	75.278	17.94	12.757	10.727	
762	63.182	71.922	75.566	17.968	12.744	10.685	
763	63.433	72.246	75.851	17.942	12.757	10.67	
764	63.684	72.57	76.134	17.942	12.75	10.703	
765	63.935	72.895	76.414	17.928	12.723	10.649	
766	64.185	73.219	76.691	17.945	12.732	10.659	
767	64.435	73.545	76.965	17.932	12.689	10.658	
768	64.685	73.87	77.235	17.898	12.676	10.604	
769	64.934	74.196	77.502	17.901	12.684	10.63	
770	65.183	74.521	77.765	17.88	12.632	10.573	
771	65.431	74.847	78.024	17.839	12.621	10.567	
772	65.679	75.173	78.278	17.837	12.664	10.567	
773	65.926	75.499	78.527	17.851	12.613	10.567	
774	66.172	75.825	78.771	17.831	12.605	10.51	
775	66.418	76.15	79.01	17.81	12.584	10.517	
776	66.662	76.476	79.242	17.872	12.563	10.49	
777	66.906	76.801	79.468	17.813	12.541	10.499	
778	67.149	77.125	79.687	17.814	12.507	10.516	
779	67.39	77.449	79.899	17.771	12.515	10.473	
780	67.631	77.773	80.103	17.769	12.529	10.484	
781	67.87	78.096	80.299	17.816	12.552	10.405	
782	68.108	78.418	80.487	17.788	12.453	10.414	
783	68.345	78.739	80.665	17.766	12.44	10.413	
784	68.58	79.06	80.833	17.747	12.468	10.369	
785	68.814	79.379	80.991	17.727	12.424	10.347	
786	69.046	79.697	81.139	17.72	12.435	10.349	
787	69.276	80.013	81.275	17.725	12.412	10.345	
788	69.504	80.328	81.4	17.722	12.394	10.324	
789	69.731	80.641	81.512	17.703	12.376	10.317	
790	69.955	80.953	81.612	17.705	12.403	10.277	
791	70.178	81.262	81.699	17.675	12.368	10.278	
792	70.398	81.568	81.772	17.689	12.361	10.267	
793	70.615	81.872	81.833	17.679	12.381	10.266	
794	70.831	82.173	81.879	17.66	12.327	10.239	
795	71.043	82.471	81.911	17.659	12.309	10.224	
796	71.253	82.764	81.93	17.662	12.313	10.213	
797	71.46	83.053	81.934	17.654	12.325	10.176	
798	71.665	83.338	81.925	17.666	12.323	10.181	
799	71.866	83.617	81.902	17.647	12.261	10.206	
800	72.064	83.89	81.866	17.62	12.266	10.135	
801	72.259	84.156	81.816	17.605	12.279	10.152	
802	72.45	84.414	81.754	17.648	12.257	10.122	
803	72.638	84.664	81.679	17.585	12.228	10.092	
804	72.822	84.903	81.592	17.575	12.219	10.133	
805	73.002	85.13	81.494	17.566	12.198	10.093	
806	73.178	85.344	81.385	17.583	12.17	10.084	
807	73.351	85.544	81.266	17.566	12.126	10.115	
808	73.519	85.726	81.137	17.569	12.174	10.024	
809	73.682	85.889	80.999	17.516	12.099	10.047	
810	73.841	86.032	80.852	17.556	12.165	10.014	
811	73.996	86.15	80.697	17.537	12.131	9.9973	
812	74.145	86.243	80.534	17.532	12.176	10.005	
813	74.29	86.309	80.364	17.542	12.077	9.9926	
814	74.43	86.347	80.188	17.52	12.11	10.013	
815	74.564	86.355	80.006	17.499	12.091	9.9656	
816	74.694	86.335	79.818	17.51	12.082	9.9131	
817	74.817	86.286	79.625	17.487	12.062	9.9298	
818	74.936	86.21	79.427	17.492	12.059	9.9034	
819	75.048	86.108	79.225	17.483	12.042	9.9129	
820	75.155	85.984	79.018	17.46	12.018	9.8719	
821	75.256	85.839	78.809	17.453	12.005	9.8656	
822	75.351	85.676	78.596	17.45	12.012	9.8616	
823	75.439	85.496	78.379	17.451	12.006	9.8525	
824	75.522	85.302	78.161	17.443	12.007	9.8497	
825	75.598	85.096	77.939	17.437	11.988	9.8449	
826	75.668	84.879	77.716	17.433	11.98	9.8362	
827	75.732	84.653	77.491	17.43	11.974	9.8144	
828	75.789	84.419	77.264	17.419	11.964	9.8087	
829	75.839	84.179	77.035	17.407	11.95	9.7941	
830	75.883	83.933	76.805	17.407	11.946	9.8031	
831	75.921	83.683	76.574	17.4	11.919	9.7859	
832	75.952	83.428	76.342	17.384	11.91	9.7662	
833	75.976	83.17	76.109	17.379	11.905	9.7353	
834	75.993	82.909	75.875	17.367	11.897	9.7158	
835	76.005	82.645	75.641	17.36	11.889	9.7177	
836	76.009	82.38	75.406	17.358	11.888	9.6974	
837	76.007	82.112	75.172	17.35	11.861	9.7024	
838	75.999	81.844	74.936	17.356	11.846	9.6741	
839	75.984	81.574	74.701	17.339	11.835	9.6728	
840	75.963	81.304	74.466	17.323	11.851	9.6213	
841	75.936	81.033	74.231	17.338	11.799	9.6059	
842	75.903	80.761	73.996	17.35	11.812	9.6524	
843	75.864	80.49	73.761	17.333	11.79	9.6237	
844	75.819	80.218	73.527	17.328	11.8	9.6135	
845	75.767	79.946	73.293	17.337	11.83	9.5864	
846	75.711	79.675	73.06	17.25	11.762	9.5728	
847	75.648	79.404	72.827	17.316	11.671	9.6306	
848	75.581	79.133	72.595	17.299	11.801	9.6341	
849	75.508	78.863	72.363	17.296	11.713	9.5251	
850	75.429	78.593	72.132	17.278	11.74	9.5683	
851	75.346	78.324	71.902	17.254	11.712	9.5872	
852	75.258	78.055	71.672	17.249	11.723	9.4661	
853	75.165	77.788	71.443	17.279	11.658	9.4759	
854	75.068	77.521	71.215	17.228	11.704	9.4325	
855	74.966	77.255	70.988	17.23	11.626	9.478	
856	74.86	76.99	70.762	17.202	11.678	9.4881	
857	74.75	76.725	70.537	17.234	11.659	9.4508	
858	74.636	76.462	70.313	17.248	11.682	9.4151	
859	74.518	76.2	70.09	17.26	11.629	9.461	
860	74.396	75.939	69.868	17.206	11.667	9.4684	
861	74.271	75.679	69.647	17.177	11.615	9.3825	
862	74.143	75.42	69.427	17.215	11.595	9.3837	
863	74.011	75.162	69.208	17.205	11.644	9.3907	
864	73.876	74.905	68.99	17.208	11.589	9.387	
865	73.738	74.65	68.773	17.157	11.577	9.3165	
866	73.598	74.396	68.558	17.167	11.563	9.3468	
867	73.455	74.143	68.343	17.147	11.513	9.3459	
868	73.309	73.891	68.13	17.118	11.543	9.3501	
869	73.161	73.64	67.918	17.15	11.508	9.2901	
870	73.01	73.391	67.707	17.159	11.516	9.3057	
871	72.857	73.143	67.497	17.146	11.508	9.2767	
872	72.703	72.896	67.289	17.131	11.512	9.3136	
873	72.546	72.651	67.081	17.157	11.469	9.267	
874	72.387	72.407	66.875	17.129	11.488	9.2504	
875	72.227	72.164	66.67	17.111	11.474	9.2559	
876	72.065	71.922	66.467	17.115	11.465	9.2204	
877	71.902	71.682	66.264	17.112	11.46	9.2537	
878	71.737	71.443	66.063	17.083	11.444	9.2191	
879	71.571	71.206	65.863	17.079	11.432	9.1998	
880	71.403	70.97	65.664	17.071	11.421	9.1926	
881	71.235	70.735	65.467	17.069	11.417	9.1849	
882	71.065	70.502	65.27	17.067	11.412	9.1889	
883	70.894	70.269	65.075	17.063	11.408	9.1794	
884	70.723	70.039	64.882	17.061	11.404	9.1718	
885	70.55	69.809	64.689	17.061	11.396	9.1709	
886	70.377	69.581	64.498	17.056	11.388	9.1566	
887	70.203	69.355	64.308	17.046	11.371	9.1428	
888	70.028	69.129	64.119	17.044	11.364	9.1243	
889	69.853	68.905	63.931	17.031	11.351	9.1119	
890	69.678	68.683	63.745	17.018	11.337	9.0964	
891	69.502	68.462	63.56	17.012	11.328	9.0812	
892	69.325	68.242	63.376	17.01	11.316	9.0788	
893	69.148	68.023	63.194	17.003	11.31	9.0602	
894	68.971	67.806	63.012	16.991	11.308	9.0486	
895	68.793	67.59	62.832	16.999	11.303	9.0533	
896	68.616	67.376	62.653	16.989	11.29	9.0498	
897	68.438	67.163	62.475	16.989	11.285	9.0476	
898	68.26	66.951	62.299	16.987	11.282	9.0195	
899	68.082	66.741	62.123	16.979	11.268	9.0175	
900	67.904	66.531	61.949	16.966	11.258	8.9949	
901	67.727	66.324	61.776	16.947	11.247	8.9733	
902	67.549	66.117	61.605	16.948	11.229	8.9685	
903	67.371	65.912	61.434	16.945	11.226	8.9618	
904	67.193	65.708	61.265	16.94	11.217	8.9595	
905	67.016	65.506	61.096	16.932	11.215	8.9576	
906	66.839	65.305	60.929	16.934	11.21	8.9517	
907	66.662	65.105	60.763	16.929	11.206	8.9528	
908	66.485	64.906	60.599	16.931	11.194	8.9288	
909	66.308	64.709	60.435	16.916	11.183	8.9209	
910	66.132	64.513	60.273	16.902	11.167	8.91	
911	65.956	64.318	60.111	16.906	11.155	8.9055	
912	65.781	64.125	59.951	16.894	11.128	8.8691	
913	65.605	63.933	59.792	16.881	11.137	8.8493	
914	65.431	63.742	59.634	16.883	11.127	8.8511	
915	65.256	63.552	59.477	16.876	11.114	8.8449	
916	65.082	63.364	59.322	16.869	11.119	8.8435	
917	64.909	63.177	59.167	16.869	11.116	8.8377	
918	64.736	62.991	59.014	16.872	11.111	8.8326	
919	64.564	62.806	58.861	16.868	11.102	8.8198	
920	64.392	62.623	58.71	16.862	11.094	8.8106	
921	64.22	62.44	58.559	16.852	11.081	8.8013	
922	64.049	62.259	58.41	16.848	11.073	8.8045	
923	63.879	62.08	58.262	16.851	11.066	8.7956	
924	63.709	61.901	58.115	16.835	11.037	8.7695	
925	63.54	61.724	57.969	16.832	11.054	8.7564	
926	63.371	61.547	57.823	16.815	11.035	8.7417	
927	63.203	61.372	57.679	16.816	11.041	8.7315	
928	63.036	61.198	57.536	16.814	11.034	8.7362	
929	62.869	61.026	57.394	16.797	10.994	8.7477	
930	62.703	60.854	57.253	16.793	10.972	8.7269	
931	62.538	60.684	57.113	16.805	11.016	8.7154	
932	62.373	60.514	56.974	16.812	10.951	8.6826	
933	62.209	60.346	56.836	16.782	11.008	8.6791	
934	62.045	60.179	56.699	16.775	10.976	8.695	
935	61.882	60.013	56.563	16.773	10.978	8.6554	
936	61.72	59.849	56.428	16.753	10.941	8.6501	
937	61.559	59.685	56.293	16.753	10.935	8.6851	
938	61.398	59.522	56.16	16.783	10.944	8.6069	
939	61.238	59.361	56.028	16.761	10.933	8.6336	
940	61.079	59.2	55.896	16.766	10.894	8.6504	
941	60.92	59.041	55.766	16.76	10.92	8.6114	
942	60.762	58.883	55.636	16.739	10.886	8.5574	
943	60.605	58.725	55.507	16.715	10.91	8.5951	
944	60.449	58.569	55.38	16.717	10.929	8.5787	
945	60.293	58.414	55.253	16.744	10.893	8.5827	
946	60.138	58.26	55.127	16.743	10.888	8.5713	
947	59.983	58.107	55.001	16.722	10.888	8.5569	
948	59.83	57.955	54.877	16.718	10.861	8.5456	
949	59.677	57.804	54.754	16.708	10.84	8.5238	
950	59.525	57.654	54.631	16.702	10.832	8.5213	
951	59.374	57.505	54.509	16.691	10.851	8.5259	
952	59.223	57.357	54.389	16.683	10.844	8.5209	
953	59.073	57.21	54.269	16.694	10.825	8.4986	
954	58.924	57.064	54.149	16.695	10.819	8.5124	
955	58.776	56.919	54.031	16.682	10.807	8.4784	
956	58.628	56.775	53.913	16.663	10.812	8.4848	
957	58.481	56.631	53.797	16.664	10.803	8.5324	
958	58.335	56.489	53.681	16.644	10.785	8.4534	
959	58.189	56.348	53.565	16.666	10.771	8.4791	
960	58.045	56.208	53.451	16.678	10.753	8.4078	
961	57.901	56.068	53.337	16.673	10.778	8.3952	
962	57.758	55.93	53.225	16.661	10.689	8.3687	
963	57.615	55.792	53.112	16.62	10.712	8.4149	
964	57.473	55.656	53.001	16.649	10.748	8.3485	
965	57.332	55.52	52.891	16.617	10.733	8.3817	
966	57.192	55.385	52.781	16.628	10.753	8.359	
967	57.053	55.251	52.672	16.623	10.733	8.3919	
968	56.914	55.118	52.563	16.627	10.745	8.3832	
969	56.776	54.986	52.456	16.611	10.709	8.3707	
970	56.639	54.854	52.349	16.625	10.692	8.3925	
971	56.502	54.724	52.243	16.613	10.68	8.3706	
972	56.366	54.594	52.137	16.61	10.702	8.3492	
973	56.231	54.465	52.032	16.61	10.685	8.3224	
974	56.097	54.337	51.928	16.594	10.661	8.3374	
975	55.963	54.21	51.825	16.588	10.668	8.2816	
976	55.83	54.084	51.722	16.58	10.653	8.2972	
977	55.698	53.958	51.62	16.575	10.641	8.2843	
978	55.566	53.834	51.519	16.572	10.632	8.2858	
979	55.435	53.71	51.418	16.57	10.638	8.2719	
980	55.305	53.587	51.318	16.575	10.628	8.2724	
981	55.176	53.464	51.219	16.572	10.626	8.2804	
982	55.047	53.343	51.12	16.566	10.621	8.2707	
983	54.919	53.222	51.022	16.562	10.623	8.2828	
984	54.792	53.102	50.925	16.548	10.613	8.2676	
985	54.665	52.983	50.828	16.546	10.617	8.2362	
986	54.539	52.864	50.732	16.573	10.595	8.2584	
987	54.414	52.747	50.636	16.537	10.591	8.2149	
988	54.29	52.63	50.541	16.532	10.56	8.1936	
989	54.166	52.514	50.447	16.524	10.566	8.1933	
990	54.043	52.398	50.353	16.52	10.547	8.1876	
991	53.92	52.284	50.26	16.519	10.55	8.1676	
992	53.798	52.17	50.168	16.52	10.545	8.1802	
993	53.677	52.056	50.076	16.509	10.544	8.1739	
994	53.557	51.944	49.984	16.517	10.548	8.1768	
995	53.437	51.832	49.894	16.503	10.54	8.1619	
996	53.318	51.721	49.803	16.496	10.533	8.1554	
997	53.199	51.61	49.714	16.504	10.529	8.1444	
998	53.082	51.501	49.625	16.493	10.516	8.1417	
999	52.964	51.391	49.536	16.483	10.502	8.1776	
1000	52.848	51.283	49.448	16.5	10.478	8.1157	
1001	52.732	51.175	49.361	16.464	10.53	8.0949	
1002	52.617	51.068	49.274	16.485	10.51	8.0982	
1003	52.502	50.962	49.188	16.476	10.477	8.0989	
1004	52.388	50.856	49.102	16.475	10.443	8.0759	
1005	52.275	50.751	49.017	16.439	10.542	8.1117	
1006	52.162	50.647	48.932	16.467	10.428	8.1096	
1007	52.05	50.543	48.848	16.465	10.492	8.0327	
1008	51.939	50.44	48.764	16.449	10.484	8.0563	
1009	51.828	50.337	48.681	16.429	10.432	8.0496	
1010	51.718	50.235	48.598	16.466	10.451	8.0414	
1011	51.608	50.134	48.516	16.433	10.444	8.0428	
1012	51.499	50.033	48.435	16.438	10.431	8.0143	
1013	51.39	49.933	48.354	16.434	10.414	8.0082	
1014	51.283	49.834	48.273	16.435	10.394	8.0042	
1015	51.175	49.735	48.193	16.437	10.4	7.9932	
1016	51.069	49.637	48.113	16.413	10.402	8.087	
1017	50.963	49.539	48.034	16.395	10.365	7.9546	
1018	50.857	49.442	47.955	16.391	10.366	7.9748	
1019	50.752	49.346	47.877	16.377	10.349	7.938	
1020	50.648	49.25	47.799	16.428	10.409	7.9076	
1021	50.544	49.154	47.722	16.344	10.406	7.9482	
1022	50.441	49.059	47.645	16.399	10.335	7.9468	
1023	50.339	48.965	47.568	16.418	10.322	7.9437	
1024	50.237	48.872	47.492	16.374	10.301	7.9785	
1025	50.135	48.778	47.417	16.416	10.31	7.9159	
1026	50.034	48.686	47.342	16.38	10.359	7.8728	
1027	49.934	48.594	47.267	16.414	10.241	7.8987	
1028	49.834	48.502	47.193	16.371	10.339	7.8451	
1029	49.735	48.411	47.119	16.355	10.283	7.8299	
1030	49.636	48.321	47.046	16.359	10.328	7.903	
1031	49.538	48.231	46.973	16.422	10.333	7.9249	
1032	49.44	48.142	46.9	16.316	10.327	7.8632	
1033	49.343	48.053	46.828	16.382	10.287	7.887	
1034	49.247	47.965	46.757	16.356	10.309	7.8533	
1035	49.151	47.877	46.685	16.379	10.251	7.9231	
1036	49.055	47.789	46.614	16.253	10.285	7.8388	
1037	48.96	47.703	46.544	16.397	10.175	7.8035	
1038	48.866	47.616	46.474	16.319	10.24	7.9786	
1039	48.772	47.53	46.404	16.361	10.29	7.9209	
1040	48.678	47.445	46.335	16.298	10.088	7.8087	
1041	48.585	47.36	46.266	16.335	10.216	7.8567	
1042	48.493	47.276	46.197	16.445	10.238	7.6434	
1043	48.401	47.192	46.129	16.412	10.176	7.6925	
1044	48.31	47.108	46.062	16.267	10.268	7.7417	
1045	48.219	47.026	45.994	16.308	10.204	7.7873	
1046	48.128	46.943	45.927	16.204	10.35	7.5825	
1047	48.038	46.861	45.861	16.266	10.039	7.7932	
1048	47.949	46.779	45.794	16.229	10.157	7.8069	
1049	47.86	46.698	45.728	16.299	10.171	7.7236	
1050	47.771	46.618	45.663	16.276	10.083	7.8107	
1051	47.683	46.537	45.598	16.278	10.17	7.7396	
1052	47.595	46.458	45.533	16.273	10.161	7.7044	
1053	47.508	46.378	45.468	16.277	10.167	7.7231	
1054	47.421	46.299	45.404	16.277	10.148	7.7089	
1055	47.335	46.221	45.34	16.277	10.167	7.6972	
1056	47.249	46.143	45.277	16.273	10.135	7.687	
1057	47.164	46.065	45.214	16.269	10.153	7.6997	
1058	47.079	45.988	45.151	16.262	10.142	7.6709	
1059	46.995	45.911	45.089	16.247	10.134	7.6933	
1060	46.911	45.835	45.026	16.254	10.134	7.6648	
1061	46.827	45.759	44.965	16.263	10.116	7.6747	
1062	46.744	45.683	44.903	16.239	10.115	7.6648	
1063	46.662	45.608	44.842	16.235	10.098	7.6667	
1064	46.579	45.534	44.781	16.233	10.093	7.6472	
1065	46.498	45.459	44.721	16.225	10.087	7.629	
1066	46.416	45.385	44.661	16.232	10.086	7.618	
1067	46.335	45.312	44.601	16.223	10.089	7.6219	
1068	46.255	45.239	44.541	16.218	10.078	7.6284	
1069	46.175	45.166	44.482	16.223	10.054	7.6005	
1070	46.095	45.093	44.423	16.22	10.079	7.5985	
1071	46.016	45.021	44.364	16.218	10.063	7.599	
1072	45.937	44.95	44.306	16.202	10.065	7.5925	
1073	45.858	44.879	44.248	16.215	10.029	7.5661	
1074	45.78	44.808	44.19	16.199	10.044	7.5808	
1075	45.703	44.737	44.133	16.193	10.033	7.5517	
1076	45.625	44.667	44.076	16.201	10.022	7.5548	
1077	45.549	44.597	44.019	16.189	10.024	7.5511	
1078	45.472	44.528	43.962	16.185	10.008	7.5417	
1079	45.396	44.459	43.906	16.186	10.022	7.5314	
1080	45.32	44.39	43.85	16.186	10.011	7.5387	
1081	45.245	44.322	43.794	16.179	10.01	7.5348	
1082	45.17	44.254	43.738	16.172	10.007	7.5257	
1083	45.096	44.186	43.683	16.18	9.9947	7.5117	
1084	45.021	44.119	43.628	16.172	9.995	7.5129	
1085	44.948	44.052	43.574	16.166	9.9914	7.5014	
1086	44.874	43.985	43.519	16.171	9.9923	7.5038	
1087	44.801	43.919	43.465	16.156	9.9873	7.4945	
1088	44.729	43.853	43.411	16.166	9.9817	7.4997	
1089	44.656	43.787	43.358	16.159	9.9779	7.4821	
1090	44.584	43.722	43.304	16.158	9.9803	7.4881	
1091	44.513	43.657	43.251	16.153	9.9785	7.4853	
1092	44.441	43.592	43.198	16.144	9.9565	7.4715	
1093	44.371	43.528	43.146	16.148	9.9506	7.4729	
1094	44.3	43.464	43.093	16.141	9.9601	7.4722	
1095	44.23	43.4	43.041	16.15	9.9318	7.4483	
1096	44.16	43.337	42.989	16.144	9.9407	7.4519	
1097	44.091	43.274	42.938	16.13	9.9283	7.4383	
1098	44.021	43.211	42.887	16.124	9.9234	7.4168	
1099	43.953	43.149	42.835	16.123	9.9232	7.4195	
1100	43.884	43.087	42.785	16.113	9.9178	7.4139	
1101	43.816	43.025	42.734	16.124	9.9056	7.3964	
1102	43.748	42.963	42.683	16.116	9.8945	7.3888	
1103	43.681	42.902	42.633	16.109	9.8791	7.3797	
1104	43.614	42.841	42.583	16.105	9.888	7.3786	
1105	43.547	42.78	42.534	16.097	9.8862	7.3711	
1106	43.48	42.72	42.484	16.101	9.8753	7.3644	
1107	43.414	42.66	42.435	16.09	9.8672	7.3615	
1108	43.348	42.6	42.386	16.098	9.873	7.3533	
1109	43.283	42.541	42.337	16.089	9.8628	7.35	
1110	43.218	42.481	42.289	16.087	9.8562	7.3493	
1111	43.153	42.422	42.24	16.086	9.8575	7.3426	
1112	43.088	42.364	42.192	16.085	9.8439	7.3361	
1113	43.024	42.305	42.144	16.085	9.8491	7.3346	
1114	42.96	42.247	42.096	16.08	9.8466	7.3305	
1115	42.896	42.189	42.049	16.077	9.8484	7.3291	
1116	42.833	42.132	42.002	16.078	9.8409	7.3321	
1117	42.77	42.074	41.954	16.079	9.8416	7.3209	
1118	42.707	42.017	41.908	16.072	9.8334	7.3214	
1119	42.644	41.961	41.861	16.06	9.8347	7.3015	
1120	42.582	41.904	41.814	16.068	9.8313	7.2924	
1121	42.52	41.848	41.768	16.067	9.8176	7.2878	
1122	42.459	41.792	41.722	16.06	9.8063	7.2978	
1123	42.398	41.736	41.676	16.048	9.8069	7.2903	
1124	42.337	41.68	41.631	16.063	9.8076	7.2673	
1125	42.276	41.625	41.585	16.054	9.7979	7.2623	
1126	42.215	41.57	41.54	16.058	9.8085	7.2676	
1127	42.155	41.515	41.495	16.033	9.7894	7.2435	
1128	42.095	41.461	41.45	16.033	9.7801	7.246	
1129	42.036	41.407	41.405	16.039	9.78	7.2589	
1130	41.976	41.353	41.361	16.029	9.784	7.2303	
1131	41.917	41.299	41.316	16.028	9.7661	7.2327	
1132	41.858	41.245	41.272	16.029	9.7641	7.2224	
1133	41.8	41.192	41.228	16.022	9.7746	7.22	
1134	41.742	41.139	41.185	16.013	9.7404	7.2208	
1135	41.684	41.086	41.141	16.016	9.7516	7.1929	
1136	41.626	41.034	41.098	16.019	9.733	7.2045	
1137	41.569	40.981	41.054	16.012	9.7186	7.2018	
1138	41.511	40.929	41.011	16.011	9.7314	7.1817	
1139	41.454	40.877	40.969	16.007	9.7294	7.188	
1140	41.398	40.826	40.926	16	9.711	7.1734	
1141	41.341	40.774	40.883	16.013	9.7229	7.1701	
1142	41.285	40.723	40.841	16.009	9.7157	7.1425	
1143	41.229	40.672	40.799	15.991	9.7047	7.1754	
1144	41.174	40.621	40.757	15.991	9.6948	7.1627	
1145	41.118	40.57	40.715	15.994	9.7082	7.1617	
1146	41.063	40.52	40.674	15.991	9.6734	7.1488	
1147	41.008	40.47	40.632	15.987	9.6773	7.1375	
1148	40.953	40.42	40.591	15.993	9.6824	7.1398	
1149	40.899	40.37	40.55	15.982	9.6859	7.1336	
1150	40.845	40.321	40.509	15.971	9.6696	7.1285	
1151	40.791	40.272	40.468	15.973	9.6557	7.1144	
1152	40.737	40.222	40.427	15.974	9.6664	7.1066	
1153	40.684	40.174	40.387	15.967	9.6521	7.0941	
1154	40.63	40.125	40.346	15.961	9.6519	7.0958	
1155	40.577	40.076	40.306	15.966	9.6506	7.0979	
1156	40.525	40.028	40.266	15.955	9.6498	7.0837	
1157	40.472	39.98	40.226	15.955	9.6421	7.0727	
1158	40.42	39.932	40.187	15.956	9.6421	7.0731	
1159	40.368	39.885	40.147	15.96	9.6267	7.0708	
1160	40.316	39.837	40.108	15.957	9.628	7.0722	
1161	40.264	39.79	40.068	15.947	9.6061	7.0769	
1162	40.213	39.743	40.029	15.943	9.6372	7.0503	
1163	40.161	39.696	39.99	15.932	9.6109	7.0423	
1164	40.11	39.649	39.951	15.933	9.5892	7.0355	
1165	40.06	39.603	39.913	15.926	9.6021	7.0251	
1166	40.009	39.556	39.874	15.934	9.5923	7.0232	
1167	39.959	39.51	39.836	15.935	9.6092	7.0307	
1168	39.909	39.464	39.798	15.925	9.5875	7.0159	
1169	39.859	39.418	39.76	15.919	9.579	7.0094	
1170	39.809	39.373	39.722	15.923	9.5874	6.9969	
1171	39.76	39.327	39.684	15.918	9.5745	6.9927	
1172	39.71	39.282	39.646	15.915	9.5753	6.9904	
1173	39.661	39.237	39.609	15.913	9.572	6.9898	
1174	39.612	39.192	39.571	15.912	9.5717	6.9855	
1175	39.564	39.148	39.534	15.911	9.5671	6.9893	
1176	39.515	39.103	39.497	15.909	9.5553	6.9753	
1177	39.467	39.059	39.46	15.913	9.5548	6.9734	
1178	39.419	39.015	39.423	15.902	9.5491	6.9642	
1179	39.371	38.971	39.387	15.902	9.5544	6.9693	
1180	39.323	38.927	39.35	15.901	9.5467	6.9584	
1181	39.276	38.883	39.314	15.901	9.5467	6.9598	
1182	39.229	38.84	39.277	15.894	9.5385	6.9547	
1183	39.182	38.796	39.241	15.897	9.537	6.95	
1184	39.135	38.753	39.205	15.892	9.532	6.9421	
1185	39.088	38.71	39.169	15.883	9.531	6.946	
1186	39.042	38.668	39.133	15.885	9.5219	6.9289	
1187	38.995	38.625	39.098	15.884	9.5224	6.9354	
1188	38.949	38.582	39.062	15.877	9.523	6.9241	
1189	38.903	38.54	39.027	15.882	9.5084	6.9071	
1190	38.858	38.498	38.992	15.876	9.5137	6.9197	
1191	38.812	38.456	38.956	15.87	9.5099	6.9094	
1192	38.767	38.414	38.921	15.871	9.4961	6.8957	
1193	38.722	38.372	38.886	15.868	9.4961	6.8932	
1194	38.677	38.331	38.852	15.862	9.5027	6.9035	
1195	38.632	38.289	38.817	15.874	9.474	6.8908	
1196	38.587	38.248	38.782	15.86	9.4905	6.8699	
1197	38.543	38.207	38.748	15.862	9.4762	6.8911	
1198	38.498	38.166	38.714	15.852	9.4631	6.8864	
1199	38.454	38.126	38.68	15.851	9.477	6.8633	
1200	38.41	38.085	38.645	15.858	9.4625	6.8505	
1201	38.367	38.044	38.611	15.861	9.4796	6.8706	
1202	38.323	38.004	38.578	15.841	9.4636	6.8566	
1203	38.28	37.964	38.544	15.848	9.4582	6.8337	
1204	38.236	37.924	38.51	15.851	9.4464	6.8183	
1205	38.193	37.884	38.477	15.832	9.4472	6.8323	
1206	38.15	37.844	38.443	15.836	9.466	6.8321	
1207	38.108	37.805	38.41	15.846	9.4633	6.8204	
1208	38.065	37.765	38.377	15.832	9.4402	6.8124	
1209	38.023	37.726	38.344	15.836	9.4279	6.8174	
1210	37.98	37.687	38.311	15.829	9.4198	6.7981	
1211	37.938	37.648	38.278	15.824	9.4014	6.7811	
1212	37.896	37.609	38.245	15.822	9.4159	6.7865	
1213	37.855	37.57	38.213	15.831	9.4125	6.7945	
1214	37.813	37.532	38.18	15.818	9.422	6.771	
1215	37.772	37.493	38.148	15.827	9.4065	6.7776	
1216	37.73	37.455	38.115	15.816	9.3902	6.7962	
1217	37.689	37.417	38.083	15.82	9.3945	6.7799	
1218	37.648	37.379	38.051	15.792	9.3676	6.7812	
1219	37.608	37.341	38.019	15.814	9.3787	6.7488	
1220	37.567	37.303	37.987	15.812	9.3724	6.7566	
1221	37.526	37.265	37.955	15.792	9.3678	6.7577	
1222	37.486	37.228	37.924	15.806	9.4041	6.7482	
1223	37.446	37.19	37.892	15.808	9.3612	6.7497	
1224	37.406	37.153	37.86	15.802	9.3661	6.7322	
1225	37.366	37.116	37.829	15.793	9.3623	6.7376	
1226	37.326	37.079	37.798	15.803	9.3763	6.7294	
1227	37.287	37.042	37.767	15.81	9.3589	6.7325	
1228	37.247	37.005	37.735	15.774	9.3448	6.7237	
1229	37.208	36.969	37.704	15.767	9.3236	6.7278	
1230	37.169	36.932	37.674	15.774	9.3573	6.7086	
1231	37.13	36.896	37.643	15.796	9.3605	6.676	
1232	37.091	36.859	37.612	15.789	9.3331	6.7336	
1233	37.052	36.823	37.581	15.803	9.3612	6.6865	
1234	37.014	36.787	37.551	15.779	9.3636	6.7088	
1235	36.975	36.751	37.52	15.762	9.3504	6.6856	
1236	36.937	36.716	37.49	15.776	9.3508	6.7156	
1237	36.899	36.68	37.46	15.771	9.3581	6.6932	
1238	36.861	36.644	37.43	15.803	9.3178	6.7029	
1239	36.823	36.609	37.399	15.735	9.3726	6.7182	
1240	36.785	36.574	37.369	15.732	9.2717	6.6779	
1241	36.748	36.538	37.34	15.745	9.341	6.6356	
1242	36.71	36.503	37.31	15.735	9.3044	6.6996	
1243	36.673	36.468	37.28	15.764	9.3127	6.761	
1244	36.636	36.434	37.25	15.782	9.3076	6.6586	
1245	36.599	36.399	37.221	15.721	9.362	6.5928	
1246	36.562	36.364	37.191	15.748	9.298	6.6041	
1247	36.525	36.33	37.162	15.731	9.2333	6.6094	
1248	36.488	36.295	37.133	15.743	9.2731	6.5843	
1249	36.452	36.261	37.104	15.775	9.2931	6.6536	
1250	36.415	36.227	37.074	15.753	9.3398	6.5861	
1251	36.379	36.193	37.045	15.739	9.2561	6.6486	
1252	36.343	36.159	37.016	15.709	9.2021	6.5795	
1253	36.307	36.125	36.988	15.708	9.3079	6.5872	
1254	36.271	36.091	36.959	15.716	9.2289	6.5936	
1255	36.235	36.058	36.93	15.74	9.2415	6.623	
1256	36.2	36.024	36.902	15.719	9.2629	6.5966	
1257	36.164	35.991	36.873	15.717	9.2216	6.5567	
1258	36.129	35.957	36.845	15.725	9.2458	6.548	
1259	36.094	35.924	36.816	15.694	9.2312	6.5771	
1260	36.058	35.891	36.788	15.709	9.2387	6.553	
1261	36.023	35.858	36.76	15.706	9.2178	6.5473	
1262	35.989	35.825	36.732	15.689	9.2162	6.5425	
1263	35.954	35.792	36.703	15.706	9.2186	6.5313	
1264	35.919	35.76	36.675	15.682	9.2026	6.5444	
1265	35.885	35.727	36.648	15.708	9.2245	6.5324	
1266	35.85	35.695	36.62	15.696	9.2306	6.5176	
1267	35.816	35.662	36.592	15.709	9.2023	6.5414	
1268	35.782	35.63	36.564	15.714	9.2095	6.5453	
1269	35.748	35.598	36.537	15.701	9.2186	6.5538	
1270	35.714	35.566	36.509	15.696	9.198	6.5367	
1271	35.68	35.534	36.482	15.683	9.2039	6.5136	
1272	35.646	35.502	36.454	15.688	9.2189	6.5472	
1273	35.613	35.47	36.427	15.705	9.2243	6.5247	
1274	35.579	35.438	36.4	15.701	9.2005	6.5306	
1275	35.546	35.407	36.373	15.686	9.1823	6.4939	
1276	35.512	35.375	36.346	15.699	9.2087	6.5205	
1277	35.479	35.344	36.319	15.663	9.1993	6.5191	
1278	35.446	35.313	36.292	15.665	9.1892	6.5112	
1279	35.413	35.281	36.265	15.681	9.1589	6.4593	
1280	35.381	35.25	36.238	15.675	9.156	6.4798	
1281	35.348	35.219	36.211	15.682	9.1567	6.4748	
1282	35.315	35.188	36.185	15.676	9.169	6.4949	
1283	35.283	35.157	36.158	15.656	9.1537	6.4527	
1284	35.25	35.127	36.132	15.632	9.1916	6.4591	
1285	35.218	35.096	36.105	15.644	9.1608	6.4782	
1286	35.186	35.065	36.079	15.669	9.1557	6.4463	
1287	35.154	35.035	36.053	15.652	9.1412	6.4697	
1288	35.122	35.004	36.026	15.663	9.1606	6.4591	
1289	35.09	34.974	36	15.652	9.1422	6.4344	
1290	35.058	34.944	35.974	15.657	9.1551	6.4376	
1291	35.027	34.914	35.948	15.64	9.1345	6.4164	
1292	34.995	34.884	35.922	15.656	9.1345	6.4736	
1293	34.964	34.854	35.896	15.647	9.1239	6.4379	
1294	34.932	34.824	35.871	15.668	9.1578	6.4281	
1295	34.901	34.794	35.845	15.646	9.1369	6.3954	
1296	34.87	34.764	35.819	15.653	9.1292	6.3926	
1297	34.839	34.735	35.794	15.651	9.0942	6.4387	
1298	34.808	34.705	35.768	15.631	9.1357	6.4042	
1299	34.777	34.676	35.742	15.641	9.0837	6.373	
1300	34.747	34.646	35.717	15.624	9.1037	6.3995	
1301	34.716	34.617	35.692	15.641	9.126	6.3705	
1302	34.685	34.588	35.666	15.611	9.0799	6.4187	
1303	34.655	34.559	35.641	15.637	9.1245	6.3851	
1304	34.625	34.53	35.616	15.648	9.1135	6.3952	
1305	34.594	34.501	35.591	15.652	9.0861	6.3467	
1306	34.564	34.472	35.566	15.629	9.1235	6.3831	
1307	34.534	34.443	35.541	15.62	9.108	6.3954	
1308	34.504	34.414	35.516	15.613	9.0891	6.388	
1309	34.474	34.386	35.491	15.62	9.0991	6.3783	
1310	34.445	34.357	35.466	15.612	9.0767	6.3653	
1311	34.415	34.329	35.441	15.62	9.0461	6.3913	
1312	34.385	34.3	35.417	15.608	9.0606	6.3221	
1313	34.356	34.272	35.392	15.613	9.0866	6.3847	
1314	34.326	34.244	35.368	15.607	9.0596	6.3495	
1315	34.297	34.216	35.343	15.602	9.0327	6.3262	
1316	34.268	34.187	35.319	15.629	8.9941	6.3194	
1317	34.239	34.159	35.294	15.605	9.0557	6.3822	
1318	34.21	34.131	35.27	15.589	9.0545	6.3601	
1319	34.181	34.104	35.246	15.631	9.0479	6.354	
1320	34.152	34.076	35.221	15.574	9.0367	6.3584	
1321	34.123	34.048	35.197	15.612	9.0226	6.3347	
1322	34.094	34.02	35.173	15.601	8.9983	6.2378	
1323	34.066	33.993	35.149	15.554	9.0135	6.278	
1324	34.037	33.965	35.125	15.608	9.0519	6.2872	
1325	34.009	33.938	35.101	15.621	8.9865	6.3038	
1326	33.981	33.911	35.077	15.629	8.988	6.2721	
1327	33.952	33.883	35.053	15.6	9.0561	6.2622	
1328	33.924	33.856	35.03	15.561	8.9618	6.3632	
1329	33.896	33.829	35.006	15.563	8.9748	6.2771	
1330	33.868	33.802	34.982	15.621	9.0407	6.2531	
1331	33.84	33.775	34.959	15.566	9.0607	6.3246	
1332	33.812	33.748	34.935	15.561	8.9719	6.418	
1333	33.785	33.721	34.912	15.578	9.0236	6.2824	
1334	33.757	33.694	34.888	15.6	8.9906	6.2743	
1335	33.729	33.668	34.865	15.55	9.0051	6.153	
1336	33.702	33.641	34.842	15.537	9.0374	6.3185	
1337	33.675	33.615	34.818	15.618	8.9803	6.1591	
1338	33.647	33.588	34.795	15.535	9.048	6.2468	
1339	33.62	33.562	34.772	15.561	9.032	6.2708	
1340	33.593	33.535	34.749	15.593	9.0077	6.1586	
1341	33.566	33.509	34.726	15.666	8.8259	6.2786	
1342	33.539	33.483	34.703	15.575	8.9248	6.4947	
1343	33.512	33.457	34.68	15.64	9.0003	6.4568	
1344	33.485	33.43	34.657	15.52	9.0383	6.2736	
1345	33.458	33.404	34.634	15.567	9.1261	6.2256	
1346	33.431	33.378	34.611	15.405	8.8527	6.0078	
1347	33.405	33.353	34.588	15.559	9.1196	5.8337	
1348	33.378	33.327	34.566	15.504	9.1334	6.1728	
1349	33.352	33.301	34.543	15.419	9.278	6.2167	
1350	33.326	33.275	34.52	15.265	9.0644	6.2217	
1351	33.299	33.25	34.498	15.503	8.9301	5.9253	
1352	33.273	33.224	34.475	15.455	8.8241	6.3825	
1353	33.247	33.199	34.453	15.547	8.3823	6.2501	
1354	33.221	33.173	34.43	15.469	9.3073	6.3855	
1355	33.195	33.148	34.408	15.712	8.773	5.6078	
1356	33.169	33.122	34.386	15.648	9.1567	6.0752	
1357	33.143	33.097	34.363	15.444	9.0441	6.2724	
1358	33.117	33.072	34.341	16.248	9.371	6.3795	
1359	33.091	33.047	34.319	16.262	8.6908	6.918	
1426	31.52	31.49	32.931	15.655	9.2987	6.337	
1427	31.498	31.468	32.911	15.544	8.6458	6.0444	
1428	31.477	31.447	32.892	15.394	8.841	5.6434	
1429	31.456	31.425	32.872	15.638	8.6618	5.8162	
1430	31.434	31.404	32.853	15.645	8.8034	5.8313	
1431	31.413	31.383	32.834	15.324	8.9254	6.1083	
1432	31.392	31.361	32.815	15.558	8.5618	5.8907	
1433	31.371	31.34	32.795	15.35	8.5981	5.8503	
1434	31.35	31.319	32.776	15.504	8.9164	6.1849	
1435	31.329	31.298	32.757	15.523	8.856	5.7635	
1436	31.308	31.277	32.738	15.531	8.646	5.9371	
1437	31.287	31.256	32.719	15.437	8.9074	5.8618	
1438	31.266	31.234	32.7	15.329	8.6594	5.9473	
1439	31.245	31.214	32.681	15.448	8.7878	5.9026	
1440	31.225	31.193	32.662	15.332	8.7869	5.8234	
1441	31.204	31.172	32.643	15.418	8.6815	6.0523	
1442	31.183	31.151	32.624	15.471	8.6178	5.804	
1443	31.163	31.13	32.605	15.352	8.745	5.9607	
1444	31.142	31.109	32.586	15.461	8.7728	5.754	
1445	31.122	31.088	32.568	15.33	8.7337	5.8418	
1446	31.101	31.068	32.549	15.463	8.6349	5.8148	
1447	31.081	31.047	32.53	15.435	8.7027	5.7187	
1448	31.061	31.026	32.511	15.418	8.6759	5.8657	
1449	31.04	31.006	32.493	15.369	8.7286	5.8616	
1450	31.02	30.985	32.474	15.389	8.7223	5.7667	
1451	31	30.965	32.455	15.439	8.6835	5.8613	
1452	30.98	30.944	32.437	15.461	8.7416	5.9121	
1453	30.96	30.924	32.418	15.432	8.7434	5.9344	
1454	30.939	30.904	32.4	15.347	8.6775	5.7013	
1455	30.919	30.883	32.381	15.416	8.7501	5.778	
1456	30.9	30.863	32.363	15.442	8.7139	5.8162	
1457	30.88	30.843	32.344	15.384	8.5911	5.8161	
1458	30.86	30.823	32.326	15.382	8.7003	5.8269	
1459	30.84	30.802	32.308	15.364	8.5653	5.7475	
1460	30.82	30.782	32.289	15.406	8.6329	5.8577	
1461	30.8	30.762	32.271	15.425	8.6263	5.8131	
1462	30.781	30.742	32.253	15.392	8.6402	5.8205	
1463	30.761	30.722	32.235	15.378	8.6426	5.7707	
1464	30.742	30.702	32.216	15.356	8.6674	5.7556	
1465	30.722	30.682	32.198	15.367	8.7009	5.7782	
1466	30.703	30.662	32.18	15.362	8.5979	5.8152	
1467	30.683	30.643	32.162	15.382	8.6242	5.8072	
1468	30.664	30.623	32.144	15.351	8.6378	5.7845	
1469	30.644	30.603	32.126	15.375	8.6157	5.7777	
1470	30.625	30.583	32.108	15.368	8.6027	5.7829	
1471	30.606	30.564	32.09	15.371	8.6274	5.7814	
1472	30.587	30.544	32.072	15.372	8.6286	5.7604	
1473	30.567	30.524	32.054	15.361	8.64	5.7729	
1474	30.548	30.505	32.036	15.364	8.6233	5.7729	
1475	30.529	30.485	32.018	15.367	8.6216	5.7631	
1476	30.51	30.466	32	15.361	8.6167	5.7547	
1477	30.491	30.446	31.982	15.367	8.6407	5.7684	
1478	30.472	30.427	31.965	15.372	8.6251	5.7501	
1479	30.453	30.407	31.947	15.364	8.6199	5.7574	
1480	30.434	30.388	31.929	15.365	8.6238	5.7479	
1481	30.416	30.369	31.911	15.366	8.6113	5.7261	
1482	30.397	30.349	31.894	15.361	8.6283	5.7517	
1483	30.378	30.33	31.876	15.362	8.62	5.7472	
1484	30.359	30.311	31.858	15.378	8.6195	5.7384	
1485	30.341	30.292	31.841	15.355	8.6304	5.737	
1486	30.322	30.273	31.823	15.356	8.5946	5.6973	
1487	30.304	30.254	31.806	15.348	8.6228	5.7008	
1488	30.285	30.235	31.788	15.36	8.6145	5.7232	
1489	30.267	30.215	31.771	15.361	8.6151	5.7038	
1490	30.248	30.196	31.753	15.362	8.5895	5.747	
1491	30.23	30.178	31.736	15.345	8.6053	5.698	
1492	30.211	30.159	31.718	15.351	8.5961	5.7165	
1493	30.193	30.14	31.701	15.341	8.5614	5.7088	
1494	30.175	30.121	31.684	15.341	8.5719	5.697	
1495	30.157	30.102	31.666	15.332	8.5697	5.6877	
1496	30.138	30.083	31.649	15.36	8.6007	5.7053	
1497	30.12	30.064	31.632	15.331	8.5842	5.694	
1498	30.102	30.046	31.615	15.364	8.5808	5.6957	
1499	30.084	30.027	31.597	15.346	8.5729	5.7135	
1500	30.066	30.008	31.58	15.338	8.5688	5.6944	
1501	30.048	29.99	31.563	15.324	8.5615	5.6481	
1502	30.03	29.971	31.546	15.341	8.5663	5.6767	
1503	30.012	29.953	31.529	15.337	8.5858	5.6658	
1504	29.994	29.934	31.512	15.331	8.5525	5.6375	
1505	29.976	29.916	31.495	15.336	8.5556	5.6753	
1506	29.959	29.897	31.478	15.327	8.5511	5.6423	
1507	29.941	29.879	31.461	15.311	8.5398	5.6658	
1508	29.923	29.86	31.444	15.308	8.5416	5.6703	
1509	29.906	29.842	31.427	15.345	8.5427	5.6533	
1510	29.888	29.824	31.41	15.333	8.5601	5.6374	
1511	29.87	29.806	31.393	15.339	8.555	5.6471	
1512	29.853	29.787	31.376	15.33	8.5822	5.6517	
1513	29.835	29.769	31.359	15.364	8.5032	5.6648	
1514	29.818	29.751	31.342	15.322	8.5396	5.6835	
1515	29.8	29.733	31.325	15.295	8.5603	5.6483	
1516	29.783	29.715	31.309	15.318	8.5056	5.6522	
1517	29.766	29.697	31.292	15.315	8.5658	5.6102	
1518	29.748	29.679	31.275	15.295	8.5482	5.6359	
1519	29.731	29.66	31.258	15.297	8.5464	5.6432	
1520	29.714	29.643	31.242	15.291	8.534	5.6375	
1521	29.696	29.625	31.225	15.314	8.4871	5.5673	
1522	29.679	29.607	31.208	15.294	8.5187	5.5965	
1523	29.662	29.589	31.192	15.298	8.5355	5.6022	
1524	29.645	29.571	31.175	15.33	8.5488	5.6586	
1525	29.628	29.553	31.159	15.314	8.5414	5.6269	
1526	29.611	29.535	31.142	15.292	8.5151	5.6013	
1527	29.594	29.517	31.126	15.3	8.528	5.6024	
1528	29.577	29.5	31.109	15.288	8.5465	5.6141	
1529	29.56	29.482	31.093	15.293	8.4942	5.5902	
1530	29.543	29.464	31.076	15.303	8.5058	5.6026	
1531	29.526	29.447	31.06	15.28	8.4914	5.604	
1532	29.509	29.429	31.043	15.308	8.4916	5.603	
1533	29.493	29.411	31.027	15.284	8.4702	5.5967	
1534	29.476	29.394	31.011	15.305	8.4793	5.6376	
1535	29.459	29.376	30.994	15.298	8.4926	5.5712	
1536	29.443	29.359	30.978	15.276	8.4891	5.5791	
1537	29.426	29.341	30.962	15.283	8.4941	5.5846	
1538	29.409	29.324	30.946	15.277	8.5252	5.5789	
1539	29.393	29.307	30.929	15.294	8.4816	5.577	
1540	29.376	29.289	30.913	15.287	8.4628	5.578	
1541	29.36	29.272	30.897	15.275	8.4525	5.5494	
1542	29.343	29.255	30.881	15.281	8.4651	5.5754	
1543	29.327	29.237	30.865	15.279	8.4722	5.544	
1544	29.31	29.22	30.849	15.282	8.4897	5.5788	
1545	29.294	29.203	30.832	15.263	8.493	5.5536	
1546	29.278	29.186	30.816	15.278	8.4662	5.5539	
1547	29.261	29.168	30.8	15.274	8.4734	5.5453	
1548	29.245	29.151	30.784	15.277	8.4642	5.5399	
1549	29.229	29.134	30.768	15.277	8.4838	5.5347	
1550	29.213	29.117	30.752	15.282	8.4621	5.5433	
1551	29.197	29.1	30.736	15.26	8.4848	5.5405	
1552	29.18	29.083	30.72	15.272	8.4641	5.5476	
1553	29.164	29.066	30.705	15.253	8.4528	5.5522	
1554	29.148	29.049	30.689	15.262	8.4672	5.5335	
1555	29.132	29.032	30.673	15.281	8.442	5.52	
1556	29.116	29.015	30.657	15.259	8.4567	5.5561	
1557	29.1	28.998	30.641	15.253	8.4481	5.5181	
1558	29.084	28.981	30.625	15.256	8.4504	5.5207	
1559	29.068	28.965	30.61	15.276	8.4324	5.4932	
1560	29.053	28.948	30.594	15.271	8.4614	5.517	
1561	29.037	28.931	30.578	15.28	8.463	5.5073	
1562	29.021	28.914	30.562	15.286	8.4263	5.5184	
1563	29.005	28.898	30.547	15.246	8.4494	5.5213	
1564	28.989	28.881	30.531	15.253	8.4738	5.4959	
1565	28.974	28.864	30.515	15.26	8.475	5.4892	
1566	28.958	28.848	30.5	15.25	8.4211	5.471	
1567	28.942	28.831	30.484	15.272	8.4036	5.5013	
1568	28.927	28.814	30.468	15.254	8.4459	5.5132	
1569	28.911	28.798	30.453	15.273	8.4673	5.5183	
1570	28.896	28.781	30.437	15.258	8.4541	5.5109	
1571	28.88	28.765	30.422	15.251	8.43	5.5032	
1572	28.865	28.748	30.406	15.247	8.4216	5.516	
1573	28.849	28.732	30.391	15.253	8.4038	5.4898	
1574	28.834	28.715	30.375	15.271	8.4254	5.4739	
1575	28.818	28.699	30.36	15.231	8.4078	5.4942	
1576	28.803	28.683	30.344	15.249	8.3978	5.4296	
1577	28.788	28.666	30.329	15.217	8.3749	5.4756	
1578	28.772	28.65	30.314	15.237	8.4288	5.4607	
1579	28.757	28.634	30.298	15.228	8.4205	5.4795	
1580	28.742	28.617	30.283	15.239	8.3869	5.4487	
1581	28.727	28.601	30.268	15.234	8.4189	5.4105	
1582	28.711	28.585	30.252	15.257	8.4008	5.48	
1583	28.696	28.569	30.237	15.226	8.4345	5.4544	
1584	28.681	28.553	30.222	15.259	8.3606	5.4227	
1585	28.666	28.536	30.207	15.244	8.4289	5.4566	
1586	28.651	28.52	30.191	15.233	8.3734	5.502	
1587	28.636	28.504	30.176	15.238	8.4237	5.4611	
1588	28.621	28.488	30.161	15.245	8.3774	5.3926	
1589	28.606	28.472	30.146	15.215	8.3875	5.4566	
1590	28.591	28.456	30.131	15.228	8.3519	5.4219	
1591	28.576	28.44	30.116	15.219	8.3652	5.442	
1592	28.561	28.424	30.1	15.22	8.4063	5.4059	
1593	28.546	28.408	30.085	15.242	8.3902	5.4055	
1594	28.532	28.392	30.07	15.227	8.3533	5.4718	
1595	28.517	28.376	30.055	15.251	8.3693	5.388	
1596	28.502	28.361	30.04	15.218	8.396	5.4089	
1597	28.487	28.345	30.025	15.224	8.3787	5.4234	
1598	28.473	28.329	30.01	15.233	8.3674	5.3693	
1599	28.458	28.313	29.995	15.229	8.3583	5.4027	
1600	28.443	28.297	29.98	15.215	8.372	5.3582	
1601	28.429	28.282	29.965	15.245	8.3609	5.4297	
1602	28.414	28.266	29.95	15.238	8.3485	5.3855	
1603	28.399	28.25	29.936	15.243	8.3307	5.3756	
1604	28.385	28.235	29.921	15.231	8.3665	5.3766	
1605	28.37	28.219	29.906	15.219	8.355	5.4195	
1606	28.356	28.203	29.891	15.218	8.3515	5.381	
1607	28.341	28.188	29.876	15.236	8.3546	5.3807	
1608	28.327	28.172	29.861	15.198	8.3743	5.3834	
1609	28.312	28.157	29.847	15.209	8.3542	5.3865	
1610	28.298	28.141	29.832	15.217	8.3669	5.3679	
1611	28.284	28.126	29.817	15.223	8.3448	5.3933	
1612	28.269	28.11	29.802	15.243	8.3307	5.3638	
1613	28.255	28.095	29.788	15.178	8.3644	5.3728	
1614	28.241	28.079	29.773	15.202	8.361	5.4227	
1615	28.227	28.064	29.758	15.227	8.3397	5.3958	
1616	28.212	28.048	29.744	15.22	8.3127	5.3666	
1617	28.198	28.033	29.729	15.246	8.3553	5.3936	
1618	28.184	28.018	29.714	15.226	8.3236	5.3726	
1619	28.17	28.002	29.7	15.199	8.3466	5.3731	
1620	28.156	27.987	29.685	15.181	8.3603	5.3781	
1621	28.142	27.972	29.671	15.208	8.3253	5.3494	
1622	28.128	27.957	29.656	15.178	8.3112	5.3902	
1623	28.114	27.941	29.642	15.171	8.3181	5.3343	
1624	28.1	27.926	29.627	15.213	8.3478	5.3601	
1625	28.086	27.911	29.613	15.221	8.3268	5.3138	
1626	28.072	27.896	29.598	15.189	8.3195	5.3457	
1627	28.058	27.881	29.584	15.194	8.2845	5.3273	
1628	28.044	27.866	29.569	15.187	8.3499	5.3401	
1629	28.03	27.85	29.555	15.19	8.342	5.3735	
1630	28.016	27.835	29.54	15.179	8.3391	5.3371	
1631	28.002	27.82	29.526	15.173	8.3154	5.3855	
1632	27.988	27.805	29.512	15.186	8.35	5.3166	
1633	27.975	27.79	29.497	15.203	8.3497	5.3381	
1634	27.961	27.775	29.483	15.171	8.297	5.3258	
1635	27.947	27.76	29.469	15.194	8.3312	5.3287	
1636	27.934	27.746	29.454	15.188	8.3212	5.3036	
1637	27.92	27.731	29.44	15.199	8.3059	5.3668	
1638	27.906	27.716	29.426	15.222	8.2801	5.3259	
1639	27.893	27.701	29.412	15.182	8.3194	5.2974	
1640	27.879	27.686	29.397	15.173	8.2818	5.3281	
1641	27.865	27.671	29.383	15.175	8.354	5.2891	
1642	27.852	27.656	29.369	15.205	8.2703	5.335	
1643	27.838	27.642	29.355	15.19	8.3112	5.2849	
1644	27.825	27.627	29.341	15.187	8.2906	5.3078	
1645	27.811	27.612	29.327	15.188	8.2927	5.329	
1646	27.798	27.597	29.312	15.208	8.31	5.2496	
1647	27.785	27.583	29.298	15.15	8.3281	5.3322	
1648	27.771	27.568	29.284	15.196	8.214	5.2562	
1649	27.758	27.553	29.27	15.203	8.3041	5.32	
1650	27.744	27.539	29.256	15.183	8.3097	5.3172	
1651	27.731	27.524	29.242	15.183	8.2823	5.2789	
1652	27.718	27.509	29.228	15.167	8.2903	5.2806	
1653	27.704	27.495	29.214	15.222	8.273	5.3132	
1654	27.691	27.48	29.2	15.187	8.2721	5.3	
1655	27.678	27.466	29.186	15.181	8.3124	5.2674	
1656	27.665	27.451	29.172	15.178	8.2858	5.2886	
1657	27.652	27.437	29.158	15.182	8.2736	5.2715	
1658	27.638	27.422	29.144	15.168	8.2909	5.2684	
1659	27.625	27.408	29.13	15.198	8.2389	5.2994	
1660	27.612	27.394	29.116	15.134	8.2013	5.3163	
1661	27.599	27.379	29.103	15.18	8.22	5.277	
1662	27.586	27.365	29.089	15.141	8.2754	5.2561	
1663	27.573	27.35	29.075	15.16	8.3068	5.3083	
1664	27.56	27.336	29.061	15.139	8.2076	5.1903	
1665	27.547	27.322	29.047	15.134	8.2768	5.2901	
1666	27.534	27.307	29.033	15.203	8.2376	5.2267	
1667	27.521	27.293	29.02	15.116	8.178	5.2636	
1668	27.508	27.279	29.006	15.094	8.2587	5.2816	
1669	27.495	27.265	28.992	15.177	8.2221	5.1642	
1670	27.482	27.25	28.978	15.177	8.3188	5.28	
1671	27.469	27.236	28.965	15.144	8.2985	5.1962	
1672	27.457	27.222	28.951	15.205	8.2434	5.1552	
1673	27.444	27.208	28.937	15.194	8.2671	5.2595	
1674	27.431	27.194	28.924	15.196	8.273	5.2443	
1675	27.418	27.18	28.91	15.123	8.1082	5.2754	
1676	27.405	27.165	28.896	15.177	8.2951	5.2414	
1677	27.393	27.151	28.883	15.141	8.2686	5.3115	
1678	27.38	27.137	28.869	15.131	8.1656	5.2901	
1679	27.367	27.123	28.855	15.153	8.2106	5.2576	
1680	27.355	27.109	28.842	15.136	8.2649	5.3272	
1681	27.342	27.095	28.828	15.15	8.3289	5.2473	
1682	27.329	27.081	28.815	15.105	8.2398	5.2015	
1683	27.317	27.067	28.801	15.132	8.2922	5.1972	
1684	27.304	27.053	28.788	15.112	8.2552	5.3479	
1685	27.292	27.039	28.774	15.14	8.0623	5.0309	
1686	27.279	27.025	28.761	15.254	8.287	5.2897	
1687	27.267	27.012	28.747	15.066	8.3556	5.4453	
1688	27.254	26.998	28.734	15.075	8.27	5.2045	
1689	27.242	26.984	28.72	15.151	8.2085	5.0922	
1690	27.229	26.97	28.707	15.044	8.425	5.2279	
1691	27.217	26.956	28.693	15.226	8.1621	5.1941	
1692	27.204	26.942	28.68	15.228	8.4692	5.2754	
1693	27.192	26.929	28.667	14.99	8.3545	5.5722	
1694	27.18	26.915	28.653	14.9	8.082	5.2263	
1695	27.167	26.901	28.64	15.192	8.4939	5.4261	
1696	27.155	26.887	28.627	15.082	8.2301	5.4347	
1697	27.143	26.874	28.613	15.142	8.3357	5.437	
1698	27.13	26.86	28.6	14.719	8.2576	4.9981	
1699	27.118	26.846	28.587	14.916	8.6842	5.3629	
1700	27.106	26.833	28.573	14.932	8.1696	5.1826	
