	65	70	75	65	70	75	
300	43.055	42.916	43.013	37.511	37.209	37.514	
301	42.907	42.767	42.877	37.295	36.907	37.453	
302	42.762	42.622	42.746	37.087	36.772	37.279	
303	42.62	42.479	42.617	37.019	36.553	37.024	
304	42.482	42.341	42.491	36.99	36.489	37.052	
305	42.346	42.205	42.369	36.884	36.423	36.867	
306	42.213	42.072	42.249	36.614	36.185	36.77	
307	42.083	41.942	42.131	36.511	36.277	36.641	
308	41.956	41.814	42.016	36.334	36.128	36.541	
309	41.83	41.689	41.902	36.365	35.959	36.377	
310	41.707	41.566	41.791	36.171	35.873	36.379	
311	41.587	41.446	41.682	36.159	35.715	36.319	
312	41.469	41.327	41.574	36.209	35.719	36.207	
313	41.352	41.21	41.469	35.89	35.526	36.139	
314	41.238	41.096	41.364	35.955	35.547	35.953	
315	41.125	40.983	41.262	35.892	35.364	35.909	
316	41.015	40.872	41.161	35.798	35.418	35.815	
317	40.906	40.763	41.061	35.661	35.298	35.754	
318	40.8	40.655	40.962	35.561	35.153	35.59	
319	40.695	40.549	40.865	35.518	35.053	35.611	
320	40.591	40.445	40.77	35.535	35.035	35.459	
321	40.49	40.342	40.675	35.427	34.977	35.375	
322	40.39	40.241	40.582	35.393	34.901	35.332	
323	40.292	40.141	40.489	35.355	34.78	35.278	
324	40.195	40.043	40.399	35.23	34.786	35.152	
325	40.1	39.946	40.309	35.241	34.578	35.091	
326	40.007	39.851	40.22	35.155	34.568	35.032	
327	39.915	39.757	40.133	35.062	34.546	34.927	
328	39.826	39.665	40.047	35.028	34.498	34.847	
329	39.737	39.574	39.962	34.999	34.432	34.774	
330	39.651	39.485	39.878	35.011	34.459	34.767	
331	39.566	39.397	39.795	34.888	34.365	34.712	
332	39.483	39.311	39.714	34.842	34.23	34.555	
333	39.401	39.226	39.634	34.885	34.182	34.577	
334	39.322	39.143	39.555	34.798	34.161	34.525	
335	39.244	39.062	39.478	34.731	34.097	34.447	
336	39.168	38.983	39.401	34.609	34.041	34.358	
337	39.094	38.905	39.327	34.687	34.006	34.353	
338	39.022	38.829	39.254	34.632	33.962	34.303	
339	38.952	38.755	39.182	34.529	33.832	34.23	
340	38.884	38.682	39.112	34.579	33.724	34.179	
341	38.818	38.612	39.043	34.486	33.766	34.165	
342	38.755	38.544	38.976	34.466	33.725	34.1	
343	38.693	38.477	38.91	34.549	33.733	34.023	
344	38.634	38.413	38.846	34.521	33.702	33.95	
345	38.577	38.351	38.784	34.424	33.661	33.933	
346	38.522	38.291	38.724	34.455	33.622	33.892	
347	38.47	38.233	38.665	34.458	33.593	33.865	
348	38.421	38.178	38.609	34.377	33.616	33.812	
349	38.374	38.126	38.555	34.389	33.625	33.81	
350	38.331	38.076	38.503	34.388	33.625	33.767	
351	38.291	38.029	38.453	34.35	33.524	33.743	
352	38.254	37.986	38.406	34.396	33.574	33.8	
353	38.221	37.946	38.362	34.351	33.52	33.614	
354	38.191	37.909	38.32	34.458	33.583	33.722	
355	38.165	37.876	38.28	34.599	33.444	33.575	
356	38.143	37.844	38.242	34.579	33.535	33.58	
357	38.122	37.814	38.205	34.514	33.694	33.653	
358	38.102	37.785	38.166	34.45	33.599	33.561	
359	38.081	37.753	38.124	34.557	33.626	33.604	
360	38.058	37.717	38.077	34.568	33.602	33.533	
361	38.028	37.674	38.023	34.519	33.534	33.614	
362	37.99	37.621	37.957	34.468	33.471	33.318	
363	37.942	37.556	37.879	34.502	33.373	33.27	
364	37.881	37.477	37.786	34.485	33.406	33.141	
365	37.806	37.382	37.678	34.48	33.239	33.257	
366	37.716	37.271	37.553	34.43	33.18	32.916	
367	37.611	37.144	37.412	34.217	33.026	32.627	
368	37.492	37.001	37.256	34.2	33.006	32.484	
369	37.358	36.843	37.084	34.034	32.568	32.257	
370	37.211	36.671	36.9	33.841	32.395	31.955	
371	37.055	36.489	36.705	33.737	32.227	31.762	
372	36.891	36.299	36.504	33.555	32.089	31.437	
373	36.721	36.103	36.296	33.39	31.779	31.262	
374	36.546	35.902	36.085	33.076	31.523	30.992	
375	36.368	35.699	35.872	32.972	31.289	30.557	
376	36.189	35.494	35.658	32.744	31.026	30.281	
377	36.009	35.289	35.444	32.512	30.758	29.935	
378	35.83	35.085	35.232	32.361	30.452	29.755	
379	35.652	34.883	35.023	32.152	30.302	29.525	
380	35.476	34.684	34.817	31.847	30.094	29.22	
381	35.302	34.487	34.614	31.78	29.805	28.874	
382	35.13	34.293	34.413	31.618	29.702	28.718	
383	34.961	34.102	34.217	31.407	29.37	28.494	
384	34.793	33.913	34.023	31.178	29.194	28.195	
385	34.63	33.729	33.834	31.074	29.021	28.069	
386	34.47	33.549	33.651	30.864	28.789	27.848	
387	34.313	33.373	33.47	30.652	28.633	27.637	
388	34.159	33.2	33.294	30.583	28.41	27.476	
389	34.008	33.031	33.122	30.461	28.307	27.256	
390	33.86	32.865	32.954	30.26	28.108	27.05	
391	33.717	32.705	32.791	30.191	27.915	26.895	
392	33.577	32.549	32.633	29.981	27.735	26.665	
393	33.441	32.397	32.478	29.878	27.587	26.582	
394	33.308	32.248	32.327	29.682	27.397	26.4	
395	33.178	32.102	32.18	29.63	27.355	26.298	
396	33.052	31.961	32.037	29.422	27.142	26.077	
397	32.929	31.824	31.898	29.335	27.036	25.925	
398	32.809	31.69	31.762	29.275	26.882	25.776	
399	32.692	31.558	31.629	29.093	26.69	25.637	
400	32.577	31.429	31.499	29.072	26.6	25.423	
401	32.466	31.305	31.372	28.922	26.451	25.337	
402	32.357	31.182	31.248	28.768	26.379	25.181	
403	32.249	31.061	31.125	28.682	26.196	25.041	
404	32.144	30.943	31.004	28.573	26.143	24.894	
405	32.041	30.827	30.886	28.511	25.929	24.83	
406	31.94	30.713	30.769	28.418	25.831	24.647	
407	31.841	30.6	30.654	28.306	25.691	24.585	
408	31.742	30.488	30.54	28.204	25.67	24.441	
409	31.646	30.379	30.428	28.091	25.533	24.21	
410	31.551	30.27	30.317	28.031	25.423	24.179	
411	31.456	30.163	30.207	27.868	25.362	24.088	
412	31.363	30.057	30.098	27.819	25.199	23.977	
413	31.271	29.952	29.99	27.751	25.068	23.815	
414	31.181	29.849	29.883	27.647	25.046	23.779	
415	31.091	29.746	29.777	27.567	24.906	23.666	
416	31.002	29.644	29.672	27.436	24.81	23.564	
417	30.914	29.543	29.568	27.395	24.667	23.442	
418	30.827	29.444	29.465	27.242	24.576	23.314	
419	30.74	29.344	29.363	27.24	24.539	23.278	
420	30.655	29.246	29.261	27.177	24.391	23.051	
421	30.57	29.149	29.161	26.993	24.277	23.05	
422	30.486	29.053	29.061	27.016	24.164	22.99	
423	30.403	28.957	28.961	26.934	24.088	22.879	
424	30.321	28.862	28.863	26.867	24.049	22.714	
425	30.24	28.768	28.766	26.755	23.89	22.644	
426	30.159	28.675	28.669	26.651	23.86	22.58	
427	30.079	28.582	28.573	26.553	23.755	22.538	
428	29.999	28.49	28.478	26.479	23.663	22.372	
429	29.92	28.399	28.383	26.519	23.569	22.282	
430	29.843	28.309	28.289	26.369	23.426	22.284	
431	29.765	28.219	28.196	26.264	23.503	22.162	
432	29.688	28.13	28.103	26.276	23.311	21.984	
433	29.613	28.042	28.012	26.141	23.339	21.941	
434	29.537	27.955	27.921	26.086	23.175	21.795	
435	29.462	27.868	27.83	26.006	23.033	21.804	
436	29.388	27.782	27.741	25.973	22.899	21.543	
437	29.315	27.696	27.652	25.893	22.922	21.617	
438	29.242	27.611	27.563	25.872	22.893	21.469	
439	29.17	27.527	27.476	25.71	22.818	21.435	
440	29.098	27.444	27.389	25.695	22.639	21.343	
441	29.027	27.361	27.302	25.63	22.648	21.261	
442	28.957	27.279	27.217	25.588	22.648	21.104	
443	28.887	27.197	27.132	25.507	22.442	21.184	
444	28.818	27.116	27.047	25.556	22.424	20.985	
445	28.749	27.036	26.964	25.392	22.277	20.91	
446	28.68	26.956	26.88	25.234	22.293	20.863	
447	28.613	26.877	26.798	25.292	22.112	20.749	
448	28.546	26.799	26.716	25.195	22.141	20.723	
449	28.479	26.721	26.635	25.183	22.026	20.627	
450	28.414	26.644	26.554	25.118	21.916	20.654	
451	28.348	26.567	26.474	25.118	21.857	20.554	
452	28.283	26.491	26.394	25.026	21.784	20.444	
453	28.219	26.415	26.315	24.922	21.755	20.443	
454	28.155	26.34	26.237	24.835	21.684	20.273	
455	28.092	26.266	26.159	24.769	21.671	20.279	
456	28.029	26.192	26.082	24.72	21.58	20.095	
457	27.967	26.119	26.006	24.709	21.546	20.092	
458	27.905	26.046	25.93	24.66	21.441	20.062	
459	27.844	25.974	25.854	24.663	21.481	19.975	
460	27.783	25.902	25.779	24.545	21.331	19.906	
461	27.723	25.831	25.705	24.62	21.233	19.818	
462	27.663	25.761	25.631	24.431	21.183	19.772	
463	27.604	25.691	25.558	24.46	21.21	19.722	
464	27.545	25.621	25.485	24.327	21.031	19.609	
465	27.487	25.552	25.413	24.36	21.017	19.608	
466	27.429	25.484	25.341	24.267	20.954	19.454	
467	27.372	25.416	25.27	24.206	20.854	19.484	
468	27.315	25.348	25.199	24.17	20.799	19.396	
469	27.258	25.281	25.129	24.092	20.77	19.34	
470	27.202	25.215	25.059	24.061	20.699	19.193	
471	27.147	25.149	24.99	24.012	20.652	19.217	
472	27.091	25.083	24.922	23.934	20.679	19.142	
473	27.037	25.018	24.853	23.947	20.517	19.035	
474	26.982	24.954	24.786	23.908	20.509	19.076	
475	26.928	24.89	24.718	23.846	20.472	18.955	
476	26.875	24.826	24.652	23.824	20.439	18.928	
477	26.822	24.763	24.585	23.74	20.279	18.806	
478	26.77	24.7	24.519	23.684	20.28	18.775	
479	26.717	24.638	24.454	23.667	20.197	18.72	
480	26.666	24.576	24.389	23.599	20.142	18.638	
481	26.614	24.515	24.324	23.572	20.093	18.615	
482	26.563	24.454	24.26	23.495	20.1	18.561	
483	26.513	24.393	24.196	23.543	20.037	18.524	
484	26.462	24.333	24.133	23.447	19.952	18.437	
485	26.413	24.273	24.07	23.405	19.904	18.479	
486	26.363	24.214	24.008	23.388	19.787	18.36	
487	26.314	24.155	23.946	23.308	19.783	18.254	
488	26.265	24.097	23.884	23.318	19.714	18.213	
489	26.217	24.039	23.823	23.228	19.691	18.178	
490	26.169	23.981	23.762	23.239	19.606	18.185	
491	26.121	23.924	23.701	23.162	19.598	18.078	
492	26.074	23.866	23.641	23.125	19.513	18.036	
493	26.027	23.81	23.582	23.098	19.505	17.975	
494	25.98	23.754	23.522	23.049	19.475	17.976	
495	25.934	23.698	23.463	23.039	19.452	17.877	
496	25.888	23.642	23.405	22.991	19.38	17.876	
497	25.843	23.588	23.347	22.952	19.303	17.874	
498	25.797	23.533	23.288	22.922	19.281	17.787	
499	25.753	23.478	23.231	22.888	19.204	17.73	
500	25.708	23.424	23.174	22.873	19.164	17.653	
501	25.664	23.371	23.117	22.799	19.155	17.607	
502	25.62	23.317	23.06	22.748	19.072	17.553	
503	25.576	23.264	23.004	22.745	19.08	17.515	
504	25.533	23.211	22.948	22.67	18.989	17.461	
505	25.49	23.159	22.893	22.66	18.966	17.426	
506	25.447	23.107	22.838	22.59	18.9	17.357	
507	25.404	23.056	22.783	22.573	18.858	17.36	
508	25.362	23.004	22.728	22.544	18.831	17.264	
509	25.32	22.953	22.674	22.54	18.784	17.234	
510	25.279	22.902	22.62	22.464	18.744	17.185	
511	25.237	22.852	22.566	22.441	18.672	17.172	
512	25.196	22.802	22.513	22.411	18.653	17.095	
513	25.156	22.752	22.46	22.38	18.604	17.039	
514	25.115	22.702	22.407	22.329	18.581	17.008	
515	25.075	22.653	22.354	22.323	18.521	16.956	
516	25.035	22.604	22.302	22.272	18.488	16.925	
517	24.995	22.555	22.25	22.233	18.453	16.889	
518	24.956	22.507	22.198	22.213	18.429	16.8	
519	24.916	22.458	22.147	22.156	18.383	16.8	
520	24.878	22.411	22.096	22.155	18.329	16.783	
521	24.839	22.363	22.045	22.107	18.281	16.705	
522	24.8	22.316	21.994	22.082	18.236	16.682	
523	24.762	22.268	21.944	22.044	18.197	16.633	
524	24.724	22.222	21.894	22.008	18.175	16.576	
525	24.687	22.175	21.844	21.973	18.11	16.541	
526	24.649	22.129	21.795	21.948	18.101	16.479	
527	24.612	22.083	21.745	21.919	18.041	16.467	
528	24.575	22.037	21.696	21.871	18.015	16.444	
529	24.538	21.991	21.647	21.848	17.935	16.346	
530	24.501	21.946	21.599	21.807	17.963	16.332	
531	24.465	21.901	21.55	21.787	17.894	16.282	
532	24.429	21.856	21.502	21.792	17.872	16.249	
533	24.393	21.811	21.454	21.715	17.836	16.21	
534	24.357	21.767	21.407	21.688	17.765	16.173	
535	24.322	21.723	21.359	21.675	17.736	16.118	
536	24.287	21.679	21.312	21.642	17.728	16.071	
537	24.251	21.635	21.265	21.635	17.67	16.051	
538	24.217	21.592	21.218	21.595	17.649	16.008	
539	24.182	21.548	21.172	21.569	17.626	15.99	
540	24.147	21.505	21.126	21.55	17.587	15.938	
541	24.113	21.463	21.08	21.51	17.537	15.923	
542	24.079	21.42	21.034	21.482	17.509	15.858	
543	24.045	21.378	20.988	21.476	17.461	15.814	
544	24.011	21.335	20.943	21.431	17.422	15.773	
545	23.978	21.294	20.897	21.41	17.437	15.761	
546	23.945	21.252	20.852	21.352	17.352	15.71	
547	23.912	21.21	20.808	21.367	17.317	15.707	
548	23.879	21.169	20.763	21.329	17.285	15.648	
549	23.846	21.128	20.719	21.326	17.238	15.622	
550	23.813	21.087	20.674	21.261	17.228	15.591	
551	23.781	21.046	20.63	21.239	17.193	15.54	
552	23.749	21.006	20.587	21.241	17.157	15.508	
553	23.717	20.965	20.543	21.207	17.129	15.477	
554	23.685	20.925	20.5	21.168	17.077	15.44	
555	23.653	20.885	20.456	21.16	17.056	15.395	
556	23.622	20.845	20.413	21.131	17.016	15.362	
557	23.591	20.806	20.371	21.103	16.947	15.317	
558	23.56	20.767	20.328	21.084	16.962	15.3	
559	23.529	20.727	20.286	21.046	16.928	15.278	
560	23.498	20.689	20.243	21.019	16.886	15.228	
561	23.467	20.65	20.201	21.007	16.84	15.186	
562	23.437	20.611	20.159	21	16.812	15.184	
563	23.406	20.573	20.118	20.961	16.801	15.133	
564	23.376	20.534	20.076	20.944	16.75	15.126	
565	23.346	20.496	20.035	20.9	16.721	15.064	
566	23.317	20.458	19.994	20.879	16.684	15.074	
567	23.287	20.421	19.953	20.845	16.66	15.01	
568	23.257	20.383	19.912	20.818	16.626	14.969	
569	23.228	20.346	19.871	20.805	16.591	14.939	
570	23.199	20.309	19.831	20.791	16.566	14.891	
571	23.17	20.272	19.791	20.756	16.54	14.877	
572	23.141	20.235	19.751	20.734	16.528	14.866	
573	23.112	20.198	19.711	20.719	16.489	14.815	
574	23.084	20.162	19.671	20.685	16.473	14.755	
575	23.055	20.125	19.631	20.662	16.434	14.74	
576	23.027	20.089	19.592	20.631	16.404	14.719	
577	22.999	20.053	19.553	20.644	16.385	14.694	
578	22.971	20.017	19.514	20.618	16.331	14.681	
579	22.943	19.982	19.475	20.576	16.316	14.62	
580	22.915	19.946	19.436	20.577	16.277	14.621	
581	22.888	19.911	19.398	20.535	16.251	14.584	
582	22.86	19.875	19.359	20.524	16.22	14.522	
583	22.833	19.84	19.321	20.504	16.18	14.507	
584	22.806	19.806	19.283	20.492	16.17	14.517	
585	22.779	19.771	19.245	20.442	16.155	14.449	
586	22.752	19.736	19.207	20.431	16.123	14.417	
587	22.725	19.702	19.169	20.436	16.098	14.362	
588	22.699	19.668	19.132	20.408	16.07	14.357	
589	22.672	19.633	19.095	20.364	16.041	14.332	
590	22.646	19.599	19.058	20.345	16.005	14.287	
591	22.62	19.566	19.021	20.333	15.99	14.25	
592	22.594	19.532	18.984	20.31	15.918	14.221	
593	22.568	19.498	18.947	20.296	15.969	14.198	
594	22.542	19.465	18.91	20.283	15.892	14.209	
595	22.516	19.432	18.874	20.24	15.88	14.155	
596	22.491	19.399	18.838	20.22	15.879	14.124	
597	22.465	19.366	18.802	20.21	15.839	14.089	
598	22.44	19.333	18.766	20.202	15.8	14.07	
599	22.415	19.3	18.73	20.184	15.748	14.033	
600	22.39	19.268	18.694	20.146	15.774	14.024	
601	22.365	19.235	18.659	20.111	15.734	13.982	
602	22.34	19.203	18.623	20.089	15.676	13.946	
603	22.316	19.171	18.588	20.073	15.681	13.918	
604	22.291	19.139	18.553	20.062	15.645	13.915	
605	22.266	19.107	18.518	20.041	15.608	13.859	
606	22.242	19.075	18.483	20.03	15.616	13.815	
607	22.218	19.044	18.448	19.998	15.592	13.779	
608	22.194	19.012	18.414	20.014	15.535	13.804	
609	22.17	18.981	18.379	19.982	15.547	13.748	
610	22.146	18.95	18.345	19.959	15.505	13.733	
611	22.122	18.919	18.311	19.939	15.468	13.708	
612	22.099	18.888	18.277	19.937	15.48	13.705	
613	22.075	18.857	18.243	19.905	15.44	13.625	
614	22.052	18.826	18.209	19.873	15.416	13.633	
615	22.028	18.796	18.176	19.872	15.373	13.599	
616	22.005	18.765	18.142	19.848	15.366	13.567	
617	21.982	18.735	18.109	19.833	15.339	13.548	
618	21.959	18.705	18.076	19.81	15.324	13.544	
619	21.936	18.675	18.043	19.793	15.289	13.484	
620	21.913	18.645	18.01	19.769	15.26	13.464	
621	21.891	18.615	17.977	19.744	15.245	13.463	
622	21.868	18.586	17.944	19.758	15.223	13.435	
623	21.846	18.556	17.911	19.727	15.19	13.375	
624	21.823	18.527	17.879	19.705	15.17	13.372	
625	21.801	18.497	17.847	19.678	15.168	13.392	
626	21.779	18.468	17.814	19.681	15.12	13.311	
627	21.757	18.439	17.782	19.667	15.098	13.304	
628	21.735	18.41	17.75	19.638	15.06	13.283	
629	21.713	18.381	17.718	19.635	15.075	13.294	
630	21.692	18.352	17.687	19.57	15.013	13.233	
631	21.67	18.324	17.655	19.565	15.066	13.236	
632	21.648	18.295	17.624	19.575	15.011	13.141	
633	21.627	18.267	17.592	19.564	14.965	13.12	
634	21.606	18.239	17.561	19.51	14.954	13.069	
635	21.584	18.21	17.53	19.493	14.942	13.106	
636	21.563	18.182	17.499	19.49	14.951	13.106	
637	21.542	18.155	17.468	19.498	14.872	13.056	
638	21.521	18.127	17.437	19.454	14.846	13.046	
639	21.5	18.099	17.406	19.459	14.818	13.027	
640	21.48	18.071	17.376	19.425	14.799	13.018	
641	21.459	18.044	17.345	19.452	14.778	12.939	
642	21.438	18.016	17.315	19.402	14.772	12.986	
643	21.418	17.989	17.285	19.387	14.721	12.945	
644	21.397	17.962	17.255	19.404	14.727	12.899	
645	21.377	17.935	17.225	19.385	14.71	12.869	
646	21.357	17.908	17.195	19.341	14.67	12.857	
647	21.337	17.881	17.165	19.34	14.697	12.832	
648	21.317	17.854	17.135	19.298	14.644	12.833	
649	21.297	17.828	17.106	19.29	14.633	12.793	
650	21.277	17.801	17.076	19.268	14.571	12.757	
651	21.257	17.775	17.047	19.249	14.593	12.771	
652	21.238	17.748	17.018	19.245	14.544	12.718	
653	21.218	17.722	16.988	19.224	14.556	12.69	
654	21.198	17.696	16.959	19.213	14.505	12.636	
655	21.179	17.67	16.931	19.188	14.528	12.643	
656	21.16	17.644	16.902	19.173	14.551	12.655	
657	21.14	17.618	16.873	19.182	14.495	12.58	
658	21.121	17.592	16.844	19.145	14.451	12.585	
659	21.102	17.567	16.816	19.135	14.393	12.576	
660	21.083	17.541	16.787	19.131	14.406	12.557	
661	21.064	17.516	16.759	19.149	14.366	12.521	
662	21.045	17.49	16.731	19.141	14.38	12.487	
663	21.027	17.465	16.703	19.085	14.354	12.478	
664	21.008	17.44	16.675	19.067	14.358	12.46	
665	20.989	17.415	16.647	19.05	14.329	12.422	
666	20.971	17.39	16.619	19.037	14.283	12.4	
667	20.952	17.365	16.591	19.049	14.264	12.403	
668	20.934	17.34	16.564	19.03	14.28	12.379	
669	20.916	17.316	16.536	19.015	14.24	12.357	
670	20.897	17.291	16.509	18.996	14.227	12.341	
671	20.879	17.266	16.481	18.983	14.189	12.272	
672	20.861	17.242	16.454	18.968	14.151	12.307	
673	20.843	17.218	16.427	18.924	14.153	12.286	
674	20.825	17.193	16.4	18.939	14.161	12.278	
675	20.808	17.169	16.373	18.916	14.153	12.296	
676	20.79	17.145	16.346	18.918	14.072	12.203	
677	20.772	17.121	16.319	18.905	14.111	12.199	
678	20.755	17.097	16.293	18.877	14.073	12.219	
679	20.737	17.074	16.266	18.874	14.028	12.143	
680	20.72	17.05	16.24	18.865	14.013	12.153	
681	20.702	17.026	16.213	18.846	13.999	12.088	
682	20.685	17.003	16.187	18.845	14.005	12.109	
683	20.668	16.979	16.161	18.808	13.954	12.072	
684	20.651	16.956	16.135	18.784	13.945	12.093	
685	20.634	16.933	16.109	18.793	13.961	12.052	
686	20.617	16.91	16.083	18.775	13.924	12.002	
687	20.6	16.886	16.057	18.777	13.89	11.991	
688	20.583	16.863	16.031	18.772	13.868	11.962	
689	20.566	16.84	16.005	18.761	13.903	11.957	
690	20.549	16.818	15.98	18.716	13.875	11.965	
691	20.533	16.795	15.954	18.724	13.843	11.91	
692	20.516	16.772	15.929	18.709	13.782	11.94	
693	20.499	16.75	15.904	18.696	13.781	11.891	
694	20.483	16.727	15.878	18.682	13.775	11.898	
695	20.467	16.705	15.853	18.653	13.738	11.859	
696	20.45	16.682	15.828	18.654	13.704	11.854	
697	20.434	16.66	15.803	18.647	13.742	11.818	
698	20.418	16.638	15.778	18.656	13.697	11.76	
699	20.402	16.616	15.753	18.615	13.678	11.745	
700	20.386	16.594	15.729	18.603	13.714	11.763	
701	20.37	16.572	15.704	18.616	13.601	11.754	
702	20.354	16.55	15.679	18.605	13.677	11.742	
703	20.338	16.528	15.655	18.55	13.664	11.695	
704	20.322	16.506	15.631	18.548	13.616	11.689	
705	20.306	16.484	15.606	18.593	13.586	11.663	
706	20.291	16.463	15.582	18.539	13.595	11.627	
707	20.275	16.441	15.558	18.519	13.587	11.625	
708	20.259	16.42	15.534	18.499	13.513	11.634	
709	20.244	16.399	15.51	18.52	13.555	11.58	
710	20.229	16.377	15.486	18.509	13.487	11.628	
711	20.213	16.356	15.462	18.491	13.491	11.511	
712	20.198	16.335	15.438	18.46	13.43	11.505	
713	20.183	16.314	15.414	18.443	13.501	11.532	
714	20.167	16.293	15.391	18.434	13.419	11.487	
715	20.152	16.272	15.367	18.397	13.433	11.469	
716	20.137	16.251	15.344	18.418	13.356	11.374	
717	20.122	16.23	15.32	18.408	13.398	11.468	
718	20.107	16.21	15.297	18.389	13.347	11.371	
719	20.093	16.189	15.274	18.416	13.365	11.461	
720	20.078	16.168	15.251	18.332	13.336	11.414	
721	20.063	16.148	15.228	18.377	13.311	11.389	
722	20.048	16.128	15.205	18.373	13.341	11.365	
723	20.034	16.107	15.182	18.316	13.339	11.362	
724	20.019	16.087	15.159	18.348	13.267	11.357	
725	20.004	16.067	15.136	18.293	13.366	11.278	
726	19.99	16.047	15.113	18.343	13.2	11.279	
727	19.976	16.027	15.091	18.3	13.25	11.255	
728	19.961	16.007	15.068	18.318	13.194	11.255	
729	19.947	15.987	15.046	18.272	13.178	11.254	
730	19.933	15.967	15.023	18.26	13.183	11.173	
731	19.918	15.947	15.001	18.22	13.167	11.208	
732	19.904	15.927	14.979	18.247	13.116	11.197	
733	19.89	15.908	14.956	18.236	13.152	11.165	
734	19.876	15.888	14.934	18.263	13.117	11.143	
735	19.862	15.868	14.912	18.212	13.131	11.119	
736	19.848	15.849	14.89	18.211	13.114	11.12	
737	19.834	15.83	14.868	18.221	13.084	11.153	
738	19.821	15.81	14.846	18.175	13.091	11.076	
739	19.807	15.791	14.825	18.168	13.067	11.094	
740	19.793	15.772	14.803	18.198	13.06	11.074	
741	19.78	15.753	14.781	18.146	13.012	11.072	
742	19.766	15.734	14.76	18.159	13.021	11.016	
743	19.752	15.715	14.738	18.16	13.027	10.987	
744	19.739	15.696	14.717	18.128	13	11.023	
745	19.725	15.677	14.695	18.098	13.023	11.013	
746	19.712	15.658	14.674	18.113	12.97	10.981	
747	19.699	15.639	14.653	18.112	13.001	10.944	
748	19.685	15.621	14.632	18.09	12.967	10.93	
749	19.672	15.602	14.611	18.087	12.928	10.902	
750	19.659	15.583	14.59	18.026	12.909	10.938	
751	19.646	15.565	14.569	18.064	12.892	10.873	
752	19.633	15.546	14.548	18.016	12.923	10.846	
753	19.62	15.528	14.527	18.042	12.881	10.845	
754	19.607	15.51	14.506	18.033	12.862	10.87	
755	19.594	15.491	14.485	17.998	12.896	10.794	
756	19.581	15.473	14.465	18.017	12.83	10.84	
757	19.568	15.455	14.444	18.016	12.778	10.837	
758	19.555	15.437	14.423	17.993	12.814	10.794	
759	19.542	15.419	14.403	17.991	12.817	10.766	
760	19.53	15.401	14.383	17.965	12.743	10.723	
761	19.517	15.383	14.362	17.94	12.757	10.727	
762	19.504	15.365	14.342	17.968	12.744	10.685	
763	19.492	15.347	14.322	17.942	12.757	10.67	
764	19.479	15.33	14.302	17.942	12.75	10.703	
765	19.467	15.312	14.281	17.928	12.723	10.649	
766	19.454	15.294	14.261	17.945	12.732	10.659	
767	19.442	15.277	14.241	17.932	12.689	10.658	
768	19.43	15.259	14.222	17.898	12.676	10.604	
769	19.418	15.242	14.202	17.901	12.684	10.63	
770	19.405	15.224	14.182	17.88	12.632	10.573	
771	19.393	15.207	14.162	17.839	12.621	10.567	
772	19.381	15.19	14.143	17.837	12.664	10.567	
773	19.369	15.173	14.123	17.851	12.613	10.567	
774	19.357	15.155	14.103	17.831	12.605	10.51	
775	19.345	15.138	14.084	17.81	12.584	10.517	
776	19.333	15.121	14.064	17.872	12.563	10.49	
777	19.321	15.104	14.045	17.813	12.541	10.499	
778	19.309	15.087	14.026	17.814	12.507	10.516	
779	19.297	15.07	14.006	17.771	12.515	10.473	
780	19.285	15.053	13.987	17.769	12.529	10.484	
781	19.274	15.037	13.968	17.816	12.552	10.405	
782	19.262	15.02	13.949	17.788	12.453	10.414	
783	19.25	15.003	13.93	17.766	12.44	10.413	
784	19.239	14.987	13.911	17.747	12.468	10.369	
785	19.227	14.97	13.892	17.727	12.424	10.347	
786	19.215	14.954	13.873	17.72	12.435	10.349	
787	19.204	14.937	13.854	17.725	12.412	10.345	
788	19.192	14.921	13.836	17.722	12.394	10.324	
789	19.181	14.904	13.817	17.703	12.376	10.317	
790	19.17	14.888	13.798	17.705	12.403	10.277	
791	19.158	14.872	13.78	17.675	12.368	10.278	
792	19.147	14.855	13.761	17.689	12.361	10.267	
793	19.136	14.839	13.743	17.679	12.381	10.266	
794	19.125	14.823	13.724	17.66	12.327	10.239	
795	19.113	14.807	13.706	17.659	12.309	10.224	
796	19.102	14.791	13.687	17.662	12.313	10.213	
797	19.091	14.775	13.669	17.654	12.325	10.176	
798	19.08	14.759	13.651	17.666	12.323	10.181	
799	19.069	14.743	13.633	17.647	12.261	10.206	
800	19.058	14.727	13.615	17.62	12.266	10.135	
801	19.047	14.712	13.597	17.605	12.279	10.152	
802	19.036	14.696	13.579	17.648	12.257	10.122	
803	19.025	14.68	13.561	17.585	12.228	10.092	
804	19.015	14.665	13.543	17.575	12.219	10.133	
805	19.004	14.649	13.525	17.566	12.198	10.093	
806	18.993	14.634	13.507	17.583	12.17	10.084	
807	18.982	14.618	13.489	17.566	12.126	10.115	
808	18.972	14.603	13.472	17.569	12.174	10.024	
809	18.961	14.587	13.454	17.516	12.099	10.047	
810	18.95	14.572	13.436	17.556	12.165	10.014	
811	18.94	14.557	13.419	17.537	12.131	9.9973	
812	18.929	14.541	13.401	17.532	12.176	10.005	
813	18.919	14.526	13.384	17.542	12.077	9.9926	
814	18.908	14.511	13.367	17.52	12.11	10.013	
815	18.898	14.496	13.349	17.499	12.091	9.9656	
816	18.888	14.481	13.332	17.51	12.082	9.9131	
817	18.877	14.466	13.315	17.487	12.062	9.9298	
818	18.867	14.451	13.297	17.492	12.059	9.9034	
819	18.857	14.436	13.28	17.483	12.042	9.9129	
820	18.846	14.421	13.263	17.46	12.018	9.8719	
821	18.836	14.406	13.246	17.453	12.005	9.8656	
822	18.826	14.391	13.229	17.45	12.012	9.8616	
823	18.816	14.377	13.212	17.451	12.006	9.8525	
824	18.806	14.362	13.195	17.443	12.007	9.8497	
825	18.796	14.347	13.178	17.437	11.988	9.8449	
826	18.786	14.333	13.162	17.433	11.98	9.8362	
827	18.776	14.318	13.145	17.43	11.974	9.8144	
828	18.766	14.304	13.128	17.419	11.964	9.8087	
829	18.756	14.289	13.111	17.407	11.95	9.7941	
830	18.746	14.275	13.095	17.407	11.946	9.8031	
831	18.736	14.26	13.078	17.4	11.919	9.7859	
832	18.726	14.246	13.062	17.384	11.91	9.7662	
833	18.717	14.232	13.045	17.379	11.905	9.7353	
834	18.707	14.217	13.029	17.367	11.897	9.7158	
835	18.697	14.203	13.012	17.36	11.889	9.7177	
836	18.687	14.189	12.996	17.358	11.888	9.6974	
837	18.678	14.175	12.98	17.35	11.861	9.7024	
838	18.668	14.161	12.963	17.356	11.846	9.6741	
839	18.659	14.147	12.947	17.339	11.835	9.6728	
840	18.649	14.133	12.931	17.323	11.851	9.6213	
841	18.639	14.119	12.915	17.338	11.799	9.6059	
842	18.63	14.105	12.899	17.35	11.812	9.6524	
843	18.62	14.091	12.883	17.333	11.79	9.6237	
844	18.611	14.077	12.867	17.328	11.8	9.6135	
845	18.602	14.063	12.851	17.337	11.83	9.5864	
846	18.592	14.049	12.835	17.25	11.762	9.5728	
847	18.583	14.036	12.819	17.316	11.671	9.6306	
848	18.574	14.022	12.803	17.299	11.801	9.6341	
849	18.564	14.008	12.787	17.296	11.713	9.5251	
850	18.555	13.995	12.772	17.278	11.74	9.5683	
851	18.546	13.981	12.756	17.254	11.712	9.5872	
852	18.537	13.968	12.74	17.249	11.723	9.4661	
853	18.528	13.954	12.725	17.279	11.658	9.4759	
854	18.519	13.941	12.709	17.228	11.704	9.4325	
855	18.509	13.927	12.694	17.23	11.626	9.478	
856	18.5	13.914	12.678	17.202	11.678	9.4881	
857	18.491	13.9	12.663	17.234	11.659	9.4508	
858	18.482	13.887	12.647	17.248	11.682	9.4151	
859	18.473	13.874	12.632	17.26	11.629	9.461	
860	18.464	13.861	12.617	17.206	11.667	9.4684	
861	18.456	13.847	12.601	17.177	11.615	9.3825	
862	18.447	13.834	12.586	17.215	11.595	9.3837	
863	18.438	13.821	12.571	17.205	11.644	9.3907	
864	18.429	13.808	12.556	17.208	11.589	9.387	
865	18.42	13.795	12.541	17.157	11.577	9.3165	
866	18.411	13.782	12.526	17.167	11.563	9.3468	
867	18.403	13.769	12.51	17.147	11.513	9.3459	
868	18.394	13.756	12.495	17.118	11.543	9.3501	
869	18.385	13.743	12.481	17.15	11.508	9.2901	
870	18.377	13.731	12.466	17.159	11.516	9.3057	
871	18.368	13.718	12.451	17.146	11.508	9.2767	
872	18.36	13.705	12.436	17.131	11.512	9.3136	
873	18.351	13.692	12.421	17.157	11.469	9.267	
874	18.342	13.679	12.406	17.129	11.488	9.2504	
875	18.334	13.667	12.392	17.111	11.474	9.2559	
876	18.325	13.654	12.377	17.115	11.465	9.2204	
877	18.317	13.642	12.362	17.112	11.46	9.2537	
878	18.309	13.629	12.348	17.083	11.444	9.2191	
879	18.3	13.617	12.333	17.079	11.432	9.1998	
880	18.292	13.604	12.319	17.071	11.421	9.1926	
881	18.283	13.592	12.304	17.069	11.417	9.1849	
882	18.275	13.579	12.29	17.067	11.412	9.1889	
883	18.267	13.567	12.275	17.063	11.408	9.1794	
884	18.259	13.554	12.261	17.061	11.404	9.1718	
885	18.25	13.542	12.247	17.061	11.396	9.1709	
886	18.242	13.53	12.232	17.056	11.388	9.1566	
887	18.234	13.518	12.218	17.046	11.371	9.1428	
888	18.226	13.505	12.204	17.044	11.364	9.1243	
889	18.218	13.493	12.19	17.031	11.351	9.1119	
890	18.21	13.481	12.175	17.018	11.337	9.0964	
891	18.202	13.469	12.161	17.012	11.328	9.0812	
892	18.193	13.457	12.147	17.01	11.316	9.0788	
893	18.185	13.445	12.133	17.003	11.31	9.0602	
894	18.178	13.433	12.119	16.991	11.308	9.0486	
895	18.17	13.421	12.105	16.999	11.303	9.0533	
896	18.162	13.409	12.091	16.989	11.29	9.0498	
897	18.154	13.397	12.077	16.989	11.285	9.0476	
898	18.146	13.385	12.063	16.987	11.282	9.0195	
899	18.138	13.373	12.05	16.979	11.268	9.0175	
900	18.13	13.362	12.036	16.966	11.258	8.9949	
901	18.122	13.35	12.022	16.947	11.247	8.9733	
902	18.114	13.338	12.008	16.948	11.229	8.9685	
903	18.107	13.326	11.995	16.945	11.226	8.9618	
904	18.099	13.315	11.981	16.94	11.217	8.9595	
905	18.091	13.303	11.967	16.932	11.215	8.9576	
906	18.083	13.291	11.954	16.934	11.21	8.9517	
907	18.076	13.28	11.94	16.929	11.206	8.9528	
908	18.068	13.268	11.927	16.931	11.194	8.9288	
909	18.061	13.257	11.913	16.916	11.183	8.9209	
910	18.053	13.245	11.9	16.902	11.167	8.91	
911	18.045	13.234	11.886	16.906	11.155	8.9055	
912	18.038	13.222	11.873	16.894	11.128	8.8691	
913	18.03	13.211	11.86	16.881	11.137	8.8493	
914	18.023	13.2	11.846	16.883	11.127	8.8511	
915	18.015	13.188	11.833	16.876	11.114	8.8449	
916	18.008	13.177	11.82	16.869	11.119	8.8435	
917	18	13.166	11.807	16.869	11.116	8.8377	
918	17.993	13.154	11.794	16.872	11.111	8.8326	
919	17.986	13.143	11.78	16.868	11.102	8.8198	
920	17.978	13.132	11.767	16.862	11.094	8.8106	
921	17.971	13.121	11.754	16.852	11.081	8.8013	
922	17.964	13.11	11.741	16.848	11.073	8.8045	
923	17.956	13.099	11.728	16.851	11.066	8.7956	
924	17.949	13.088	11.715	16.835	11.037	8.7695	
925	17.942	13.077	11.702	16.832	11.054	8.7564	
926	17.935	13.066	11.689	16.815	11.035	8.7417	
927	17.927	13.055	11.676	16.816	11.041	8.7315	
928	17.92	13.044	11.664	16.814	11.034	8.7362	
929	17.913	13.033	11.651	16.797	10.994	8.7477	
930	17.906	13.022	11.638	16.793	10.972	8.7269	
931	17.899	13.011	11.625	16.805	11.016	8.7154	
932	17.892	13	11.612	16.812	10.951	8.6826	
933	17.885	12.99	11.6	16.782	11.008	8.6791	
934	17.877	12.979	11.587	16.775	10.976	8.695	
935	17.87	12.968	11.574	16.773	10.978	8.6554	
936	17.863	12.957	11.562	16.753	10.941	8.6501	
937	17.856	12.947	11.549	16.753	10.935	8.6851	
938	17.849	12.936	11.537	16.783	10.944	8.6069	
939	17.843	12.925	11.524	16.761	10.933	8.6336	
940	17.836	12.915	11.512	16.766	10.894	8.6504	
941	17.829	12.904	11.499	16.76	10.92	8.6114	
942	17.822	12.894	11.487	16.739	10.886	8.5574	
943	17.815	12.883	11.475	16.715	10.91	8.5951	
944	17.808	12.873	11.462	16.717	10.929	8.5787	
945	17.801	12.862	11.45	16.744	10.893	8.5827	
946	17.794	12.852	11.438	16.743	10.888	8.5713	
947	17.788	12.841	11.425	16.722	10.888	8.5569	
948	17.781	12.831	11.413	16.718	10.861	8.5456	
949	17.774	12.821	11.401	16.708	10.84	8.5238	
950	17.768	12.81	11.389	16.702	10.832	8.5213	
951	17.761	12.8	11.377	16.691	10.851	8.5259	
952	17.754	12.79	11.364	16.683	10.844	8.5209	
953	17.747	12.78	11.352	16.694	10.825	8.4986	
954	17.741	12.769	11.34	16.695	10.819	8.5124	
955	17.734	12.759	11.328	16.682	10.807	8.4784	
956	17.728	12.749	11.316	16.663	10.812	8.4848	
957	17.721	12.739	11.304	16.664	10.803	8.5324	
958	17.715	12.729	11.292	16.644	10.785	8.4534	
959	17.708	12.719	11.28	16.666	10.771	8.4791	
960	17.701	12.709	11.268	16.678	10.753	8.4078	
961	17.695	12.699	11.257	16.673	10.778	8.3952	
962	17.688	12.689	11.245	16.661	10.689	8.3687	
963	17.682	12.679	11.233	16.62	10.712	8.4149	
964	17.676	12.669	11.221	16.649	10.748	8.3485	
965	17.669	12.659	11.209	16.617	10.733	8.3817	
966	17.663	12.649	11.198	16.628	10.753	8.359	
967	17.656	12.639	11.186	16.623	10.733	8.3919	
968	17.65	12.629	11.174	16.627	10.745	8.3832	
969	17.644	12.619	11.163	16.611	10.709	8.3707	
970	17.637	12.61	11.151	16.625	10.692	8.3925	
971	17.631	12.6	11.14	16.613	10.68	8.3706	
972	17.625	12.59	11.128	16.61	10.702	8.3492	
973	17.618	12.581	11.116	16.61	10.685	8.3224	
974	17.612	12.571	11.105	16.594	10.661	8.3374	
975	17.606	12.561	11.093	16.588	10.668	8.2816	
976	17.6	12.552	11.082	16.58	10.653	8.2972	
977	17.594	12.542	11.071	16.575	10.641	8.2843	
978	17.587	12.532	11.059	16.572	10.632	8.2858	
979	17.581	12.523	11.048	16.57	10.638	8.2719	
980	17.575	12.513	11.037	16.575	10.628	8.2724	
981	17.569	12.504	11.025	16.572	10.626	8.2804	
982	17.563	12.494	11.014	16.566	10.621	8.2707	
983	17.557	12.485	11.003	16.562	10.623	8.2828	
984	17.551	12.475	10.991	16.548	10.613	8.2676	
985	17.545	12.466	10.98	16.546	10.617	8.2362	
986	17.539	12.457	10.969	16.573	10.595	8.2584	
987	17.533	12.447	10.958	16.537	10.591	8.2149	
988	17.527	12.438	10.947	16.532	10.56	8.1936	
989	17.521	12.428	10.936	16.524	10.566	8.1933	
990	17.515	12.419	10.925	16.52	10.547	8.1876	
991	17.509	12.41	10.914	16.519	10.55	8.1676	
992	17.503	12.401	10.902	16.52	10.545	8.1802	
993	17.497	12.391	10.891	16.509	10.544	8.1739	
994	17.491	12.382	10.881	16.517	10.548	8.1768	
995	17.485	12.373	10.87	16.503	10.54	8.1619	
996	17.479	12.364	10.859	16.496	10.533	8.1554	
997	17.473	12.355	10.848	16.504	10.529	8.1444	
998	17.468	12.346	10.837	16.493	10.516	8.1417	
999	17.462	12.337	10.826	16.483	10.502	8.1776	
1000	17.456	12.327	10.815	16.5	10.478	8.1157	
1001	17.45	12.318	10.804	16.464	10.53	8.0949	
1002	17.444	12.309	10.794	16.485	10.51	8.0982	
1003	17.439	12.3	10.783	16.476	10.477	8.0989	
1004	17.433	12.291	10.772	16.475	10.443	8.0759	
1005	17.427	12.282	10.761	16.439	10.542	8.1117	
1006	17.422	12.274	10.751	16.467	10.428	8.1096	
1007	17.416	12.265	10.74	16.465	10.492	8.0327	
1008	17.41	12.256	10.729	16.449	10.484	8.0563	
1009	17.405	12.247	10.719	16.429	10.432	8.0496	
1010	17.399	12.238	10.708	16.466	10.451	8.0414	
1011	17.393	12.229	10.698	16.433	10.444	8.0428	
1012	17.388	12.22	10.687	16.438	10.431	8.0143	
1013	17.382	12.212	10.677	16.434	10.414	8.0082	
1014	17.377	12.203	10.666	16.435	10.394	8.0042	
1015	17.371	12.194	10.656	16.437	10.4	7.9932	
1016	17.366	12.185	10.645	16.413	10.402	8.087	
1017	17.36	12.177	10.635	16.395	10.365	7.9546	
1018	17.355	12.168	10.624	16.391	10.366	7.9748	
1019	17.349	12.159	10.614	16.377	10.349	7.938	
1020	17.344	12.151	10.604	16.428	10.409	7.9076	
1021	17.338	12.142	10.593	16.344	10.406	7.9482	
1022	17.333	12.134	10.583	16.399	10.335	7.9468	
1023	17.327	12.125	10.573	16.418	10.322	7.9437	
1024	17.322	12.117	10.563	16.374	10.301	7.9785	
1025	17.316	12.108	10.552	16.416	10.31	7.9159	
1026	17.311	12.1	10.542	16.38	10.359	7.8728	
1027	17.306	12.091	10.532	16.414	10.241	7.8987	
1028	17.3	12.083	10.522	16.371	10.339	7.8451	
1029	17.295	12.074	10.512	16.355	10.283	7.8299	
1030	17.29	12.066	10.502	16.359	10.328	7.903	
1031	17.284	12.057	10.491	16.422	10.333	7.9249	
1032	17.279	12.049	10.481	16.316	10.327	7.8632	
1033	17.274	12.041	10.471	16.382	10.287	7.887	
1034	17.269	12.032	10.461	16.356	10.309	7.8533	
1035	17.263	12.024	10.451	16.379	10.251	7.9231	
1036	17.258	12.016	10.441	16.253	10.285	7.8388	
1037	17.253	12.007	10.431	16.397	10.175	7.8035	
1038	17.248	11.999	10.421	16.319	10.24	7.9786	
1039	17.243	11.991	10.412	16.361	10.29	7.9209	
1040	17.237	11.983	10.402	16.298	10.088	7.8087	
1041	17.232	11.975	10.392	16.335	10.216	7.8567	
1042	17.227	11.966	10.382	16.445	10.238	7.6434	
1043	17.222	11.958	10.372	16.412	10.176	7.6925	
1044	17.217	11.95	10.362	16.267	10.268	7.7417	
1045	17.212	11.942	10.352	16.308	10.204	7.7873	
1046	17.207	11.934	10.343	16.204	10.35	7.5825	
1047	17.202	11.926	10.333	16.266	10.039	7.7932	
1048	17.197	11.918	10.323	16.229	10.157	7.8069	
1049	17.192	11.91	10.314	16.299	10.171	7.7236	
1050	17.187	11.902	10.304	16.276	10.083	7.8107	
1051	17.181	11.894	10.294	16.278	10.17	7.7396	
1052	17.177	11.886	10.285	16.273	10.161	7.7044	
1053	17.172	11.878	10.275	16.277	10.167	7.7231	
1054	17.167	11.87	10.265	16.277	10.148	7.7089	
1055	17.162	11.862	10.256	16.277	10.167	7.6972	
1056	17.157	11.854	10.246	16.273	10.135	7.687	
1057	17.152	11.846	10.237	16.269	10.153	7.6997	
1058	17.147	11.838	10.227	16.262	10.142	7.6709	
1059	17.142	11.83	10.218	16.247	10.134	7.6933	
1060	17.137	11.823	10.208	16.254	10.134	7.6648	
1061	17.132	11.815	10.199	16.263	10.116	7.6747	
1062	17.127	11.807	10.189	16.239	10.115	7.6648	
1063	17.122	11.799	10.18	16.235	10.098	7.6667	
1064	17.118	11.792	10.17	16.233	10.093	7.6472	
1065	17.113	11.784	10.161	16.225	10.087	7.629	
1066	17.108	11.776	10.152	16.232	10.086	7.618	
1067	17.103	11.768	10.142	16.223	10.089	7.6219	
1068	17.098	11.761	10.133	16.218	10.078	7.6284	
1069	17.094	11.753	10.124	16.223	10.054	7.6005	
1070	17.089	11.745	10.115	16.22	10.079	7.5985	
1071	17.084	11.738	10.105	16.218	10.063	7.599	
1072	17.079	11.73	10.096	16.202	10.065	7.5925	
1073	17.075	11.723	10.087	16.215	10.029	7.5661	
1074	17.07	11.715	10.078	16.199	10.044	7.5808	
1075	17.065	11.708	10.068	16.193	10.033	7.5517	
1076	17.061	11.7	10.059	16.201	10.022	7.5548	
1077	17.056	11.692	10.05	16.189	10.024	7.5511	
1078	17.051	11.685	10.041	16.185	10.008	7.5417	
1079	17.047	11.677	10.032	16.186	10.022	7.5314	
1080	17.042	11.67	10.023	16.186	10.011	7.5387	
1081	17.037	11.663	10.014	16.179	10.01	7.5348	
1082	17.033	11.655	10.005	16.172	10.007	7.5257	
1083	17.028	11.648	9.9957	16.18	9.9947	7.5117	
1084	17.024	11.64	9.9867	16.172	9.995	7.5129	
1085	17.019	11.633	9.9777	16.166	9.9914	7.5014	
1086	17.015	11.626	9.9687	16.171	9.9923	7.5038	
1087	17.01	11.618	9.9598	16.156	9.9873	7.4945	
1088	17.006	11.611	9.9509	16.166	9.9817	7.4997	
1089	17.001	11.604	9.942	16.159	9.9779	7.4821	
1090	16.997	11.596	9.9331	16.158	9.9803	7.4881	
1091	16.992	11.589	9.9242	16.153	9.9785	7.4853	
1092	16.988	11.582	9.9153	16.144	9.9565	7.4715	
1093	16.983	11.575	9.9065	16.148	9.9506	7.4729	
1094	16.979	11.567	9.8977	16.141	9.9601	7.4722	
1095	16.974	11.56	9.8889	16.15	9.9318	7.4483	
1096	16.97	11.553	9.8801	16.144	9.9407	7.4519	
1097	16.965	11.546	9.8713	16.13	9.9283	7.4383	
1098	16.961	11.539	9.8626	16.124	9.9234	7.4168	
1099	16.957	11.532	9.8538	16.123	9.9232	7.4195	
1100	16.952	11.525	9.8451	16.113	9.9178	7.4139	
1101	16.948	11.517	9.8364	16.124	9.9056	7.3964	
1102	16.943	11.51	9.8278	16.116	9.8945	7.3888	
1103	16.939	11.503	9.8191	16.109	9.8791	7.3797	
1104	16.935	11.496	9.8105	16.105	9.888	7.3786	
1105	16.93	11.489	9.8018	16.097	9.8862	7.3711	
1106	16.926	11.482	9.7932	16.101	9.8753	7.3644	
1107	16.922	11.475	9.7846	16.09	9.8672	7.3615	
1108	16.918	11.468	9.7761	16.098	9.873	7.3533	
1109	16.913	11.461	9.7675	16.089	9.8628	7.35	
1110	16.909	11.454	9.759	16.087	9.8562	7.3493	
1111	16.905	11.447	9.7505	16.086	9.8575	7.3426	
1112	16.901	11.44	9.742	16.085	9.8439	7.3361	
1113	16.896	11.433	9.7335	16.085	9.8491	7.3346	
1114	16.892	11.427	9.725	16.08	9.8466	7.3305	
1115	16.888	11.42	9.7166	16.077	9.8484	7.3291	
1116	16.884	11.413	9.7081	16.078	9.8409	7.3321	
1117	16.879	11.406	9.6997	16.079	9.8416	7.3209	
1118	16.875	11.399	9.6913	16.072	9.8334	7.3214	
1119	16.871	11.392	9.6829	16.06	9.8347	7.3015	
1120	16.867	11.386	9.6746	16.068	9.8313	7.2924	
1121	16.863	11.379	9.6662	16.067	9.8176	7.2878	
1122	16.859	11.372	9.6579	16.06	9.8063	7.2978	
1123	16.855	11.365	9.6496	16.048	9.8069	7.2903	
1124	16.85	11.359	9.6413	16.063	9.8076	7.2673	
1125	16.846	11.352	9.633	16.054	9.7979	7.2623	
1126	16.842	11.345	9.6247	16.058	9.8085	7.2676	
1127	16.838	11.338	9.6165	16.033	9.7894	7.2435	
1128	16.834	11.332	9.6083	16.033	9.7801	7.246	
1129	16.83	11.325	9.6	16.039	9.78	7.2589	
1130	16.826	11.318	9.5918	16.029	9.784	7.2303	
1131	16.822	11.312	9.5837	16.028	9.7661	7.2327	
1132	16.818	11.305	9.5755	16.029	9.7641	7.2224	
1133	16.814	11.299	9.5673	16.022	9.7746	7.22	
1134	16.81	11.292	9.5592	16.013	9.7404	7.2208	
1135	16.806	11.285	9.5511	16.016	9.7516	7.1929	
1136	16.802	11.279	9.543	16.019	9.733	7.2045	
1137	16.798	11.272	9.5349	16.012	9.7186	7.2018	
1138	16.794	11.266	9.5268	16.011	9.7314	7.1817	
1139	16.79	11.259	9.5188	16.007	9.7294	7.188	
1140	16.786	11.253	9.5107	16	9.711	7.1734	
1141	16.782	11.246	9.5027	16.013	9.7229	7.1701	
1142	16.778	11.24	9.4947	16.009	9.7157	7.1425	
1143	16.774	11.233	9.4867	15.991	9.7047	7.1754	
1144	16.77	11.227	9.4787	15.991	9.6948	7.1627	
1145	16.767	11.221	9.4708	15.994	9.7082	7.1617	
1146	16.763	11.214	9.4628	15.991	9.6734	7.1488	
1147	16.759	11.208	9.4549	15.987	9.6773	7.1375	
1148	16.755	11.201	9.447	15.993	9.6824	7.1398	
1149	16.751	11.195	9.4391	15.982	9.6859	7.1336	
1150	16.747	11.189	9.4312	15.971	9.6696	7.1285	
1151	16.743	11.182	9.4233	15.973	9.6557	7.1144	
1152	16.74	11.176	9.4155	15.974	9.6664	7.1066	
1153	16.736	11.17	9.4076	15.967	9.6521	7.0941	
1154	16.732	11.163	9.3998	15.961	9.6519	7.0958	
1155	16.728	11.157	9.392	15.966	9.6506	7.0979	
1156	16.724	11.151	9.3842	15.955	9.6498	7.0837	
1157	16.721	11.144	9.3764	15.955	9.6421	7.0727	
1158	16.717	11.138	9.3687	15.956	9.6421	7.0731	
1159	16.713	11.132	9.3609	15.96	9.6267	7.0708	
1160	16.709	11.126	9.3532	15.957	9.628	7.0722	
1161	16.706	11.12	9.3455	15.947	9.6061	7.0769	
1162	16.702	11.113	9.3378	15.943	9.6372	7.0503	
1163	16.698	11.107	9.3301	15.932	9.6109	7.0423	
1164	16.694	11.101	9.3224	15.933	9.5892	7.0355	
1165	16.691	11.095	9.3147	15.926	9.6021	7.0251	
1166	16.687	11.089	9.3071	15.934	9.5923	7.0232	
1167	16.683	11.083	9.2995	15.935	9.6092	7.0307	
1168	16.68	11.077	9.2918	15.925	9.5875	7.0159	
1169	16.676	11.07	9.2842	15.919	9.579	7.0094	
1170	16.672	11.064	9.2766	15.923	9.5874	6.9969	
1171	16.669	11.058	9.2691	15.918	9.5745	6.9927	
1172	16.665	11.052	9.2615	15.915	9.5753	6.9904	
1173	16.661	11.046	9.254	15.913	9.572	6.9898	
1174	16.658	11.04	9.2464	15.912	9.5717	6.9855	
1175	16.654	11.034	9.2389	15.911	9.5671	6.9893	
1176	16.651	11.028	9.2314	15.909	9.5553	6.9753	
1177	16.647	11.022	9.2239	15.913	9.5548	6.9734	
1178	16.643	11.016	9.2165	15.902	9.5491	6.9642	
1179	16.64	11.01	9.209	15.902	9.5544	6.9693	
1180	16.636	11.004	9.2016	15.901	9.5467	6.9584	
1181	16.633	10.998	9.1941	15.901	9.5467	6.9598	
1182	16.629	10.992	9.1867	15.894	9.5385	6.9547	
1183	16.626	10.986	9.1793	15.897	9.537	6.95	
1184	16.622	10.981	9.1719	15.892	9.532	6.9421	
1185	16.619	10.975	9.1645	15.883	9.531	6.946	
1186	16.615	10.969	9.1572	15.885	9.5219	6.9289	
1187	16.612	10.963	9.1498	15.884	9.5224	6.9354	
1188	16.608	10.957	9.1425	15.877	9.523	6.9241	
1189	16.605	10.951	9.1352	15.882	9.5084	6.9071	
1190	16.601	10.945	9.1279	15.876	9.5137	6.9197	
1191	16.598	10.94	9.1206	15.87	9.5099	6.9094	
1192	16.594	10.934	9.1133	15.871	9.4961	6.8957	
1193	16.591	10.928	9.106	15.868	9.4961	6.8932	
1194	16.587	10.922	9.0988	15.862	9.5027	6.9035	
1195	16.584	10.917	9.0915	15.874	9.474	6.8908	
1196	16.58	10.911	9.0843	15.86	9.4905	6.8699	
1197	16.577	10.905	9.0771	15.862	9.4762	6.8911	
1198	16.574	10.899	9.0699	15.852	9.4631	6.8864	
1199	16.57	10.894	9.0627	15.851	9.477	6.8633	
1200	16.567	10.888	9.0556	15.858	9.4625	6.8505	
1201	16.563	10.882	9.0484	15.861	9.4796	6.8706	
1202	16.56	10.877	9.0413	15.841	9.4636	6.8566	
1203	16.557	10.871	9.0341	15.848	9.4582	6.8337	
1204	16.553	10.865	9.027	15.851	9.4464	6.8183	
1205	16.55	10.86	9.0199	15.832	9.4472	6.8323	
1206	16.547	10.854	9.0128	15.836	9.466	6.8321	
1207	16.543	10.848	9.0057	15.846	9.4633	6.8204	
1208	16.54	10.843	8.9987	15.832	9.4402	6.8124	
1209	16.537	10.837	8.9916	15.836	9.4279	6.8174	
1210	16.533	10.832	8.9846	15.829	9.4198	6.7981	
1211	16.53	10.826	8.9775	15.824	9.4014	6.7811	
1212	16.527	10.82	8.9705	15.822	9.4159	6.7865	
1213	16.523	10.815	8.9635	15.831	9.4125	6.7945	
1214	16.52	10.809	8.9565	15.818	9.422	6.771	
1215	16.517	10.804	8.9495	15.827	9.4065	6.7776	
1216	16.514	10.798	8.9426	15.816	9.3902	6.7962	
1217	16.51	10.793	8.9356	15.82	9.3945	6.7799	
1218	16.507	10.787	8.9287	15.792	9.3676	6.7812	
1219	16.504	10.782	8.9218	15.814	9.3787	6.7488	
1220	16.501	10.776	8.9149	15.812	9.3724	6.7566	
1221	16.497	10.771	8.908	15.792	9.3678	6.7577	
1222	16.494	10.765	8.9011	15.806	9.4041	6.7482	
1223	16.491	10.76	8.8942	15.808	9.3612	6.7497	
1224	16.488	10.755	8.8873	15.802	9.3661	6.7322	
1225	16.485	10.749	8.8805	15.793	9.3623	6.7376	
1226	16.481	10.744	8.8736	15.803	9.3763	6.7294	
1227	16.478	10.738	8.8668	15.81	9.3589	6.7325	
1228	16.475	10.733	8.86	15.774	9.3448	6.7237	
1229	16.472	10.728	8.8532	15.767	9.3236	6.7278	
1230	16.469	10.722	8.8464	15.774	9.3573	6.7086	
1231	16.466	10.717	8.8396	15.796	9.3605	6.676	
1232	16.462	10.712	8.8329	15.789	9.3331	6.7336	
1233	16.459	10.706	8.8261	15.803	9.3612	6.6865	
1234	16.456	10.701	8.8194	15.779	9.3636	6.7088	
1235	16.453	10.696	8.8126	15.762	9.3504	6.6856	
1236	16.45	10.69	8.8059	15.776	9.3508	6.7156	
1237	16.447	10.685	8.7992	15.771	9.3581	6.6932	
1238	16.444	10.68	8.7925	15.803	9.3178	6.7029	
1239	16.441	10.675	8.7858	15.735	9.3726	6.7182	
1240	16.438	10.669	8.7792	15.732	9.2717	6.6779	
1241	16.434	10.664	8.7725	15.745	9.341	6.6356	
1242	16.431	10.659	8.7659	15.735	9.3044	6.6996	
1243	16.428	10.654	8.7592	15.764	9.3127	6.761	
1244	16.425	10.648	8.7526	15.782	9.3076	6.6586	
1245	16.422	10.643	8.746	15.721	9.362	6.5928	
1246	16.419	10.638	8.7394	15.748	9.298	6.6041	
1247	16.416	10.633	8.7328	15.731	9.2333	6.6094	
1248	16.413	10.628	8.7262	15.743	9.2731	6.5843	
1249	16.41	10.623	8.7197	15.775	9.2931	6.6536	
1250	16.407	10.617	8.7131	15.753	9.3398	6.5861	
1251	16.404	10.612	8.7066	15.739	9.2561	6.6486	
1252	16.401	10.607	8.7001	15.709	9.2021	6.5795	
1253	16.398	10.602	8.6935	15.708	9.3079	6.5872	
1254	16.395	10.597	8.687	15.716	9.2289	6.5936	
1255	16.392	10.592	8.6805	15.74	9.2415	6.623	
1256	16.389	10.587	8.6741	15.719	9.2629	6.5966	
1257	16.386	10.582	8.6676	15.717	9.2216	6.5567	
1258	16.383	10.577	8.6611	15.725	9.2458	6.548	
1259	16.38	10.572	8.6547	15.694	9.2312	6.5771	
1260	16.377	10.567	8.6482	15.709	9.2387	6.553	
1261	16.375	10.562	8.6418	15.706	9.2178	6.5473	
1262	16.372	10.557	8.6354	15.689	9.2162	6.5425	
1263	16.369	10.552	8.629	15.706	9.2186	6.5313	
1264	16.366	10.547	8.6226	15.682	9.2026	6.5444	
1265	16.363	10.542	8.6162	15.708	9.2245	6.5324	
1266	16.36	10.537	8.6099	15.696	9.2306	6.5176	
1267	16.357	10.532	8.6035	15.709	9.2023	6.5414	
1268	16.354	10.527	8.5972	15.714	9.2095	6.5453	
1269	16.351	10.522	8.5908	15.701	9.2186	6.5538	
1270	16.348	10.517	8.5845	15.696	9.198	6.5367	
1271	16.346	10.512	8.5782	15.683	9.2039	6.5136	
1272	16.343	10.507	8.5719	15.688	9.2189	6.5472	
1273	16.34	10.502	8.5656	15.705	9.2243	6.5247	
1274	16.337	10.497	8.5593	15.701	9.2005	6.5306	
1275	16.334	10.492	8.553	15.686	9.1823	6.4939	
1276	16.331	10.487	8.5468	15.699	9.2087	6.5205	
1277	16.328	10.482	8.5405	15.663	9.1993	6.5191	
1278	16.326	10.478	8.5343	15.665	9.1892	6.5112	
1279	16.323	10.473	8.5281	15.681	9.1589	6.4593	
1280	16.32	10.468	8.5219	15.675	9.156	6.4798	
1281	16.317	10.463	8.5156	15.682	9.1567	6.4748	
1282	16.314	10.458	8.5095	15.676	9.169	6.4949	
1283	16.312	10.454	8.5033	15.656	9.1537	6.4527	
1284	16.309	10.449	8.4971	15.632	9.1916	6.4591	
1285	16.306	10.444	8.4909	15.644	9.1608	6.4782	
1286	16.303	10.439	8.4848	15.669	9.1557	6.4463	
1287	16.301	10.434	8.4786	15.652	9.1412	6.4697	
1288	16.298	10.43	8.4725	15.663	9.1606	6.4591	
1289	16.295	10.425	8.4664	15.652	9.1422	6.4344	
1290	16.292	10.42	8.4603	15.657	9.1551	6.4376	
1291	16.289	10.415	8.4542	15.64	9.1345	6.4164	
1292	16.287	10.411	8.4481	15.656	9.1345	6.4736	
1293	16.284	10.406	8.442	15.647	9.1239	6.4379	
1294	16.281	10.401	8.4359	15.668	9.1578	6.4281	
1295	16.279	10.397	8.4299	15.646	9.1369	6.3954	
1296	16.276	10.392	8.4238	15.653	9.1292	6.3926	
1297	16.273	10.387	8.4178	15.651	9.0942	6.4387	
1298	16.271	10.382	8.4118	15.631	9.1357	6.4042	
1299	16.268	10.378	8.4058	15.641	9.0837	6.373	
1300	16.265	10.373	8.3997	15.624	9.1037	6.3995	
1301	16.262	10.369	8.3938	15.641	9.126	6.3705	
1302	16.26	10.364	8.3878	15.611	9.0799	6.4187	
1303	16.257	10.359	8.3818	15.637	9.1245	6.3851	
1304	16.254	10.355	8.3758	15.648	9.1135	6.3952	
1305	16.252	10.35	8.3699	15.652	9.0861	6.3467	
1306	16.249	10.345	8.3639	15.629	9.1235	6.3831	
1307	16.246	10.341	8.358	15.62	9.108	6.3954	
1308	16.244	10.336	8.3521	15.613	9.0891	6.388	
1309	16.241	10.332	8.3462	15.62	9.0991	6.3783	
1310	16.239	10.327	8.3402	15.612	9.0767	6.3653	
1311	16.236	10.323	8.3343	15.62	9.0461	6.3913	
1312	16.233	10.318	8.3285	15.608	9.0606	6.3221	
1313	16.231	10.314	8.3226	15.613	9.0866	6.3847	
1314	16.228	10.309	8.3167	15.607	9.0596	6.3495	
1315	16.226	10.304	8.3109	15.602	9.0327	6.3262	
1316	16.223	10.3	8.305	15.629	8.9941	6.3194	
1317	16.22	10.295	8.2992	15.605	9.0557	6.3822	
1318	16.218	10.291	8.2934	15.589	9.0545	6.3601	
1319	16.215	10.286	8.2875	15.631	9.0479	6.354	
1320	16.213	10.282	8.2817	15.574	9.0367	6.3584	
1321	16.21	10.278	8.2759	15.612	9.0226	6.3347	
1322	16.208	10.273	8.2702	15.601	8.9983	6.2378	
1323	16.205	10.269	8.2644	15.554	9.0135	6.278	
1324	16.202	10.264	8.2586	15.608	9.0519	6.2872	
1325	16.2	10.26	8.2528	15.621	8.9865	6.3038	
1326	16.197	10.255	8.2471	15.629	8.988	6.2721	
1327	16.195	10.251	8.2414	15.6	9.0561	6.2622	
1328	16.192	10.247	8.2356	15.561	8.9618	6.3632	
1329	16.19	10.242	8.2299	15.563	8.9748	6.2771	
1330	16.187	10.238	8.2242	15.621	9.0407	6.2531	
1331	16.185	10.233	8.2185	15.566	9.0607	6.3246	
1332	16.182	10.229	8.2128	15.561	8.9719	6.418	
1333	16.18	10.225	8.2071	15.578	9.0236	6.2824	
1334	16.177	10.22	8.2015	15.6	8.9906	6.2743	
1335	16.175	10.216	8.1958	15.55	9.0051	6.153	
1336	16.172	10.212	8.1901	15.537	9.0374	6.3185	
1337	16.17	10.207	8.1845	15.618	8.9803	6.1591	
1338	16.167	10.203	8.1789	15.535	9.048	6.2468	
1339	16.165	10.199	8.1732	15.561	9.032	6.2708	
1340	16.163	10.194	8.1676	15.593	9.0077	6.1586	
1341	16.16	10.19	8.162	15.666	8.8259	6.2786	
1342	16.158	10.186	8.1564	15.575	8.9248	6.4947	
1343	16.155	10.182	8.1508	15.64	9.0003	6.4568	
1344	16.153	10.177	8.1452	15.52	9.0383	6.2736	
1345	16.15	10.173	8.1397	15.567	9.1261	6.2256	
1346	16.148	10.169	8.1341	15.405	8.8527	6.0078	
1347	16.145	10.164	8.1286	15.559	9.1196	5.8337	
1348	16.143	10.16	8.123	15.504	9.1334	6.1728	
1349	16.141	10.156	8.1175	15.419	9.278	6.2167	
1350	16.138	10.152	8.112	15.265	9.0644	6.2217	
1351	16.136	10.148	8.1064	15.503	8.9301	5.9253	
1352	16.133	10.143	8.1009	15.455	8.8241	6.3825	
1353	16.131	10.139	8.0954	15.547	8.3823	6.2501	
1354	16.129	10.135	8.0899	15.469	9.3073	6.3855	
1355	16.126	10.131	8.0845	15.712	8.773	5.6078	
1356	16.124	10.127	8.079	15.648	9.1567	6.0752	
1357	16.122	10.122	8.0735	15.444	9.0441	6.2724	
1358	16.119	10.118	8.0681	16.248	9.371	6.3795	
1359	16.117	10.114	8.0626	16.262	8.6908	6.918	
1426	15.97	9.8529	7.7171	15.655	9.2987	6.337	
1427	15.968	9.8493	7.7122	15.544	8.6458	6.0444	
1428	15.966	9.8456	7.7073	15.394	8.841	5.6434	
1429	15.964	9.842	7.7024	15.638	8.6618	5.8162	
1430	15.962	9.8383	7.6976	15.645	8.8034	5.8313	
1431	15.96	9.8347	7.6927	15.324	8.9254	6.1083	
1432	15.957	9.8311	7.6879	15.558	8.5618	5.8907	
1433	15.955	9.8275	7.683	15.35	8.5981	5.8503	
1434	15.953	9.8239	7.6782	15.504	8.9164	6.1849	
1435	15.951	9.8203	7.6734	15.523	8.856	5.7635	
1436	15.949	9.8166	7.6685	15.531	8.646	5.9371	
1437	15.947	9.813	7.6637	15.437	8.9074	5.8618	
1438	15.945	9.8095	7.6589	15.329	8.6594	5.9473	
1439	15.943	9.8059	7.6541	15.448	8.7878	5.9026	
1440	15.941	9.8023	7.6493	15.332	8.7869	5.8234	
1441	15.939	9.7987	7.6446	15.418	8.6815	6.0523	
1442	15.937	9.7951	7.6398	15.471	8.6178	5.804	
1443	15.935	9.7916	7.635	15.352	8.745	5.9607	
1444	15.934	9.788	7.6303	15.461	8.7728	5.754	
1445	15.932	9.7845	7.6255	15.33	8.7337	5.8418	
1446	15.93	9.781	7.6208	15.463	8.6349	5.8148	
1447	15.928	9.7775	7.616	15.435	8.7027	5.7187	
1448	15.926	9.7739	7.6113	15.418	8.6759	5.8657	
1449	15.924	9.7704	7.6066	15.369	8.7286	5.8616	
1450	15.922	9.7669	7.6019	15.389	8.7223	5.7667	
1451	15.92	9.7634	7.5971	15.439	8.6835	5.8613	
1452	15.918	9.7599	7.5924	15.461	8.7416	5.9121	
1453	15.916	9.7564	7.5877	15.432	8.7434	5.9344	
1454	15.914	9.7529	7.5831	15.347	8.6775	5.7013	
1455	15.912	9.7494	7.5784	15.416	8.7501	5.778	
1456	15.91	9.7459	7.5737	15.442	8.7139	5.8162	
1457	15.908	9.7425	7.569	15.384	8.5911	5.8161	
1458	15.906	9.739	7.5644	15.382	8.7003	5.8269	
1459	15.904	9.7355	7.5597	15.364	8.5653	5.7475	
1460	15.902	9.7321	7.5551	15.406	8.6329	5.8577	
1461	15.901	9.7287	7.5505	15.425	8.6263	5.8131	
1462	15.899	9.7252	7.5458	15.392	8.6402	5.8205	
1463	15.897	9.7218	7.5412	15.378	8.6426	5.7707	
1464	15.895	9.7184	7.5366	15.356	8.6674	5.7556	
1465	15.893	9.715	7.532	15.367	8.7009	5.7782	
1466	15.891	9.7116	7.5274	15.362	8.5979	5.8152	
1467	15.889	9.7082	7.5228	15.382	8.6242	5.8072	
1468	15.887	9.7048	7.5182	15.351	8.6378	5.7845	
1469	15.885	9.7014	7.5136	15.375	8.6157	5.7777	
1470	15.884	9.698	7.509	15.368	8.6027	5.7829	
1471	15.882	9.6946	7.5045	15.371	8.6274	5.7814	
1472	15.88	9.6912	7.4999	15.372	8.6286	5.7604	
1473	15.878	9.6878	7.4953	15.361	8.64	5.7729	
1474	15.876	9.6844	7.4908	15.364	8.6233	5.7729	
1475	15.874	9.6811	7.4863	15.367	8.6216	5.7631	
1476	15.872	9.6777	7.4817	15.361	8.6167	5.7547	
1477	15.871	9.6744	7.4772	15.367	8.6407	5.7684	
1478	15.869	9.671	7.4727	15.372	8.6251	5.7501	
1479	15.867	9.6677	7.4682	15.364	8.6199	5.7574	
1480	15.865	9.6644	7.4636	15.365	8.6238	5.7479	
1481	15.863	9.6611	7.4591	15.366	8.6113	5.7261	
1482	15.861	9.6577	7.4547	15.361	8.6283	5.7517	
1483	15.86	9.6544	7.4502	15.362	8.62	5.7472	
1484	15.858	9.6511	7.4457	15.378	8.6195	5.7384	
1485	15.856	9.6478	7.4412	15.355	8.6304	5.737	
1486	15.854	9.6445	7.4367	15.356	8.5946	5.6973	
1487	15.852	9.6412	7.4323	15.348	8.6228	5.7008	
1488	15.85	9.6379	7.4278	15.36	8.6145	5.7232	
1489	15.849	9.6347	7.4234	15.361	8.6151	5.7038	
1490	15.847	9.6314	7.419	15.362	8.5895	5.747	
1491	15.845	9.6281	7.4145	15.345	8.6053	5.698	
1492	15.843	9.6248	7.4101	15.351	8.5961	5.7165	
1493	15.841	9.6216	7.4057	15.341	8.5614	5.7088	
1494	15.84	9.6183	7.4013	15.341	8.5719	5.697	
1495	15.838	9.6151	7.3969	15.332	8.5697	5.6877	
1496	15.836	9.6118	7.3925	15.36	8.6007	5.7053	
1497	15.834	9.6086	7.3881	15.331	8.5842	5.694	
1498	15.833	9.6054	7.3837	15.364	8.5808	5.6957	
1499	15.831	9.6022	7.3793	15.346	8.5729	5.7135	
1500	15.829	9.599	7.3749	15.338	8.5688	5.6944	
1501	15.827	9.5958	7.3705	15.324	8.5615	5.6481	
1502	15.826	9.5926	7.3662	15.341	8.5663	5.6767	
1503	15.824	9.5894	7.3618	15.337	8.5858	5.6658	
1504	15.822	9.5862	7.3575	15.331	8.5525	5.6375	
1505	15.82	9.583	7.3531	15.336	8.5556	5.6753	
1506	15.819	9.5798	7.3488	15.327	8.5511	5.6423	
1507	15.817	9.5766	7.3445	15.311	8.5398	5.6658	
1508	15.815	9.5734	7.3401	15.308	8.5416	5.6703	
1509	15.813	9.5703	7.3358	15.345	8.5427	5.6533	
1510	15.812	9.5671	7.3315	15.333	8.5601	5.6374	
1511	15.81	9.5639	7.3272	15.339	8.555	5.6471	
1512	15.808	9.5608	7.3229	15.33	8.5822	5.6517	
1513	15.806	9.5576	7.3186	15.364	8.5032	5.6648	
1514	15.805	9.5545	7.3143	15.322	8.5396	5.6835	
1515	15.803	9.5514	7.3101	15.295	8.5603	5.6483	
1516	15.801	9.5483	7.3058	15.318	8.5056	5.6522	
1517	15.8	9.5451	7.3015	15.315	8.5658	5.6102	
1518	15.798	9.542	7.2973	15.295	8.5482	5.6359	
1519	15.796	9.5389	7.293	15.297	8.5464	5.6432	
1520	15.794	9.5358	7.2888	15.291	8.534	5.6375	
1521	15.793	9.5327	7.2845	15.314	8.4871	5.5673	
1522	15.791	9.5296	7.2803	15.294	8.5187	5.5965	
1523	15.789	9.5265	7.276	15.298	8.5355	5.6022	
1524	15.788	9.5234	7.2718	15.33	8.5488	5.6586	
1525	15.786	9.5203	7.2676	15.314	8.5414	5.6269	
1526	15.784	9.5173	7.2634	15.292	8.5151	5.6013	
1527	15.783	9.5142	7.2592	15.3	8.528	5.6024	
1528	15.781	9.5111	7.255	15.288	8.5465	5.6141	
1529	15.779	9.508	7.2508	15.293	8.4942	5.5902	
1530	15.778	9.505	7.2466	15.303	8.5058	5.6026	
1531	15.776	9.5019	7.2424	15.28	8.4914	5.604	
1532	15.774	9.4989	7.2383	15.308	8.4916	5.603	
1533	15.773	9.4959	7.2341	15.284	8.4702	5.5967	
1534	15.771	9.4928	7.2299	15.305	8.4793	5.6376	
1535	15.769	9.4898	7.2258	15.298	8.4926	5.5712	
1536	15.768	9.4868	7.2216	15.276	8.4891	5.5791	
1537	15.766	9.4838	7.2175	15.283	8.4941	5.5846	
1538	15.764	9.4808	7.2133	15.277	8.5252	5.5789	
1539	15.763	9.4778	7.2092	15.294	8.4816	5.577	
1540	15.761	9.4748	7.2051	15.287	8.4628	5.578	
1541	15.76	9.4718	7.201	15.275	8.4525	5.5494	
1542	15.758	9.4688	7.1968	15.281	8.4651	5.5754	
1543	15.756	9.4658	7.1927	15.279	8.4722	5.544	
1544	15.755	9.4628	7.1886	15.282	8.4897	5.5788	
1545	15.753	9.4598	7.1845	15.263	8.493	5.5536	
1546	15.751	9.4568	7.1804	15.278	8.4662	5.5539	
1547	15.75	9.4539	7.1764	15.274	8.4734	5.5453	
1548	15.748	9.4509	7.1723	15.277	8.4642	5.5399	
1549	15.747	9.4479	7.1682	15.277	8.4838	5.5347	
1550	15.745	9.445	7.1641	15.282	8.4621	5.5433	
1551	15.743	9.442	7.1601	15.26	8.4848	5.5405	
1552	15.742	9.4391	7.156	15.272	8.4641	5.5476	
1553	15.74	9.4362	7.152	15.253	8.4528	5.5522	
1554	15.739	9.4332	7.1479	15.262	8.4672	5.5335	
1555	15.737	9.4303	7.1439	15.281	8.442	5.52	
1556	15.735	9.4274	7.1399	15.259	8.4567	5.5561	
1557	15.734	9.4245	7.1358	15.253	8.4481	5.5181	
1558	15.732	9.4216	7.1318	15.256	8.4504	5.5207	
1559	15.731	9.4187	7.1278	15.276	8.4324	5.4932	
1560	15.729	9.4157	7.1238	15.271	8.4614	5.517	
1561	15.728	9.4128	7.1198	15.28	8.463	5.5073	
1562	15.726	9.41	7.1158	15.286	8.4263	5.5184	
1563	15.724	9.4071	7.1118	15.246	8.4494	5.5213	
1564	15.723	9.4042	7.1078	15.253	8.4738	5.4959	
1565	15.721	9.4013	7.1038	15.26	8.475	5.4892	
1566	15.72	9.3984	7.0998	15.25	8.4211	5.471	
1567	15.718	9.3955	7.0959	15.272	8.4036	5.5013	
1568	15.717	9.3926	7.0919	15.254	8.4459	5.5132	
1569	15.715	9.3898	7.088	15.273	8.4673	5.5183	
1570	15.713	9.3869	7.084	15.258	8.4541	5.5109	
1571	15.712	9.3841	7.0801	15.251	8.43	5.5032	
1572	15.71	9.3812	7.0761	15.247	8.4216	5.516	
1573	15.709	9.3784	7.0722	15.253	8.4038	5.4898	
1574	15.707	9.3756	7.0682	15.271	8.4254	5.4739	
1575	15.706	9.3727	7.0643	15.231	8.4078	5.4942	
1576	15.704	9.3699	7.0604	15.249	8.3978	5.4296	
1577	15.703	9.3671	7.0565	15.217	8.3749	5.4756	
1578	15.701	9.3643	7.0526	15.237	8.4288	5.4607	
1579	15.7	9.3615	7.0487	15.228	8.4205	5.4795	
1580	15.698	9.3587	7.0448	15.239	8.3869	5.4487	
1581	15.697	9.3559	7.0409	15.234	8.4189	5.4105	
1582	15.695	9.3531	7.037	15.257	8.4008	5.48	
1583	15.694	9.3503	7.0331	15.226	8.4345	5.4544	
1584	15.692	9.3475	7.0292	15.259	8.3606	5.4227	
1585	15.691	9.3447	7.0254	15.244	8.4289	5.4566	
1586	15.689	9.3419	7.0215	15.233	8.3734	5.502	
1587	15.688	9.3391	7.0176	15.238	8.4237	5.4611	
1588	15.686	9.3363	7.0138	15.245	8.3774	5.3926	
1589	15.685	9.3335	7.0099	15.215	8.3875	5.4566	
1590	15.683	9.3308	7.0061	15.228	8.3519	5.4219	
1591	15.682	9.328	7.0023	15.219	8.3652	5.442	
1592	15.68	9.3253	6.9984	15.22	8.4063	5.4059	
1593	15.679	9.3225	6.9946	15.242	8.3902	5.4055	
1594	15.677	9.3198	6.9908	15.227	8.3533	5.4718	
1595	15.676	9.3171	6.987	15.251	8.3693	5.388	
1596	15.674	9.3143	6.9831	15.218	8.396	5.4089	
1597	15.673	9.3116	6.9793	15.224	8.3787	5.4234	
1598	15.671	9.3089	6.9755	15.233	8.3674	5.3693	
1599	15.67	9.3062	6.9717	15.229	8.3583	5.4027	
1600	15.668	9.3035	6.9679	15.215	8.372	5.3582	
1601	15.667	9.3007	6.9642	15.245	8.3609	5.4297	
1602	15.666	9.298	6.9604	15.238	8.3485	5.3855	
1603	15.664	9.2953	6.9566	15.243	8.3307	5.3756	
1604	15.663	9.2926	6.9528	15.231	8.3665	5.3766	
1605	15.661	9.2899	6.9491	15.219	8.355	5.4195	
1606	15.66	9.2872	6.9453	15.218	8.3515	5.381	
1607	15.658	9.2845	6.9416	15.236	8.3546	5.3807	
1608	15.657	9.2818	6.9378	15.198	8.3743	5.3834	
1609	15.655	9.2792	6.9341	15.209	8.3542	5.3865	
1610	15.654	9.2765	6.9303	15.217	8.3669	5.3679	
1611	15.653	9.2738	6.9266	15.223	8.3448	5.3933	
1612	15.651	9.2712	6.9229	15.243	8.3307	5.3638	
1613	15.65	9.2685	6.9192	15.178	8.3644	5.3728	
1614	15.648	9.2658	6.9154	15.202	8.361	5.4227	
1615	15.647	9.2632	6.9117	15.227	8.3397	5.3958	
1616	15.645	9.2606	6.908	15.22	8.3127	5.3666	
1617	15.644	9.2579	6.9043	15.246	8.3553	5.3936	
1618	15.643	9.2553	6.9006	15.226	8.3236	5.3726	
1619	15.641	9.2527	6.8969	15.199	8.3466	5.3731	
1620	15.64	9.25	6.8932	15.181	8.3603	5.3781	
1621	15.638	9.2474	6.8896	15.208	8.3253	5.3494	
1622	15.637	9.2448	6.8859	15.178	8.3112	5.3902	
1623	15.636	9.2422	6.8822	15.171	8.3181	5.3343	
1624	15.634	9.2395	6.8785	15.213	8.3478	5.3601	
1625	15.633	9.2369	6.8749	15.221	8.3268	5.3138	
1626	15.631	9.2343	6.8712	15.189	8.3195	5.3457	
1627	15.63	9.2317	6.8676	15.194	8.2845	5.3273	
1628	15.629	9.2291	6.8639	15.187	8.3499	5.3401	
1629	15.627	9.2265	6.8603	15.19	8.342	5.3735	
1630	15.626	9.2239	6.8567	15.179	8.3391	5.3371	
1631	15.624	9.2213	6.853	15.173	8.3154	5.3855	
1632	15.623	9.2187	6.8494	15.186	8.35	5.3166	
1633	15.622	9.2162	6.8458	15.203	8.3497	5.3381	
1634	15.62	9.2136	6.8422	15.171	8.297	5.3258	
1635	15.619	9.211	6.8385	15.194	8.3312	5.3287	
1636	15.618	9.2085	6.8349	15.188	8.3212	5.3036	
1637	15.616	9.2059	6.8313	15.199	8.3059	5.3668	
1638	15.615	9.2034	6.8277	15.222	8.2801	5.3259	
1639	15.613	9.2008	6.8241	15.182	8.3194	5.2974	
1640	15.612	9.1983	6.8205	15.173	8.2818	5.3281	
1641	15.611	9.1958	6.817	15.175	8.354	5.2891	
1642	15.609	9.1932	6.8134	15.205	8.2703	5.335	
1643	15.608	9.1907	6.8098	15.19	8.3112	5.2849	
1644	15.607	9.1881	6.8062	15.187	8.2906	5.3078	
1645	15.605	9.1856	6.8027	15.188	8.2927	5.329	
1646	15.604	9.1831	6.7991	15.208	8.31	5.2496	
1647	15.603	9.1806	6.7956	15.15	8.3281	5.3322	
1648	15.601	9.1781	6.792	15.196	8.214	5.2562	
1649	15.6	9.1755	6.7885	15.203	8.3041	5.32	
1650	15.599	9.173	6.7849	15.183	8.3097	5.3172	
1651	15.597	9.1705	6.7814	15.183	8.2823	5.2789	
1652	15.596	9.168	6.7779	15.167	8.2903	5.2806	
1653	15.595	9.1655	6.7744	15.222	8.273	5.3132	
1654	15.593	9.163	6.7708	15.187	8.2721	5.3	
1655	15.592	9.1605	6.7673	15.181	8.3124	5.2674	
1656	15.591	9.1581	6.7638	15.178	8.2858	5.2886	
1657	15.589	9.1556	6.7603	15.182	8.2736	5.2715	
1658	15.588	9.1531	6.7568	15.168	8.2909	5.2684	
1659	15.587	9.1507	6.7533	15.198	8.2389	5.2994	
1660	15.585	9.1482	6.7498	15.134	8.2013	5.3163	
1661	15.584	9.1457	6.7463	15.18	8.22	5.277	
1662	15.583	9.1433	6.7428	15.141	8.2754	5.2561	
1663	15.582	9.1408	6.7394	15.16	8.3068	5.3083	
1664	15.58	9.1384	6.7359	15.139	8.2076	5.1903	
1665	15.579	9.1359	6.7324	15.134	8.2768	5.2901	
1666	15.578	9.1335	6.7289	15.203	8.2376	5.2267	
1667	15.576	9.131	6.7255	15.116	8.178	5.2636	
1668	15.575	9.1286	6.722	15.094	8.2587	5.2816	
1669	15.574	9.1262	6.7186	15.177	8.2221	5.1642	
1670	15.572	9.1237	6.7151	15.177	8.3188	5.28	
1671	15.571	9.1213	6.7117	15.144	8.2985	5.1962	
1672	15.57	9.1189	6.7083	15.205	8.2434	5.1552	
1673	15.569	9.1164	6.7048	15.194	8.2671	5.2595	
1674	15.567	9.114	6.7014	15.196	8.273	5.2443	
1675	15.566	9.1116	6.698	15.123	8.1082	5.2754	
1676	15.565	9.1092	6.6946	15.177	8.2951	5.2414	
1677	15.563	9.1068	6.6912	15.141	8.2686	5.3115	
1678	15.562	9.1044	6.6877	15.131	8.1656	5.2901	
1679	15.561	9.102	6.6843	15.153	8.2106	5.2576	
1680	15.56	9.0996	6.6809	15.136	8.2649	5.3272	
1681	15.558	9.0973	6.6775	15.15	8.3289	5.2473	
1682	15.557	9.0949	6.6742	15.105	8.2398	5.2015	
1683	15.556	9.0925	6.6708	15.132	8.2922	5.1972	
1684	15.555	9.0901	6.6674	15.112	8.2552	5.3479	
1685	15.553	9.0878	6.664	15.14	8.0623	5.0309	
1686	15.552	9.0854	6.6606	15.254	8.287	5.2897	
1687	15.551	9.083	6.6573	15.066	8.3556	5.4453	
1688	15.55	9.0807	6.6539	15.075	8.27	5.2045	
1689	15.548	9.0783	6.6505	15.151	8.2085	5.0922	
1690	15.547	9.076	6.6472	15.044	8.425	5.2279	
1691	15.546	9.0736	6.6438	15.226	8.1621	5.1941	
1692	15.545	9.0713	6.6405	15.228	8.4692	5.2754	
1693	15.543	9.0689	6.6372	14.99	8.3545	5.5722	
1694	15.542	9.0666	6.6338	14.9	8.082	5.2263	
1695	15.541	9.0642	6.6305	15.192	8.4939	5.4261	
1696	15.54	9.0619	6.6272	15.082	8.2301	5.4347	
1697	15.538	9.0596	6.6238	15.142	8.3357	5.437	
1698	15.537	9.0572	6.6205	14.719	8.2576	4.9981	
1699	15.536	9.0549	6.6172	14.916	8.6842	5.3629	
1700	15.535	9.0526	6.6139	14.932	8.1696	5.1826	
