	65	70	75	65	70	75	
300	42.959	42.821	42.926	37.511	37.209	37.514	
301	42.812	42.673	42.792	37.295	36.907	37.453	
302	42.669	42.529	42.662	37.087	36.772	37.279	
303	42.529	42.389	42.535	37.019	36.553	37.024	
304	42.392	42.251	42.411	36.99	36.489	37.052	
305	42.259	42.118	42.289	36.884	36.423	36.867	
306	42.128	41.986	42.171	36.614	36.185	36.77	
307	41.999	41.858	42.054	36.511	36.277	36.641	
308	41.874	41.732	41.941	36.334	36.128	36.541	
309	41.75	41.609	41.829	36.365	35.959	36.377	
310	41.629	41.487	41.719	36.171	35.873	36.379	
311	41.51	41.368	41.611	36.159	35.715	36.319	
312	41.394	41.251	41.505	36.209	35.719	36.207	
313	41.279	41.136	41.4	35.89	35.526	36.139	
314	41.166	41.023	41.297	35.955	35.547	35.953	
315	41.056	40.912	41.196	35.892	35.364	35.909	
316	40.947	40.803	41.096	35.798	35.418	35.815	
317	40.84	40.695	40.997	35.661	35.298	35.754	
318	40.735	40.589	40.9	35.561	35.153	35.59	
319	40.631	40.484	40.804	35.518	35.053	35.611	
320	40.529	40.381	40.709	35.535	35.035	35.459	
321	40.429	40.28	40.616	35.427	34.977	35.375	
322	40.331	40.18	40.524	35.393	34.901	35.332	
323	40.234	40.081	40.433	35.355	34.78	35.278	
324	40.139	39.984	40.343	35.23	34.786	35.152	
325	40.045	39.889	40.254	35.241	34.578	35.091	
326	39.953	39.794	40.166	35.155	34.568	35.032	
327	39.863	39.702	40.08	35.062	34.546	34.927	
328	39.774	39.611	39.994	35.028	34.498	34.847	
329	39.687	39.521	39.91	34.999	34.432	34.774	
330	39.602	39.433	39.827	35.011	34.459	34.767	
331	39.518	39.346	39.746	34.888	34.365	34.712	
332	39.436	39.261	39.665	34.842	34.23	34.555	
333	39.356	39.177	39.586	34.885	34.182	34.577	
334	39.277	39.095	39.508	34.798	34.161	34.525	
335	39.201	39.015	39.431	34.731	34.097	34.447	
336	39.126	38.937	39.356	34.609	34.041	34.358	
337	39.053	38.86	39.282	34.687	34.006	34.353	
338	38.982	38.785	39.209	34.632	33.962	34.303	
339	38.912	38.711	39.138	34.529	33.832	34.23	
340	38.845	38.64	39.069	34.579	33.724	34.179	
341	38.78	38.57	39.001	34.486	33.766	34.165	
342	38.717	38.503	38.934	34.466	33.725	34.1	
343	38.657	38.437	38.869	34.549	33.733	34.023	
344	38.598	38.373	38.806	34.521	33.702	33.95	
345	38.542	38.312	38.745	34.424	33.661	33.933	
346	38.488	38.253	38.685	34.455	33.622	33.892	
347	38.437	38.196	38.627	34.458	33.593	33.865	
348	38.388	38.141	38.571	34.377	33.616	33.812	
349	38.343	38.09	38.518	34.389	33.625	33.81	
350	38.3	38.041	38.466	34.388	33.625	33.767	
351	38.261	37.995	38.417	34.35	33.524	33.743	
352	38.225	37.952	38.371	34.396	33.574	33.8	
353	38.192	37.913	38.327	34.351	33.52	33.614	
354	38.164	37.877	38.286	34.458	33.583	33.722	
355	38.138	37.844	38.247	34.599	33.444	33.575	
356	38.116	37.813	38.209	34.579	33.535	33.58	
357	38.096	37.784	38.172	34.514	33.694	33.653	
358	38.077	37.755	38.134	34.45	33.599	33.561	
359	38.057	37.724	38.093	34.557	33.626	33.604	
360	38.034	37.689	38.047	34.568	33.602	33.533	
361	38.005	37.646	37.992	34.519	33.534	33.614	
362	37.968	37.594	37.927	34.468	33.471	33.318	
363	37.92	37.53	37.85	34.502	33.373	33.27	
364	37.86	37.451	37.757	34.485	33.406	33.141	
365	37.785	37.357	37.649	34.48	33.239	33.257	
366	37.696	37.246	37.525	34.43	33.18	32.916	
367	37.591	37.12	37.384	34.217	33.026	32.627	
368	37.473	36.977	37.227	34.2	33.006	32.484	
369	37.339	36.819	37.056	34.034	32.568	32.257	
370	37.193	36.647	36.871	33.841	32.395	31.955	
371	37.037	36.466	36.677	33.737	32.227	31.762	
372	36.873	36.276	36.475	33.555	32.089	31.437	
373	36.703	36.079	36.268	33.39	31.779	31.262	
374	36.528	35.879	36.057	33.076	31.523	30.992	
375	36.351	35.675	35.843	32.972	31.289	30.557	
376	36.172	35.471	35.629	32.744	31.026	30.281	
377	35.992	35.266	35.415	32.512	30.758	29.935	
378	35.813	35.062	35.203	32.361	30.452	29.755	
379	35.635	34.86	34.994	32.152	30.302	29.525	
380	35.46	34.661	34.788	31.847	30.094	29.22	
381	35.286	34.464	34.585	31.78	29.805	28.874	
382	35.114	34.27	34.385	31.618	29.702	28.718	
383	34.944	34.079	34.188	31.407	29.37	28.494	
384	34.777	33.891	33.994	31.178	29.194	28.195	
385	34.614	33.707	33.805	31.074	29.021	28.069	
386	34.454	33.527	33.622	30.864	28.789	27.848	
387	34.297	33.351	33.442	30.652	28.633	27.637	
388	34.143	33.178	33.265	30.583	28.41	27.476	
389	33.992	33.009	33.093	30.461	28.307	27.256	
390	33.845	32.843	32.925	30.26	28.108	27.05	
391	33.702	32.683	32.762	30.191	27.915	26.895	
392	33.562	32.527	32.604	29.981	27.735	26.665	
393	33.426	32.375	32.45	29.878	27.587	26.582	
394	33.293	32.226	32.299	29.682	27.397	26.4	
395	33.163	32.08	32.151	29.63	27.355	26.298	
396	33.037	31.94	32.009	29.422	27.142	26.077	
397	32.914	31.803	31.87	29.335	27.036	25.925	
398	32.795	31.668	31.734	29.275	26.882	25.776	
399	32.677	31.537	31.601	29.093	26.69	25.637	
400	32.563	31.408	31.471	29.072	26.6	25.423	
401	32.452	31.284	31.345	28.922	26.451	25.337	
402	32.343	31.161	31.22	28.768	26.379	25.181	
403	32.236	31.041	31.098	28.682	26.196	25.041	
404	32.131	30.922	30.977	28.573	26.143	24.894	
405	32.028	30.807	30.859	28.511	25.929	24.83	
406	31.927	30.692	30.743	28.418	25.831	24.647	
407	31.828	30.58	30.627	28.306	25.691	24.585	
408	31.729	30.468	30.514	28.204	25.67	24.441	
409	31.633	30.359	30.401	28.091	25.533	24.21	
410	31.538	30.251	30.291	28.031	25.423	24.179	
411	31.444	30.144	30.181	27.868	25.362	24.088	
412	31.351	30.038	30.072	27.819	25.199	23.977	
413	31.259	29.933	29.964	27.751	25.068	23.815	
414	31.168	29.83	29.858	27.647	25.046	23.779	
415	31.079	29.727	29.752	27.567	24.906	23.666	
416	30.99	29.625	29.647	27.436	24.81	23.564	
417	30.902	29.525	29.543	27.395	24.667	23.442	
418	30.815	29.425	29.44	27.242	24.576	23.314	
419	30.729	29.326	29.338	27.24	24.539	23.278	
420	30.643	29.228	29.237	27.177	24.391	23.051	
421	30.559	29.131	29.136	26.993	24.277	23.05	
422	30.475	29.035	29.036	27.016	24.164	22.99	
423	30.392	28.939	28.937	26.934	24.088	22.879	
424	30.31	28.845	28.839	26.867	24.049	22.714	
425	30.229	28.751	28.742	26.755	23.89	22.644	
426	30.148	28.657	28.645	26.651	23.86	22.58	
427	30.068	28.565	28.55	26.553	23.755	22.538	
428	29.989	28.474	28.454	26.479	23.663	22.372	
429	29.91	28.382	28.36	26.519	23.569	22.282	
430	29.832	28.293	28.266	26.369	23.426	22.284	
431	29.755	28.203	28.173	26.264	23.503	22.162	
432	29.678	28.114	28.081	26.276	23.311	21.984	
433	29.603	28.026	27.989	26.141	23.339	21.941	
434	29.527	27.939	27.899	26.086	23.175	21.795	
435	29.453	27.852	27.808	26.006	23.033	21.804	
436	29.379	27.766	27.719	25.973	22.899	21.543	
437	29.305	27.681	27.63	25.893	22.922	21.617	
438	29.232	27.596	27.542	25.872	22.893	21.469	
439	29.16	27.512	27.454	25.71	22.818	21.435	
440	29.089	27.429	27.367	25.695	22.639	21.343	
441	29.018	27.346	27.281	25.63	22.648	21.261	
442	28.948	27.264	27.196	25.588	22.648	21.104	
443	28.878	27.182	27.111	25.507	22.442	21.184	
444	28.809	27.102	27.027	25.556	22.424	20.985	
445	28.74	27.021	26.943	25.392	22.277	20.91	
446	28.672	26.942	26.86	25.234	22.293	20.863	
447	28.604	26.863	26.778	25.292	22.112	20.749	
448	28.537	26.785	26.696	25.195	22.141	20.723	
449	28.471	26.707	26.615	25.183	22.026	20.627	
450	28.405	26.63	26.534	25.118	21.916	20.654	
451	28.34	26.553	26.454	25.118	21.857	20.554	
452	28.275	26.477	26.375	25.026	21.784	20.444	
453	28.211	26.402	26.296	24.922	21.755	20.443	
454	28.147	26.327	26.218	24.835	21.684	20.273	
455	28.084	26.253	26.141	24.769	21.671	20.279	
456	28.021	26.179	26.063	24.72	21.58	20.095	
457	27.959	26.106	25.987	24.709	21.546	20.092	
458	27.897	26.033	25.911	24.66	21.441	20.062	
459	27.836	25.961	25.836	24.663	21.481	19.975	
460	27.776	25.89	25.761	24.545	21.331	19.906	
461	27.715	25.818	25.687	24.62	21.233	19.818	
462	27.656	25.748	25.613	24.431	21.183	19.772	
463	27.597	25.678	25.54	24.46	21.21	19.722	
464	27.538	25.609	25.467	24.327	21.031	19.609	
465	27.48	25.54	25.395	24.36	21.017	19.608	
466	27.422	25.471	25.324	24.267	20.954	19.454	
467	27.365	25.404	25.253	24.206	20.854	19.484	
468	27.308	25.336	25.182	24.17	20.799	19.396	
469	27.251	25.27	25.112	24.092	20.77	19.34	
470	27.195	25.203	25.042	24.061	20.699	19.193	
471	27.14	25.137	24.973	24.012	20.652	19.217	
472	27.085	25.072	24.905	23.934	20.679	19.142	
473	27.03	25.007	24.837	23.947	20.517	19.035	
474	26.976	24.942	24.769	23.908	20.509	19.076	
475	26.922	24.878	24.702	23.846	20.472	18.955	
476	26.869	24.815	24.635	23.824	20.439	18.928	
477	26.816	24.752	24.569	23.74	20.279	18.806	
478	26.763	24.689	24.503	23.684	20.28	18.775	
479	26.711	24.627	24.438	23.667	20.197	18.72	
480	26.659	24.565	24.373	23.599	20.142	18.638	
481	26.608	24.504	24.309	23.572	20.093	18.615	
482	26.557	24.443	24.245	23.495	20.1	18.561	
483	26.507	24.383	24.181	23.543	20.037	18.524	
484	26.456	24.323	24.118	23.447	19.952	18.437	
485	26.407	24.263	24.055	23.405	19.904	18.479	
486	26.357	24.204	23.993	23.388	19.787	18.36	
487	26.308	24.145	23.931	23.308	19.783	18.254	
488	26.259	24.086	23.869	23.318	19.714	18.213	
489	26.211	24.029	23.808	23.228	19.691	18.178	
490	26.163	23.971	23.747	23.239	19.606	18.185	
491	26.116	23.914	23.687	23.162	19.598	18.078	
492	26.068	23.857	23.627	23.125	19.513	18.036	
493	26.022	23.8	23.568	23.098	19.505	17.975	
494	25.975	23.744	23.508	23.049	19.475	17.976	
495	25.929	23.689	23.45	23.039	19.452	17.877	
496	25.883	23.633	23.391	22.991	19.38	17.876	
497	25.838	23.578	23.333	22.952	19.303	17.874	
498	25.792	23.523	23.275	22.922	19.281	17.787	
499	25.747	23.469	23.218	22.888	19.204	17.73	
500	25.703	23.415	23.16	22.873	19.164	17.653	
501	25.659	23.362	23.104	22.799	19.155	17.607	
502	25.615	23.308	23.047	22.748	19.072	17.553	
503	25.571	23.255	22.991	22.745	19.08	17.515	
504	25.528	23.203	22.935	22.67	18.989	17.461	
505	25.485	23.151	22.88	22.66	18.966	17.426	
506	25.442	23.098	22.825	22.59	18.9	17.357	
507	25.4	23.047	22.77	22.573	18.858	17.36	
508	25.357	22.996	22.716	22.544	18.831	17.264	
509	25.316	22.945	22.661	22.54	18.784	17.234	
510	25.274	22.894	22.607	22.464	18.744	17.185	
511	25.233	22.843	22.554	22.441	18.672	17.172	
512	25.192	22.793	22.501	22.411	18.653	17.095	
513	25.151	22.744	22.448	22.38	18.604	17.039	
514	25.111	22.694	22.395	22.329	18.581	17.008	
515	25.07	22.645	22.342	22.323	18.521	16.956	
516	25.031	22.596	22.29	22.272	18.488	16.925	
517	24.991	22.547	22.238	22.233	18.453	16.889	
518	24.951	22.499	22.187	22.213	18.429	16.8	
519	24.912	22.451	22.136	22.156	18.383	16.8	
520	24.873	22.403	22.085	22.155	18.329	16.783	
521	24.835	22.355	22.034	22.107	18.281	16.705	
522	24.796	22.308	21.983	22.082	18.236	16.682	
523	24.758	22.261	21.933	22.044	18.197	16.633	
524	24.72	22.214	21.883	22.008	18.175	16.576	
525	24.683	22.168	21.833	21.973	18.11	16.541	
526	24.645	22.121	21.784	21.948	18.101	16.479	
527	24.608	22.075	21.734	21.919	18.041	16.467	
528	24.571	22.03	21.685	21.871	18.015	16.444	
529	24.534	21.984	21.637	21.848	17.935	16.346	
530	24.497	21.939	21.588	21.807	17.963	16.332	
531	24.461	21.894	21.54	21.787	17.894	16.282	
532	24.425	21.849	21.492	21.792	17.872	16.249	
533	24.389	21.804	21.444	21.715	17.836	16.21	
534	24.354	21.76	21.397	21.688	17.765	16.173	
535	24.318	21.716	21.349	21.675	17.736	16.118	
536	24.283	21.672	21.302	21.642	17.728	16.071	
537	24.248	21.628	21.255	21.635	17.67	16.051	
538	24.213	21.585	21.209	21.595	17.649	16.008	
539	24.178	21.542	21.162	21.569	17.626	15.99	
540	24.144	21.499	21.116	21.55	17.587	15.938	
541	24.11	21.456	21.07	21.51	17.537	15.923	
542	24.076	21.414	21.024	21.482	17.509	15.858	
543	24.042	21.371	20.979	21.476	17.461	15.814	
544	24.008	21.329	20.933	21.431	17.422	15.773	
545	23.975	21.287	20.888	21.41	17.437	15.761	
546	23.941	21.246	20.843	21.352	17.352	15.71	
547	23.908	21.204	20.798	21.367	17.317	15.707	
548	23.876	21.163	20.754	21.329	17.285	15.648	
549	23.843	21.122	20.709	21.326	17.238	15.622	
550	23.81	21.081	20.665	21.261	17.228	15.591	
551	23.778	21.04	20.621	21.239	17.193	15.54	
552	23.746	21	20.578	21.241	17.157	15.508	
553	23.714	20.959	20.534	21.207	17.129	15.477	
554	23.682	20.919	20.491	21.168	17.077	15.44	
555	23.65	20.88	20.448	21.16	17.056	15.395	
556	23.619	20.84	20.405	21.131	17.016	15.362	
557	23.588	20.8	20.362	21.103	16.947	15.317	
558	23.557	20.761	20.319	21.084	16.962	15.3	
559	23.526	20.722	20.277	21.046	16.928	15.278	
560	23.495	20.683	20.235	21.019	16.886	15.228	
561	23.464	20.644	20.193	21.007	16.84	15.186	
562	23.434	20.606	20.151	21	16.812	15.184	
563	23.404	20.567	20.11	20.961	16.801	15.133	
564	23.373	20.529	20.068	20.944	16.75	15.126	
565	23.344	20.491	20.027	20.9	16.721	15.064	
566	23.314	20.453	19.986	20.879	16.684	15.074	
567	23.284	20.416	19.945	20.845	16.66	15.01	
568	23.255	20.378	19.904	20.818	16.626	14.969	
569	23.225	20.341	19.864	20.805	16.591	14.939	
570	23.196	20.304	19.823	20.791	16.566	14.891	
571	23.167	20.267	19.783	20.756	16.54	14.877	
572	23.138	20.23	19.743	20.734	16.528	14.866	
573	23.11	20.193	19.703	20.719	16.489	14.815	
574	23.081	20.157	19.663	20.685	16.473	14.755	
575	23.053	20.12	19.624	20.662	16.434	14.74	
576	23.025	20.084	19.585	20.631	16.404	14.719	
577	22.996	20.048	19.545	20.644	16.385	14.694	
578	22.968	20.013	19.506	20.618	16.331	14.681	
579	22.941	19.977	19.468	20.576	16.316	14.62	
580	22.913	19.941	19.429	20.577	16.277	14.621	
581	22.885	19.906	19.39	20.535	16.251	14.584	
582	22.858	19.871	19.352	20.524	16.22	14.522	
583	22.831	19.836	19.314	20.504	16.18	14.507	
584	22.804	19.801	19.276	20.492	16.17	14.517	
585	22.777	19.766	19.238	20.442	16.155	14.449	
586	22.75	19.732	19.2	20.431	16.123	14.417	
587	22.723	19.697	19.163	20.436	16.098	14.362	
588	22.697	19.663	19.125	20.408	16.07	14.357	
589	22.67	19.629	19.088	20.364	16.041	14.332	
590	22.644	19.595	19.051	20.345	16.005	14.287	
591	22.618	19.561	19.014	20.333	15.99	14.25	
592	22.592	19.528	18.977	20.31	15.918	14.221	
593	22.566	19.494	18.94	20.296	15.969	14.198	
594	22.54	19.461	18.904	20.283	15.892	14.209	
595	22.514	19.428	18.868	20.24	15.88	14.155	
596	22.489	19.394	18.831	20.22	15.879	14.124	
597	22.463	19.362	18.795	20.21	15.839	14.089	
598	22.438	19.329	18.759	20.202	15.8	14.07	
599	22.413	19.296	18.724	20.184	15.748	14.033	
600	22.388	19.264	18.688	20.146	15.774	14.024	
601	22.363	19.231	18.652	20.111	15.734	13.982	
602	22.338	19.199	18.617	20.089	15.676	13.946	
603	22.314	19.167	18.582	20.073	15.681	13.918	
604	22.289	19.135	18.547	20.062	15.645	13.915	
605	22.264	19.103	18.512	20.041	15.608	13.859	
606	22.24	19.072	18.477	20.03	15.616	13.815	
607	22.216	19.04	18.443	19.998	15.592	13.779	
608	22.192	19.008	18.408	20.014	15.535	13.804	
609	22.168	18.977	18.374	19.982	15.547	13.748	
610	22.144	18.946	18.339	19.959	15.505	13.733	
611	22.12	18.915	18.305	19.939	15.468	13.708	
612	22.097	18.884	18.271	19.937	15.48	13.705	
613	22.073	18.853	18.237	19.905	15.44	13.625	
614	22.05	18.823	18.204	19.873	15.416	13.633	
615	22.027	18.792	18.17	19.872	15.373	13.599	
616	22.003	18.762	18.137	19.848	15.366	13.567	
617	21.98	18.732	18.103	19.833	15.339	13.548	
618	21.957	18.701	18.07	19.81	15.324	13.544	
619	21.934	18.671	18.037	19.793	15.289	13.484	
620	21.912	18.641	18.004	19.769	15.26	13.464	
621	21.889	18.612	17.971	19.744	15.245	13.463	
622	21.867	18.582	17.939	19.758	15.223	13.435	
623	21.844	18.553	17.906	19.727	15.19	13.375	
624	21.822	18.523	17.874	19.705	15.17	13.372	
625	21.8	18.494	17.841	19.678	15.168	13.392	
626	21.777	18.465	17.809	19.681	15.12	13.311	
627	21.755	18.436	17.777	19.667	15.098	13.304	
628	21.733	18.407	17.745	19.638	15.06	13.283	
629	21.712	18.378	17.713	19.635	15.075	13.294	
630	21.69	18.349	17.682	19.57	15.013	13.233	
631	21.668	18.321	17.65	19.565	15.066	13.236	
632	21.647	18.292	17.619	19.575	15.011	13.141	
633	21.625	18.264	17.587	19.564	14.965	13.12	
634	21.604	18.236	17.556	19.51	14.954	13.069	
635	21.583	18.207	17.525	19.493	14.942	13.106	
636	21.562	18.179	17.494	19.49	14.951	13.106	
637	21.541	18.151	17.463	19.498	14.872	13.056	
638	21.52	18.124	17.432	19.454	14.846	13.046	
639	21.499	18.096	17.402	19.459	14.818	13.027	
640	21.478	18.068	17.371	19.425	14.799	13.018	
641	21.457	18.041	17.341	19.452	14.778	12.939	
642	21.437	18.014	17.31	19.402	14.772	12.986	
643	21.416	17.986	17.28	19.387	14.721	12.945	
644	21.396	17.959	17.25	19.404	14.727	12.899	
645	21.376	17.932	17.22	19.385	14.71	12.869	
646	21.355	17.905	17.19	19.341	14.67	12.857	
647	21.335	17.878	17.161	19.34	14.697	12.832	
648	21.315	17.852	17.131	19.298	14.644	12.833	
649	21.295	17.825	17.101	19.29	14.633	12.793	
650	21.276	17.798	17.072	19.268	14.571	12.757	
651	21.256	17.772	17.043	19.249	14.593	12.771	
652	21.236	17.746	17.013	19.245	14.544	12.718	
653	21.217	17.719	16.984	19.224	14.556	12.69	
654	21.197	17.693	16.955	19.213	14.505	12.636	
655	21.178	17.667	16.926	19.188	14.528	12.643	
656	21.158	17.641	16.898	19.173	14.551	12.655	
657	21.139	17.616	16.869	19.182	14.495	12.58	
658	21.12	17.59	16.84	19.145	14.451	12.585	
659	21.101	17.564	16.812	19.135	14.393	12.576	
660	21.082	17.539	16.783	19.131	14.406	12.557	
661	21.063	17.513	16.755	19.149	14.366	12.521	
662	21.044	17.488	16.727	19.141	14.38	12.487	
663	21.025	17.463	16.699	19.085	14.354	12.478	
664	21.007	17.438	16.671	19.067	14.358	12.46	
665	20.988	17.412	16.643	19.05	14.329	12.422	
666	20.97	17.387	16.615	19.037	14.283	12.4	
667	20.951	17.363	16.587	19.049	14.264	12.403	
668	20.933	17.338	16.56	19.03	14.28	12.379	
669	20.915	17.313	16.532	19.015	14.24	12.357	
670	20.896	17.289	16.505	18.996	14.227	12.341	
671	20.878	17.264	16.478	18.983	14.189	12.272	
672	20.86	17.24	16.45	18.968	14.151	12.307	
673	20.842	17.215	16.423	18.924	14.153	12.286	
674	20.824	17.191	16.396	18.939	14.161	12.278	
675	20.807	17.167	16.369	18.916	14.153	12.296	
676	20.789	17.143	16.343	18.918	14.072	12.203	
677	20.771	17.119	16.316	18.905	14.111	12.199	
678	20.754	17.095	16.289	18.877	14.073	12.219	
679	20.736	17.071	16.263	18.874	14.028	12.143	
680	20.719	17.048	16.236	18.865	14.013	12.153	
681	20.701	17.024	16.21	18.846	13.999	12.088	
682	20.684	17.001	16.184	18.845	14.005	12.109	
683	20.667	16.977	16.157	18.808	13.954	12.072	
684	20.65	16.954	16.131	18.784	13.945	12.093	
685	20.632	16.931	16.105	18.793	13.961	12.052	
686	20.616	16.907	16.079	18.775	13.924	12.002	
687	20.599	16.884	16.053	18.777	13.89	11.991	
688	20.582	16.861	16.028	18.772	13.868	11.962	
689	20.565	16.838	16.002	18.761	13.903	11.957	
690	20.548	16.816	15.977	18.716	13.875	11.965	
691	20.532	16.793	15.951	18.724	13.843	11.91	
692	20.515	16.77	15.926	18.709	13.782	11.94	
693	20.498	16.747	15.9	18.696	13.781	11.891	
694	20.482	16.725	15.875	18.682	13.775	11.898	
695	20.466	16.703	15.85	18.653	13.738	11.859	
696	20.449	16.68	15.825	18.654	13.704	11.854	
697	20.433	16.658	15.8	18.647	13.742	11.818	
698	20.417	16.636	15.775	18.656	13.697	11.76	
699	20.401	16.614	15.75	18.615	13.678	11.745	
700	20.385	16.592	15.726	18.603	13.714	11.763	
701	20.369	16.57	15.701	18.616	13.601	11.754	
702	20.353	16.548	15.676	18.605	13.677	11.742	
703	20.337	16.526	15.652	18.55	13.664	11.695	
704	20.321	16.504	15.628	18.548	13.616	11.689	
705	20.305	16.483	15.603	18.593	13.586	11.663	
706	20.29	16.461	15.579	18.539	13.595	11.627	
707	20.274	16.44	15.555	18.519	13.587	11.625	
708	20.259	16.418	15.531	18.499	13.513	11.634	
709	20.243	16.397	15.507	18.52	13.555	11.58	
710	20.228	16.375	15.483	18.509	13.487	11.628	
711	20.212	16.354	15.459	18.491	13.491	11.511	
712	20.197	16.333	15.435	18.46	13.43	11.505	
713	20.182	16.312	15.412	18.443	13.501	11.532	
714	20.167	16.291	15.388	18.434	13.419	11.487	
715	20.152	16.27	15.365	18.397	13.433	11.469	
716	20.136	16.249	15.341	18.418	13.356	11.374	
717	20.121	16.229	15.318	18.408	13.398	11.468	
718	20.107	16.208	15.294	18.389	13.347	11.371	
719	20.092	16.187	15.271	18.416	13.365	11.461	
720	20.077	16.167	15.248	18.332	13.336	11.414	
721	20.062	16.146	15.225	18.377	13.311	11.389	
722	20.047	16.126	15.202	18.373	13.341	11.365	
723	20.033	16.106	15.179	18.316	13.339	11.362	
724	20.018	16.085	15.156	18.348	13.267	11.357	
725	20.004	16.065	15.133	18.293	13.366	11.278	
726	19.989	16.045	15.111	18.343	13.2	11.279	
727	19.975	16.025	15.088	18.3	13.25	11.255	
728	19.96	16.005	15.066	18.318	13.194	11.255	
729	19.946	15.985	15.043	18.272	13.178	11.254	
730	19.932	15.965	15.021	18.26	13.183	11.173	
731	19.918	15.945	14.998	18.22	13.167	11.208	
732	19.904	15.926	14.976	18.247	13.116	11.197	
733	19.89	15.906	14.954	18.236	13.152	11.165	
734	19.875	15.886	14.932	18.263	13.117	11.143	
735	19.862	15.867	14.91	18.212	13.131	11.119	
736	19.848	15.848	14.888	18.211	13.114	11.12	
737	19.834	15.828	14.866	18.221	13.084	11.153	
738	19.82	15.809	14.844	18.175	13.091	11.076	
739	19.806	15.79	14.822	18.168	13.067	11.094	
740	19.793	15.77	14.801	18.198	13.06	11.074	
741	19.779	15.751	14.779	18.146	13.012	11.072	
742	19.765	15.732	14.757	18.159	13.021	11.016	
743	19.752	15.713	14.736	18.16	13.027	10.987	
744	19.738	15.694	14.714	18.128	13	11.023	
745	19.725	15.675	14.693	18.098	13.023	11.013	
746	19.711	15.657	14.672	18.113	12.97	10.981	
747	19.698	15.638	14.651	18.112	13.001	10.944	
748	19.685	15.619	14.629	18.09	12.967	10.93	
749	19.672	15.601	14.608	18.087	12.928	10.902	
750	19.658	15.582	14.587	18.026	12.909	10.938	
751	19.645	15.563	14.566	18.064	12.892	10.873	
752	19.632	15.545	14.545	18.016	12.923	10.846	
753	19.619	15.527	14.525	18.042	12.881	10.845	
754	19.606	15.508	14.504	18.033	12.862	10.87	
755	19.593	15.49	14.483	17.998	12.896	10.794	
756	19.58	15.472	14.462	18.017	12.83	10.84	
757	19.567	15.454	14.442	18.016	12.778	10.837	
758	19.555	15.436	14.421	17.993	12.814	10.794	
759	19.542	15.418	14.401	17.991	12.817	10.766	
760	19.529	15.4	14.38	17.965	12.743	10.723	
761	19.516	15.382	14.36	17.94	12.757	10.727	
762	19.504	15.364	14.34	17.968	12.744	10.685	
763	19.491	15.346	14.32	17.942	12.757	10.67	
764	19.479	15.328	14.3	17.942	12.75	10.703	
765	19.466	15.311	14.279	17.928	12.723	10.649	
766	19.454	15.293	14.259	17.945	12.732	10.659	
767	19.442	15.276	14.239	17.932	12.689	10.658	
768	19.429	15.258	14.22	17.898	12.676	10.604	
769	19.417	15.241	14.2	17.901	12.684	10.63	
770	19.405	15.223	14.18	17.88	12.632	10.573	
771	19.393	15.206	14.16	17.839	12.621	10.567	
772	19.38	15.189	14.141	17.837	12.664	10.567	
773	19.368	15.171	14.121	17.851	12.613	10.567	
774	19.356	15.154	14.101	17.831	12.605	10.51	
775	19.344	15.137	14.082	17.81	12.584	10.517	
776	19.332	15.12	14.062	17.872	12.563	10.49	
777	19.32	15.103	14.043	17.813	12.541	10.499	
778	19.308	15.086	14.024	17.814	12.507	10.516	
779	19.297	15.069	14.005	17.771	12.515	10.473	
780	19.285	15.052	13.985	17.769	12.529	10.484	
781	19.273	15.036	13.966	17.816	12.552	10.405	
782	19.261	15.019	13.947	17.788	12.453	10.414	
783	19.25	15.002	13.928	17.766	12.44	10.413	
784	19.238	14.985	13.909	17.747	12.468	10.369	
785	19.226	14.969	13.89	17.727	12.424	10.347	
786	19.215	14.952	13.871	17.72	12.435	10.349	
787	19.203	14.936	13.853	17.725	12.412	10.345	
788	19.192	14.92	13.834	17.722	12.394	10.324	
789	19.181	14.903	13.815	17.703	12.376	10.317	
790	19.169	14.887	13.796	17.705	12.403	10.277	
791	19.158	14.871	13.778	17.675	12.368	10.278	
792	19.147	14.854	13.759	17.689	12.361	10.267	
793	19.135	14.838	13.741	17.679	12.381	10.266	
794	19.124	14.822	13.722	17.66	12.327	10.239	
795	19.113	14.806	13.704	17.659	12.309	10.224	
796	19.102	14.79	13.686	17.662	12.313	10.213	
797	19.091	14.774	13.667	17.654	12.325	10.176	
798	19.08	14.758	13.649	17.666	12.323	10.181	
799	19.069	14.742	13.631	17.647	12.261	10.206	
800	19.058	14.726	13.613	17.62	12.266	10.135	
801	19.047	14.711	13.595	17.605	12.279	10.152	
802	19.036	14.695	13.577	17.648	12.257	10.122	
803	19.025	14.679	13.559	17.585	12.228	10.092	
804	19.014	14.664	13.541	17.575	12.219	10.133	
805	19.003	14.648	13.523	17.566	12.198	10.093	
806	18.993	14.633	13.505	17.583	12.17	10.084	
807	18.982	14.617	13.488	17.566	12.126	10.115	
808	18.971	14.602	13.47	17.569	12.174	10.024	
809	18.961	14.586	13.452	17.516	12.099	10.047	
810	18.95	14.571	13.435	17.556	12.165	10.014	
811	18.939	14.556	13.417	17.537	12.131	9.9973	
812	18.929	14.54	13.4	17.532	12.176	10.005	
813	18.918	14.525	13.382	17.542	12.077	9.9926	
814	18.908	14.51	13.365	17.52	12.11	10.013	
815	18.898	14.495	13.348	17.499	12.091	9.9656	
816	18.887	14.48	13.33	17.51	12.082	9.9131	
817	18.877	14.465	13.313	17.487	12.062	9.9298	
818	18.867	14.45	13.296	17.492	12.059	9.9034	
819	18.856	14.435	13.279	17.483	12.042	9.9129	
820	18.846	14.42	13.262	17.46	12.018	9.8719	
821	18.836	14.405	13.245	17.453	12.005	9.8656	
822	18.826	14.39	13.228	17.45	12.012	9.8616	
823	18.816	14.376	13.211	17.451	12.006	9.8525	
824	18.805	14.361	13.194	17.443	12.007	9.8497	
825	18.795	14.346	13.177	17.437	11.988	9.8449	
826	18.785	14.332	13.16	17.433	11.98	9.8362	
827	18.775	14.317	13.143	17.43	11.974	9.8144	
828	18.765	14.303	13.127	17.419	11.964	9.8087	
829	18.756	14.288	13.11	17.407	11.95	9.7941	
830	18.746	14.274	13.093	17.407	11.946	9.8031	
831	18.736	14.259	13.077	17.4	11.919	9.7859	
832	18.726	14.245	13.06	17.384	11.91	9.7662	
833	18.716	14.231	13.044	17.379	11.905	9.7353	
834	18.706	14.216	13.027	17.367	11.897	9.7158	
835	18.697	14.202	13.011	17.36	11.889	9.7177	
836	18.687	14.188	12.995	17.358	11.888	9.6974	
837	18.677	14.174	12.978	17.35	11.861	9.7024	
838	18.668	14.16	12.962	17.356	11.846	9.6741	
839	18.658	14.146	12.946	17.339	11.835	9.6728	
840	18.649	14.132	12.93	17.323	11.851	9.6213	
841	18.639	14.118	12.914	17.338	11.799	9.6059	
842	18.63	14.104	12.897	17.35	11.812	9.6524	
843	18.62	14.09	12.881	17.333	11.79	9.6237	
844	18.611	14.076	12.865	17.328	11.8	9.6135	
845	18.601	14.062	12.849	17.337	11.83	9.5864	
846	18.592	14.049	12.834	17.25	11.762	9.5728	
847	18.583	14.035	12.818	17.316	11.671	9.6306	
848	18.573	14.021	12.802	17.299	11.801	9.6341	
849	18.564	14.007	12.786	17.296	11.713	9.5251	
850	18.555	13.994	12.77	17.278	11.74	9.5683	
851	18.546	13.98	12.755	17.254	11.712	9.5872	
852	18.536	13.967	12.739	17.249	11.723	9.4661	
853	18.527	13.953	12.723	17.279	11.658	9.4759	
854	18.518	13.94	12.708	17.228	11.704	9.4325	
855	18.509	13.926	12.692	17.23	11.626	9.478	
856	18.5	13.913	12.677	17.202	11.678	9.4881	
857	18.491	13.9	12.661	17.234	11.659	9.4508	
858	18.482	13.886	12.646	17.248	11.682	9.4151	
859	18.473	13.873	12.631	17.26	11.629	9.461	
860	18.464	13.86	12.615	17.206	11.667	9.4684	
861	18.455	13.847	12.6	17.177	11.615	9.3825	
862	18.446	13.834	12.585	17.215	11.595	9.3837	
863	18.438	13.821	12.57	17.205	11.644	9.3907	
864	18.429	13.808	12.555	17.208	11.589	9.387	
865	18.42	13.794	12.539	17.157	11.577	9.3165	
866	18.411	13.781	12.524	17.167	11.563	9.3468	
867	18.402	13.768	12.509	17.147	11.513	9.3459	
868	18.394	13.756	12.494	17.118	11.543	9.3501	
869	18.385	13.743	12.479	17.15	11.508	9.2901	
870	18.376	13.73	12.465	17.159	11.516	9.3057	
871	18.368	13.717	12.45	17.146	11.508	9.2767	
872	18.359	13.704	12.435	17.131	11.512	9.3136	
873	18.351	13.692	12.42	17.157	11.469	9.267	
874	18.342	13.679	12.405	17.129	11.488	9.2504	
875	18.334	13.666	12.391	17.111	11.474	9.2559	
876	18.325	13.654	12.376	17.115	11.465	9.2204	
877	18.317	13.641	12.361	17.112	11.46	9.2537	
878	18.308	13.628	12.347	17.083	11.444	9.2191	
879	18.3	13.616	12.332	17.079	11.432	9.1998	
880	18.292	13.603	12.318	17.071	11.421	9.1926	
881	18.283	13.591	12.303	17.069	11.417	9.1849	
882	18.275	13.579	12.289	17.067	11.412	9.1889	
883	18.267	13.566	12.274	17.063	11.408	9.1794	
884	18.258	13.554	12.26	17.061	11.404	9.1718	
885	18.25	13.542	12.246	17.061	11.396	9.1709	
886	18.242	13.529	12.231	17.056	11.388	9.1566	
887	18.234	13.517	12.217	17.046	11.371	9.1428	
888	18.226	13.505	12.203	17.044	11.364	9.1243	
889	18.218	13.493	12.189	17.031	11.351	9.1119	
890	18.209	13.481	12.174	17.018	11.337	9.0964	
891	18.201	13.468	12.16	17.012	11.328	9.0812	
892	18.193	13.456	12.146	17.01	11.316	9.0788	
893	18.185	13.444	12.132	17.003	11.31	9.0602	
894	18.177	13.432	12.118	16.991	11.308	9.0486	
895	18.169	13.42	12.104	16.999	11.303	9.0533	
896	18.161	13.408	12.09	16.989	11.29	9.0498	
897	18.153	13.397	12.076	16.989	11.285	9.0476	
898	18.146	13.385	12.063	16.987	11.282	9.0195	
899	18.138	13.373	12.049	16.979	11.268	9.0175	
900	18.13	13.361	12.035	16.966	11.258	8.9949	
901	18.122	13.349	12.021	16.947	11.247	8.9733	
902	18.114	13.338	12.007	16.948	11.229	8.9685	
903	18.106	13.326	11.994	16.945	11.226	8.9618	
904	18.099	13.314	11.98	16.94	11.217	8.9595	
905	18.091	13.302	11.967	16.932	11.215	8.9576	
906	18.083	13.291	11.953	16.934	11.21	8.9517	
907	18.076	13.279	11.939	16.929	11.206	8.9528	
908	18.068	13.268	11.926	16.931	11.194	8.9288	
909	18.06	13.256	11.912	16.916	11.183	8.9209	
910	18.053	13.245	11.899	16.902	11.167	8.91	
911	18.045	13.233	11.886	16.906	11.155	8.9055	
912	18.038	13.222	11.872	16.894	11.128	8.8691	
913	18.03	13.21	11.859	16.881	11.137	8.8493	
914	18.023	13.199	11.846	16.883	11.127	8.8511	
915	18.015	13.188	11.832	16.876	11.114	8.8449	
916	18.008	13.177	11.819	16.869	11.119	8.8435	
917	18	13.165	11.806	16.869	11.116	8.8377	
918	17.993	13.154	11.793	16.872	11.111	8.8326	
919	17.985	13.143	11.78	16.868	11.102	8.8198	
920	17.978	13.132	11.766	16.862	11.094	8.8106	
921	17.971	13.121	11.753	16.852	11.081	8.8013	
922	17.963	13.109	11.74	16.848	11.073	8.8045	
923	17.956	13.098	11.727	16.851	11.066	8.7956	
924	17.949	13.087	11.714	16.835	11.037	8.7695	
925	17.942	13.076	11.701	16.832	11.054	8.7564	
926	17.934	13.065	11.688	16.815	11.035	8.7417	
927	17.927	13.054	11.676	16.816	11.041	8.7315	
928	17.92	13.043	11.663	16.814	11.034	8.7362	
929	17.913	13.032	11.65	16.797	10.994	8.7477	
930	17.906	13.022	11.637	16.793	10.972	8.7269	
931	17.899	13.011	11.624	16.805	11.016	8.7154	
932	17.891	13	11.612	16.812	10.951	8.6826	
933	17.884	12.989	11.599	16.782	11.008	8.6791	
934	17.877	12.978	11.586	16.775	10.976	8.695	
935	17.87	12.968	11.574	16.773	10.978	8.6554	
936	17.863	12.957	11.561	16.753	10.941	8.6501	
937	17.856	12.946	11.549	16.753	10.935	8.6851	
938	17.849	12.936	11.536	16.783	10.944	8.6069	
939	17.842	12.925	11.523	16.761	10.933	8.6336	
940	17.835	12.914	11.511	16.766	10.894	8.6504	
941	17.829	12.904	11.499	16.76	10.92	8.6114	
942	17.822	12.893	11.486	16.739	10.886	8.5574	
943	17.815	12.883	11.474	16.715	10.91	8.5951	
944	17.808	12.872	11.461	16.717	10.929	8.5787	
945	17.801	12.862	11.449	16.744	10.893	8.5827	
946	17.794	12.851	11.437	16.743	10.888	8.5713	
947	17.788	12.841	11.425	16.722	10.888	8.5569	
948	17.781	12.831	11.412	16.718	10.861	8.5456	
949	17.774	12.82	11.4	16.708	10.84	8.5238	
950	17.767	12.81	11.388	16.702	10.832	8.5213	
951	17.761	12.8	11.376	16.691	10.851	8.5259	
952	17.754	12.789	11.364	16.683	10.844	8.5209	
953	17.747	12.779	11.352	16.694	10.825	8.4986	
954	17.741	12.769	11.339	16.695	10.819	8.5124	
955	17.734	12.759	11.327	16.682	10.807	8.4784	
956	17.727	12.749	11.315	16.663	10.812	8.4848	
957	17.721	12.739	11.304	16.664	10.803	8.5324	
958	17.714	12.729	11.292	16.644	10.785	8.4534	
959	17.708	12.718	11.28	16.666	10.771	8.4791	
960	17.701	12.708	11.268	16.678	10.753	8.4078	
961	17.695	12.698	11.256	16.673	10.778	8.3952	
962	17.688	12.688	11.244	16.661	10.689	8.3687	
963	17.682	12.678	11.232	16.62	10.712	8.4149	
964	17.675	12.668	11.221	16.649	10.748	8.3485	
965	17.669	12.659	11.209	16.617	10.733	8.3817	
966	17.663	12.649	11.197	16.628	10.753	8.359	
967	17.656	12.639	11.185	16.623	10.733	8.3919	
968	17.65	12.629	11.174	16.627	10.745	8.3832	
969	17.643	12.619	11.162	16.611	10.709	8.3707	
970	17.637	12.609	11.15	16.625	10.692	8.3925	
971	17.631	12.6	11.139	16.613	10.68	8.3706	
972	17.625	12.59	11.127	16.61	10.702	8.3492	
973	17.618	12.58	11.116	16.61	10.685	8.3224	
974	17.612	12.57	11.104	16.594	10.661	8.3374	
975	17.606	12.561	11.093	16.588	10.668	8.2816	
976	17.6	12.551	11.081	16.58	10.653	8.2972	
977	17.593	12.542	11.07	16.575	10.641	8.2843	
978	17.587	12.532	11.059	16.572	10.632	8.2858	
979	17.581	12.522	11.047	16.57	10.638	8.2719	
980	17.575	12.513	11.036	16.575	10.628	8.2724	
981	17.569	12.503	11.025	16.572	10.626	8.2804	
982	17.563	12.494	11.013	16.566	10.621	8.2707	
983	17.557	12.484	11.002	16.562	10.623	8.2828	
984	17.551	12.475	10.991	16.548	10.613	8.2676	
985	17.545	12.466	10.98	16.546	10.617	8.2362	
986	17.538	12.456	10.968	16.573	10.595	8.2584	
987	17.532	12.447	10.957	16.537	10.591	8.2149	
988	17.527	12.437	10.946	16.532	10.56	8.1936	
989	17.521	12.428	10.935	16.524	10.566	8.1933	
990	17.515	12.419	10.924	16.52	10.547	8.1876	
991	17.509	12.41	10.913	16.519	10.55	8.1676	
992	17.503	12.4	10.902	16.52	10.545	8.1802	
993	17.497	12.391	10.891	16.509	10.544	8.1739	
994	17.491	12.382	10.88	16.517	10.548	8.1768	
995	17.485	12.373	10.869	16.503	10.54	8.1619	
996	17.479	12.364	10.858	16.496	10.533	8.1554	
997	17.473	12.354	10.847	16.504	10.529	8.1444	
998	17.467	12.345	10.836	16.493	10.516	8.1417	
999	17.462	12.336	10.825	16.483	10.502	8.1776	
1000	17.456	12.327	10.815	16.5	10.478	8.1157	
1001	17.45	12.318	10.804	16.464	10.53	8.0949	
1002	17.444	12.309	10.793	16.485	10.51	8.0982	
1003	17.439	12.3	10.782	16.476	10.477	8.0989	
1004	17.433	12.291	10.772	16.475	10.443	8.0759	
1005	17.427	12.282	10.761	16.439	10.542	8.1117	
1006	17.421	12.273	10.75	16.467	10.428	8.1096	
1007	17.416	12.264	10.74	16.465	10.492	8.0327	
1008	17.41	12.255	10.729	16.449	10.484	8.0563	
1009	17.404	12.247	10.718	16.429	10.432	8.0496	
1010	17.399	12.238	10.708	16.466	10.451	8.0414	
1011	17.393	12.229	10.697	16.433	10.444	8.0428	
1012	17.388	12.22	10.687	16.438	10.431	8.0143	
1013	17.382	12.211	10.676	16.434	10.414	8.0082	
1014	17.377	12.203	10.666	16.435	10.394	8.0042	
1015	17.371	12.194	10.655	16.437	10.4	7.9932	
1016	17.365	12.185	10.645	16.413	10.402	8.087	
1017	17.36	12.176	10.634	16.395	10.365	7.9546	
1018	17.354	12.168	10.624	16.391	10.366	7.9748	
1019	17.349	12.159	10.614	16.377	10.349	7.938	
1020	17.344	12.151	10.603	16.428	10.409	7.9076	
1021	17.338	12.142	10.593	16.344	10.406	7.9482	
1022	17.333	12.133	10.583	16.399	10.335	7.9468	
1023	17.327	12.125	10.572	16.418	10.322	7.9437	
1024	17.322	12.116	10.562	16.374	10.301	7.9785	
1025	17.316	12.108	10.552	16.416	10.31	7.9159	
1026	17.311	12.099	10.542	16.38	10.359	7.8728	
1027	17.306	12.091	10.531	16.414	10.241	7.8987	
1028	17.3	12.082	10.521	16.371	10.339	7.8451	
1029	17.295	12.074	10.511	16.355	10.283	7.8299	
1030	17.29	12.065	10.501	16.359	10.328	7.903	
1031	17.284	12.057	10.491	16.422	10.333	7.9249	
1032	17.279	12.049	10.481	16.316	10.327	7.8632	
1033	17.274	12.04	10.471	16.382	10.287	7.887	
1034	17.269	12.032	10.461	16.356	10.309	7.8533	
1035	17.263	12.024	10.451	16.379	10.251	7.9231	
1036	17.258	12.015	10.441	16.253	10.285	7.8388	
1037	17.253	12.007	10.431	16.397	10.175	7.8035	
1038	17.248	11.999	10.421	16.319	10.24	7.9786	
1039	17.243	11.991	10.411	16.361	10.29	7.9209	
1040	17.237	11.982	10.401	16.298	10.088	7.8087	
1041	17.232	11.974	10.391	16.335	10.216	7.8567	
1042	17.227	11.966	10.381	16.445	10.238	7.6434	
1043	17.222	11.958	10.372	16.412	10.176	7.6925	
1044	17.217	11.95	10.362	16.267	10.268	7.7417	
1045	17.212	11.942	10.352	16.308	10.204	7.7873	
1046	17.207	11.934	10.342	16.204	10.35	7.5825	
1047	17.202	11.926	10.332	16.266	10.039	7.7932	
1048	17.197	11.918	10.323	16.229	10.157	7.8069	
1049	17.191	11.909	10.313	16.299	10.171	7.7236	
1050	17.186	11.901	10.303	16.276	10.083	7.8107	
1051	17.181	11.893	10.294	16.278	10.17	7.7396	
1052	17.176	11.885	10.284	16.273	10.161	7.7044	
1053	17.171	11.878	10.274	16.277	10.167	7.7231	
1054	17.167	11.87	10.265	16.277	10.148	7.7089	
1055	17.162	11.862	10.255	16.277	10.167	7.6972	
1056	17.157	11.854	10.246	16.273	10.135	7.687	
1057	17.152	11.846	10.236	16.269	10.153	7.6997	
1058	17.147	11.838	10.227	16.262	10.142	7.6709	
1059	17.142	11.83	10.217	16.247	10.134	7.6933	
1060	17.137	11.822	10.208	16.254	10.134	7.6648	
1061	17.132	11.815	10.198	16.263	10.116	7.6747	
1062	17.127	11.807	10.189	16.239	10.115	7.6648	
1063	17.122	11.799	10.179	16.235	10.098	7.6667	
1064	17.118	11.791	10.17	16.233	10.093	7.6472	
1065	17.113	11.784	10.161	16.225	10.087	7.629	
1066	17.108	11.776	10.151	16.232	10.086	7.618	
1067	17.103	11.768	10.142	16.223	10.089	7.6219	
1068	17.098	11.76	10.133	16.218	10.078	7.6284	
1069	17.094	11.753	10.123	16.223	10.054	7.6005	
1070	17.089	11.745	10.114	16.22	10.079	7.5985	
1071	17.084	11.738	10.105	16.218	10.063	7.599	
1072	17.079	11.73	10.096	16.202	10.065	7.5925	
1073	17.075	11.722	10.086	16.215	10.029	7.5661	
1074	17.07	11.715	10.077	16.199	10.044	7.5808	
1075	17.065	11.707	10.068	16.193	10.033	7.5517	
1076	17.061	11.7	10.059	16.201	10.022	7.5548	
1077	17.056	11.692	10.05	16.189	10.024	7.5511	
1078	17.051	11.685	10.041	16.185	10.008	7.5417	
1079	17.047	11.677	10.032	16.186	10.022	7.5314	
1080	17.042	11.67	10.022	16.186	10.011	7.5387	
1081	17.037	11.662	10.013	16.179	10.01	7.5348	
1082	17.033	11.655	10.004	16.172	10.007	7.5257	
1083	17.028	11.648	9.9953	16.18	9.9947	7.5117	
1084	17.024	11.64	9.9863	16.172	9.995	7.5129	
1085	17.019	11.633	9.9773	16.166	9.9914	7.5014	
1086	17.015	11.625	9.9684	16.171	9.9923	7.5038	
1087	17.01	11.618	9.9594	16.156	9.9873	7.4945	
1088	17.005	11.611	9.9505	16.166	9.9817	7.4997	
1089	17.001	11.604	9.9416	16.159	9.9779	7.4821	
1090	16.996	11.596	9.9327	16.158	9.9803	7.4881	
1091	16.992	11.589	9.9238	16.153	9.9785	7.4853	
1092	16.988	11.582	9.915	16.144	9.9565	7.4715	
1093	16.983	11.574	9.9061	16.148	9.9506	7.4729	
1094	16.979	11.567	9.8973	16.141	9.9601	7.4722	
1095	16.974	11.56	9.8885	16.15	9.9318	7.4483	
1096	16.97	11.553	9.8797	16.144	9.9407	7.4519	
1097	16.965	11.546	9.871	16.13	9.9283	7.4383	
1098	16.961	11.539	9.8622	16.124	9.9234	7.4168	
1099	16.956	11.531	9.8535	16.123	9.9232	7.4195	
1100	16.952	11.524	9.8448	16.113	9.9178	7.4139	
1101	16.948	11.517	9.8361	16.124	9.9056	7.3964	
1102	16.943	11.51	9.8274	16.116	9.8945	7.3888	
1103	16.939	11.503	9.8188	16.109	9.8791	7.3797	
1104	16.935	11.496	9.8101	16.105	9.888	7.3786	
1105	16.93	11.489	9.8015	16.097	9.8862	7.3711	
1106	16.926	11.482	9.7929	16.101	9.8753	7.3644	
1107	16.922	11.475	9.7843	16.09	9.8672	7.3615	
1108	16.917	11.468	9.7757	16.098	9.873	7.3533	
1109	16.913	11.461	9.7672	16.089	9.8628	7.35	
1110	16.909	11.454	9.7587	16.087	9.8562	7.3493	
1111	16.905	11.447	9.7501	16.086	9.8575	7.3426	
1112	16.9	11.44	9.7416	16.085	9.8439	7.3361	
1113	16.896	11.433	9.7332	16.085	9.8491	7.3346	
1114	16.892	11.426	9.7247	16.08	9.8466	7.3305	
1115	16.888	11.42	9.7162	16.077	9.8484	7.3291	
1116	16.884	11.413	9.7078	16.078	9.8409	7.3321	
1117	16.879	11.406	9.6994	16.079	9.8416	7.3209	
1118	16.875	11.399	9.691	16.072	9.8334	7.3214	
1119	16.871	11.392	9.6826	16.06	9.8347	7.3015	
1120	16.867	11.385	9.6743	16.068	9.8313	7.2924	
1121	16.863	11.379	9.6659	16.067	9.8176	7.2878	
1122	16.859	11.372	9.6576	16.06	9.8063	7.2978	
1123	16.854	11.365	9.6493	16.048	9.8069	7.2903	
1124	16.85	11.358	9.641	16.063	9.8076	7.2673	
1125	16.846	11.352	9.6327	16.054	9.7979	7.2623	
1126	16.842	11.345	9.6244	16.058	9.8085	7.2676	
1127	16.838	11.338	9.6162	16.033	9.7894	7.2435	
1128	16.834	11.332	9.6079	16.033	9.7801	7.246	
1129	16.83	11.325	9.5997	16.039	9.78	7.2589	
1130	16.826	11.318	9.5915	16.029	9.784	7.2303	
1131	16.822	11.312	9.5833	16.028	9.7661	7.2327	
1132	16.818	11.305	9.5752	16.029	9.7641	7.2224	
1133	16.814	11.298	9.567	16.022	9.7746	7.22	
1134	16.81	11.292	9.5589	16.013	9.7404	7.2208	
1135	16.806	11.285	9.5508	16.016	9.7516	7.1929	
1136	16.802	11.279	9.5427	16.019	9.733	7.2045	
1137	16.798	11.272	9.5346	16.012	9.7186	7.2018	
1138	16.794	11.266	9.5265	16.011	9.7314	7.1817	
1139	16.79	11.259	9.5185	16.007	9.7294	7.188	
1140	16.786	11.253	9.5104	16	9.711	7.1734	
1141	16.782	11.246	9.5024	16.013	9.7229	7.1701	
1142	16.778	11.24	9.4944	16.009	9.7157	7.1425	
1143	16.774	11.233	9.4864	15.991	9.7047	7.1754	
1144	16.77	11.227	9.4784	15.991	9.6948	7.1627	
1145	16.766	11.22	9.4705	15.994	9.7082	7.1617	
1146	16.763	11.214	9.4625	15.991	9.6734	7.1488	
1147	16.759	11.208	9.4546	15.987	9.6773	7.1375	
1148	16.755	11.201	9.4467	15.993	9.6824	7.1398	
1149	16.751	11.195	9.4388	15.982	9.6859	7.1336	
1150	16.747	11.188	9.4309	15.971	9.6696	7.1285	
1151	16.743	11.182	9.423	15.973	9.6557	7.1144	
1152	16.739	11.176	9.4152	15.974	9.6664	7.1066	
1153	16.736	11.169	9.4073	15.967	9.6521	7.0941	
1154	16.732	11.163	9.3995	15.961	9.6519	7.0958	
1155	16.728	11.157	9.3917	15.966	9.6506	7.0979	
1156	16.724	11.151	9.3839	15.955	9.6498	7.0837	
1157	16.72	11.144	9.3761	15.955	9.6421	7.0727	
1158	16.717	11.138	9.3684	15.956	9.6421	7.0731	
1159	16.713	11.132	9.3606	15.96	9.6267	7.0708	
1160	16.709	11.126	9.3529	15.957	9.628	7.0722	
1161	16.705	11.119	9.3452	15.947	9.6061	7.0769	
1162	16.702	11.113	9.3375	15.943	9.6372	7.0503	
1163	16.698	11.107	9.3298	15.932	9.6109	7.0423	
1164	16.694	11.101	9.3221	15.933	9.5892	7.0355	
1165	16.691	11.095	9.3145	15.926	9.6021	7.0251	
1166	16.687	11.089	9.3068	15.934	9.5923	7.0232	
1167	16.683	11.083	9.2992	15.935	9.6092	7.0307	
1168	16.68	11.076	9.2916	15.925	9.5875	7.0159	
1169	16.676	11.07	9.284	15.919	9.579	7.0094	
1170	16.672	11.064	9.2764	15.923	9.5874	6.9969	
1171	16.669	11.058	9.2688	15.918	9.5745	6.9927	
1172	16.665	11.052	9.2613	15.915	9.5753	6.9904	
1173	16.661	11.046	9.2537	15.913	9.572	6.9898	
1174	16.658	11.04	9.2462	15.912	9.5717	6.9855	
1175	16.654	11.034	9.2387	15.911	9.5671	6.9893	
1176	16.651	11.028	9.2312	15.909	9.5553	6.9753	
1177	16.647	11.022	9.2237	15.913	9.5548	6.9734	
1178	16.643	11.016	9.2162	15.902	9.5491	6.9642	
1179	16.64	11.01	9.2088	15.902	9.5544	6.9693	
1180	16.636	11.004	9.2013	15.901	9.5467	6.9584	
1181	16.633	10.998	9.1939	15.901	9.5467	6.9598	
1182	16.629	10.992	9.1865	15.894	9.5385	6.9547	
1183	16.626	10.986	9.1791	15.897	9.537	6.95	
1184	16.622	10.98	9.1717	15.892	9.532	6.9421	
1185	16.619	10.975	9.1643	15.883	9.531	6.946	
1186	16.615	10.969	9.1569	15.885	9.5219	6.9289	
1187	16.612	10.963	9.1496	15.884	9.5224	6.9354	
1188	16.608	10.957	9.1423	15.877	9.523	6.9241	
1189	16.605	10.951	9.1349	15.882	9.5084	6.9071	
1190	16.601	10.945	9.1276	15.876	9.5137	6.9197	
1191	16.598	10.94	9.1203	15.87	9.5099	6.9094	
1192	16.594	10.934	9.1131	15.871	9.4961	6.8957	
1193	16.591	10.928	9.1058	15.868	9.4961	6.8932	
1194	16.587	10.922	9.0986	15.862	9.5027	6.9035	
1195	16.584	10.916	9.0913	15.874	9.474	6.8908	
1196	16.58	10.911	9.0841	15.86	9.4905	6.8699	
1197	16.577	10.905	9.0769	15.862	9.4762	6.8911	
1198	16.574	10.899	9.0697	15.852	9.4631	6.8864	
1199	16.57	10.893	9.0625	15.851	9.477	6.8633	
1200	16.567	10.888	9.0553	15.858	9.4625	6.8505	
1201	16.563	10.882	9.0482	15.861	9.4796	6.8706	
1202	16.56	10.876	9.041	15.841	9.4636	6.8566	
1203	16.557	10.871	9.0339	15.848	9.4582	6.8337	
1204	16.553	10.865	9.0268	15.851	9.4464	6.8183	
1205	16.55	10.859	9.0197	15.832	9.4472	6.8323	
1206	16.547	10.854	9.0126	15.836	9.466	6.8321	
1207	16.543	10.848	9.0055	15.846	9.4633	6.8204	
1208	16.54	10.843	8.9984	15.832	9.4402	6.8124	
1209	16.537	10.837	8.9914	15.836	9.4279	6.8174	
1210	16.533	10.831	8.9843	15.829	9.4198	6.7981	
1211	16.53	10.826	8.9773	15.824	9.4014	6.7811	
1212	16.527	10.82	8.9703	15.822	9.4159	6.7865	
1213	16.523	10.815	8.9633	15.831	9.4125	6.7945	
1214	16.52	10.809	8.9563	15.818	9.422	6.771	
1215	16.517	10.804	8.9493	15.827	9.4065	6.7776	
1216	16.514	10.798	8.9424	15.816	9.3902	6.7962	
1217	16.51	10.793	8.9354	15.82	9.3945	6.7799	
1218	16.507	10.787	8.9285	15.792	9.3676	6.7812	
1219	16.504	10.782	8.9216	15.814	9.3787	6.7488	
1220	16.501	10.776	8.9146	15.812	9.3724	6.7566	
1221	16.497	10.771	8.9077	15.792	9.3678	6.7577	
1222	16.494	10.765	8.9008	15.806	9.4041	6.7482	
1223	16.491	10.76	8.894	15.808	9.3612	6.7497	
1224	16.488	10.754	8.8871	15.802	9.3661	6.7322	
1225	16.485	10.749	8.8803	15.793	9.3623	6.7376	
1226	16.481	10.744	8.8734	15.803	9.3763	6.7294	
1227	16.478	10.738	8.8666	15.81	9.3589	6.7325	
1228	16.475	10.733	8.8598	15.774	9.3448	6.7237	
1229	16.472	10.727	8.853	15.767	9.3236	6.7278	
1230	16.469	10.722	8.8462	15.774	9.3573	6.7086	
1231	16.466	10.717	8.8394	15.796	9.3605	6.676	
1232	16.462	10.711	8.8327	15.789	9.3331	6.7336	
1233	16.459	10.706	8.8259	15.803	9.3612	6.6865	
1234	16.456	10.701	8.8192	15.779	9.3636	6.7088	
1235	16.453	10.696	8.8124	15.762	9.3504	6.6856	
1236	16.45	10.69	8.8057	15.776	9.3508	6.7156	
1237	16.447	10.685	8.799	15.771	9.3581	6.6932	
1238	16.444	10.68	8.7923	15.803	9.3178	6.7029	
1239	16.441	10.674	8.7856	15.735	9.3726	6.7182	
1240	16.438	10.669	8.779	15.732	9.2717	6.6779	
1241	16.434	10.664	8.7723	15.745	9.341	6.6356	
1242	16.431	10.659	8.7657	15.735	9.3044	6.6996	
1243	16.428	10.654	8.759	15.764	9.3127	6.761	
1244	16.425	10.648	8.7524	15.782	9.3076	6.6586	
1245	16.422	10.643	8.7458	15.721	9.362	6.5928	
1246	16.419	10.638	8.7392	15.748	9.298	6.6041	
1247	16.416	10.633	8.7326	15.731	9.2333	6.6094	
1248	16.413	10.628	8.7261	15.743	9.2731	6.5843	
1249	16.41	10.622	8.7195	15.775	9.2931	6.6536	
1250	16.407	10.617	8.7129	15.753	9.3398	6.5861	
1251	16.404	10.612	8.7064	15.739	9.2561	6.6486	
1252	16.401	10.607	8.6999	15.709	9.2021	6.5795	
1253	16.398	10.602	8.6934	15.708	9.3079	6.5872	
1254	16.395	10.597	8.6869	15.716	9.2289	6.5936	
1255	16.392	10.592	8.6804	15.74	9.2415	6.623	
1256	16.389	10.587	8.6739	15.719	9.2629	6.5966	
1257	16.386	10.582	8.6674	15.717	9.2216	6.5567	
1258	16.383	10.577	8.6609	15.725	9.2458	6.548	
1259	16.38	10.572	8.6545	15.694	9.2312	6.5771	
1260	16.377	10.567	8.6481	15.709	9.2387	6.553	
1261	16.374	10.561	8.6416	15.706	9.2178	6.5473	
1262	16.372	10.556	8.6352	15.689	9.2162	6.5425	
1263	16.369	10.551	8.6288	15.706	9.2186	6.5313	
1264	16.366	10.546	8.6224	15.682	9.2026	6.5444	
1265	16.363	10.541	8.6161	15.708	9.2245	6.5324	
1266	16.36	10.536	8.6097	15.696	9.2306	6.5176	
1267	16.357	10.532	8.6033	15.709	9.2023	6.5414	
1268	16.354	10.527	8.597	15.714	9.2095	6.5453	
1269	16.351	10.522	8.5906	15.701	9.2186	6.5538	
1270	16.348	10.517	8.5843	15.696	9.198	6.5367	
1271	16.346	10.512	8.578	15.683	9.2039	6.5136	
1272	16.343	10.507	8.5717	15.688	9.2189	6.5472	
1273	16.34	10.502	8.5654	15.705	9.2243	6.5247	
1274	16.337	10.497	8.5591	15.701	9.2005	6.5306	
1275	16.334	10.492	8.5529	15.686	9.1823	6.4939	
1276	16.331	10.487	8.5466	15.699	9.2087	6.5205	
1277	16.328	10.482	8.5404	15.663	9.1993	6.5191	
1278	16.326	10.478	8.5341	15.665	9.1892	6.5112	
1279	16.323	10.473	8.5279	15.681	9.1589	6.4593	
1280	16.32	10.468	8.5217	15.675	9.156	6.4798	
1281	16.317	10.463	8.5155	15.682	9.1567	6.4748	
1282	16.314	10.458	8.5093	15.676	9.169	6.4949	
1283	16.312	10.453	8.5031	15.656	9.1537	6.4527	
1284	16.309	10.449	8.4969	15.632	9.1916	6.4591	
1285	16.306	10.444	8.4908	15.644	9.1608	6.4782	
1286	16.303	10.439	8.4846	15.669	9.1557	6.4463	
1287	16.3	10.434	8.4785	15.652	9.1412	6.4697	
1288	16.298	10.43	8.4723	15.663	9.1606	6.4591	
1289	16.295	10.425	8.4662	15.652	9.1422	6.4344	
1290	16.292	10.42	8.4601	15.657	9.1551	6.4376	
1291	16.289	10.415	8.454	15.64	9.1345	6.4164	
1292	16.287	10.411	8.4479	15.656	9.1345	6.4736	
1293	16.284	10.406	8.4419	15.647	9.1239	6.4379	
1294	16.281	10.401	8.4358	15.668	9.1578	6.4281	
1295	16.279	10.396	8.4297	15.646	9.1369	6.3954	
1296	16.276	10.392	8.4237	15.653	9.1292	6.3926	
1297	16.273	10.387	8.4176	15.651	9.0942	6.4387	
1298	16.271	10.382	8.4116	15.631	9.1357	6.4042	
1299	16.268	10.378	8.4056	15.641	9.0837	6.373	
1300	16.265	10.373	8.3996	15.624	9.1037	6.3995	
1301	16.262	10.368	8.3936	15.641	9.126	6.3705	
1302	16.26	10.364	8.3876	15.611	9.0799	6.4187	
1303	16.257	10.359	8.3816	15.637	9.1245	6.3851	
1304	16.254	10.355	8.3757	15.648	9.1135	6.3952	
1305	16.252	10.35	8.3697	15.652	9.0861	6.3467	
1306	16.249	10.345	8.3638	15.629	9.1235	6.3831	
1307	16.246	10.341	8.3578	15.62	9.108	6.3954	
1308	16.244	10.336	8.3519	15.613	9.0891	6.388	
1309	16.241	10.332	8.346	15.62	9.0991	6.3783	
1310	16.239	10.327	8.3401	15.612	9.0767	6.3653	
1311	16.236	10.323	8.3342	15.62	9.0461	6.3913	
1312	16.233	10.318	8.3283	15.608	9.0606	6.3221	
1313	16.231	10.313	8.3224	15.613	9.0866	6.3847	
1314	16.228	10.309	8.3166	15.607	9.0596	6.3495	
1315	16.226	10.304	8.3107	15.602	9.0327	6.3262	
1316	16.223	10.3	8.3049	15.629	8.9941	6.3194	
1317	16.22	10.295	8.299	15.605	9.0557	6.3822	
1318	16.218	10.291	8.2932	15.589	9.0545	6.3601	
1319	16.215	10.286	8.2874	15.631	9.0479	6.354	
1320	16.213	10.282	8.2816	15.574	9.0367	6.3584	
1321	16.21	10.277	8.2758	15.612	9.0226	6.3347	
1322	16.208	10.273	8.27	15.601	8.9983	6.2378	
1323	16.205	10.269	8.2642	15.554	9.0135	6.278	
1324	16.202	10.264	8.2585	15.608	9.0519	6.2872	
1325	16.2	10.26	8.2527	15.621	8.9865	6.3038	
1326	16.197	10.255	8.247	15.629	8.988	6.2721	
1327	16.195	10.251	8.2412	15.6	9.0561	6.2622	
1328	16.192	10.247	8.2355	15.561	8.9618	6.3632	
1329	16.19	10.242	8.2298	15.563	8.9748	6.2771	
1330	16.187	10.238	8.2241	15.621	9.0407	6.2531	
1331	16.185	10.233	8.2184	15.566	9.0607	6.3246	
1332	16.182	10.229	8.2127	15.561	8.9719	6.418	
1333	16.18	10.225	8.207	15.578	9.0236	6.2824	
1334	16.177	10.22	8.2013	15.6	8.9906	6.2743	
1335	16.175	10.216	8.1957	15.55	9.0051	6.153	
1336	16.172	10.212	8.19	15.537	9.0374	6.3185	
1337	16.17	10.207	8.1844	15.618	8.9803	6.1591	
1338	16.167	10.203	8.1787	15.535	9.048	6.2468	
1339	16.165	10.199	8.1731	15.561	9.032	6.2708	
1340	16.162	10.194	8.1675	15.593	9.0077	6.1586	
1341	16.16	10.19	8.1619	15.666	8.8259	6.2786	
1342	16.158	10.186	8.1563	15.575	8.9248	6.4947	
1343	16.155	10.181	8.1507	15.64	9.0003	6.4568	
1344	16.153	10.177	8.1451	15.52	9.0383	6.2736	
1345	16.15	10.173	8.1395	15.567	9.1261	6.2256	
1346	16.148	10.169	8.134	15.405	8.8527	6.0078	
1347	16.145	10.164	8.1284	15.559	9.1196	5.8337	
1348	16.143	10.16	8.1229	15.504	9.1334	6.1728	
1349	16.141	10.156	8.1174	15.419	9.278	6.2167	
1350	16.138	10.152	8.1118	15.265	9.0644	6.2217	
1351	16.136	10.148	8.1063	15.503	8.9301	5.9253	
1352	16.133	10.143	8.1008	15.455	8.8241	6.3825	
1353	16.131	10.139	8.0953	15.547	8.3823	6.2501	
1354	16.129	10.135	8.0898	15.469	9.3073	6.3855	
1355	16.126	10.131	8.0843	15.712	8.773	5.6078	
1356	16.124	10.127	8.0789	15.648	9.1567	6.0752	
1357	16.122	10.122	8.0734	15.444	9.0441	6.2724	
1358	16.119	10.118	8.068	16.248	9.371	6.3795	
1359	16.117	10.114	8.0625	16.262	8.6908	6.918	
1426	15.97	9.8529	7.717	15.655	9.2987	6.337	
1427	15.968	9.8492	7.7121	15.544	8.6458	6.0444	
1428	15.966	9.8456	7.7072	15.394	8.841	5.6434	
1429	15.964	9.8419	7.7023	15.638	8.6618	5.8162	
1430	15.962	9.8383	7.6975	15.645	8.8034	5.8313	
1431	15.959	9.8347	7.6926	15.324	8.9254	6.1083	
1432	15.957	9.831	7.6878	15.558	8.5618	5.8907	
1433	15.955	9.8274	7.6829	15.35	8.5981	5.8503	
1434	15.953	9.8238	7.6781	15.504	8.9164	6.1849	
1435	15.951	9.8202	7.6733	15.523	8.856	5.7635	
1436	15.949	9.8166	7.6684	15.531	8.646	5.9371	
1437	15.947	9.813	7.6636	15.437	8.9074	5.8618	
1438	15.945	9.8094	7.6588	15.329	8.6594	5.9473	
1439	15.943	9.8058	7.654	15.448	8.7878	5.9026	
1440	15.941	9.8022	7.6493	15.332	8.7869	5.8234	
1441	15.939	9.7986	7.6445	15.418	8.6815	6.0523	
1442	15.937	9.7951	7.6397	15.471	8.6178	5.804	
1443	15.935	9.7915	7.6349	15.352	8.745	5.9607	
1444	15.933	9.788	7.6302	15.461	8.7728	5.754	
1445	15.932	9.7845	7.6254	15.33	8.7337	5.8418	
1446	15.93	9.7809	7.6207	15.463	8.6349	5.8148	
1447	15.928	9.7774	7.6159	15.435	8.7027	5.7187	
1448	15.926	9.7739	7.6112	15.418	8.6759	5.8657	
1449	15.924	9.7704	7.6065	15.369	8.7286	5.8616	
1450	15.922	9.7669	7.6018	15.389	8.7223	5.7667	
1451	15.92	9.7634	7.5971	15.439	8.6835	5.8613	
1452	15.918	9.7599	7.5924	15.461	8.7416	5.9121	
1453	15.916	9.7564	7.5877	15.432	8.7434	5.9344	
1454	15.914	9.7529	7.583	15.347	8.6775	5.7013	
1455	15.912	9.7494	7.5783	15.416	8.7501	5.778	
1456	15.91	9.7459	7.5736	15.442	8.7139	5.8162	
1457	15.908	9.7424	7.569	15.384	8.5911	5.8161	
1458	15.906	9.7389	7.5643	15.382	8.7003	5.8269	
1459	15.904	9.7355	7.5596	15.364	8.5653	5.7475	
1460	15.902	9.732	7.555	15.406	8.6329	5.8577	
1461	15.901	9.7286	7.5504	15.425	8.6263	5.8131	
1462	15.899	9.7252	7.5457	15.392	8.6402	5.8205	
1463	15.897	9.7218	7.5411	15.378	8.6426	5.7707	
1464	15.895	9.7183	7.5365	15.356	8.6674	5.7556	
1465	15.893	9.7149	7.5319	15.367	8.7009	5.7782	
1466	15.891	9.7115	7.5273	15.362	8.5979	5.8152	
1467	15.889	9.7081	7.5227	15.382	8.6242	5.8072	
1468	15.887	9.7047	7.5181	15.351	8.6378	5.7845	
1469	15.885	9.7013	7.5135	15.375	8.6157	5.7777	
1470	15.884	9.6979	7.5089	15.368	8.6027	5.7829	
1471	15.882	9.6945	7.5044	15.371	8.6274	5.7814	
1472	15.88	9.6911	7.4998	15.372	8.6286	5.7604	
1473	15.878	9.6878	7.4953	15.361	8.64	5.7729	
1474	15.876	9.6844	7.4907	15.364	8.6233	5.7729	
1475	15.874	9.681	7.4862	15.367	8.6216	5.7631	
1476	15.872	9.6777	7.4816	15.361	8.6167	5.7547	
1477	15.871	9.6743	7.4771	15.367	8.6407	5.7684	
1478	15.869	9.671	7.4726	15.372	8.6251	5.7501	
1479	15.867	9.6677	7.4681	15.364	8.6199	5.7574	
1480	15.865	9.6643	7.4636	15.365	8.6238	5.7479	
1481	15.863	9.661	7.4591	15.366	8.6113	5.7261	
1482	15.861	9.6577	7.4546	15.361	8.6283	5.7517	
1483	15.86	9.6544	7.4501	15.362	8.62	5.7472	
1484	15.858	9.6511	7.4456	15.378	8.6195	5.7384	
1485	15.856	9.6478	7.4411	15.355	8.6304	5.737	
1486	15.854	9.6445	7.4367	15.356	8.5946	5.6973	
1487	15.852	9.6412	7.4322	15.348	8.6228	5.7008	
1488	15.85	9.6379	7.4278	15.36	8.6145	5.7232	
1489	15.849	9.6346	7.4233	15.361	8.6151	5.7038	
1490	15.847	9.6313	7.4189	15.362	8.5895	5.747	
1491	15.845	9.6281	7.4144	15.345	8.6053	5.698	
1492	15.843	9.6248	7.41	15.351	8.5961	5.7165	
1493	15.841	9.6215	7.4056	15.341	8.5614	5.7088	
1494	15.84	9.6183	7.4012	15.341	8.5719	5.697	
1495	15.838	9.615	7.3968	15.332	8.5697	5.6877	
1496	15.836	9.6118	7.3924	15.36	8.6007	5.7053	
1497	15.834	9.6086	7.388	15.331	8.5842	5.694	
1498	15.833	9.6054	7.3836	15.364	8.5808	5.6957	
1499	15.831	9.6022	7.3792	15.346	8.5729	5.7135	
1500	15.829	9.5989	7.3748	15.338	8.5688	5.6944	
1501	15.827	9.5957	7.3705	15.324	8.5615	5.6481	
1502	15.826	9.5925	7.3661	15.341	8.5663	5.6767	
1503	15.824	9.5893	7.3617	15.337	8.5858	5.6658	
1504	15.822	9.5861	7.3574	15.331	8.5525	5.6375	
1505	15.82	9.5829	7.3531	15.336	8.5556	5.6753	
1506	15.819	9.5798	7.3487	15.327	8.5511	5.6423	
1507	15.817	9.5766	7.3444	15.311	8.5398	5.6658	
1508	15.815	9.5734	7.3401	15.308	8.5416	5.6703	
1509	15.813	9.5702	7.3358	15.345	8.5427	5.6533	
1510	15.812	9.5671	7.3314	15.333	8.5601	5.6374	
1511	15.81	9.5639	7.3271	15.339	8.555	5.6471	
1512	15.808	9.5607	7.3228	15.33	8.5822	5.6517	
1513	15.806	9.5576	7.3186	15.364	8.5032	5.6648	
1514	15.805	9.5545	7.3143	15.322	8.5396	5.6835	
1515	15.803	9.5513	7.31	15.295	8.5603	5.6483	
1516	15.801	9.5482	7.3057	15.318	8.5056	5.6522	
1517	15.8	9.5451	7.3014	15.315	8.5658	5.6102	
1518	15.798	9.542	7.2972	15.295	8.5482	5.6359	
1519	15.796	9.5389	7.2929	15.297	8.5464	5.6432	
1520	15.794	9.5358	7.2887	15.291	8.534	5.6375	
1521	15.793	9.5327	7.2844	15.314	8.4871	5.5673	
1522	15.791	9.5296	7.2802	15.294	8.5187	5.5965	
1523	15.789	9.5265	7.276	15.298	8.5355	5.6022	
1524	15.788	9.5234	7.2718	15.33	8.5488	5.6586	
1525	15.786	9.5203	7.2675	15.314	8.5414	5.6269	
1526	15.784	9.5172	7.2633	15.292	8.5151	5.6013	
1527	15.783	9.5142	7.2591	15.3	8.528	5.6024	
1528	15.781	9.5111	7.2549	15.288	8.5465	5.6141	
1529	15.779	9.508	7.2507	15.293	8.4942	5.5902	
1530	15.778	9.5049	7.2466	15.303	8.5058	5.6026	
1531	15.776	9.5019	7.2424	15.28	8.4914	5.604	
1532	15.774	9.4989	7.2382	15.308	8.4916	5.603	
1533	15.773	9.4958	7.234	15.284	8.4702	5.5967	
1534	15.771	9.4928	7.2299	15.305	8.4793	5.6376	
1535	15.769	9.4898	7.2257	15.298	8.4926	5.5712	
1536	15.768	9.4868	7.2216	15.276	8.4891	5.5791	
1537	15.766	9.4837	7.2174	15.283	8.4941	5.5846	
1538	15.764	9.4807	7.2133	15.277	8.5252	5.5789	
1539	15.763	9.4777	7.2091	15.294	8.4816	5.577	
1540	15.761	9.4747	7.205	15.287	8.4628	5.578	
1541	15.759	9.4717	7.2009	15.275	8.4525	5.5494	
1542	15.758	9.4687	7.1968	15.281	8.4651	5.5754	
1543	15.756	9.4657	7.1927	15.279	8.4722	5.544	
1544	15.755	9.4628	7.1886	15.282	8.4897	5.5788	
1545	15.753	9.4598	7.1845	15.263	8.493	5.5536	
1546	15.751	9.4568	7.1804	15.278	8.4662	5.5539	
1547	15.75	9.4538	7.1763	15.274	8.4734	5.5453	
1548	15.748	9.4509	7.1722	15.277	8.4642	5.5399	
1549	15.747	9.4479	7.1682	15.277	8.4838	5.5347	
1550	15.745	9.4449	7.1641	15.282	8.4621	5.5433	
1551	15.743	9.442	7.16	15.26	8.4848	5.5405	
1552	15.742	9.439	7.156	15.272	8.4641	5.5476	
1553	15.74	9.4361	7.1519	15.253	8.4528	5.5522	
1554	15.739	9.4332	7.1479	15.262	8.4672	5.5335	
1555	15.737	9.4303	7.1438	15.281	8.442	5.52	
1556	15.735	9.4274	7.1398	15.259	8.4567	5.5561	
1557	15.734	9.4244	7.1358	15.253	8.4481	5.5181	
1558	15.732	9.4215	7.1317	15.256	8.4504	5.5207	
1559	15.731	9.4186	7.1277	15.276	8.4324	5.4932	
1560	15.729	9.4157	7.1237	15.271	8.4614	5.517	
1561	15.728	9.4128	7.1197	15.28	8.463	5.5073	
1562	15.726	9.4099	7.1157	15.286	8.4263	5.5184	
1563	15.724	9.407	7.1117	15.246	8.4494	5.5213	
1564	15.723	9.4041	7.1077	15.253	8.4738	5.4959	
1565	15.721	9.4013	7.1038	15.26	8.475	5.4892	
1566	15.72	9.3984	7.0998	15.25	8.4211	5.471	
1567	15.718	9.3955	7.0958	15.272	8.4036	5.5013	
1568	15.717	9.3926	7.0919	15.254	8.4459	5.5132	
1569	15.715	9.3897	7.0879	15.273	8.4673	5.5183	
1570	15.713	9.3869	7.0839	15.258	8.4541	5.5109	
1571	15.712	9.384	7.08	15.251	8.43	5.5032	
1572	15.71	9.3812	7.0761	15.247	8.4216	5.516	
1573	15.709	9.3784	7.0721	15.253	8.4038	5.4898	
1574	15.707	9.3755	7.0682	15.271	8.4254	5.4739	
1575	15.706	9.3727	7.0643	15.231	8.4078	5.4942	
1576	15.704	9.3699	7.0603	15.249	8.3978	5.4296	
1577	15.703	9.3671	7.0564	15.217	8.3749	5.4756	
1578	15.701	9.3643	7.0525	15.237	8.4288	5.4607	
1579	15.7	9.3614	7.0486	15.228	8.4205	5.4795	
1580	15.698	9.3586	7.0447	15.239	8.3869	5.4487	
1581	15.697	9.3558	7.0408	15.234	8.4189	5.4105	
1582	15.695	9.353	7.0369	15.257	8.4008	5.48	
1583	15.694	9.3502	7.0331	15.226	8.4345	5.4544	
1584	15.692	9.3474	7.0292	15.259	8.3606	5.4227	
1585	15.691	9.3446	7.0253	15.244	8.4289	5.4566	
1586	15.689	9.3419	7.0214	15.233	8.3734	5.502	
1587	15.688	9.3391	7.0176	15.238	8.4237	5.4611	
1588	15.686	9.3363	7.0137	15.245	8.3774	5.3926	
1589	15.685	9.3335	7.0099	15.215	8.3875	5.4566	
1590	15.683	9.3307	7.006	15.228	8.3519	5.4219	
1591	15.682	9.328	7.0022	15.219	8.3652	5.442	
1592	15.68	9.3253	6.9984	15.22	8.4063	5.4059	
1593	15.679	9.3225	6.9945	15.242	8.3902	5.4055	
1594	15.677	9.3198	6.9907	15.227	8.3533	5.4718	
1595	15.676	9.317	6.9869	15.251	8.3693	5.388	
1596	15.674	9.3143	6.9831	15.218	8.396	5.4089	
1597	15.673	9.3116	6.9793	15.224	8.3787	5.4234	
1598	15.671	9.3089	6.9755	15.233	8.3674	5.3693	
1599	15.67	9.3061	6.9717	15.229	8.3583	5.4027	
1600	15.668	9.3034	6.9679	15.215	8.372	5.3582	
1601	15.667	9.3007	6.9641	15.245	8.3609	5.4297	
1602	15.666	9.298	6.9603	15.238	8.3485	5.3855	
1603	15.664	9.2953	6.9566	15.243	8.3307	5.3756	
1604	15.663	9.2926	6.9528	15.231	8.3665	5.3766	
1605	15.661	9.2899	6.949	15.219	8.355	5.4195	
1606	15.66	9.2872	6.9453	15.218	8.3515	5.381	
1607	15.658	9.2845	6.9415	15.236	8.3546	5.3807	
1608	15.657	9.2818	6.9378	15.198	8.3743	5.3834	
1609	15.655	9.2791	6.934	15.209	8.3542	5.3865	
1610	15.654	9.2764	6.9303	15.217	8.3669	5.3679	
1611	15.653	9.2738	6.9266	15.223	8.3448	5.3933	
1612	15.651	9.2711	6.9228	15.243	8.3307	5.3638	
1613	15.65	9.2685	6.9191	15.178	8.3644	5.3728	
1614	15.648	9.2658	6.9154	15.202	8.361	5.4227	
1615	15.647	9.2632	6.9117	15.227	8.3397	5.3958	
1616	15.645	9.2605	6.908	15.22	8.3127	5.3666	
1617	15.644	9.2579	6.9043	15.246	8.3553	5.3936	
1618	15.643	9.2553	6.9006	15.226	8.3236	5.3726	
1619	15.641	9.2526	6.8969	15.199	8.3466	5.3731	
1620	15.64	9.25	6.8932	15.181	8.3603	5.3781	
1621	15.638	9.2474	6.8895	15.208	8.3253	5.3494	
1622	15.637	9.2448	6.8858	15.178	8.3112	5.3902	
1623	15.636	9.2421	6.8822	15.171	8.3181	5.3343	
1624	15.634	9.2395	6.8785	15.213	8.3478	5.3601	
1625	15.633	9.2369	6.8748	15.221	8.3268	5.3138	
1626	15.631	9.2343	6.8712	15.189	8.3195	5.3457	
1627	15.63	9.2317	6.8675	15.194	8.2845	5.3273	
1628	15.629	9.2291	6.8639	15.187	8.3499	5.3401	
1629	15.627	9.2265	6.8602	15.19	8.342	5.3735	
1630	15.626	9.2239	6.8566	15.179	8.3391	5.3371	
1631	15.624	9.2213	6.853	15.173	8.3154	5.3855	
1632	15.623	9.2187	6.8493	15.186	8.35	5.3166	
1633	15.622	9.2161	6.8457	15.203	8.3497	5.3381	
1634	15.62	9.2136	6.8421	15.171	8.297	5.3258	
1635	15.619	9.211	6.8385	15.194	8.3312	5.3287	
1636	15.618	9.2085	6.8349	15.188	8.3212	5.3036	
1637	15.616	9.2059	6.8313	15.199	8.3059	5.3668	
1638	15.615	9.2034	6.8277	15.222	8.2801	5.3259	
1639	15.613	9.2008	6.8241	15.182	8.3194	5.2974	
1640	15.612	9.1983	6.8205	15.173	8.2818	5.3281	
1641	15.611	9.1957	6.8169	15.175	8.354	5.2891	
1642	15.609	9.1932	6.8133	15.205	8.2703	5.335	
1643	15.608	9.1907	6.8098	15.19	8.3112	5.2849	
1644	15.607	9.1881	6.8062	15.187	8.2906	5.3078	
1645	15.605	9.1856	6.8026	15.188	8.2927	5.329	
1646	15.604	9.1831	6.7991	15.208	8.31	5.2496	
1647	15.603	9.1805	6.7955	15.15	8.3281	5.3322	
1648	15.601	9.178	6.792	15.196	8.214	5.2562	
1649	15.6	9.1755	6.7884	15.203	8.3041	5.32	
1650	15.599	9.173	6.7849	15.183	8.3097	5.3172	
1651	15.597	9.1705	6.7814	15.183	8.2823	5.2789	
1652	15.596	9.168	6.7778	15.167	8.2903	5.2806	
1653	15.595	9.1655	6.7743	15.222	8.273	5.3132	
1654	15.593	9.163	6.7708	15.187	8.2721	5.3	
1655	15.592	9.1605	6.7673	15.181	8.3124	5.2674	
1656	15.591	9.158	6.7638	15.178	8.2858	5.2886	
1657	15.589	9.1556	6.7603	15.182	8.2736	5.2715	
1658	15.588	9.1531	6.7568	15.168	8.2909	5.2684	
1659	15.587	9.1506	6.7533	15.198	8.2389	5.2994	
1660	15.585	9.1482	6.7498	15.134	8.2013	5.3163	
1661	15.584	9.1457	6.7463	15.18	8.22	5.277	
1662	15.583	9.1433	6.7428	15.141	8.2754	5.2561	
1663	15.582	9.1408	6.7393	15.16	8.3068	5.3083	
1664	15.58	9.1384	6.7358	15.139	8.2076	5.1903	
1665	15.579	9.1359	6.7324	15.134	8.2768	5.2901	
1666	15.578	9.1335	6.7289	15.203	8.2376	5.2267	
1667	15.576	9.131	6.7254	15.116	8.178	5.2636	
1668	15.575	9.1286	6.722	15.094	8.2587	5.2816	
1669	15.574	9.1261	6.7185	15.177	8.2221	5.1642	
1670	15.572	9.1237	6.7151	15.177	8.3188	5.28	
1671	15.571	9.1213	6.7117	15.144	8.2985	5.1962	
1672	15.57	9.1189	6.7082	15.205	8.2434	5.1552	
1673	15.569	9.1164	6.7048	15.194	8.2671	5.2595	
1674	15.567	9.114	6.7014	15.196	8.273	5.2443	
1675	15.566	9.1116	6.6979	15.123	8.1082	5.2754	
1676	15.565	9.1092	6.6945	15.177	8.2951	5.2414	
1677	15.563	9.1068	6.6911	15.141	8.2686	5.3115	
1678	15.562	9.1044	6.6877	15.131	8.1656	5.2901	
1679	15.561	9.102	6.6843	15.153	8.2106	5.2576	
1680	15.56	9.0996	6.6809	15.136	8.2649	5.3272	
1681	15.558	9.0972	6.6775	15.15	8.3289	5.2473	
1682	15.557	9.0949	6.6741	15.105	8.2398	5.2015	
1683	15.556	9.0925	6.6707	15.132	8.2922	5.1972	
1684	15.555	9.0901	6.6673	15.112	8.2552	5.3479	
1685	15.553	9.0877	6.664	15.14	8.0623	5.0309	
1686	15.552	9.0854	6.6606	15.254	8.287	5.2897	
1687	15.551	9.083	6.6572	15.066	8.3556	5.4453	
1688	15.55	9.0807	6.6539	15.075	8.27	5.2045	
1689	15.548	9.0783	6.6505	15.151	8.2085	5.0922	
1690	15.547	9.0759	6.6471	15.044	8.425	5.2279	
1691	15.546	9.0736	6.6438	15.226	8.1621	5.1941	
1692	15.545	9.0712	6.6404	15.228	8.4692	5.2754	
1693	15.543	9.0689	6.6371	14.99	8.3545	5.5722	
1694	15.542	9.0665	6.6338	14.9	8.082	5.2263	
1695	15.541	9.0642	6.6304	15.192	8.4939	5.4261	
1696	15.54	9.0619	6.6271	15.082	8.2301	5.4347	
1697	15.538	9.0595	6.6238	15.142	8.3357	5.437	
1698	15.537	9.0572	6.6205	14.719	8.2576	4.9981	
1699	15.536	9.0549	6.6172	14.916	8.6842	5.3629	
1700	15.535	9.0526	6.6138	14.932	8.1696	5.1826	
