	65	70	75	65	70	75	
300	42.863	42.726	42.841	37.511	37.209	37.514	
301	42.718	42.58	42.708	37.295	36.907	37.453	
302	42.577	42.438	42.579	37.087	36.772	37.279	
303	42.439	42.299	42.453	37.019	36.553	37.024	
304	42.304	42.163	42.33	36.99	36.489	37.052	
305	42.172	42.031	42.211	36.884	36.423	36.867	
306	42.043	41.902	42.093	36.614	36.185	36.77	
307	41.916	41.775	41.978	36.511	36.277	36.641	
308	41.792	41.651	41.866	36.334	36.128	36.541	
309	41.671	41.529	41.755	36.365	35.959	36.377	
310	41.551	41.409	41.647	36.171	35.873	36.379	
311	41.434	41.292	41.54	36.159	35.715	36.319	
312	41.32	41.176	41.435	36.209	35.719	36.207	
313	41.207	41.063	41.332	35.89	35.526	36.139	
314	41.096	40.951	41.23	35.955	35.547	35.953	
315	40.987	40.842	41.13	35.892	35.364	35.909	
316	40.879	40.734	41.031	35.798	35.418	35.815	
317	40.774	40.627	40.934	35.661	35.298	35.754	
318	40.67	40.522	40.838	35.561	35.153	35.59	
319	40.568	40.419	40.743	35.518	35.053	35.611	
320	40.468	40.318	40.649	35.535	35.035	35.459	
321	40.369	40.217	40.557	35.427	34.977	35.375	
322	40.272	40.119	40.466	35.393	34.901	35.332	
323	40.177	40.021	40.376	35.355	34.78	35.278	
324	40.083	39.926	40.287	35.23	34.786	35.152	
325	39.991	39.831	40.199	35.241	34.578	35.091	
326	39.9	39.738	40.112	35.155	34.568	35.032	
327	39.811	39.647	40.027	35.062	34.546	34.927	
328	39.723	39.557	39.942	35.028	34.498	34.847	
329	39.637	39.468	39.859	34.999	34.432	34.774	
330	39.553	39.381	39.777	35.011	34.459	34.767	
331	39.471	39.295	39.696	34.888	34.365	34.712	
332	39.39	39.211	39.616	34.842	34.23	34.555	
333	39.31	39.129	39.538	34.885	34.182	34.577	
334	39.233	39.048	39.46	34.798	34.161	34.525	
335	39.157	38.968	39.385	34.731	34.097	34.447	
336	39.083	38.89	39.31	34.609	34.041	34.358	
337	39.011	38.814	39.237	34.687	34.006	34.353	
338	38.941	38.74	39.165	34.632	33.962	34.303	
339	38.873	38.668	39.095	34.529	33.832	34.23	
340	38.807	38.597	39.026	34.579	33.724	34.179	
341	38.742	38.528	38.958	34.486	33.766	34.165	
342	38.68	38.461	38.892	34.466	33.725	34.1	
343	38.62	38.397	38.828	34.549	33.733	34.023	
344	38.563	38.334	38.766	34.521	33.702	33.95	
345	38.507	38.273	38.705	34.424	33.661	33.933	
346	38.454	38.215	38.646	34.455	33.622	33.892	
347	38.404	38.159	38.589	34.458	33.593	33.865	
348	38.356	38.105	38.533	34.377	33.616	33.812	
349	38.311	38.054	38.48	34.389	33.625	33.81	
350	38.269	38.006	38.43	34.388	33.625	33.767	
351	38.231	37.961	38.381	34.35	33.524	33.743	
352	38.195	37.919	38.336	34.396	33.574	33.8	
353	38.164	37.88	38.292	34.351	33.52	33.614	
354	38.136	37.845	38.252	34.458	33.583	33.722	
355	38.111	37.812	38.213	34.599	33.444	33.575	
356	38.09	37.782	38.176	34.579	33.535	33.58	
357	38.071	37.754	38.14	34.514	33.694	33.653	
358	38.052	37.726	38.102	34.45	33.599	33.561	
359	38.033	37.695	38.062	34.557	33.626	33.604	
360	38.01	37.661	38.016	34.568	33.602	33.533	
361	37.982	37.619	37.962	34.519	33.534	33.614	
362	37.946	37.567	37.898	34.468	33.471	33.318	
363	37.899	37.504	37.82	34.502	33.373	33.27	
364	37.839	37.425	37.728	34.485	33.406	33.141	
365	37.765	37.332	37.62	34.48	33.239	33.257	
366	37.676	37.222	37.496	34.43	33.18	32.916	
367	37.572	37.095	37.355	34.217	33.026	32.627	
368	37.453	36.953	37.199	34.2	33.006	32.484	
369	37.32	36.795	37.028	34.034	32.568	32.257	
370	37.174	36.624	36.843	33.841	32.395	31.955	
371	37.019	36.442	36.649	33.737	32.227	31.762	
372	36.855	36.252	36.447	33.555	32.089	31.437	
373	36.685	36.056	36.239	33.39	31.779	31.262	
374	36.511	35.855	36.028	33.076	31.523	30.992	
375	36.334	35.652	35.815	32.972	31.289	30.557	
376	36.155	35.447	35.6	32.744	31.026	30.281	
377	35.975	35.243	35.387	32.512	30.758	29.935	
378	35.796	35.039	35.174	32.361	30.452	29.755	
379	35.619	34.837	34.965	32.152	30.302	29.525	
380	35.443	34.638	34.759	31.847	30.094	29.22	
381	35.269	34.441	34.556	31.78	29.805	28.874	
382	35.097	34.247	34.356	31.618	29.702	28.718	
383	34.928	34.056	34.159	31.407	29.37	28.494	
384	34.761	33.868	33.965	31.178	29.194	28.195	
385	34.598	33.684	33.776	31.074	29.021	28.069	
386	34.438	33.504	33.593	30.864	28.789	27.848	
387	34.281	33.328	33.413	30.652	28.633	27.637	
388	34.128	33.155	33.236	30.583	28.41	27.476	
389	33.977	32.986	33.064	30.461	28.307	27.256	
390	33.829	32.821	32.896	30.26	28.108	27.05	
391	33.686	32.661	32.733	30.191	27.915	26.895	
392	33.547	32.505	32.575	29.981	27.735	26.665	
393	33.411	32.353	32.421	29.878	27.587	26.582	
394	33.278	32.204	32.27	29.682	27.397	26.4	
395	33.148	32.059	32.123	29.63	27.355	26.298	
396	33.022	31.918	31.981	29.422	27.142	26.077	
397	32.9	31.781	31.842	29.335	27.036	25.925	
398	32.78	31.647	31.706	29.275	26.882	25.776	
399	32.663	31.516	31.573	29.093	26.69	25.637	
400	32.549	31.387	31.443	29.072	26.6	25.423	
401	32.438	31.263	31.317	28.922	26.451	25.337	
402	32.329	31.141	31.193	28.768	26.379	25.181	
403	32.222	31.02	31.07	28.682	26.196	25.041	
404	32.117	30.902	30.95	28.573	26.143	24.894	
405	32.014	30.786	30.832	28.511	25.929	24.83	
406	31.914	30.672	30.716	28.418	25.831	24.647	
407	31.814	30.56	30.601	28.306	25.691	24.585	
408	31.716	30.449	30.487	28.204	25.67	24.441	
409	31.62	30.339	30.375	28.091	25.533	24.21	
410	31.525	30.232	30.264	28.031	25.423	24.179	
411	31.431	30.125	30.155	27.868	25.362	24.088	
412	31.338	30.019	30.046	27.819	25.199	23.977	
413	31.247	29.914	29.939	27.751	25.068	23.815	
414	31.156	29.811	29.832	27.647	25.046	23.779	
415	31.066	29.708	29.726	27.567	24.906	23.666	
416	30.978	29.607	29.622	27.436	24.81	23.564	
417	30.89	29.507	29.518	27.395	24.667	23.442	
418	30.803	29.407	29.415	27.242	24.576	23.314	
419	30.717	29.308	29.313	27.24	24.539	23.278	
420	30.632	29.21	29.212	27.177	24.391	23.051	
421	30.548	29.114	29.112	26.993	24.277	23.05	
422	30.464	29.017	29.012	27.016	24.164	22.99	
423	30.381	28.922	28.913	26.934	24.088	22.879	
424	30.299	28.827	28.816	26.867	24.049	22.714	
425	30.218	28.734	28.718	26.755	23.89	22.644	
426	30.137	28.64	28.622	26.651	23.86	22.58	
427	30.057	28.548	28.526	26.553	23.755	22.538	
428	29.978	28.457	28.431	26.479	23.663	22.372	
429	29.9	28.366	28.337	26.519	23.569	22.282	
430	29.822	28.276	28.243	26.369	23.426	22.284	
431	29.745	28.187	28.151	26.264	23.503	22.162	
432	29.668	28.098	28.058	26.276	23.311	21.984	
433	29.593	28.01	27.967	26.141	23.339	21.941	
434	29.517	27.923	27.876	26.086	23.175	21.795	
435	29.443	27.836	27.786	26.006	23.033	21.804	
436	29.369	27.75	27.697	25.973	22.899	21.543	
437	29.296	27.665	27.608	25.893	22.922	21.617	
438	29.223	27.58	27.52	25.872	22.893	21.469	
439	29.151	27.497	27.433	25.71	22.818	21.435	
440	29.079	27.413	27.346	25.695	22.639	21.343	
441	29.009	27.331	27.26	25.63	22.648	21.261	
442	28.938	27.249	27.175	25.588	22.648	21.104	
443	28.869	27.167	27.09	25.507	22.442	21.184	
444	28.8	27.087	27.006	25.556	22.424	20.985	
445	28.731	27.007	26.923	25.392	22.277	20.91	
446	28.663	26.927	26.84	25.234	22.293	20.863	
447	28.596	26.849	26.758	25.292	22.112	20.749	
448	28.529	26.77	26.676	25.195	22.141	20.723	
449	28.462	26.693	26.595	25.183	22.026	20.627	
450	28.397	26.616	26.515	25.118	21.916	20.654	
451	28.331	26.539	26.435	25.118	21.857	20.554	
452	28.267	26.463	26.356	25.026	21.784	20.444	
453	28.203	26.388	26.277	24.922	21.755	20.443	
454	28.139	26.313	26.199	24.835	21.684	20.273	
455	28.076	26.239	26.122	24.769	21.671	20.279	
456	28.013	26.165	26.044	24.72	21.58	20.095	
457	27.951	26.093	25.968	24.709	21.546	20.092	
458	27.89	26.02	25.893	24.66	21.441	20.062	
459	27.829	25.948	25.817	24.663	21.481	19.975	
460	27.768	25.877	25.743	24.545	21.331	19.906	
461	27.708	25.806	25.669	24.62	21.233	19.818	
462	27.648	25.736	25.595	24.431	21.183	19.772	
463	27.589	25.666	25.522	24.46	21.21	19.722	
464	27.531	25.596	25.45	24.327	21.031	19.609	
465	27.472	25.528	25.378	24.36	21.017	19.608	
466	27.415	25.459	25.306	24.267	20.954	19.454	
467	27.357	25.392	25.235	24.206	20.854	19.484	
468	27.3	25.324	25.165	24.17	20.799	19.396	
469	27.244	25.258	25.095	24.092	20.77	19.34	
470	27.188	25.191	25.026	24.061	20.699	19.193	
471	27.133	25.126	24.957	24.012	20.652	19.217	
472	27.078	25.06	24.888	23.934	20.679	19.142	
473	27.023	24.995	24.82	23.947	20.517	19.035	
474	26.969	24.931	24.753	23.908	20.509	19.076	
475	26.915	24.867	24.686	23.846	20.472	18.955	
476	26.862	24.804	24.619	23.824	20.439	18.928	
477	26.809	24.741	24.553	23.74	20.279	18.806	
478	26.757	24.678	24.488	23.684	20.28	18.775	
479	26.705	24.616	24.422	23.667	20.197	18.72	
480	26.653	24.555	24.358	23.599	20.142	18.638	
481	26.602	24.493	24.293	23.572	20.093	18.615	
482	26.551	24.432	24.229	23.495	20.1	18.561	
483	26.501	24.372	24.166	23.543	20.037	18.524	
484	26.45	24.312	24.103	23.447	19.952	18.437	
485	26.401	24.253	24.04	23.405	19.904	18.479	
486	26.351	24.193	23.978	23.388	19.787	18.36	
487	26.302	24.135	23.916	23.308	19.783	18.254	
488	26.254	24.076	23.855	23.318	19.714	18.213	
489	26.206	24.019	23.794	23.228	19.691	18.178	
490	26.158	23.961	23.733	23.239	19.606	18.185	
491	26.11	23.904	23.673	23.162	19.598	18.078	
492	26.063	23.847	23.613	23.125	19.513	18.036	
493	26.016	23.791	23.553	23.098	19.505	17.975	
494	25.97	23.735	23.494	23.049	19.475	17.976	
495	25.924	23.679	23.436	23.039	19.452	17.877	
496	25.878	23.624	23.377	22.991	19.38	17.876	
497	25.832	23.569	23.319	22.952	19.303	17.874	
498	25.787	23.514	23.261	22.922	19.281	17.787	
499	25.742	23.46	23.204	22.888	19.204	17.73	
500	25.698	23.406	23.147	22.873	19.164	17.653	
501	25.654	23.353	23.091	22.799	19.155	17.607	
502	25.61	23.299	23.034	22.748	19.072	17.553	
503	25.566	23.247	22.978	22.745	19.08	17.515	
504	25.523	23.194	22.922	22.67	18.989	17.461	
505	25.48	23.142	22.867	22.66	18.966	17.426	
506	25.437	23.09	22.812	22.59	18.9	17.357	
507	25.395	23.038	22.757	22.573	18.858	17.36	
508	25.353	22.987	22.703	22.544	18.831	17.264	
509	25.311	22.936	22.649	22.54	18.784	17.234	
510	25.269	22.885	22.595	22.464	18.744	17.185	
511	25.228	22.835	22.542	22.441	18.672	17.172	
512	25.187	22.785	22.488	22.411	18.653	17.095	
513	25.147	22.735	22.436	22.38	18.604	17.039	
514	25.106	22.686	22.383	22.329	18.581	17.008	
515	25.066	22.637	22.331	22.323	18.521	16.956	
516	25.026	22.588	22.279	22.272	18.488	16.925	
517	24.986	22.539	22.227	22.233	18.453	16.889	
518	24.947	22.491	22.175	22.213	18.429	16.8	
519	24.908	22.443	22.124	22.156	18.383	16.8	
520	24.869	22.395	22.073	22.155	18.329	16.783	
521	24.83	22.348	22.022	22.107	18.281	16.705	
522	24.792	22.3	21.972	22.082	18.236	16.682	
523	24.754	22.253	21.922	22.044	18.197	16.633	
524	24.716	22.207	21.872	22.008	18.175	16.576	
525	24.678	22.16	21.822	21.973	18.11	16.541	
526	24.641	22.114	21.773	21.948	18.101	16.479	
527	24.604	22.068	21.724	21.919	18.041	16.467	
528	24.567	22.022	21.675	21.871	18.015	16.444	
529	24.53	21.977	21.626	21.848	17.935	16.346	
530	24.494	21.932	21.578	21.807	17.963	16.332	
531	24.457	21.887	21.529	21.787	17.894	16.282	
532	24.421	21.842	21.481	21.792	17.872	16.249	
533	24.386	21.798	21.434	21.715	17.836	16.21	
534	24.35	21.753	21.386	21.688	17.765	16.173	
535	24.314	21.709	21.339	21.675	17.736	16.118	
536	24.279	21.665	21.292	21.642	17.728	16.071	
537	24.244	21.622	21.245	21.635	17.67	16.051	
538	24.209	21.578	21.199	21.595	17.649	16.008	
539	24.175	21.535	21.152	21.569	17.626	15.99	
540	24.14	21.492	21.106	21.55	17.587	15.938	
541	24.106	21.45	21.06	21.51	17.537	15.923	
542	24.072	21.407	21.014	21.482	17.509	15.858	
543	24.038	21.365	20.969	21.476	17.461	15.814	
544	24.005	21.323	20.924	21.431	17.422	15.773	
545	23.971	21.281	20.879	21.41	17.437	15.761	
546	23.938	21.239	20.834	21.352	17.352	15.71	
547	23.905	21.198	20.789	21.367	17.317	15.707	
548	23.872	21.157	20.745	21.329	17.285	15.648	
549	23.84	21.116	20.7	21.326	17.238	15.622	
550	23.807	21.075	20.656	21.261	17.228	15.591	
551	23.775	21.034	20.612	21.239	17.193	15.54	
552	23.743	20.994	20.569	21.241	17.157	15.508	
553	23.711	20.954	20.525	21.207	17.129	15.477	
554	23.679	20.914	20.482	21.168	17.077	15.44	
555	23.647	20.874	20.439	21.16	17.056	15.395	
556	23.616	20.834	20.396	21.131	17.016	15.362	
557	23.585	20.795	20.353	21.103	16.947	15.317	
558	23.554	20.755	20.311	21.084	16.962	15.3	
559	23.523	20.716	20.269	21.046	16.928	15.278	
560	23.492	20.677	20.227	21.019	16.886	15.228	
561	23.461	20.639	20.185	21.007	16.84	15.186	
562	23.431	20.6	20.143	21	16.812	15.184	
563	23.401	20.562	20.101	20.961	16.801	15.133	
564	23.371	20.524	20.06	20.944	16.75	15.126	
565	23.341	20.486	20.019	20.9	16.721	15.064	
566	23.311	20.448	19.978	20.879	16.684	15.074	
567	23.281	20.41	19.937	20.845	16.66	15.01	
568	23.252	20.373	19.896	20.818	16.626	14.969	
569	23.223	20.336	19.856	20.805	16.591	14.939	
570	23.194	20.299	19.816	20.791	16.566	14.891	
571	23.165	20.262	19.775	20.756	16.54	14.877	
572	23.136	20.225	19.735	20.734	16.528	14.866	
573	23.107	20.188	19.696	20.719	16.489	14.815	
574	23.079	20.152	19.656	20.685	16.473	14.755	
575	23.05	20.116	19.617	20.662	16.434	14.74	
576	23.022	20.079	19.577	20.631	16.404	14.719	
577	22.994	20.043	19.538	20.644	16.385	14.694	
578	22.966	20.008	19.499	20.618	16.331	14.681	
579	22.938	19.972	19.46	20.576	16.316	14.62	
580	22.911	19.937	19.422	20.577	16.277	14.621	
581	22.883	19.901	19.383	20.535	16.251	14.584	
582	22.856	19.866	19.345	20.524	16.22	14.522	
583	22.828	19.831	19.307	20.504	16.18	14.507	
584	22.801	19.796	19.269	20.492	16.17	14.517	
585	22.774	19.762	19.231	20.442	16.155	14.449	
586	22.748	19.727	19.193	20.431	16.123	14.417	
587	22.721	19.693	19.156	20.436	16.098	14.362	
588	22.694	19.659	19.118	20.408	16.07	14.357	
589	22.668	19.625	19.081	20.364	16.041	14.332	
590	22.642	19.591	19.044	20.345	16.005	14.287	
591	22.615	19.557	19.007	20.333	15.99	14.25	
592	22.589	19.523	18.971	20.31	15.918	14.221	
593	22.564	19.49	18.934	20.296	15.969	14.198	
594	22.538	19.457	18.897	20.283	15.892	14.209	
595	22.512	19.423	18.861	20.24	15.88	14.155	
596	22.487	19.39	18.825	20.22	15.879	14.124	
597	22.461	19.357	18.789	20.21	15.839	14.089	
598	22.436	19.325	18.753	20.202	15.8	14.07	
599	22.411	19.292	18.717	20.184	15.748	14.033	
600	22.386	19.26	18.682	20.146	15.774	14.024	
601	22.361	19.227	18.646	20.111	15.734	13.982	
602	22.336	19.195	18.611	20.089	15.676	13.946	
603	22.312	19.163	18.576	20.073	15.681	13.918	
604	22.287	19.131	18.541	20.062	15.645	13.915	
605	22.262	19.099	18.506	20.041	15.608	13.859	
606	22.238	19.068	18.471	20.03	15.616	13.815	
607	22.214	19.036	18.437	19.998	15.592	13.779	
608	22.19	19.005	18.402	20.014	15.535	13.804	
609	22.166	18.973	18.368	19.982	15.547	13.748	
610	22.142	18.942	18.334	19.959	15.505	13.733	
611	22.118	18.911	18.299	19.939	15.468	13.708	
612	22.095	18.88	18.266	19.937	15.48	13.705	
613	22.071	18.85	18.232	19.905	15.44	13.625	
614	22.048	18.819	18.198	19.873	15.416	13.633	
615	22.025	18.789	18.165	19.872	15.373	13.599	
616	22.002	18.758	18.131	19.848	15.366	13.567	
617	21.978	18.728	18.098	19.833	15.339	13.548	
618	21.956	18.698	18.065	19.81	15.324	13.544	
619	21.933	18.668	18.032	19.793	15.289	13.484	
620	21.91	18.638	17.999	19.769	15.26	13.464	
621	21.887	18.608	17.966	19.744	15.245	13.463	
622	21.865	18.579	17.933	19.758	15.223	13.435	
623	21.842	18.549	17.901	19.727	15.19	13.375	
624	21.82	18.52	17.868	19.705	15.17	13.372	
625	21.798	18.491	17.836	19.678	15.168	13.392	
626	21.776	18.461	17.804	19.681	15.12	13.311	
627	21.754	18.432	17.772	19.667	15.098	13.304	
628	21.732	18.403	17.74	19.638	15.06	13.283	
629	21.71	18.375	17.708	19.635	15.075	13.294	
630	21.688	18.346	17.677	19.57	15.013	13.233	
631	21.667	18.317	17.645	19.565	15.066	13.236	
632	21.645	18.289	17.614	19.575	15.011	13.141	
633	21.624	18.261	17.582	19.564	14.965	13.12	
634	21.603	18.232	17.551	19.51	14.954	13.069	
635	21.581	18.204	17.52	19.493	14.942	13.106	
636	21.56	18.176	17.489	19.49	14.951	13.106	
637	21.539	18.148	17.458	19.498	14.872	13.056	
638	21.518	18.121	17.428	19.454	14.846	13.046	
639	21.497	18.093	17.397	19.459	14.818	13.027	
640	21.477	18.065	17.366	19.425	14.799	13.018	
641	21.456	18.038	17.336	19.452	14.778	12.939	
642	21.435	18.011	17.306	19.402	14.772	12.986	
643	21.415	17.983	17.276	19.387	14.721	12.945	
644	21.395	17.956	17.246	19.404	14.727	12.899	
645	21.374	17.929	17.216	19.385	14.71	12.869	
646	21.354	17.902	17.186	19.341	14.67	12.857	
647	21.334	17.875	17.156	19.34	14.697	12.832	
648	21.314	17.849	17.126	19.298	14.644	12.833	
649	21.294	17.822	17.097	19.29	14.633	12.793	
650	21.274	17.796	17.068	19.268	14.571	12.757	
651	21.255	17.769	17.038	19.249	14.593	12.771	
652	21.235	17.743	17.009	19.245	14.544	12.718	
653	21.215	17.717	16.98	19.224	14.556	12.69	
654	21.196	17.691	16.951	19.213	14.505	12.636	
655	21.176	17.665	16.922	19.188	14.528	12.643	
656	21.157	17.639	16.893	19.173	14.551	12.655	
657	21.138	17.613	16.865	19.182	14.495	12.58	
658	21.119	17.587	16.836	19.145	14.451	12.585	
659	21.1	17.562	16.808	19.135	14.393	12.576	
660	21.081	17.536	16.779	19.131	14.406	12.557	
661	21.062	17.511	16.751	19.149	14.366	12.521	
662	21.043	17.485	16.723	19.141	14.38	12.487	
663	21.024	17.46	16.695	19.085	14.354	12.478	
664	21.006	17.435	16.667	19.067	14.358	12.46	
665	20.987	17.41	16.639	19.05	14.329	12.422	
666	20.968	17.385	16.611	19.037	14.283	12.4	
667	20.95	17.36	16.584	19.049	14.264	12.403	
668	20.932	17.335	16.556	19.03	14.28	12.379	
669	20.913	17.311	16.529	19.015	14.24	12.357	
670	20.895	17.286	16.501	18.996	14.227	12.341	
671	20.877	17.262	16.474	18.983	14.189	12.272	
672	20.859	17.237	16.447	18.968	14.151	12.307	
673	20.841	17.213	16.42	18.924	14.153	12.286	
674	20.823	17.189	16.393	18.939	14.161	12.278	
675	20.805	17.165	16.366	18.916	14.153	12.296	
676	20.788	17.141	16.339	18.918	14.072	12.203	
677	20.77	17.117	16.312	18.905	14.111	12.199	
678	20.752	17.093	16.286	18.877	14.073	12.219	
679	20.735	17.069	16.259	18.874	14.028	12.143	
680	20.718	17.046	16.233	18.865	14.013	12.153	
681	20.7	17.022	16.206	18.846	13.999	12.088	
682	20.683	16.998	16.18	18.845	14.005	12.109	
683	20.666	16.975	16.154	18.808	13.954	12.072	
684	20.649	16.952	16.128	18.784	13.945	12.093	
685	20.631	16.928	16.102	18.793	13.961	12.052	
686	20.615	16.905	16.076	18.775	13.924	12.002	
687	20.598	16.882	16.05	18.777	13.89	11.991	
688	20.581	16.859	16.024	18.772	13.868	11.962	
689	20.564	16.836	15.999	18.761	13.903	11.957	
690	20.547	16.813	15.973	18.716	13.875	11.965	
691	20.531	16.791	15.948	18.724	13.843	11.91	
692	20.514	16.768	15.922	18.709	13.782	11.94	
693	20.497	16.745	15.897	18.696	13.781	11.891	
694	20.481	16.723	15.872	18.682	13.775	11.898	
695	20.465	16.701	15.847	18.653	13.738	11.859	
696	20.448	16.678	15.822	18.654	13.704	11.854	
697	20.432	16.656	15.797	18.647	13.742	11.818	
698	20.416	16.634	15.772	18.656	13.697	11.76	
699	20.4	16.612	15.747	18.615	13.678	11.745	
700	20.384	16.59	15.722	18.603	13.714	11.763	
701	20.368	16.568	15.698	18.616	13.601	11.754	
702	20.352	16.546	15.673	18.605	13.677	11.742	
703	20.336	16.524	15.649	18.55	13.664	11.695	
704	20.32	16.502	15.624	18.548	13.616	11.689	
705	20.304	16.481	15.6	18.593	13.586	11.663	
706	20.289	16.459	15.576	18.539	13.595	11.627	
707	20.273	16.438	15.552	18.519	13.587	11.625	
708	20.258	16.416	15.528	18.499	13.513	11.634	
709	20.242	16.395	15.504	18.52	13.555	11.58	
710	20.227	16.374	15.48	18.509	13.487	11.628	
711	20.212	16.352	15.456	18.491	13.491	11.511	
712	20.196	16.331	15.432	18.46	13.43	11.505	
713	20.181	16.31	15.409	18.443	13.501	11.532	
714	20.166	16.289	15.385	18.434	13.419	11.487	
715	20.151	16.268	15.362	18.397	13.433	11.469	
716	20.136	16.248	15.338	18.418	13.356	11.374	
717	20.121	16.227	15.315	18.408	13.398	11.468	
718	20.106	16.206	15.292	18.389	13.347	11.371	
719	20.091	16.186	15.268	18.416	13.365	11.461	
720	20.076	16.165	15.245	18.332	13.336	11.414	
721	20.061	16.145	15.222	18.377	13.311	11.389	
722	20.047	16.124	15.199	18.373	13.341	11.365	
723	20.032	16.104	15.176	18.316	13.339	11.362	
724	20.017	16.084	15.154	18.348	13.267	11.357	
725	20.003	16.063	15.131	18.293	13.366	11.278	
726	19.988	16.043	15.108	18.343	13.2	11.279	
727	19.974	16.023	15.086	18.3	13.25	11.255	
728	19.96	16.003	15.063	18.318	13.194	11.255	
729	19.945	15.983	15.041	18.272	13.178	11.254	
730	19.931	15.964	15.018	18.26	13.183	11.173	
731	19.917	15.944	14.996	18.22	13.167	11.208	
732	19.903	15.924	14.974	18.247	13.116	11.197	
733	19.889	15.904	14.951	18.236	13.152	11.165	
734	19.875	15.885	14.929	18.263	13.117	11.143	
735	19.861	15.865	14.907	18.212	13.131	11.119	
736	19.847	15.846	14.885	18.211	13.114	11.12	
737	19.833	15.827	14.863	18.221	13.084	11.153	
738	19.819	15.807	14.842	18.175	13.091	11.076	
739	19.806	15.788	14.82	18.168	13.067	11.094	
740	19.792	15.769	14.798	18.198	13.06	11.074	
741	19.778	15.75	14.777	18.146	13.012	11.072	
742	19.765	15.731	14.755	18.159	13.021	11.016	
743	19.751	15.712	14.734	18.16	13.027	10.987	
744	19.738	15.693	14.712	18.128	13	11.023	
745	19.724	15.674	14.691	18.098	13.023	11.013	
746	19.711	15.655	14.669	18.113	12.97	10.981	
747	19.697	15.636	14.648	18.112	13.001	10.944	
748	19.684	15.618	14.627	18.09	12.967	10.93	
749	19.671	15.599	14.606	18.087	12.928	10.902	
750	19.658	15.581	14.585	18.026	12.909	10.938	
751	19.645	15.562	14.564	18.064	12.892	10.873	
752	19.631	15.544	14.543	18.016	12.923	10.846	
753	19.618	15.525	14.522	18.042	12.881	10.845	
754	19.605	15.507	14.502	18.033	12.862	10.87	
755	19.593	15.489	14.481	17.998	12.896	10.794	
756	19.58	15.47	14.46	18.017	12.83	10.84	
757	19.567	15.452	14.44	18.016	12.778	10.837	
758	19.554	15.434	14.419	17.993	12.814	10.794	
759	19.541	15.416	14.399	17.991	12.817	10.766	
760	19.529	15.398	14.378	17.965	12.743	10.723	
761	19.516	15.38	14.358	17.94	12.757	10.727	
762	19.503	15.363	14.338	17.968	12.744	10.685	
763	19.491	15.345	14.318	17.942	12.757	10.67	
764	19.478	15.327	14.297	17.942	12.75	10.703	
765	19.466	15.309	14.277	17.928	12.723	10.649	
766	19.453	15.292	14.257	17.945	12.732	10.659	
767	19.441	15.274	14.237	17.932	12.689	10.658	
768	19.429	15.257	14.218	17.898	12.676	10.604	
769	19.416	15.239	14.198	17.901	12.684	10.63	
770	19.404	15.222	14.178	17.88	12.632	10.573	
771	19.392	15.205	14.158	17.839	12.621	10.567	
772	19.38	15.187	14.139	17.837	12.664	10.567	
773	19.368	15.17	14.119	17.851	12.613	10.567	
774	19.356	15.153	14.099	17.831	12.605	10.51	
775	19.344	15.136	14.08	17.81	12.584	10.517	
776	19.332	15.119	14.061	17.872	12.563	10.49	
777	19.32	15.102	14.041	17.813	12.541	10.499	
778	19.308	15.085	14.022	17.814	12.507	10.516	
779	19.296	15.068	14.003	17.771	12.515	10.473	
780	19.284	15.051	13.983	17.769	12.529	10.484	
781	19.273	15.034	13.964	17.816	12.552	10.405	
782	19.261	15.018	13.945	17.788	12.453	10.414	
783	19.249	15.001	13.926	17.766	12.44	10.413	
784	19.238	14.984	13.907	17.747	12.468	10.369	
785	19.226	14.968	13.888	17.727	12.424	10.347	
786	19.214	14.951	13.87	17.72	12.435	10.349	
787	19.203	14.935	13.851	17.725	12.412	10.345	
788	19.191	14.918	13.832	17.722	12.394	10.324	
789	19.18	14.902	13.813	17.703	12.376	10.317	
790	19.169	14.886	13.795	17.705	12.403	10.277	
791	19.157	14.87	13.776	17.675	12.368	10.278	
792	19.146	14.853	13.758	17.689	12.361	10.267	
793	19.135	14.837	13.739	17.679	12.381	10.266	
794	19.124	14.821	13.721	17.66	12.327	10.239	
795	19.112	14.805	13.702	17.659	12.309	10.224	
796	19.101	14.789	13.684	17.662	12.313	10.213	
797	19.09	14.773	13.666	17.654	12.325	10.176	
798	19.079	14.757	13.648	17.666	12.323	10.181	
799	19.068	14.741	13.629	17.647	12.261	10.206	
800	19.057	14.725	13.611	17.62	12.266	10.135	
801	19.046	14.71	13.593	17.605	12.279	10.152	
802	19.035	14.694	13.575	17.648	12.257	10.122	
803	19.025	14.678	13.557	17.585	12.228	10.092	
804	19.014	14.663	13.539	17.575	12.219	10.133	
805	19.003	14.647	13.522	17.566	12.198	10.093	
806	18.992	14.632	13.504	17.583	12.17	10.084	
807	18.981	14.616	13.486	17.566	12.126	10.115	
808	18.971	14.601	13.468	17.569	12.174	10.024	
809	18.96	14.585	13.451	17.516	12.099	10.047	
810	18.95	14.57	13.433	17.556	12.165	10.014	
811	18.939	14.555	13.416	17.537	12.131	9.9973	
812	18.928	14.539	13.398	17.532	12.176	10.005	
813	18.918	14.524	13.381	17.542	12.077	9.9926	
814	18.908	14.509	13.363	17.52	12.11	10.013	
815	18.897	14.494	13.346	17.499	12.091	9.9656	
816	18.887	14.479	13.329	17.51	12.082	9.9131	
817	18.876	14.464	13.312	17.487	12.062	9.9298	
818	18.866	14.449	13.294	17.492	12.059	9.9034	
819	18.856	14.434	13.277	17.483	12.042	9.9129	
820	18.846	14.419	13.26	17.46	12.018	9.8719	
821	18.835	14.404	13.243	17.453	12.005	9.8656	
822	18.825	14.39	13.226	17.45	12.012	9.8616	
823	18.815	14.375	13.209	17.451	12.006	9.8525	
824	18.805	14.36	13.192	17.443	12.007	9.8497	
825	18.795	14.346	13.175	17.437	11.988	9.8449	
826	18.785	14.331	13.159	17.433	11.98	9.8362	
827	18.775	14.316	13.142	17.43	11.974	9.8144	
828	18.765	14.302	13.125	17.419	11.964	9.8087	
829	18.755	14.287	13.109	17.407	11.95	9.7941	
830	18.745	14.273	13.092	17.407	11.946	9.8031	
831	18.735	14.259	13.075	17.4	11.919	9.7859	
832	18.726	14.244	13.059	17.384	11.91	9.7662	
833	18.716	14.23	13.042	17.379	11.905	9.7353	
834	18.706	14.216	13.026	17.367	11.897	9.7158	
835	18.696	14.201	13.01	17.36	11.889	9.7177	
836	18.687	14.187	12.993	17.358	11.888	9.6974	
837	18.677	14.173	12.977	17.35	11.861	9.7024	
838	18.667	14.159	12.961	17.356	11.846	9.6741	
839	18.658	14.145	12.944	17.339	11.835	9.6728	
840	18.648	14.131	12.928	17.323	11.851	9.6213	
841	18.639	14.117	12.912	17.338	11.799	9.6059	
842	18.629	14.103	12.896	17.35	11.812	9.6524	
843	18.62	14.089	12.88	17.333	11.79	9.6237	
844	18.61	14.075	12.864	17.328	11.8	9.6135	
845	18.601	14.062	12.848	17.337	11.83	9.5864	
846	18.592	14.048	12.832	17.25	11.762	9.5728	
847	18.582	14.034	12.816	17.316	11.671	9.6306	
848	18.573	14.02	12.801	17.299	11.801	9.6341	
849	18.564	14.007	12.785	17.296	11.713	9.5251	
850	18.555	13.993	12.769	17.278	11.74	9.5683	
851	18.545	13.98	12.753	17.254	11.712	9.5872	
852	18.536	13.966	12.738	17.249	11.723	9.4661	
853	18.527	13.953	12.722	17.279	11.658	9.4759	
854	18.518	13.939	12.707	17.228	11.704	9.4325	
855	18.509	13.926	12.691	17.23	11.626	9.478	
856	18.5	13.912	12.676	17.202	11.678	9.4881	
857	18.491	13.899	12.66	17.234	11.659	9.4508	
858	18.482	13.886	12.645	17.248	11.682	9.4151	
859	18.473	13.872	12.63	17.26	11.629	9.461	
860	18.464	13.859	12.614	17.206	11.667	9.4684	
861	18.455	13.846	12.599	17.177	11.615	9.3825	
862	18.446	13.833	12.584	17.215	11.595	9.3837	
863	18.437	13.82	12.569	17.205	11.644	9.3907	
864	18.428	13.807	12.553	17.208	11.589	9.387	
865	18.42	13.794	12.538	17.157	11.577	9.3165	
866	18.411	13.781	12.523	17.167	11.563	9.3468	
867	18.402	13.768	12.508	17.147	11.513	9.3459	
868	18.393	13.755	12.493	17.118	11.543	9.3501	
869	18.385	13.742	12.478	17.15	11.508	9.2901	
870	18.376	13.729	12.463	17.159	11.516	9.3057	
871	18.368	13.716	12.449	17.146	11.508	9.2767	
872	18.359	13.704	12.434	17.131	11.512	9.3136	
873	18.35	13.691	12.419	17.157	11.469	9.267	
874	18.342	13.678	12.404	17.129	11.488	9.2504	
875	18.333	13.666	12.389	17.111	11.474	9.2559	
876	18.325	13.653	12.375	17.115	11.465	9.2204	
877	18.316	13.64	12.36	17.112	11.46	9.2537	
878	18.308	13.628	12.346	17.083	11.444	9.2191	
879	18.3	13.615	12.331	17.079	11.432	9.1998	
880	18.291	13.603	12.316	17.071	11.421	9.1926	
881	18.283	13.59	12.302	17.069	11.417	9.1849	
882	18.275	13.578	12.288	17.067	11.412	9.1889	
883	18.266	13.566	12.273	17.063	11.408	9.1794	
884	18.258	13.553	12.259	17.061	11.404	9.1718	
885	18.25	13.541	12.244	17.061	11.396	9.1709	
886	18.242	13.529	12.23	17.056	11.388	9.1566	
887	18.234	13.516	12.216	17.046	11.371	9.1428	
888	18.225	13.504	12.202	17.044	11.364	9.1243	
889	18.217	13.492	12.188	17.031	11.351	9.1119	
890	18.209	13.48	12.173	17.018	11.337	9.0964	
891	18.201	13.468	12.159	17.012	11.328	9.0812	
892	18.193	13.456	12.145	17.01	11.316	9.0788	
893	18.185	13.444	12.131	17.003	11.31	9.0602	
894	18.177	13.432	12.117	16.991	11.308	9.0486	
895	18.169	13.42	12.103	16.999	11.303	9.0533	
896	18.161	13.408	12.089	16.989	11.29	9.0498	
897	18.153	13.396	12.075	16.989	11.285	9.0476	
898	18.145	13.384	12.062	16.987	11.282	9.0195	
899	18.137	13.372	12.048	16.979	11.268	9.0175	
900	18.13	13.36	12.034	16.966	11.258	8.9949	
901	18.122	13.349	12.02	16.947	11.247	8.9733	
902	18.114	13.337	12.007	16.948	11.229	8.9685	
903	18.106	13.325	11.993	16.945	11.226	8.9618	
904	18.098	13.314	11.979	16.94	11.217	8.9595	
905	18.091	13.302	11.966	16.932	11.215	8.9576	
906	18.083	13.29	11.952	16.934	11.21	8.9517	
907	18.075	13.279	11.938	16.929	11.206	8.9528	
908	18.068	13.267	11.925	16.931	11.194	8.9288	
909	18.06	13.256	11.912	16.916	11.183	8.9209	
910	18.053	13.244	11.898	16.902	11.167	8.91	
911	18.045	13.233	11.885	16.906	11.155	8.9055	
912	18.037	13.221	11.871	16.894	11.128	8.8691	
913	18.03	13.21	11.858	16.881	11.137	8.8493	
914	18.022	13.199	11.845	16.883	11.127	8.8511	
915	18.015	13.187	11.831	16.876	11.114	8.8449	
916	18.007	13.176	11.818	16.869	11.119	8.8435	
917	18	13.165	11.805	16.869	11.116	8.8377	
918	17.993	13.153	11.792	16.872	11.111	8.8326	
919	17.985	13.142	11.779	16.868	11.102	8.8198	
920	17.978	13.131	11.766	16.862	11.094	8.8106	
921	17.971	13.12	11.752	16.852	11.081	8.8013	
922	17.963	13.109	11.739	16.848	11.073	8.8045	
923	17.956	13.098	11.726	16.851	11.066	8.7956	
924	17.949	13.087	11.713	16.835	11.037	8.7695	
925	17.941	13.076	11.701	16.832	11.054	8.7564	
926	17.934	13.065	11.688	16.815	11.035	8.7417	
927	17.927	13.054	11.675	16.816	11.041	8.7315	
928	17.92	13.043	11.662	16.814	11.034	8.7362	
929	17.913	13.032	11.649	16.797	10.994	8.7477	
930	17.905	13.021	11.636	16.793	10.972	8.7269	
931	17.898	13.01	11.624	16.805	11.016	8.7154	
932	17.891	12.999	11.611	16.812	10.951	8.6826	
933	17.884	12.989	11.598	16.782	11.008	8.6791	
934	17.877	12.978	11.586	16.775	10.976	8.695	
935	17.87	12.967	11.573	16.773	10.978	8.6554	
936	17.863	12.956	11.56	16.753	10.941	8.6501	
937	17.856	12.946	11.548	16.753	10.935	8.6851	
938	17.849	12.935	11.535	16.783	10.944	8.6069	
939	17.842	12.924	11.523	16.761	10.933	8.6336	
940	17.835	12.914	11.51	16.766	10.894	8.6504	
941	17.828	12.903	11.498	16.76	10.92	8.6114	
942	17.821	12.893	11.485	16.739	10.886	8.5574	
943	17.815	12.882	11.473	16.715	10.91	8.5951	
944	17.808	12.872	11.461	16.717	10.929	8.5787	
945	17.801	12.861	11.448	16.744	10.893	8.5827	
946	17.794	12.851	11.436	16.743	10.888	8.5713	
947	17.787	12.841	11.424	16.722	10.888	8.5569	
948	17.781	12.83	11.412	16.718	10.861	8.5456	
949	17.774	12.82	11.399	16.708	10.84	8.5238	
950	17.767	12.81	11.387	16.702	10.832	8.5213	
951	17.76	12.799	11.375	16.691	10.851	8.5259	
952	17.754	12.789	11.363	16.683	10.844	8.5209	
953	17.747	12.779	11.351	16.694	10.825	8.4986	
954	17.74	12.769	11.339	16.695	10.819	8.5124	
955	17.734	12.758	11.327	16.682	10.807	8.4784	
956	17.727	12.748	11.315	16.663	10.812	8.4848	
957	17.721	12.738	11.303	16.664	10.803	8.5324	
958	17.714	12.728	11.291	16.644	10.785	8.4534	
959	17.708	12.718	11.279	16.666	10.771	8.4791	
960	17.701	12.708	11.267	16.678	10.753	8.4078	
961	17.695	12.698	11.255	16.673	10.778	8.3952	
962	17.688	12.688	11.243	16.661	10.689	8.3687	
963	17.682	12.678	11.232	16.62	10.712	8.4149	
964	17.675	12.668	11.22	16.649	10.748	8.3485	
965	17.669	12.658	11.208	16.617	10.733	8.3817	
966	17.662	12.648	11.196	16.628	10.753	8.359	
967	17.656	12.638	11.185	16.623	10.733	8.3919	
968	17.65	12.629	11.173	16.627	10.745	8.3832	
969	17.643	12.619	11.161	16.611	10.709	8.3707	
970	17.637	12.609	11.15	16.625	10.692	8.3925	
971	17.631	12.599	11.138	16.613	10.68	8.3706	
972	17.624	12.59	11.127	16.61	10.702	8.3492	
973	17.618	12.58	11.115	16.61	10.685	8.3224	
974	17.612	12.57	11.104	16.594	10.661	8.3374	
975	17.606	12.56	11.092	16.588	10.668	8.2816	
976	17.599	12.551	11.081	16.58	10.653	8.2972	
977	17.593	12.541	11.069	16.575	10.641	8.2843	
978	17.587	12.532	11.058	16.572	10.632	8.2858	
979	17.581	12.522	11.047	16.57	10.638	8.2719	
980	17.575	12.513	11.035	16.575	10.628	8.2724	
981	17.569	12.503	11.024	16.572	10.626	8.2804	
982	17.563	12.494	11.013	16.566	10.621	8.2707	
983	17.556	12.484	11.001	16.562	10.623	8.2828	
984	17.55	12.475	10.99	16.548	10.613	8.2676	
985	17.544	12.465	10.979	16.546	10.617	8.2362	
986	17.538	12.456	10.968	16.573	10.595	8.2584	
987	17.532	12.446	10.957	16.537	10.591	8.2149	
988	17.526	12.437	10.946	16.532	10.56	8.1936	
989	17.52	12.428	10.934	16.524	10.566	8.1933	
990	17.514	12.418	10.923	16.52	10.547	8.1876	
991	17.508	12.409	10.912	16.519	10.55	8.1676	
992	17.502	12.4	10.901	16.52	10.545	8.1802	
993	17.497	12.391	10.89	16.509	10.544	8.1739	
994	17.491	12.382	10.879	16.517	10.548	8.1768	
995	17.485	12.372	10.868	16.503	10.54	8.1619	
996	17.479	12.363	10.857	16.496	10.533	8.1554	
997	17.473	12.354	10.847	16.504	10.529	8.1444	
998	17.467	12.345	10.836	16.493	10.516	8.1417	
999	17.462	12.336	10.825	16.483	10.502	8.1776	
1000	17.456	12.327	10.814	16.5	10.478	8.1157	
1001	17.45	12.318	10.803	16.464	10.53	8.0949	
1002	17.444	12.309	10.792	16.485	10.51	8.0982	
1003	17.438	12.3	10.782	16.476	10.477	8.0989	
1004	17.433	12.291	10.771	16.475	10.443	8.0759	
1005	17.427	12.282	10.76	16.439	10.542	8.1117	
1006	17.421	12.273	10.75	16.467	10.428	8.1096	
1007	17.416	12.264	10.739	16.465	10.492	8.0327	
1008	17.41	12.255	10.728	16.449	10.484	8.0563	
1009	17.404	12.246	10.718	16.429	10.432	8.0496	
1010	17.399	12.237	10.707	16.466	10.451	8.0414	
1011	17.393	12.229	10.697	16.433	10.444	8.0428	
1012	17.388	12.22	10.686	16.438	10.431	8.0143	
1013	17.382	12.211	10.676	16.434	10.414	8.0082	
1014	17.376	12.202	10.665	16.435	10.394	8.0042	
1015	17.371	12.194	10.655	16.437	10.4	7.9932	
1016	17.365	12.185	10.644	16.413	10.402	8.087	
1017	17.36	12.176	10.634	16.395	10.365	7.9546	
1018	17.354	12.168	10.623	16.391	10.366	7.9748	
1019	17.349	12.159	10.613	16.377	10.349	7.938	
1020	17.343	12.15	10.603	16.428	10.409	7.9076	
1021	17.338	12.142	10.592	16.344	10.406	7.9482	
1022	17.332	12.133	10.582	16.399	10.335	7.9468	
1023	17.327	12.125	10.572	16.418	10.322	7.9437	
1024	17.322	12.116	10.562	16.374	10.301	7.9785	
1025	17.316	12.107	10.551	16.416	10.31	7.9159	
1026	17.311	12.099	10.541	16.38	10.359	7.8728	
1027	17.306	12.09	10.531	16.414	10.241	7.8987	
1028	17.3	12.082	10.521	16.371	10.339	7.8451	
1029	17.295	12.074	10.511	16.355	10.283	7.8299	
1030	17.29	12.065	10.501	16.359	10.328	7.903	
1031	17.284	12.057	10.49	16.422	10.333	7.9249	
1032	17.279	12.048	10.48	16.316	10.327	7.8632	
1033	17.274	12.04	10.47	16.382	10.287	7.887	
1034	17.268	12.032	10.46	16.356	10.309	7.8533	
1035	17.263	12.023	10.45	16.379	10.251	7.9231	
1036	17.258	12.015	10.44	16.253	10.285	7.8388	
1037	17.253	12.007	10.43	16.397	10.175	7.8035	
1038	17.248	11.999	10.42	16.319	10.24	7.9786	
1039	17.242	11.99	10.411	16.361	10.29	7.9209	
1040	17.237	11.982	10.401	16.298	10.088	7.8087	
1041	17.232	11.974	10.391	16.335	10.216	7.8567	
1042	17.227	11.966	10.381	16.445	10.238	7.6434	
1043	17.222	11.958	10.371	16.412	10.176	7.6925	
1044	17.217	11.95	10.361	16.267	10.268	7.7417	
1045	17.212	11.941	10.352	16.308	10.204	7.7873	
1046	17.207	11.933	10.342	16.204	10.35	7.5825	
1047	17.201	11.925	10.332	16.266	10.039	7.7932	
1048	17.196	11.917	10.322	16.229	10.157	7.8069	
1049	17.191	11.909	10.313	16.299	10.171	7.7236	
1050	17.186	11.901	10.303	16.276	10.083	7.8107	
1051	17.181	11.893	10.293	16.278	10.17	7.7396	
1052	17.176	11.885	10.284	16.273	10.161	7.7044	
1053	17.171	11.877	10.274	16.277	10.167	7.7231	
1054	17.166	11.869	10.264	16.277	10.148	7.7089	
1055	17.161	11.861	10.255	16.277	10.167	7.6972	
1056	17.157	11.854	10.245	16.273	10.135	7.687	
1057	17.152	11.846	10.236	16.269	10.153	7.6997	
1058	17.147	11.838	10.226	16.262	10.142	7.6709	
1059	17.142	11.83	10.217	16.247	10.134	7.6933	
1060	17.137	11.822	10.207	16.254	10.134	7.6648	
1061	17.132	11.814	10.198	16.263	10.116	7.6747	
1062	17.127	11.807	10.188	16.239	10.115	7.6648	
1063	17.122	11.799	10.179	16.235	10.098	7.6667	
1064	17.117	11.791	10.17	16.233	10.093	7.6472	
1065	17.113	11.783	10.16	16.225	10.087	7.629	
1066	17.108	11.776	10.151	16.232	10.086	7.618	
1067	17.103	11.768	10.142	16.223	10.089	7.6219	
1068	17.098	11.76	10.132	16.218	10.078	7.6284	
1069	17.093	11.753	10.123	16.223	10.054	7.6005	
1070	17.089	11.745	10.114	16.22	10.079	7.5985	
1071	17.084	11.737	10.104	16.218	10.063	7.599	
1072	17.079	11.73	10.095	16.202	10.065	7.5925	
1073	17.075	11.722	10.086	16.215	10.029	7.5661	
1074	17.07	11.715	10.077	16.199	10.044	7.5808	
1075	17.065	11.707	10.068	16.193	10.033	7.5517	
1076	17.061	11.7	10.058	16.201	10.022	7.5548	
1077	17.056	11.692	10.049	16.189	10.024	7.5511	
1078	17.051	11.685	10.04	16.185	10.008	7.5417	
1079	17.047	11.677	10.031	16.186	10.022	7.5314	
1080	17.042	11.67	10.022	16.186	10.011	7.5387	
1081	17.037	11.662	10.013	16.179	10.01	7.5348	
1082	17.033	11.655	10.004	16.172	10.007	7.5257	
1083	17.028	11.647	9.9949	16.18	9.9947	7.5117	
1084	17.024	11.64	9.9859	16.172	9.995	7.5129	
1085	17.019	11.633	9.977	16.166	9.9914	7.5014	
1086	17.014	11.625	9.968	16.171	9.9923	7.5038	
1087	17.01	11.618	9.959	16.156	9.9873	7.4945	
1088	17.005	11.611	9.9501	16.166	9.9817	7.4997	
1089	17.001	11.603	9.9412	16.159	9.9779	7.4821	
1090	16.996	11.596	9.9323	16.158	9.9803	7.4881	
1091	16.992	11.589	9.9234	16.153	9.9785	7.4853	
1092	16.987	11.582	9.9146	16.144	9.9565	7.4715	
1093	16.983	11.574	9.9058	16.148	9.9506	7.4729	
1094	16.979	11.567	9.8969	16.141	9.9601	7.4722	
1095	16.974	11.56	9.8881	16.15	9.9318	7.4483	
1096	16.97	11.553	9.8794	16.144	9.9407	7.4519	
1097	16.965	11.545	9.8706	16.13	9.9283	7.4383	
1098	16.961	11.538	9.8619	16.124	9.9234	7.4168	
1099	16.956	11.531	9.8531	16.123	9.9232	7.4195	
1100	16.952	11.524	9.8444	16.113	9.9178	7.4139	
1101	16.948	11.517	9.8357	16.124	9.9056	7.3964	
1102	16.943	11.51	9.8271	16.116	9.8945	7.3888	
1103	16.939	11.503	9.8184	16.109	9.8791	7.3797	
1104	16.935	11.496	9.8098	16.105	9.888	7.3786	
1105	16.93	11.489	9.8011	16.097	9.8862	7.3711	
1106	16.926	11.482	9.7925	16.101	9.8753	7.3644	
1107	16.922	11.475	9.784	16.09	9.8672	7.3615	
1108	16.917	11.468	9.7754	16.098	9.873	7.3533	
1109	16.913	11.461	9.7668	16.089	9.8628	7.35	
1110	16.909	11.454	9.7583	16.087	9.8562	7.3493	
1111	16.905	11.447	9.7498	16.086	9.8575	7.3426	
1112	16.9	11.44	9.7413	16.085	9.8439	7.3361	
1113	16.896	11.433	9.7328	16.085	9.8491	7.3346	
1114	16.892	11.426	9.7244	16.08	9.8466	7.3305	
1115	16.888	11.419	9.7159	16.077	9.8484	7.3291	
1116	16.883	11.412	9.7075	16.078	9.8409	7.3321	
1117	16.879	11.406	9.6991	16.079	9.8416	7.3209	
1118	16.875	11.399	9.6907	16.072	9.8334	7.3214	
1119	16.871	11.392	9.6823	16.06	9.8347	7.3015	
1120	16.867	11.385	9.6739	16.068	9.8313	7.2924	
1121	16.863	11.378	9.6656	16.067	9.8176	7.2878	
1122	16.859	11.372	9.6573	16.06	9.8063	7.2978	
1123	16.854	11.365	9.6489	16.048	9.8069	7.2903	
1124	16.85	11.358	9.6406	16.063	9.8076	7.2673	
1125	16.846	11.351	9.6324	16.054	9.7979	7.2623	
1126	16.842	11.345	9.6241	16.058	9.8085	7.2676	
1127	16.838	11.338	9.6159	16.033	9.7894	7.2435	
1128	16.834	11.331	9.6076	16.033	9.7801	7.246	
1129	16.83	11.325	9.5994	16.039	9.78	7.2589	
1130	16.826	11.318	9.5912	16.029	9.784	7.2303	
1131	16.822	11.311	9.583	16.028	9.7661	7.2327	
1132	16.818	11.305	9.5749	16.029	9.7641	7.2224	
1133	16.814	11.298	9.5667	16.022	9.7746	7.22	
1134	16.81	11.292	9.5586	16.013	9.7404	7.2208	
1135	16.806	11.285	9.5505	16.016	9.7516	7.1929	
1136	16.802	11.279	9.5424	16.019	9.733	7.2045	
1137	16.798	11.272	9.5343	16.012	9.7186	7.2018	
1138	16.794	11.265	9.5262	16.011	9.7314	7.1817	
1139	16.79	11.259	9.5182	16.007	9.7294	7.188	
1140	16.786	11.252	9.5101	16	9.711	7.1734	
1141	16.782	11.246	9.5021	16.013	9.7229	7.1701	
1142	16.778	11.24	9.4941	16.009	9.7157	7.1425	
1143	16.774	11.233	9.4861	15.991	9.7047	7.1754	
1144	16.77	11.227	9.4781	15.991	9.6948	7.1627	
1145	16.766	11.22	9.4702	15.994	9.7082	7.1617	
1146	16.762	11.214	9.4622	15.991	9.6734	7.1488	
1147	16.759	11.207	9.4543	15.987	9.6773	7.1375	
1148	16.755	11.201	9.4464	15.993	9.6824	7.1398	
1149	16.751	11.195	9.4385	15.982	9.6859	7.1336	
1150	16.747	11.188	9.4306	15.971	9.6696	7.1285	
1151	16.743	11.182	9.4227	15.973	9.6557	7.1144	
1152	16.739	11.176	9.4149	15.974	9.6664	7.1066	
1153	16.736	11.169	9.4071	15.967	9.6521	7.0941	
1154	16.732	11.163	9.3992	15.961	9.6519	7.0958	
1155	16.728	11.157	9.3914	15.966	9.6506	7.0979	
1156	16.724	11.15	9.3836	15.955	9.6498	7.0837	
1157	16.72	11.144	9.3759	15.955	9.6421	7.0727	
1158	16.717	11.138	9.3681	15.956	9.6421	7.0731	
1159	16.713	11.132	9.3604	15.96	9.6267	7.0708	
1160	16.709	11.125	9.3526	15.957	9.628	7.0722	
1161	16.705	11.119	9.3449	15.947	9.6061	7.0769	
1162	16.702	11.113	9.3372	15.943	9.6372	7.0503	
1163	16.698	11.107	9.3295	15.932	9.6109	7.0423	
1164	16.694	11.101	9.3218	15.933	9.5892	7.0355	
1165	16.691	11.095	9.3142	15.926	9.6021	7.0251	
1166	16.687	11.089	9.3065	15.934	9.5923	7.0232	
1167	16.683	11.082	9.2989	15.935	9.6092	7.0307	
1168	16.68	11.076	9.2913	15.925	9.5875	7.0159	
1169	16.676	11.07	9.2837	15.919	9.579	7.0094	
1170	16.672	11.064	9.2761	15.923	9.5874	6.9969	
1171	16.669	11.058	9.2686	15.918	9.5745	6.9927	
1172	16.665	11.052	9.261	15.915	9.5753	6.9904	
1173	16.661	11.046	9.2535	15.913	9.572	6.9898	
1174	16.658	11.04	9.2459	15.912	9.5717	6.9855	
1175	16.654	11.034	9.2384	15.911	9.5671	6.9893	
1176	16.65	11.028	9.2309	15.909	9.5553	6.9753	
1177	16.647	11.022	9.2234	15.913	9.5548	6.9734	
1178	16.643	11.016	9.216	15.902	9.5491	6.9642	
1179	16.64	11.01	9.2085	15.902	9.5544	6.9693	
1180	16.636	11.004	9.2011	15.901	9.5467	6.9584	
1181	16.633	10.998	9.1936	15.901	9.5467	6.9598	
1182	16.629	10.992	9.1862	15.894	9.5385	6.9547	
1183	16.626	10.986	9.1788	15.897	9.537	6.95	
1184	16.622	10.98	9.1714	15.892	9.532	6.9421	
1185	16.618	10.974	9.1641	15.883	9.531	6.946	
1186	16.615	10.969	9.1567	15.885	9.5219	6.9289	
1187	16.611	10.963	9.1493	15.884	9.5224	6.9354	
1188	16.608	10.957	9.142	15.877	9.523	6.9241	
1189	16.604	10.951	9.1347	15.882	9.5084	6.9071	
1190	16.601	10.945	9.1274	15.876	9.5137	6.9197	
1191	16.598	10.939	9.1201	15.87	9.5099	6.9094	
1192	16.594	10.934	9.1128	15.871	9.4961	6.8957	
1193	16.591	10.928	9.1056	15.868	9.4961	6.8932	
1194	16.587	10.922	9.0983	15.862	9.5027	6.9035	
1195	16.584	10.916	9.0911	15.874	9.474	6.8908	
1196	16.58	10.911	9.0839	15.86	9.4905	6.8699	
1197	16.577	10.905	9.0766	15.862	9.4762	6.8911	
1198	16.574	10.899	9.0694	15.852	9.4631	6.8864	
1199	16.57	10.893	9.0623	15.851	9.477	6.8633	
1200	16.567	10.888	9.0551	15.858	9.4625	6.8505	
1201	16.563	10.882	9.0479	15.861	9.4796	6.8706	
1202	16.56	10.876	9.0408	15.841	9.4636	6.8566	
1203	16.557	10.871	9.0337	15.848	9.4582	6.8337	
1204	16.553	10.865	9.0265	15.851	9.4464	6.8183	
1205	16.55	10.859	9.0194	15.832	9.4472	6.8323	
1206	16.547	10.854	9.0123	15.836	9.466	6.8321	
1207	16.543	10.848	9.0053	15.846	9.4633	6.8204	
1208	16.54	10.842	8.9982	15.832	9.4402	6.8124	
1209	16.537	10.837	8.9912	15.836	9.4279	6.8174	
1210	16.533	10.831	8.9841	15.829	9.4198	6.7981	
1211	16.53	10.826	8.9771	15.824	9.4014	6.7811	
1212	16.527	10.82	8.9701	15.822	9.4159	6.7865	
1213	16.523	10.815	8.9631	15.831	9.4125	6.7945	
1214	16.52	10.809	8.9561	15.818	9.422	6.771	
1215	16.517	10.804	8.9491	15.827	9.4065	6.7776	
1216	16.514	10.798	8.9421	15.816	9.3902	6.7962	
1217	16.51	10.793	8.9352	15.82	9.3945	6.7799	
1218	16.507	10.787	8.9283	15.792	9.3676	6.7812	
1219	16.504	10.782	8.9213	15.814	9.3787	6.7488	
1220	16.501	10.776	8.9144	15.812	9.3724	6.7566	
1221	16.497	10.771	8.9075	15.792	9.3678	6.7577	
1222	16.494	10.765	8.9006	15.806	9.4041	6.7482	
1223	16.491	10.76	8.8938	15.808	9.3612	6.7497	
1224	16.488	10.754	8.8869	15.802	9.3661	6.7322	
1225	16.485	10.749	8.8801	15.793	9.3623	6.7376	
1226	16.481	10.744	8.8732	15.803	9.3763	6.7294	
1227	16.478	10.738	8.8664	15.81	9.3589	6.7325	
1228	16.475	10.733	8.8596	15.774	9.3448	6.7237	
1229	16.472	10.727	8.8528	15.767	9.3236	6.7278	
1230	16.469	10.722	8.846	15.774	9.3573	6.7086	
1231	16.466	10.717	8.8392	15.796	9.3605	6.676	
1232	16.462	10.711	8.8324	15.789	9.3331	6.7336	
1233	16.459	10.706	8.8257	15.803	9.3612	6.6865	
1234	16.456	10.701	8.819	15.779	9.3636	6.7088	
1235	16.453	10.695	8.8122	15.762	9.3504	6.6856	
1236	16.45	10.69	8.8055	15.776	9.3508	6.7156	
1237	16.447	10.685	8.7988	15.771	9.3581	6.6932	
1238	16.444	10.68	8.7921	15.803	9.3178	6.7029	
1239	16.441	10.674	8.7854	15.735	9.3726	6.7182	
1240	16.437	10.669	8.7788	15.732	9.2717	6.6779	
1241	16.434	10.664	8.7721	15.745	9.341	6.6356	
1242	16.431	10.659	8.7655	15.735	9.3044	6.6996	
1243	16.428	10.653	8.7588	15.764	9.3127	6.761	
1244	16.425	10.648	8.7522	15.782	9.3076	6.6586	
1245	16.422	10.643	8.7456	15.721	9.362	6.5928	
1246	16.419	10.638	8.739	15.748	9.298	6.6041	
1247	16.416	10.633	8.7324	15.731	9.2333	6.6094	
1248	16.413	10.628	8.7259	15.743	9.2731	6.5843	
1249	16.41	10.622	8.7193	15.775	9.2931	6.6536	
1250	16.407	10.617	8.7127	15.753	9.3398	6.5861	
1251	16.404	10.612	8.7062	15.739	9.2561	6.6486	
1252	16.401	10.607	8.6997	15.709	9.2021	6.5795	
1253	16.398	10.602	8.6932	15.708	9.3079	6.5872	
1254	16.395	10.597	8.6867	15.716	9.2289	6.5936	
1255	16.392	10.592	8.6802	15.74	9.2415	6.623	
1256	16.389	10.587	8.6737	15.719	9.2629	6.5966	
1257	16.386	10.582	8.6672	15.717	9.2216	6.5567	
1258	16.383	10.576	8.6608	15.725	9.2458	6.548	
1259	16.38	10.571	8.6543	15.694	9.2312	6.5771	
1260	16.377	10.566	8.6479	15.709	9.2387	6.553	
1261	16.374	10.561	8.6415	15.706	9.2178	6.5473	
1262	16.372	10.556	8.635	15.689	9.2162	6.5425	
1263	16.369	10.551	8.6286	15.706	9.2186	6.5313	
1264	16.366	10.546	8.6223	15.682	9.2026	6.5444	
1265	16.363	10.541	8.6159	15.708	9.2245	6.5324	
1266	16.36	10.536	8.6095	15.696	9.2306	6.5176	
1267	16.357	10.531	8.6032	15.709	9.2023	6.5414	
1268	16.354	10.526	8.5968	15.714	9.2095	6.5453	
1269	16.351	10.522	8.5905	15.701	9.2186	6.5538	
1270	16.348	10.517	8.5841	15.696	9.198	6.5367	
1271	16.345	10.512	8.5778	15.683	9.2039	6.5136	
1272	16.343	10.507	8.5715	15.688	9.2189	6.5472	
1273	16.34	10.502	8.5652	15.705	9.2243	6.5247	
1274	16.337	10.497	8.559	15.701	9.2005	6.5306	
1275	16.334	10.492	8.5527	15.686	9.1823	6.4939	
1276	16.331	10.487	8.5464	15.699	9.2087	6.5205	
1277	16.328	10.482	8.5402	15.663	9.1993	6.5191	
1278	16.326	10.477	8.534	15.665	9.1892	6.5112	
1279	16.323	10.473	8.5277	15.681	9.1589	6.4593	
1280	16.32	10.468	8.5215	15.675	9.156	6.4798	
1281	16.317	10.463	8.5153	15.682	9.1567	6.4748	
1282	16.314	10.458	8.5091	15.676	9.169	6.4949	
1283	16.312	10.453	8.5029	15.656	9.1537	6.4527	
1284	16.309	10.449	8.4968	15.632	9.1916	6.4591	
1285	16.306	10.444	8.4906	15.644	9.1608	6.4782	
1286	16.303	10.439	8.4844	15.669	9.1557	6.4463	
1287	16.3	10.434	8.4783	15.652	9.1412	6.4697	
1288	16.298	10.429	8.4722	15.663	9.1606	6.4591	
1289	16.295	10.425	8.4661	15.652	9.1422	6.4344	
1290	16.292	10.42	8.46	15.657	9.1551	6.4376	
1291	16.289	10.415	8.4539	15.64	9.1345	6.4164	
1292	16.287	10.41	8.4478	15.656	9.1345	6.4736	
1293	16.284	10.406	8.4417	15.647	9.1239	6.4379	
1294	16.281	10.401	8.4356	15.668	9.1578	6.4281	
1295	16.279	10.396	8.4296	15.646	9.1369	6.3954	
1296	16.276	10.392	8.4235	15.653	9.1292	6.3926	
1297	16.273	10.387	8.4175	15.651	9.0942	6.4387	
1298	16.27	10.382	8.4115	15.631	9.1357	6.4042	
1299	16.268	10.378	8.4054	15.641	9.0837	6.373	
1300	16.265	10.373	8.3994	15.624	9.1037	6.3995	
1301	16.262	10.368	8.3934	15.641	9.126	6.3705	
1302	16.26	10.364	8.3875	15.611	9.0799	6.4187	
1303	16.257	10.359	8.3815	15.637	9.1245	6.3851	
1304	16.254	10.354	8.3755	15.648	9.1135	6.3952	
1305	16.252	10.35	8.3696	15.652	9.0861	6.3467	
1306	16.249	10.345	8.3636	15.629	9.1235	6.3831	
1307	16.246	10.341	8.3577	15.62	9.108	6.3954	
1308	16.244	10.336	8.3518	15.613	9.0891	6.388	
1309	16.241	10.332	8.3458	15.62	9.0991	6.3783	
1310	16.239	10.327	8.3399	15.612	9.0767	6.3653	
1311	16.236	10.322	8.3341	15.62	9.0461	6.3913	
1312	16.233	10.318	8.3282	15.608	9.0606	6.3221	
1313	16.231	10.313	8.3223	15.613	9.0866	6.3847	
1314	16.228	10.309	8.3164	15.607	9.0596	6.3495	
1315	16.226	10.304	8.3106	15.602	9.0327	6.3262	
1316	16.223	10.3	8.3047	15.629	8.9941	6.3194	
1317	16.22	10.295	8.2989	15.605	9.0557	6.3822	
1318	16.218	10.291	8.2931	15.589	9.0545	6.3601	
1319	16.215	10.286	8.2873	15.631	9.0479	6.354	
1320	16.213	10.282	8.2815	15.574	9.0367	6.3584	
1321	16.21	10.277	8.2757	15.612	9.0226	6.3347	
1322	16.208	10.273	8.2699	15.601	8.9983	6.2378	
1323	16.205	10.269	8.2641	15.554	9.0135	6.278	
1324	16.202	10.264	8.2583	15.608	9.0519	6.2872	
1325	16.2	10.26	8.2526	15.621	8.9865	6.3038	
1326	16.197	10.255	8.2468	15.629	8.988	6.2721	
1327	16.195	10.251	8.2411	15.6	9.0561	6.2622	
1328	16.192	10.246	8.2354	15.561	8.9618	6.3632	
1329	16.19	10.242	8.2296	15.563	8.9748	6.2771	
1330	16.187	10.238	8.2239	15.621	9.0407	6.2531	
1331	16.185	10.233	8.2182	15.566	9.0607	6.3246	
1332	16.182	10.229	8.2125	15.561	8.9719	6.418	
1333	16.18	10.224	8.2069	15.578	9.0236	6.2824	
1334	16.177	10.22	8.2012	15.6	8.9906	6.2743	
1335	16.175	10.216	8.1955	15.55	9.0051	6.153	
1336	16.172	10.211	8.1899	15.537	9.0374	6.3185	
1337	16.17	10.207	8.1842	15.618	8.9803	6.1591	
1338	16.167	10.203	8.1786	15.535	9.048	6.2468	
1339	16.165	10.199	8.173	15.561	9.032	6.2708	
1340	16.162	10.194	8.1673	15.593	9.0077	6.1586	
1341	16.16	10.19	8.1617	15.666	8.8259	6.2786	
1342	16.158	10.186	8.1561	15.575	8.9248	6.4947	
1343	16.155	10.181	8.1506	15.64	9.0003	6.4568	
1344	16.153	10.177	8.145	15.52	9.0383	6.2736	
1345	16.15	10.173	8.1394	15.567	9.1261	6.2256	
1346	16.148	10.169	8.1339	15.405	8.8527	6.0078	
1347	16.145	10.164	8.1283	15.559	9.1196	5.8337	
1348	16.143	10.16	8.1228	15.504	9.1334	6.1728	
1349	16.141	10.156	8.1172	15.419	9.278	6.2167	
1350	16.138	10.152	8.1117	15.265	9.0644	6.2217	
1351	16.136	10.147	8.1062	15.503	8.9301	5.9253	
1352	16.133	10.143	8.1007	15.455	8.8241	6.3825	
1353	16.131	10.139	8.0952	15.547	8.3823	6.2501	
1354	16.129	10.135	8.0897	15.469	9.3073	6.3855	
1355	16.126	10.131	8.0842	15.712	8.773	5.6078	
1356	16.124	10.127	8.0787	15.648	9.1567	6.0752	
1357	16.122	10.122	8.0733	15.444	9.0441	6.2724	
1358	16.119	10.118	8.0678	16.248	9.371	6.3795	
1359	16.117	10.114	8.0624	16.262	8.6908	6.918	
1426	15.97	9.8528	7.7169	15.655	9.2987	6.337	
1427	15.968	9.8492	7.712	15.544	8.6458	6.0444	
1428	15.966	9.8455	7.7071	15.394	8.841	5.6434	
1429	15.964	9.8419	7.7022	15.638	8.6618	5.8162	
1430	15.962	9.8382	7.6974	15.645	8.8034	5.8313	
1431	15.959	9.8346	7.6925	15.324	8.9254	6.1083	
1432	15.957	9.831	7.6877	15.558	8.5618	5.8907	
1433	15.955	9.8274	7.6828	15.35	8.5981	5.8503	
1434	15.953	9.8238	7.678	15.504	8.9164	6.1849	
1435	15.951	9.8202	7.6732	15.523	8.856	5.7635	
1436	15.949	9.8166	7.6684	15.531	8.646	5.9371	
1437	15.947	9.813	7.6635	15.437	8.9074	5.8618	
1438	15.945	9.8094	7.6587	15.329	8.6594	5.9473	
1439	15.943	9.8058	7.6539	15.448	8.7878	5.9026	
1440	15.941	9.8022	7.6492	15.332	8.7869	5.8234	
1441	15.939	9.7986	7.6444	15.418	8.6815	6.0523	
1442	15.937	9.795	7.6396	15.471	8.6178	5.804	
1443	15.935	9.7915	7.6348	15.352	8.745	5.9607	
1444	15.933	9.7879	7.6301	15.461	8.7728	5.754	
1445	15.932	9.7844	7.6253	15.33	8.7337	5.8418	
1446	15.93	9.7809	7.6206	15.463	8.6349	5.8148	
1447	15.928	9.7774	7.6158	15.435	8.7027	5.7187	
1448	15.926	9.7738	7.6111	15.418	8.6759	5.8657	
1449	15.924	9.7703	7.6064	15.369	8.7286	5.8616	
1450	15.922	9.7668	7.6017	15.389	8.7223	5.7667	
1451	15.92	9.7633	7.597	15.439	8.6835	5.8613	
1452	15.918	9.7598	7.5923	15.461	8.7416	5.9121	
1453	15.916	9.7563	7.5876	15.432	8.7434	5.9344	
1454	15.914	9.7528	7.5829	15.347	8.6775	5.7013	
1455	15.912	9.7493	7.5782	15.416	8.7501	5.778	
1456	15.91	9.7459	7.5735	15.442	8.7139	5.8162	
1457	15.908	9.7424	7.5689	15.384	8.5911	5.8161	
1458	15.906	9.7389	7.5642	15.382	8.7003	5.8269	
1459	15.904	9.7354	7.5596	15.364	8.5653	5.7475	
1460	15.902	9.732	7.5549	15.406	8.6329	5.8577	
1461	15.901	9.7286	7.5503	15.425	8.6263	5.8131	
1462	15.899	9.7251	7.5456	15.392	8.6402	5.8205	
1463	15.897	9.7217	7.541	15.378	8.6426	5.7707	
1464	15.895	9.7183	7.5364	15.356	8.6674	5.7556	
1465	15.893	9.7149	7.5318	15.367	8.7009	5.7782	
1466	15.891	9.7115	7.5272	15.362	8.5979	5.8152	
1467	15.889	9.7081	7.5226	15.382	8.6242	5.8072	
1468	15.887	9.7047	7.518	15.351	8.6378	5.7845	
1469	15.885	9.7013	7.5134	15.375	8.6157	5.7777	
1470	15.884	9.6979	7.5089	15.368	8.6027	5.7829	
1471	15.882	9.6945	7.5043	15.371	8.6274	5.7814	
1472	15.88	9.6911	7.4997	15.372	8.6286	5.7604	
1473	15.878	9.6877	7.4952	15.361	8.64	5.7729	
1474	15.876	9.6844	7.4906	15.364	8.6233	5.7729	
1475	15.874	9.681	7.4861	15.367	8.6216	5.7631	
1476	15.872	9.6776	7.4816	15.361	8.6167	5.7547	
1477	15.87	9.6743	7.477	15.367	8.6407	5.7684	
1478	15.869	9.6709	7.4725	15.372	8.6251	5.7501	
1479	15.867	9.6676	7.468	15.364	8.6199	5.7574	
1480	15.865	9.6643	7.4635	15.365	8.6238	5.7479	
1481	15.863	9.661	7.459	15.366	8.6113	5.7261	
1482	15.861	9.6577	7.4545	15.361	8.6283	5.7517	
1483	15.86	9.6544	7.45	15.362	8.62	5.7472	
1484	15.858	9.651	7.4455	15.378	8.6195	5.7384	
1485	15.856	9.6477	7.4411	15.355	8.6304	5.737	
1486	15.854	9.6445	7.4366	15.356	8.5946	5.6973	
1487	15.852	9.6412	7.4321	15.348	8.6228	5.7008	
1488	15.85	9.6379	7.4277	15.36	8.6145	5.7232	
1489	15.849	9.6346	7.4232	15.361	8.6151	5.7038	
1490	15.847	9.6313	7.4188	15.362	8.5895	5.747	
1491	15.845	9.628	7.4144	15.345	8.6053	5.698	
1492	15.843	9.6248	7.4099	15.351	8.5961	5.7165	
1493	15.841	9.6215	7.4055	15.341	8.5614	5.7088	
1494	15.84	9.6182	7.4011	15.341	8.5719	5.697	
1495	15.838	9.615	7.3967	15.332	8.5697	5.6877	
1496	15.836	9.6118	7.3923	15.36	8.6007	5.7053	
1497	15.834	9.6085	7.3879	15.331	8.5842	5.694	
1498	15.833	9.6053	7.3835	15.364	8.5808	5.6957	
1499	15.831	9.6021	7.3791	15.346	8.5729	5.7135	
1500	15.829	9.5989	7.3748	15.338	8.5688	5.6944	
1501	15.827	9.5957	7.3704	15.324	8.5615	5.6481	
1502	15.825	9.5925	7.366	15.341	8.5663	5.6767	
1503	15.824	9.5893	7.3617	15.337	8.5858	5.6658	
1504	15.822	9.5861	7.3573	15.331	8.5525	5.6375	
1505	15.82	9.5829	7.353	15.336	8.5556	5.6753	
1506	15.818	9.5797	7.3486	15.327	8.5511	5.6423	
1507	15.817	9.5765	7.3443	15.311	8.5398	5.6658	
1508	15.815	9.5734	7.34	15.308	8.5416	5.6703	
1509	15.813	9.5702	7.3357	15.345	8.5427	5.6533	
1510	15.812	9.567	7.3314	15.333	8.5601	5.6374	
1511	15.81	9.5639	7.3271	15.339	8.555	5.6471	
1512	15.808	9.5607	7.3228	15.33	8.5822	5.6517	
1513	15.806	9.5576	7.3185	15.364	8.5032	5.6648	
1514	15.805	9.5544	7.3142	15.322	8.5396	5.6835	
1515	15.803	9.5513	7.3099	15.295	8.5603	5.6483	
1516	15.801	9.5482	7.3056	15.318	8.5056	5.6522	
1517	15.8	9.5451	7.3014	15.315	8.5658	5.6102	
1518	15.798	9.542	7.2971	15.295	8.5482	5.6359	
1519	15.796	9.5388	7.2929	15.297	8.5464	5.6432	
1520	15.794	9.5357	7.2886	15.291	8.534	5.6375	
1521	15.793	9.5326	7.2844	15.314	8.4871	5.5673	
1522	15.791	9.5295	7.2801	15.294	8.5187	5.5965	
1523	15.789	9.5264	7.2759	15.298	8.5355	5.6022	
1524	15.788	9.5234	7.2717	15.33	8.5488	5.6586	
1525	15.786	9.5203	7.2675	15.314	8.5414	5.6269	
1526	15.784	9.5172	7.2633	15.292	8.5151	5.6013	
1527	15.783	9.5141	7.2591	15.3	8.528	5.6024	
1528	15.781	9.511	7.2549	15.288	8.5465	5.6141	
1529	15.779	9.508	7.2507	15.293	8.4942	5.5902	
1530	15.778	9.5049	7.2465	15.303	8.5058	5.6026	
1531	15.776	9.5019	7.2423	15.28	8.4914	5.604	
1532	15.774	9.4988	7.2381	15.308	8.4916	5.603	
1533	15.773	9.4958	7.234	15.284	8.4702	5.5967	
1534	15.771	9.4928	7.2298	15.305	8.4793	5.6376	
1535	15.769	9.4897	7.2256	15.298	8.4926	5.5712	
1536	15.768	9.4867	7.2215	15.276	8.4891	5.5791	
1537	15.766	9.4837	7.2173	15.283	8.4941	5.5846	
1538	15.764	9.4807	7.2132	15.277	8.5252	5.5789	
1539	15.763	9.4777	7.2091	15.294	8.4816	5.577	
1540	15.761	9.4747	7.2049	15.287	8.4628	5.578	
1541	15.759	9.4717	7.2008	15.275	8.4525	5.5494	
1542	15.758	9.4687	7.1967	15.281	8.4651	5.5754	
1543	15.756	9.4657	7.1926	15.279	8.4722	5.544	
1544	15.755	9.4627	7.1885	15.282	8.4897	5.5788	
1545	15.753	9.4597	7.1844	15.263	8.493	5.5536	
1546	15.751	9.4568	7.1803	15.278	8.4662	5.5539	
1547	15.75	9.4538	7.1762	15.274	8.4734	5.5453	
1548	15.748	9.4508	7.1722	15.277	8.4642	5.5399	
1549	15.746	9.4479	7.1681	15.277	8.4838	5.5347	
1550	15.745	9.4449	7.164	15.282	8.4621	5.5433	
1551	15.743	9.442	7.16	15.26	8.4848	5.5405	
1552	15.742	9.439	7.1559	15.272	8.4641	5.5476	
1553	15.74	9.4361	7.1518	15.253	8.4528	5.5522	
1554	15.739	9.4332	7.1478	15.262	8.4672	5.5335	
1555	15.737	9.4302	7.1438	15.281	8.442	5.52	
1556	15.735	9.4273	7.1397	15.259	8.4567	5.5561	
1557	15.734	9.4244	7.1357	15.253	8.4481	5.5181	
1558	15.732	9.4215	7.1317	15.256	8.4504	5.5207	
1559	15.731	9.4186	7.1277	15.276	8.4324	5.4932	
1560	15.729	9.4157	7.1237	15.271	8.4614	5.517	
1561	15.727	9.4128	7.1197	15.28	8.463	5.5073	
1562	15.726	9.4099	7.1157	15.286	8.4263	5.5184	
1563	15.724	9.407	7.1117	15.246	8.4494	5.5213	
1564	15.723	9.4041	7.1077	15.253	8.4738	5.4959	
1565	15.721	9.4012	7.1037	15.26	8.475	5.4892	
1566	15.72	9.3983	7.0997	15.25	8.4211	5.471	
1567	15.718	9.3955	7.0958	15.272	8.4036	5.5013	
1568	15.717	9.3926	7.0918	15.254	8.4459	5.5132	
1569	15.715	9.3897	7.0878	15.273	8.4673	5.5183	
1570	15.713	9.3869	7.0839	15.258	8.4541	5.5109	
1571	15.712	9.384	7.0799	15.251	8.43	5.5032	
1572	15.71	9.3812	7.076	15.247	8.4216	5.516	
1573	15.709	9.3783	7.0721	15.253	8.4038	5.4898	
1574	15.707	9.3755	7.0681	15.271	8.4254	5.4739	
1575	15.706	9.3727	7.0642	15.231	8.4078	5.4942	
1576	15.704	9.3699	7.0603	15.249	8.3978	5.4296	
1577	15.703	9.367	7.0564	15.217	8.3749	5.4756	
1578	15.701	9.3642	7.0525	15.237	8.4288	5.4607	
1579	15.7	9.3614	7.0486	15.228	8.4205	5.4795	
1580	15.698	9.3586	7.0447	15.239	8.3869	5.4487	
1581	15.697	9.3558	7.0408	15.234	8.4189	5.4105	
1582	15.695	9.353	7.0369	15.257	8.4008	5.48	
1583	15.694	9.3502	7.033	15.226	8.4345	5.4544	
1584	15.692	9.3474	7.0291	15.259	8.3606	5.4227	
1585	15.691	9.3446	7.0253	15.244	8.4289	5.4566	
1586	15.689	9.3418	7.0214	15.233	8.3734	5.502	
1587	15.688	9.339	7.0175	15.238	8.4237	5.4611	
1588	15.686	9.3363	7.0137	15.245	8.3774	5.3926	
1589	15.685	9.3335	7.0098	15.215	8.3875	5.4566	
1590	15.683	9.3307	7.006	15.228	8.3519	5.4219	
1591	15.682	9.328	7.0021	15.219	8.3652	5.442	
1592	15.68	9.3252	6.9983	15.22	8.4063	5.4059	
1593	15.679	9.3225	6.9945	15.242	8.3902	5.4055	
1594	15.677	9.3198	6.9907	15.227	8.3533	5.4718	
1595	15.676	9.317	6.9868	15.251	8.3693	5.388	
1596	15.674	9.3143	6.983	15.218	8.396	5.4089	
1597	15.673	9.3116	6.9792	15.224	8.3787	5.4234	
1598	15.671	9.3088	6.9754	15.233	8.3674	5.3693	
1599	15.67	9.3061	6.9716	15.229	8.3583	5.4027	
1600	15.668	9.3034	6.9678	15.215	8.372	5.3582	
1601	15.667	9.3007	6.9641	15.245	8.3609	5.4297	
1602	15.666	9.298	6.9603	15.238	8.3485	5.3855	
1603	15.664	9.2953	6.9565	15.243	8.3307	5.3756	
1604	15.663	9.2926	6.9527	15.231	8.3665	5.3766	
1605	15.661	9.2899	6.949	15.219	8.355	5.4195	
1606	15.66	9.2872	6.9452	15.218	8.3515	5.381	
1607	15.658	9.2845	6.9415	15.236	8.3546	5.3807	
1608	15.657	9.2818	6.9377	15.198	8.3743	5.3834	
1609	15.655	9.2791	6.934	15.209	8.3542	5.3865	
1610	15.654	9.2764	6.9302	15.217	8.3669	5.3679	
1611	15.652	9.2738	6.9265	15.223	8.3448	5.3933	
1612	15.651	9.2711	6.9228	15.243	8.3307	5.3638	
1613	15.65	9.2684	6.9191	15.178	8.3644	5.3728	
1614	15.648	9.2658	6.9153	15.202	8.361	5.4227	
1615	15.647	9.2632	6.9116	15.227	8.3397	5.3958	
1616	15.645	9.2605	6.9079	15.22	8.3127	5.3666	
1617	15.644	9.2579	6.9042	15.246	8.3553	5.3936	
1618	15.643	9.2552	6.9005	15.226	8.3236	5.3726	
1619	15.641	9.2526	6.8968	15.199	8.3466	5.3731	
1620	15.64	9.25	6.8931	15.181	8.3603	5.3781	
1621	15.638	9.2473	6.8894	15.208	8.3253	5.3494	
1622	15.637	9.2447	6.8858	15.178	8.3112	5.3902	
1623	15.636	9.2421	6.8821	15.171	8.3181	5.3343	
1624	15.634	9.2395	6.8784	15.213	8.3478	5.3601	
1625	15.633	9.2369	6.8748	15.221	8.3268	5.3138	
1626	15.631	9.2343	6.8711	15.189	8.3195	5.3457	
1627	15.63	9.2317	6.8675	15.194	8.2845	5.3273	
1628	15.629	9.2291	6.8638	15.187	8.3499	5.3401	
1629	15.627	9.2265	6.8602	15.19	8.342	5.3735	
1630	15.626	9.2239	6.8566	15.179	8.3391	5.3371	
1631	15.624	9.2213	6.8529	15.173	8.3154	5.3855	
1632	15.623	9.2187	6.8493	15.186	8.35	5.3166	
1633	15.622	9.2161	6.8457	15.203	8.3497	5.3381	
1634	15.62	9.2136	6.8421	15.171	8.297	5.3258	
1635	15.619	9.211	6.8384	15.194	8.3312	5.3287	
1636	15.618	9.2084	6.8348	15.188	8.3212	5.3036	
1637	15.616	9.2059	6.8312	15.199	8.3059	5.3668	
1638	15.615	9.2033	6.8276	15.222	8.2801	5.3259	
1639	15.613	9.2008	6.824	15.182	8.3194	5.2974	
1640	15.612	9.1982	6.8204	15.173	8.2818	5.3281	
1641	15.611	9.1957	6.8169	15.175	8.354	5.2891	
1642	15.609	9.1932	6.8133	15.205	8.2703	5.335	
1643	15.608	9.1906	6.8097	15.19	8.3112	5.2849	
1644	15.607	9.1881	6.8061	15.187	8.2906	5.3078	
1645	15.605	9.1856	6.8026	15.188	8.2927	5.329	
1646	15.604	9.183	6.799	15.208	8.31	5.2496	
1647	15.603	9.1805	6.7955	15.15	8.3281	5.3322	
1648	15.601	9.178	6.7919	15.196	8.214	5.2562	
1649	15.6	9.1755	6.7884	15.203	8.3041	5.32	
1650	15.599	9.173	6.7848	15.183	8.3097	5.3172	
1651	15.597	9.1705	6.7813	15.183	8.2823	5.2789	
1652	15.596	9.168	6.7778	15.167	8.2903	5.2806	
1653	15.595	9.1655	6.7743	15.222	8.273	5.3132	
1654	15.593	9.163	6.7707	15.187	8.2721	5.3	
1655	15.592	9.1605	6.7672	15.181	8.3124	5.2674	
1656	15.591	9.158	6.7637	15.178	8.2858	5.2886	
1657	15.589	9.1555	6.7602	15.182	8.2736	5.2715	
1658	15.588	9.1531	6.7567	15.168	8.2909	5.2684	
1659	15.587	9.1506	6.7532	15.198	8.2389	5.2994	
1660	15.585	9.1481	6.7497	15.134	8.2013	5.3163	
1661	15.584	9.1457	6.7462	15.18	8.22	5.277	
1662	15.583	9.1432	6.7427	15.141	8.2754	5.2561	
1663	15.582	9.1408	6.7393	15.16	8.3068	5.3083	
1664	15.58	9.1383	6.7358	15.139	8.2076	5.1903	
1665	15.579	9.1359	6.7323	15.134	8.2768	5.2901	
1666	15.578	9.1334	6.7289	15.203	8.2376	5.2267	
1667	15.576	9.131	6.7254	15.116	8.178	5.2636	
1668	15.575	9.1286	6.7219	15.094	8.2587	5.2816	
1669	15.574	9.1261	6.7185	15.177	8.2221	5.1642	
1670	15.572	9.1237	6.7151	15.177	8.3188	5.28	
1671	15.571	9.1213	6.7116	15.144	8.2985	5.1962	
1672	15.57	9.1188	6.7082	15.205	8.2434	5.1552	
1673	15.569	9.1164	6.7048	15.194	8.2671	5.2595	
1674	15.567	9.114	6.7013	15.196	8.273	5.2443	
1675	15.566	9.1116	6.6979	15.123	8.1082	5.2754	
1676	15.565	9.1092	6.6945	15.177	8.2951	5.2414	
1677	15.563	9.1068	6.6911	15.141	8.2686	5.3115	
1678	15.562	9.1044	6.6877	15.131	8.1656	5.2901	
1679	15.561	9.102	6.6843	15.153	8.2106	5.2576	
1680	15.56	9.0996	6.6809	15.136	8.2649	5.3272	
1681	15.558	9.0972	6.6775	15.15	8.3289	5.2473	
1682	15.557	9.0948	6.6741	15.105	8.2398	5.2015	
1683	15.556	9.0925	6.6707	15.132	8.2922	5.1972	
1684	15.555	9.0901	6.6673	15.112	8.2552	5.3479	
1685	15.553	9.0877	6.6639	15.14	8.0623	5.0309	
1686	15.552	9.0854	6.6605	15.254	8.287	5.2897	
1687	15.551	9.083	6.6572	15.066	8.3556	5.4453	
1688	15.55	9.0806	6.6538	15.075	8.27	5.2045	
1689	15.548	9.0783	6.6505	15.151	8.2085	5.0922	
1690	15.547	9.0759	6.6471	15.044	8.425	5.2279	
1691	15.546	9.0736	6.6438	15.226	8.1621	5.1941	
1692	15.545	9.0712	6.6404	15.228	8.4692	5.2754	
1693	15.543	9.0689	6.6371	14.99	8.3545	5.5722	
1694	15.542	9.0665	6.6337	14.9	8.082	5.2263	
1695	15.541	9.0642	6.6304	15.192	8.4939	5.4261	
1696	15.54	9.0618	6.6271	15.082	8.2301	5.4347	
1697	15.538	9.0595	6.6238	15.142	8.3357	5.437	
1698	15.537	9.0572	6.6204	14.719	8.2576	4.9981	
1699	15.536	9.0549	6.6171	14.916	8.6842	5.3629	
1700	15.535	9.0525	6.6138	14.932	8.1696	5.1826	
