	65	70	75	65	70	75	
300	55.472	59.464	63.495	37.511	37.209	37.514	
301	55.56	59.436	63.171	37.295	36.907	37.453	
302	55.618	59.369	62.812	37.087	36.772	37.279	
303	55.651	59.269	62.427	37.019	36.553	37.024	
304	55.658	59.137	62.021	36.99	36.489	37.052	
305	55.641	58.976	61.597	36.884	36.423	36.867	
306	55.603	58.79	61.161	36.614	36.185	36.77	
307	55.544	58.582	60.717	36.511	36.277	36.641	
308	55.465	58.355	60.266	36.334	36.128	36.541	
309	55.369	58.111	59.812	36.365	35.959	36.377	
310	55.258	57.853	59.358	36.171	35.873	36.379	
311	55.131	57.582	58.905	36.159	35.715	36.319	
312	54.992	57.301	58.455	36.209	35.719	36.207	
313	54.84	57.012	58.01	35.89	35.526	36.139	
314	54.678	56.716	57.57	35.955	35.547	35.953	
315	54.506	56.415	57.136	35.892	35.364	35.909	
316	54.326	56.11	56.71	35.798	35.418	35.815	
317	54.138	55.803	56.291	35.661	35.298	35.754	
318	53.944	55.494	55.881	35.561	35.153	35.59	
319	53.744	55.184	55.479	35.518	35.053	35.611	
320	53.539	54.875	55.086	35.535	35.035	35.459	
321	53.33	54.567	54.701	35.427	34.977	35.375	
322	53.117	54.26	54.326	35.393	34.901	35.332	
323	52.902	53.955	53.96	35.355	34.78	35.278	
324	52.685	53.653	53.603	35.23	34.786	35.152	
325	52.466	53.353	53.254	35.241	34.578	35.091	
326	52.246	53.057	52.915	35.155	34.568	35.032	
327	52.025	52.765	52.584	35.062	34.546	34.927	
328	51.804	52.477	52.262	35.028	34.498	34.847	
329	51.582	52.192	51.948	34.999	34.432	34.774	
330	51.361	51.912	51.643	35.011	34.459	34.767	
331	51.141	51.636	51.345	34.888	34.365	34.712	
332	50.922	51.365	51.055	34.842	34.23	34.555	
333	50.704	51.098	50.772	34.885	34.182	34.577	
334	50.487	50.835	50.497	34.798	34.161	34.525	
335	50.272	50.577	50.229	34.731	34.097	34.447	
336	50.058	50.323	49.968	34.609	34.041	34.358	
337	49.846	50.074	49.713	34.687	34.006	34.353	
338	49.636	49.829	49.465	34.632	33.962	34.303	
339	49.427	49.589	49.223	34.529	33.832	34.23	
340	49.221	49.352	48.987	34.579	33.724	34.179	
341	49.017	49.121	48.756	34.486	33.766	34.165	
342	48.816	48.893	48.531	34.466	33.725	34.1	
343	48.616	48.669	48.312	34.549	33.733	34.023	
344	48.419	48.449	48.097	34.521	33.702	33.95	
345	48.224	48.234	47.888	34.424	33.661	33.933	
346	48.031	48.022	47.683	34.455	33.622	33.892	
347	47.841	47.814	47.483	34.458	33.593	33.865	
348	47.653	47.609	47.287	34.377	33.616	33.812	
349	47.467	47.408	47.096	34.389	33.625	33.81	
350	47.283	47.211	46.908	34.388	33.625	33.767	
351	47.102	47.016	46.724	34.35	33.524	33.743	
352	46.922	46.825	46.544	34.396	33.574	33.8	
353	46.744	46.636	46.366	34.351	33.52	33.614	
354	46.567	46.449	46.191	34.458	33.583	33.722	
355	46.391	46.263	46.017	34.599	33.444	33.575	
356	46.215	46.079	45.845	34.579	33.535	33.58	
357	46.039	45.894	45.673	34.514	33.694	33.653	
358	45.862	45.709	45.502	34.45	33.599	33.561	
359	45.684	45.523	45.329	34.557	33.626	33.604	
360	45.504	45.336	45.155	34.568	33.602	33.533	
361	45.323	45.147	44.979	34.519	33.534	33.614	
362	45.141	44.957	44.801	34.468	33.471	33.318	
363	44.957	44.764	44.622	34.502	33.373	33.27	
364	44.772	44.571	44.441	34.485	33.406	33.141	
365	44.587	44.377	44.26	34.48	33.239	33.257	
366	44.401	44.182	44.077	34.43	33.18	32.916	
367	44.215	43.987	43.894	34.217	33.026	32.627	
368	44.029	43.792	43.711	34.2	33.006	32.484	
369	43.844	43.597	43.527	34.034	32.568	32.257	
370	43.659	43.403	43.345	33.841	32.395	31.955	
371	43.476	43.21	43.163	33.737	32.227	31.762	
372	43.294	43.019	42.983	33.555	32.089	31.437	
373	43.113	42.829	42.804	33.39	31.779	31.262	
374	42.934	42.642	42.628	33.076	31.523	30.992	
375	42.757	42.456	42.453	32.972	31.289	30.557	
376	42.582	42.273	42.281	32.744	31.026	30.281	
377	42.409	42.091	42.11	32.512	30.758	29.935	
378	42.238	41.913	41.943	32.361	30.452	29.755	
379	42.07	41.738	41.779	32.152	30.302	29.525	
380	41.904	41.565	41.617	31.847	30.094	29.22	
381	41.741	41.395	41.458	31.78	29.805	28.874	
382	41.579	41.227	41.301	31.618	29.702	28.718	
383	41.42	41.061	41.146	31.407	29.37	28.494	
384	41.262	40.898	40.994	31.178	29.194	28.195	
385	41.107	40.738	40.845	31.074	29.021	28.069	
386	40.955	40.58	40.698	30.864	28.789	27.848	
387	40.805	40.426	40.554	30.652	28.633	27.637	
388	40.657	40.273	40.413	30.583	28.41	27.476	
389	40.512	40.123	40.273	30.461	28.307	27.256	
390	40.368	39.975	40.136	30.26	28.108	27.05	
391	40.227	39.83	40.002	30.191	27.915	26.895	
392	40.089	39.688	39.871	29.981	27.735	26.665	
393	39.953	39.549	39.742	29.878	27.587	26.582	
394	39.819	39.411	39.615	29.682	27.397	26.4	
395	39.687	39.276	39.489	29.63	27.355	26.298	
396	39.558	39.143	39.367	29.422	27.142	26.077	
397	39.43	39.013	39.247	29.335	27.036	25.925	
398	39.305	38.885	39.128	29.275	26.882	25.776	
399	39.181	38.758	39.011	29.093	26.69	25.637	
400	39.059	38.633	38.896	29.072	26.6	25.423	
401	38.939	38.51	38.782	28.922	26.451	25.337	
402	38.82	38.389	38.67	28.768	26.379	25.181	
403	38.703	38.269	38.559	28.682	26.196	25.041	
404	38.586	38.15	38.449	28.573	26.143	24.894	
405	38.472	38.032	38.341	28.511	25.929	24.83	
406	38.359	37.916	38.234	28.418	25.831	24.647	
407	38.246	37.801	38.127	28.306	25.691	24.585	
408	38.135	37.687	38.022	28.204	25.67	24.441	
409	38.024	37.574	37.917	28.091	25.533	24.21	
410	37.915	37.462	37.813	28.031	25.423	24.179	
411	37.807	37.351	37.71	27.868	25.362	24.088	
412	37.699	37.241	37.607	27.819	25.199	23.977	
413	37.593	37.131	37.506	27.751	25.068	23.815	
414	37.487	37.023	37.405	27.647	25.046	23.779	
415	37.382	36.915	37.305	27.567	24.906	23.666	
416	37.278	36.808	37.205	27.436	24.81	23.564	
417	37.175	36.702	37.106	27.395	24.667	23.442	
418	37.072	36.596	37.008	27.242	24.576	23.314	
419	36.97	36.491	36.91	27.24	24.539	23.278	
420	36.87	36.387	36.813	27.177	24.391	23.051	
421	36.77	36.284	36.716	26.993	24.277	23.05	
422	36.67	36.181	36.62	27.016	24.164	22.99	
423	36.571	36.079	36.525	26.934	24.088	22.879	
424	36.473	35.978	36.431	26.867	24.049	22.714	
425	36.376	35.877	36.336	26.755	23.89	22.644	
426	36.28	35.777	36.243	26.651	23.86	22.58	
427	36.184	35.678	36.15	26.553	23.755	22.538	
428	36.089	35.579	36.057	26.479	23.663	22.372	
429	35.994	35.481	35.965	26.519	23.569	22.282	
430	35.901	35.384	35.874	26.369	23.426	22.284	
431	35.808	35.288	35.784	26.264	23.503	22.162	
432	35.715	35.192	35.693	26.276	23.311	21.984	
433	35.624	35.097	35.604	26.141	23.339	21.941	
434	35.533	35.002	35.515	26.086	23.175	21.795	
435	35.442	34.908	35.426	26.006	23.033	21.804	
436	35.353	34.814	35.338	25.973	22.899	21.543	
437	35.264	34.722	35.251	25.893	22.922	21.617	
438	35.176	34.629	35.163	25.872	22.893	21.469	
439	35.088	34.538	35.077	25.71	22.818	21.435	
440	35.001	34.447	34.991	25.695	22.639	21.343	
441	34.914	34.357	34.906	25.63	22.648	21.261	
442	34.829	34.267	34.821	25.588	22.648	21.104	
443	34.744	34.178	34.736	25.507	22.442	21.184	
444	34.659	34.089	34.653	25.556	22.424	20.985	
445	34.575	34.001	34.569	25.392	22.277	20.91	
446	34.492	33.913	34.486	25.234	22.293	20.863	
447	34.409	33.827	34.404	25.292	22.112	20.749	
448	34.327	33.74	34.322	25.195	22.141	20.723	
449	34.246	33.655	34.241	25.183	22.026	20.627	
450	34.165	33.57	34.16	25.118	21.916	20.654	
451	34.084	33.485	34.079	25.118	21.857	20.554	
452	34.005	33.401	33.999	25.026	21.784	20.444	
453	33.925	33.317	33.92	24.922	21.755	20.443	
454	33.847	33.234	33.841	24.835	21.684	20.273	
455	33.769	33.152	33.762	24.769	21.671	20.279	
456	33.691	33.07	33.684	24.72	21.58	20.095	
457	33.615	32.989	33.606	24.709	21.546	20.092	
458	33.538	32.908	33.529	24.66	21.441	20.062	
459	33.462	32.827	33.452	24.663	21.481	19.975	
460	33.387	32.748	33.376	24.545	21.331	19.906	
461	33.312	32.668	33.3	24.62	21.233	19.818	
462	33.238	32.59	33.225	24.431	21.183	19.772	
463	33.165	32.511	33.15	24.46	21.21	19.722	
464	33.091	32.433	33.075	24.327	21.031	19.609	
465	33.019	32.356	33.001	24.36	21.017	19.608	
466	32.947	32.279	32.927	24.267	20.954	19.454	
467	32.875	32.203	32.854	24.206	20.854	19.484	
468	32.804	32.127	32.781	24.17	20.799	19.396	
469	32.733	32.052	32.708	24.092	20.77	19.34	
470	32.663	31.977	32.636	24.061	20.699	19.193	
471	32.594	31.902	32.565	24.012	20.652	19.217	
472	32.525	31.828	32.493	23.934	20.679	19.142	
473	32.456	31.755	32.422	23.947	20.517	19.035	
474	32.388	31.682	32.352	23.908	20.509	19.076	
475	32.32	31.609	32.282	23.846	20.472	18.955	
476	32.253	31.537	32.212	23.824	20.439	18.928	
477	32.186	31.465	32.143	23.74	20.279	18.806	
478	32.12	31.394	32.074	23.684	20.28	18.775	
479	32.054	31.323	32.005	23.667	20.197	18.72	
480	31.989	31.253	31.937	23.599	20.142	18.638	
481	31.924	31.182	31.869	23.572	20.093	18.615	
482	31.859	31.113	31.802	23.495	20.1	18.561	
483	31.795	31.044	31.735	23.543	20.037	18.524	
484	31.732	30.975	31.668	23.447	19.952	18.437	
485	31.668	30.906	31.601	23.405	19.904	18.479	
486	31.606	30.838	31.535	23.388	19.787	18.36	
487	31.543	30.771	31.47	23.308	19.783	18.254	
488	31.481	30.704	31.404	23.318	19.714	18.213	
489	31.42	30.637	31.339	23.228	19.691	18.178	
490	31.358	30.57	31.274	23.239	19.606	18.185	
491	31.298	30.504	31.21	23.162	19.598	18.078	
492	31.237	30.439	31.146	23.125	19.513	18.036	
493	31.178	30.373	31.082	23.098	19.505	17.975	
494	31.118	30.308	31.019	23.049	19.475	17.976	
495	31.059	30.244	30.956	23.039	19.452	17.877	
496	31	30.18	30.893	22.991	19.38	17.876	
497	30.942	30.116	30.83	22.952	19.303	17.874	
498	30.883	30.052	30.768	22.922	19.281	17.787	
499	30.826	29.989	30.706	22.888	19.204	17.73	
500	30.768	29.926	30.644	22.873	19.164	17.653	
501	30.712	29.864	30.583	22.799	19.155	17.607	
502	30.655	29.802	30.522	22.748	19.072	17.553	
503	30.599	29.74	30.462	22.745	19.08	17.515	
504	30.543	29.678	30.401	22.67	18.989	17.461	
505	30.487	29.617	30.341	22.66	18.966	17.426	
506	30.432	29.557	30.281	22.59	18.9	17.357	
507	30.377	29.496	30.221	22.573	18.858	17.36	
508	30.323	29.436	30.162	22.544	18.831	17.264	
509	30.268	29.376	30.103	22.54	18.784	17.234	
510	30.215	29.317	30.044	22.464	18.744	17.185	
511	30.161	29.257	29.986	22.441	18.672	17.172	
512	30.108	29.198	29.927	22.411	18.653	17.095	
513	30.055	29.14	29.869	22.38	18.604	17.039	
514	30.002	29.081	29.812	22.329	18.581	17.008	
515	29.95	29.023	29.754	22.323	18.521	16.956	
516	29.898	28.966	29.697	22.272	18.488	16.925	
517	29.846	28.908	29.64	22.233	18.453	16.889	
518	29.795	28.851	29.583	22.213	18.429	16.8	
519	29.744	28.794	29.527	22.156	18.383	16.8	
520	29.693	28.737	29.471	22.155	18.329	16.783	
521	29.643	28.681	29.414	22.107	18.281	16.705	
522	29.592	28.625	29.359	22.082	18.236	16.682	
523	29.542	28.569	29.303	22.044	18.197	16.633	
524	29.493	28.514	29.248	22.008	18.175	16.576	
525	29.443	28.458	29.193	21.973	18.11	16.541	
526	29.394	28.403	29.138	21.948	18.101	16.479	
527	29.346	28.349	29.083	21.919	18.041	16.467	
528	29.297	28.294	29.029	21.871	18.015	16.444	
529	29.249	28.24	28.975	21.848	17.935	16.346	
530	29.201	28.186	28.921	21.807	17.963	16.332	
531	29.153	28.132	28.867	21.787	17.894	16.282	
532	29.106	28.079	28.813	21.792	17.872	16.249	
533	29.058	28.026	28.76	21.715	17.836	16.21	
534	29.011	27.973	28.707	21.688	17.765	16.173	
535	28.965	27.92	28.654	21.675	17.736	16.118	
536	28.918	27.867	28.602	21.642	17.728	16.071	
537	28.872	27.815	28.549	21.635	17.67	16.051	
538	28.826	27.763	28.497	21.595	17.649	16.008	
539	28.78	27.711	28.445	21.569	17.626	15.99	
540	28.735	27.66	28.393	21.55	17.587	15.938	
541	28.69	27.608	28.341	21.51	17.537	15.923	
542	28.645	27.557	28.29	21.482	17.509	15.858	
543	28.6	27.507	28.238	21.476	17.461	15.814	
544	28.555	27.456	28.187	21.431	17.422	15.773	
545	28.511	27.405	28.137	21.41	17.437	15.761	
546	28.467	27.355	28.086	21.352	17.352	15.71	
547	28.423	27.305	28.035	21.367	17.317	15.707	
548	28.38	27.255	27.985	21.329	17.285	15.648	
549	28.336	27.206	27.935	21.326	17.238	15.622	
550	28.293	27.157	27.885	21.261	17.228	15.591	
551	28.25	27.107	27.835	21.239	17.193	15.54	
552	28.207	27.059	27.786	21.241	17.157	15.508	
553	28.165	27.01	27.736	21.207	17.129	15.477	
554	28.123	26.961	27.687	21.168	17.077	15.44	
555	28.081	26.913	27.638	21.16	17.056	15.395	
556	28.039	26.865	27.589	21.131	17.016	15.362	
557	27.997	26.817	27.541	21.103	16.947	15.317	
558	27.956	26.769	27.492	21.084	16.962	15.3	
559	27.914	26.722	27.444	21.046	16.928	15.278	
560	27.873	26.675	27.396	21.019	16.886	15.228	
561	27.832	26.627	27.348	21.007	16.84	15.186	
562	27.792	26.581	27.3	21	16.812	15.184	
563	27.751	26.534	27.253	20.961	16.801	15.133	
564	27.711	26.487	27.205	20.944	16.75	15.126	
565	27.671	26.441	27.158	20.9	16.721	15.064	
566	27.631	26.395	27.111	20.879	16.684	15.074	
567	27.592	26.349	27.064	20.845	16.66	15.01	
568	27.552	26.303	27.018	20.818	16.626	14.969	
569	27.513	26.258	26.971	20.805	16.591	14.939	
570	27.474	26.212	26.925	20.791	16.566	14.891	
571	27.435	26.167	26.878	20.756	16.54	14.877	
572	27.396	26.122	26.832	20.734	16.528	14.866	
573	27.358	26.077	26.786	20.719	16.489	14.815	
574	27.319	26.033	26.741	20.685	16.473	14.755	
575	27.281	25.988	26.695	20.662	16.434	14.74	
576	27.243	25.944	26.65	20.631	16.404	14.719	
577	27.206	25.9	26.604	20.644	16.385	14.694	
578	27.168	25.856	26.559	20.618	16.331	14.681	
579	27.131	25.812	26.514	20.576	16.316	14.62	
580	27.093	25.769	26.47	20.577	16.277	14.621	
581	27.056	25.725	26.425	20.535	16.251	14.584	
582	27.019	25.682	26.381	20.524	16.22	14.522	
583	26.983	25.639	26.336	20.504	16.18	14.507	
584	26.946	25.596	26.292	20.492	16.17	14.517	
585	26.91	25.553	26.248	20.442	16.155	14.449	
586	26.874	25.511	26.204	20.431	16.123	14.417	
587	26.837	25.468	26.16	20.436	16.098	14.362	
588	26.802	25.426	26.117	20.408	16.07	14.357	
589	26.766	25.384	26.074	20.364	16.041	14.332	
590	26.73	25.342	26.03	20.345	16.005	14.287	
591	26.695	25.3	25.987	20.333	15.99	14.25	
592	26.66	25.259	25.944	20.31	15.918	14.221	
593	26.625	25.217	25.901	20.296	15.969	14.198	
594	26.59	25.176	25.859	20.283	15.892	14.209	
595	26.555	25.135	25.816	20.24	15.88	14.155	
596	26.52	25.094	25.774	20.22	15.879	14.124	
597	26.486	25.053	25.731	20.21	15.839	14.089	
598	26.452	25.013	25.689	20.202	15.8	14.07	
599	26.418	24.972	25.647	20.184	15.748	14.033	
600	26.384	24.932	25.606	20.146	15.774	14.024	
601	26.35	24.892	25.564	20.111	15.734	13.982	
602	26.316	24.851	25.522	20.089	15.676	13.946	
603	26.283	24.812	25.481	20.073	15.681	13.918	
604	26.249	24.772	25.44	20.062	15.645	13.915	
605	26.216	24.732	25.398	20.041	15.608	13.859	
606	26.183	24.693	25.357	20.03	15.616	13.815	
607	26.15	24.654	25.316	19.998	15.592	13.779	
608	26.117	24.614	25.276	20.014	15.535	13.804	
609	26.085	24.575	25.235	19.982	15.547	13.748	
610	26.052	24.537	25.195	19.959	15.505	13.733	
611	26.02	24.498	25.154	19.939	15.468	13.708	
612	25.988	24.459	25.114	19.937	15.48	13.705	
613	25.956	24.421	25.074	19.905	15.44	13.625	
614	25.924	24.383	25.034	19.873	15.416	13.633	
615	25.892	24.344	24.994	19.872	15.373	13.599	
616	25.86	24.306	24.955	19.848	15.366	13.567	
617	25.829	24.268	24.915	19.833	15.339	13.548	
618	25.797	24.231	24.875	19.81	15.324	13.544	
619	25.766	24.193	24.836	19.793	15.289	13.484	
620	25.735	24.156	24.797	19.769	15.26	13.464	
621	25.704	24.118	24.758	19.744	15.245	13.463	
622	25.673	24.081	24.719	19.758	15.223	13.435	
623	25.642	24.044	24.68	19.727	15.19	13.375	
624	25.612	24.007	24.641	19.705	15.17	13.372	
625	25.581	23.97	24.603	19.678	15.168	13.392	
626	25.551	23.934	24.564	19.681	15.12	13.311	
627	25.521	23.897	24.526	19.667	15.098	13.304	
628	25.491	23.861	24.488	19.638	15.06	13.283	
629	25.461	23.824	24.45	19.635	15.075	13.294	
630	25.431	23.788	24.412	19.57	15.013	13.233	
631	25.401	23.752	24.374	19.565	15.066	13.236	
632	25.372	23.716	24.336	19.575	15.011	13.141	
633	25.342	23.681	24.299	19.564	14.965	13.12	
634	25.313	23.645	24.261	19.51	14.954	13.069	
635	25.284	23.61	24.224	19.493	14.942	13.106	
636	25.255	23.574	24.186	19.49	14.951	13.106	
637	25.226	23.539	24.149	19.498	14.872	13.056	
638	25.197	23.504	24.112	19.454	14.846	13.046	
639	25.168	23.469	24.075	19.459	14.818	13.027	
640	25.14	23.434	24.039	19.425	14.799	13.018	
641	25.111	23.399	24.002	19.452	14.778	12.939	
642	25.083	23.364	23.965	19.402	14.772	12.986	
643	25.054	23.33	23.929	19.387	14.721	12.945	
644	25.026	23.295	23.893	19.404	14.727	12.899	
645	24.998	23.261	23.856	19.385	14.71	12.869	
646	24.97	23.227	23.82	19.341	14.67	12.857	
647	24.943	23.193	23.784	19.34	14.697	12.832	
648	24.915	23.159	23.748	19.298	14.644	12.833	
649	24.887	23.125	23.712	19.29	14.633	12.793	
650	24.86	23.091	23.677	19.268	14.571	12.757	
651	24.833	23.058	23.641	19.249	14.593	12.771	
652	24.805	23.024	23.606	19.245	14.544	12.718	
653	24.778	22.991	23.57	19.224	14.556	12.69	
654	24.751	22.958	23.535	19.213	14.505	12.636	
655	24.724	22.924	23.5	19.188	14.528	12.643	
656	24.698	22.891	23.465	19.173	14.551	12.655	
657	24.671	22.858	23.43	19.182	14.495	12.58	
658	24.644	22.826	23.395	19.145	14.451	12.585	
659	24.618	22.793	23.36	19.135	14.393	12.576	
660	24.591	22.76	23.326	19.131	14.406	12.557	
661	24.565	22.728	23.291	19.149	14.366	12.521	
662	24.539	22.695	23.257	19.141	14.38	12.487	
663	24.513	22.663	23.222	19.085	14.354	12.478	
664	24.487	22.631	23.188	19.067	14.358	12.46	
665	24.461	22.599	23.154	19.05	14.329	12.422	
666	24.436	22.567	23.12	19.037	14.283	12.4	
667	24.41	22.535	23.086	19.049	14.264	12.403	
668	24.384	22.503	23.052	19.03	14.28	12.379	
669	24.359	22.472	23.019	19.015	14.24	12.357	
670	24.334	22.44	22.985	18.996	14.227	12.341	
671	24.308	22.409	22.952	18.983	14.189	12.272	
672	24.283	22.378	22.918	18.968	14.151	12.307	
673	24.258	22.346	22.885	18.924	14.153	12.286	
674	24.233	22.315	22.852	18.939	14.161	12.278	
675	24.208	22.284	22.819	18.916	14.153	12.296	
676	24.184	22.253	22.786	18.918	14.072	12.203	
677	24.159	22.222	22.753	18.905	14.111	12.199	
678	24.134	22.192	22.72	18.877	14.073	12.219	
679	24.11	22.161	22.687	18.874	14.028	12.143	
680	24.086	22.131	22.654	18.865	14.013	12.153	
681	24.061	22.1	22.622	18.846	13.999	12.088	
682	24.037	22.07	22.589	18.845	14.005	12.109	
683	24.013	22.04	22.557	18.808	13.954	12.072	
684	23.989	22.01	22.525	18.784	13.945	12.093	
685	23.965	21.979	22.493	18.793	13.961	12.052	
686	23.941	21.95	22.461	18.775	13.924	12.002	
687	23.917	21.92	22.429	18.777	13.89	11.991	
688	23.894	21.89	22.397	18.772	13.868	11.962	
689	23.87	21.86	22.365	18.761	13.903	11.957	
690	23.847	21.831	22.333	18.716	13.875	11.965	
691	23.823	21.801	22.302	18.724	13.843	11.91	
692	23.8	21.772	22.27	18.709	13.782	11.94	
693	23.777	21.743	22.239	18.696	13.781	11.891	
694	23.754	21.714	22.207	18.682	13.775	11.898	
695	23.731	21.684	22.176	18.653	13.738	11.859	
696	23.708	21.655	22.145	18.654	13.704	11.854	
697	23.685	21.627	22.114	18.647	13.742	11.818	
698	23.662	21.598	22.083	18.656	13.697	11.76	
699	23.64	21.569	22.052	18.615	13.678	11.745	
700	23.617	21.54	22.021	18.603	13.714	11.763	
701	23.595	21.512	21.99	18.616	13.601	11.754	
702	23.572	21.483	21.96	18.605	13.677	11.742	
703	23.55	21.455	21.929	18.55	13.664	11.695	
704	23.528	21.427	21.899	18.548	13.616	11.689	
705	23.505	21.399	21.868	18.593	13.586	11.663	
706	23.483	21.371	21.838	18.539	13.595	11.627	
707	23.461	21.343	21.808	18.519	13.587	11.625	
708	23.439	21.315	21.778	18.499	13.513	11.634	
709	23.417	21.287	21.748	18.52	13.555	11.58	
710	23.396	21.259	21.718	18.509	13.487	11.628	
711	23.374	21.231	21.688	18.491	13.491	11.511	
712	23.352	21.204	21.658	18.46	13.43	11.505	
713	23.331	21.176	21.628	18.443	13.501	11.532	
714	23.309	21.149	21.599	18.434	13.419	11.487	
715	23.288	21.122	21.569	18.397	13.433	11.469	
716	23.267	21.094	21.54	18.418	13.356	11.374	
717	23.246	21.067	21.51	18.408	13.398	11.468	
718	23.224	21.04	21.481	18.389	13.347	11.371	
719	23.203	21.013	21.452	18.416	13.365	11.461	
720	23.182	20.986	21.422	18.332	13.336	11.414	
721	23.161	20.959	21.393	18.377	13.311	11.389	
722	23.141	20.933	21.364	18.373	13.341	11.365	
723	23.12	20.906	21.336	18.316	13.339	11.362	
724	23.099	20.88	21.307	18.348	13.267	11.357	
725	23.079	20.853	21.278	18.293	13.366	11.278	
726	23.058	20.827	21.249	18.343	13.2	11.279	
727	23.038	20.8	21.221	18.3	13.25	11.255	
728	23.017	20.774	21.192	18.318	13.194	11.255	
729	22.997	20.748	21.164	18.272	13.178	11.254	
730	22.977	20.722	21.135	18.26	13.183	11.173	
731	22.957	20.696	21.107	18.22	13.167	11.208	
732	22.936	20.67	21.079	18.247	13.116	11.197	
733	22.916	20.644	21.051	18.236	13.152	11.165	
734	22.896	20.618	21.023	18.263	13.117	11.143	
735	22.877	20.592	20.995	18.212	13.131	11.119	
736	22.857	20.567	20.967	18.211	13.114	11.12	
737	22.837	20.541	20.939	18.221	13.084	11.153	
738	22.817	20.516	20.911	18.175	13.091	11.076	
739	22.798	20.49	20.884	18.168	13.067	11.094	
740	22.778	20.465	20.856	18.198	13.06	11.074	
741	22.759	20.44	20.829	18.146	13.012	11.072	
742	22.739	20.415	20.801	18.159	13.021	11.016	
743	22.72	20.389	20.774	18.16	13.027	10.987	
744	22.701	20.364	20.746	18.128	13	11.023	
745	22.682	20.34	20.719	18.098	13.023	11.013	
746	22.662	20.315	20.692	18.113	12.97	10.981	
747	22.643	20.29	20.665	18.112	13.001	10.944	
748	22.624	20.265	20.638	18.09	12.967	10.93	
749	22.605	20.24	20.611	18.087	12.928	10.902	
750	22.587	20.216	20.584	18.026	12.909	10.938	
751	22.568	20.191	20.557	18.064	12.892	10.873	
752	22.549	20.167	20.531	18.016	12.923	10.846	
753	22.53	20.142	20.504	18.042	12.881	10.845	
754	22.512	20.118	20.477	18.033	12.862	10.87	
755	22.493	20.094	20.451	17.998	12.896	10.794	
756	22.475	20.07	20.424	18.017	12.83	10.84	
757	22.456	20.046	20.398	18.016	12.778	10.837	
758	22.438	20.022	20.372	17.993	12.814	10.794	
759	22.42	19.998	20.345	17.991	12.817	10.766	
760	22.402	19.974	20.319	17.965	12.743	10.723	
761	22.383	19.95	20.293	17.94	12.757	10.727	
762	22.365	19.926	20.267	17.968	12.744	10.685	
763	22.347	19.903	20.241	17.942	12.757	10.67	
764	22.329	19.879	20.215	17.942	12.75	10.703	
765	22.311	19.855	20.189	17.928	12.723	10.649	
766	22.294	19.832	20.164	17.945	12.732	10.659	
767	22.276	19.809	20.138	17.932	12.689	10.658	
768	22.258	19.785	20.112	17.898	12.676	10.604	
769	22.24	19.762	20.087	17.901	12.684	10.63	
770	22.223	19.739	20.061	17.88	12.632	10.573	
771	22.205	19.716	20.036	17.839	12.621	10.567	
772	22.188	19.692	20.011	17.837	12.664	10.567	
773	22.17	19.669	19.985	17.851	12.613	10.567	
774	22.153	19.647	19.96	17.831	12.605	10.51	
775	22.136	19.624	19.935	17.81	12.584	10.517	
776	22.118	19.601	19.91	17.872	12.563	10.49	
777	22.101	19.578	19.885	17.813	12.541	10.499	
778	22.084	19.555	19.86	17.814	12.507	10.516	
779	22.067	19.533	19.835	17.771	12.515	10.473	
780	22.05	19.51	19.81	17.769	12.529	10.484	
781	22.033	19.488	19.785	17.816	12.552	10.405	
782	22.016	19.465	19.76	17.788	12.453	10.414	
783	21.999	19.443	19.736	17.766	12.44	10.413	
784	21.982	19.421	19.711	17.747	12.468	10.369	
785	21.966	19.398	19.687	17.727	12.424	10.347	
786	21.949	19.376	19.662	17.72	12.435	10.349	
787	21.932	19.354	19.638	17.725	12.412	10.345	
788	21.916	19.332	19.613	17.722	12.394	10.324	
789	21.899	19.31	19.589	17.703	12.376	10.317	
790	21.883	19.288	19.565	17.705	12.403	10.277	
791	21.866	19.266	19.541	17.675	12.368	10.278	
792	21.85	19.244	19.517	17.689	12.361	10.267	
793	21.834	19.223	19.493	17.679	12.381	10.266	
794	21.818	19.201	19.469	17.66	12.327	10.239	
795	21.801	19.179	19.445	17.659	12.309	10.224	
796	21.785	19.158	19.421	17.662	12.313	10.213	
797	21.769	19.136	19.397	17.654	12.325	10.176	
798	21.753	19.115	19.373	17.666	12.323	10.181	
799	21.737	19.093	19.35	17.647	12.261	10.206	
800	21.721	19.072	19.326	17.62	12.266	10.135	
801	21.705	19.051	19.302	17.605	12.279	10.152	
802	21.689	19.03	19.279	17.648	12.257	10.122	
803	21.674	19.008	19.256	17.585	12.228	10.092	
804	21.658	18.987	19.232	17.575	12.219	10.133	
805	21.642	18.966	19.209	17.566	12.198	10.093	
806	21.627	18.945	19.186	17.583	12.17	10.084	
807	21.611	18.924	19.162	17.566	12.126	10.115	
808	21.596	18.904	19.139	17.569	12.174	10.024	
809	21.58	18.883	19.116	17.516	12.099	10.047	
810	21.565	18.862	19.093	17.556	12.165	10.014	
811	21.549	18.841	19.07	17.537	12.131	9.9973	
812	21.534	18.821	19.047	17.532	12.176	10.005	
813	21.519	18.8	19.024	17.542	12.077	9.9926	
814	21.503	18.779	19.001	17.52	12.11	10.013	
815	21.488	18.759	18.979	17.499	12.091	9.9656	
816	21.473	18.739	18.956	17.51	12.082	9.9131	
817	21.458	18.718	18.933	17.487	12.062	9.9298	
818	21.443	18.698	18.911	17.492	12.059	9.9034	
819	21.428	18.678	18.888	17.483	12.042	9.9129	
820	21.413	18.657	18.866	17.46	12.018	9.8719	
821	21.398	18.637	18.843	17.453	12.005	9.8656	
822	21.383	18.617	18.821	17.45	12.012	9.8616	
823	21.369	18.597	18.799	17.451	12.006	9.8525	
824	21.354	18.577	18.776	17.443	12.007	9.8497	
825	21.339	18.557	18.754	17.437	11.988	9.8449	
826	21.325	18.537	18.732	17.433	11.98	9.8362	
827	21.31	18.517	18.71	17.43	11.974	9.8144	
828	21.295	18.498	18.688	17.419	11.964	9.8087	
829	21.281	18.478	18.666	17.407	11.95	9.7941	
830	21.266	18.458	18.644	17.407	11.946	9.8031	
831	21.252	18.439	18.622	17.4	11.919	9.7859	
832	21.238	18.419	18.6	17.384	11.91	9.7662	
833	21.223	18.4	18.578	17.379	11.905	9.7353	
834	21.209	18.38	18.557	17.367	11.897	9.7158	
835	21.195	18.361	18.535	17.36	11.889	9.7177	
836	21.181	18.341	18.513	17.358	11.888	9.6974	
837	21.166	18.322	18.492	17.35	11.861	9.7024	
838	21.152	18.303	18.47	17.356	11.846	9.6741	
839	21.138	18.284	18.449	17.339	11.835	9.6728	
840	21.124	18.264	18.427	17.323	11.851	9.6213	
841	21.11	18.245	18.406	17.338	11.799	9.6059	
842	21.096	18.226	18.385	17.35	11.812	9.6524	
843	21.082	18.207	18.363	17.333	11.79	9.6237	
844	21.069	18.188	18.342	17.328	11.8	9.6135	
845	21.055	18.169	18.321	17.337	11.83	9.5864	
846	21.041	18.151	18.3	17.25	11.762	9.5728	
847	21.027	18.132	18.279	17.316	11.671	9.6306	
848	21.014	18.113	18.258	17.299	11.801	9.6341	
849	21	18.094	18.237	17.296	11.713	9.5251	
850	20.986	18.076	18.216	17.278	11.74	9.5683	
851	20.973	18.057	18.195	17.254	11.712	9.5872	
852	20.959	18.038	18.174	17.249	11.723	9.4661	
853	20.946	18.02	18.154	17.279	11.658	9.4759	
854	20.933	18.001	18.133	17.228	11.704	9.4325	
855	20.919	17.983	18.112	17.23	11.626	9.478	
856	20.906	17.965	18.092	17.202	11.678	9.4881	
857	20.893	17.946	18.071	17.234	11.659	9.4508	
858	20.879	17.928	18.05	17.248	11.682	9.4151	
859	20.866	17.91	18.03	17.26	11.629	9.461	
860	20.853	17.892	18.01	17.206	11.667	9.4684	
861	20.84	17.873	17.989	17.177	11.615	9.3825	
862	20.827	17.855	17.969	17.215	11.595	9.3837	
863	20.814	17.837	17.949	17.205	11.644	9.3907	
864	20.801	17.819	17.928	17.208	11.589	9.387	
865	20.788	17.801	17.908	17.157	11.577	9.3165	
866	20.775	17.784	17.888	17.167	11.563	9.3468	
867	20.762	17.766	17.868	17.147	11.513	9.3459	
868	20.749	17.748	17.848	17.118	11.543	9.3501	
869	20.736	17.73	17.828	17.15	11.508	9.2901	
870	20.723	17.712	17.808	17.159	11.516	9.3057	
871	20.711	17.695	17.788	17.146	11.508	9.2767	
872	20.698	17.677	17.768	17.131	11.512	9.3136	
873	20.685	17.659	17.748	17.157	11.469	9.267	
874	20.673	17.642	17.729	17.129	11.488	9.2504	
875	20.66	17.624	17.709	17.111	11.474	9.2559	
876	20.648	17.607	17.689	17.115	11.465	9.2204	
877	20.635	17.59	17.67	17.112	11.46	9.2537	
878	20.623	17.572	17.65	17.083	11.444	9.2191	
879	20.61	17.555	17.63	17.079	11.432	9.1998	
880	20.598	17.538	17.611	17.071	11.421	9.1926	
881	20.585	17.52	17.591	17.069	11.417	9.1849	
882	20.573	17.503	17.572	17.067	11.412	9.1889	
883	20.561	17.486	17.553	17.063	11.408	9.1794	
884	20.548	17.469	17.533	17.061	11.404	9.1718	
885	20.536	17.452	17.514	17.061	11.396	9.1709	
886	20.524	17.435	17.495	17.056	11.388	9.1566	
887	20.512	17.418	17.476	17.046	11.371	9.1428	
888	20.5	17.401	17.456	17.044	11.364	9.1243	
889	20.488	17.384	17.437	17.031	11.351	9.1119	
890	20.476	17.367	17.418	17.018	11.337	9.0964	
891	20.464	17.35	17.399	17.012	11.328	9.0812	
892	20.452	17.334	17.38	17.01	11.316	9.0788	
893	20.44	17.317	17.361	17.003	11.31	9.0602	
894	20.428	17.3	17.342	16.991	11.308	9.0486	
895	20.416	17.284	17.324	16.999	11.303	9.0533	
896	20.404	17.267	17.305	16.989	11.29	9.0498	
897	20.392	17.25	17.286	16.989	11.285	9.0476	
898	20.381	17.234	17.267	16.987	11.282	9.0195	
899	20.369	17.217	17.249	16.979	11.268	9.0175	
900	20.357	17.201	17.23	16.966	11.258	8.9949	
901	20.346	17.185	17.211	16.947	11.247	8.9733	
902	20.334	17.168	17.193	16.948	11.229	8.9685	
903	20.322	17.152	17.174	16.945	11.226	8.9618	
904	20.311	17.136	17.156	16.94	11.217	8.9595	
905	20.299	17.119	17.137	16.932	11.215	8.9576	
906	20.288	17.103	17.119	16.934	11.21	8.9517	
907	20.276	17.087	17.101	16.929	11.206	8.9528	
908	20.265	17.071	17.082	16.931	11.194	8.9288	
909	20.254	17.055	17.064	16.916	11.183	8.9209	
910	20.242	17.039	17.046	16.902	11.167	8.91	
911	20.231	17.023	17.028	16.906	11.155	8.9055	
912	20.22	17.007	17.01	16.894	11.128	8.8691	
913	20.208	16.991	16.992	16.881	11.137	8.8493	
914	20.197	16.975	16.974	16.883	11.127	8.8511	
915	20.186	16.959	16.956	16.876	11.114	8.8449	
916	20.175	16.943	16.938	16.869	11.119	8.8435	
917	20.164	16.928	16.92	16.869	11.116	8.8377	
918	20.153	16.912	16.902	16.872	11.111	8.8326	
919	20.142	16.896	16.884	16.868	11.102	8.8198	
920	20.131	16.881	16.866	16.862	11.094	8.8106	
921	20.12	16.865	16.848	16.852	11.081	8.8013	
922	20.109	16.849	16.83	16.848	11.073	8.8045	
923	20.098	16.834	16.813	16.851	11.066	8.7956	
924	20.087	16.818	16.795	16.835	11.037	8.7695	
925	20.076	16.803	16.777	16.832	11.054	8.7564	
926	20.065	16.787	16.76	16.815	11.035	8.7417	
927	20.054	16.772	16.742	16.816	11.041	8.7315	
928	20.044	16.757	16.725	16.814	11.034	8.7362	
929	20.033	16.741	16.707	16.797	10.994	8.7477	
930	20.022	16.726	16.69	16.793	10.972	8.7269	
931	20.011	16.711	16.673	16.805	11.016	8.7154	
932	20.001	16.696	16.655	16.812	10.951	8.6826	
933	19.99	16.68	16.638	16.782	11.008	8.6791	
934	19.98	16.665	16.621	16.775	10.976	8.695	
935	19.969	16.65	16.603	16.773	10.978	8.6554	
936	19.959	16.635	16.586	16.753	10.941	8.6501	
937	19.948	16.62	16.569	16.753	10.935	8.6851	
938	19.938	16.605	16.552	16.783	10.944	8.6069	
939	19.927	16.59	16.535	16.761	10.933	8.6336	
940	19.917	16.575	16.518	16.766	10.894	8.6504	
941	19.906	16.56	16.501	16.76	10.92	8.6114	
942	19.896	16.546	16.484	16.739	10.886	8.5574	
943	19.886	16.531	16.467	16.715	10.91	8.5951	
944	19.875	16.516	16.45	16.717	10.929	8.5787	
945	19.865	16.501	16.433	16.744	10.893	8.5827	
946	19.855	16.486	16.416	16.743	10.888	8.5713	
947	19.845	16.472	16.399	16.722	10.888	8.5569	
948	19.834	16.457	16.382	16.718	10.861	8.5456	
949	19.824	16.443	16.366	16.708	10.84	8.5238	
950	19.814	16.428	16.349	16.702	10.832	8.5213	
951	19.804	16.413	16.332	16.691	10.851	8.5259	
952	19.794	16.399	16.316	16.683	10.844	8.5209	
953	19.784	16.384	16.299	16.694	10.825	8.4986	
954	19.774	16.37	16.283	16.695	10.819	8.5124	
955	19.764	16.356	16.266	16.682	10.807	8.4784	
956	19.754	16.341	16.25	16.663	10.812	8.4848	
957	19.744	16.327	16.233	16.664	10.803	8.5324	
958	19.734	16.313	16.217	16.644	10.785	8.4534	
959	19.724	16.298	16.2	16.666	10.771	8.4791	
960	19.715	16.284	16.184	16.678	10.753	8.4078	
961	19.705	16.27	16.168	16.673	10.778	8.3952	
962	19.695	16.256	16.151	16.661	10.689	8.3687	
963	19.685	16.242	16.135	16.62	10.712	8.4149	
964	19.675	16.228	16.119	16.649	10.748	8.3485	
965	19.666	16.214	16.103	16.617	10.733	8.3817	
966	19.656	16.2	16.087	16.628	10.753	8.359	
967	19.646	16.185	16.071	16.623	10.733	8.3919	
968	19.637	16.172	16.054	16.627	10.745	8.3832	
969	19.627	16.158	16.038	16.611	10.709	8.3707	
970	19.618	16.144	16.022	16.625	10.692	8.3925	
971	19.608	16.13	16.006	16.613	10.68	8.3706	
972	19.599	16.116	15.991	16.61	10.702	8.3492	
973	19.589	16.102	15.975	16.61	10.685	8.3224	
974	19.58	16.088	15.959	16.594	10.661	8.3374	
975	19.57	16.075	15.943	16.588	10.668	8.2816	
976	19.561	16.061	15.927	16.58	10.653	8.2972	
977	19.551	16.047	15.911	16.575	10.641	8.2843	
978	19.542	16.034	15.896	16.572	10.632	8.2858	
979	19.533	16.02	15.88	16.57	10.638	8.2719	
980	19.523	16.006	15.864	16.575	10.628	8.2724	
981	19.514	15.993	15.849	16.572	10.626	8.2804	
982	19.505	15.979	15.833	16.566	10.621	8.2707	
983	19.496	15.966	15.817	16.562	10.623	8.2828	
984	19.486	15.952	15.802	16.548	10.613	8.2676	
985	19.477	15.939	15.786	16.546	10.617	8.2362	
986	19.468	15.926	15.771	16.573	10.595	8.2584	
987	19.459	15.912	15.755	16.537	10.591	8.2149	
988	19.45	15.899	15.74	16.532	10.56	8.1936	
989	19.441	15.886	15.725	16.524	10.566	8.1933	
990	19.432	15.872	15.709	16.52	10.547	8.1876	
991	19.423	15.859	15.694	16.519	10.55	8.1676	
992	19.413	15.846	15.679	16.52	10.545	8.1802	
993	19.405	15.833	15.663	16.509	10.544	8.1739	
994	19.396	15.819	15.648	16.517	10.548	8.1768	
995	19.387	15.806	15.633	16.503	10.54	8.1619	
996	19.378	15.793	15.618	16.496	10.533	8.1554	
997	19.369	15.78	15.603	16.504	10.529	8.1444	
998	19.36	15.767	15.588	16.493	10.516	8.1417	
999	19.351	15.754	15.572	16.483	10.502	8.1776	
1000	19.342	15.741	15.557	16.5	10.478	8.1157	
1001	19.333	15.728	15.542	16.464	10.53	8.0949	
1002	19.325	15.715	15.527	16.485	10.51	8.0982	
1003	19.316	15.702	15.513	16.476	10.477	8.0989	
1004	19.307	15.689	15.498	16.475	10.443	8.0759	
1005	19.299	15.677	15.483	16.439	10.542	8.1117	
1006	19.29	15.664	15.468	16.467	10.428	8.1096	
1007	19.281	15.651	15.453	16.465	10.492	8.0327	
1008	19.273	15.638	15.438	16.449	10.484	8.0563	
1009	19.264	15.626	15.423	16.429	10.432	8.0496	
1010	19.255	15.613	15.409	16.466	10.451	8.0414	
1011	19.247	15.6	15.394	16.433	10.444	8.0428	
1012	19.238	15.588	15.379	16.438	10.431	8.0143	
1013	19.23	15.575	15.365	16.434	10.414	8.0082	
1014	19.221	15.562	15.35	16.435	10.394	8.0042	
1015	19.213	15.55	15.335	16.437	10.4	7.9932	
1016	19.204	15.537	15.321	16.413	10.402	8.087	
1017	19.196	15.525	15.306	16.395	10.365	7.9546	
1018	19.187	15.512	15.292	16.391	10.366	7.9748	
1019	19.179	15.5	15.277	16.377	10.349	7.938	
1020	19.171	15.487	15.263	16.428	10.409	7.9076	
1021	19.162	15.475	15.249	16.344	10.406	7.9482	
1022	19.154	15.463	15.234	16.399	10.335	7.9468	
1023	19.146	15.45	15.22	16.418	10.322	7.9437	
1024	19.137	15.438	15.205	16.374	10.301	7.9785	
1025	19.129	15.426	15.191	16.416	10.31	7.9159	
1026	19.121	15.414	15.177	16.38	10.359	7.8728	
1027	19.113	15.401	15.163	16.414	10.241	7.8987	
1028	19.105	15.389	15.148	16.371	10.339	7.8451	
1029	19.096	15.377	15.134	16.355	10.283	7.8299	
1030	19.088	15.365	15.12	16.359	10.328	7.903	
1031	19.08	15.353	15.106	16.422	10.333	7.9249	
1032	19.072	15.341	15.092	16.316	10.327	7.8632	
1033	19.064	15.329	15.078	16.382	10.287	7.887	
1034	19.056	15.316	15.064	16.356	10.309	7.8533	
1035	19.048	15.305	15.05	16.379	10.251	7.9231	
1036	19.04	15.293	15.036	16.253	10.285	7.8388	
1037	19.032	15.281	15.022	16.397	10.175	7.8035	
1038	19.024	15.269	15.008	16.319	10.24	7.9786	
1039	19.016	15.257	14.994	16.361	10.29	7.9209	
1040	19.008	15.245	14.98	16.298	10.088	7.8087	
1041	19	15.233	14.966	16.335	10.216	7.8567	
1042	18.992	15.221	14.952	16.445	10.238	7.6434	
1043	18.984	15.209	14.939	16.412	10.176	7.6925	
1044	18.976	15.198	14.925	16.267	10.268	7.7417	
1045	18.969	15.186	14.911	16.308	10.204	7.7873	
1046	18.961	15.174	14.897	16.204	10.35	7.5825	
1047	18.953	15.162	14.884	16.266	10.039	7.7932	
1048	18.945	15.151	14.87	16.229	10.157	7.8069	
1049	18.937	15.139	14.856	16.299	10.171	7.7236	
1050	18.93	15.127	14.843	16.276	10.083	7.8107	
1051	18.922	15.116	14.829	16.278	10.17	7.7396	
1052	18.914	15.104	14.816	16.273	10.161	7.7044	
1053	18.907	15.093	14.802	16.277	10.167	7.7231	
1054	18.899	15.081	14.789	16.277	10.148	7.7089	
1055	18.891	15.07	14.775	16.277	10.167	7.6972	
1056	18.884	15.058	14.762	16.273	10.135	7.687	
1057	18.876	15.047	14.748	16.269	10.153	7.6997	
1058	18.869	15.035	14.735	16.262	10.142	7.6709	
1059	18.861	15.024	14.721	16.247	10.134	7.6933	
1060	18.854	15.013	14.708	16.254	10.134	7.6648	
1061	18.846	15.001	14.695	16.263	10.116	7.6747	
1062	18.839	14.99	14.681	16.239	10.115	7.6648	
1063	18.831	14.979	14.668	16.235	10.098	7.6667	
1064	18.824	14.967	14.655	16.233	10.093	7.6472	
1065	18.816	14.956	14.642	16.225	10.087	7.629	
1066	18.809	14.945	14.629	16.232	10.086	7.618	
1067	18.801	14.934	14.615	16.223	10.089	7.6219	
1068	18.794	14.922	14.602	16.218	10.078	7.6284	
1069	18.787	14.911	14.589	16.223	10.054	7.6005	
1070	18.779	14.9	14.576	16.22	10.079	7.5985	
1071	18.772	14.889	14.563	16.218	10.063	7.599	
1072	18.765	14.878	14.55	16.202	10.065	7.5925	
1073	18.757	14.867	14.537	16.215	10.029	7.5661	
1074	18.75	14.856	14.524	16.199	10.044	7.5808	
1075	18.743	14.845	14.511	16.193	10.033	7.5517	
1076	18.736	14.834	14.498	16.201	10.022	7.5548	
1077	18.728	14.823	14.485	16.189	10.024	7.5511	
1078	18.721	14.812	14.472	16.185	10.008	7.5417	
1079	18.714	14.801	14.459	16.186	10.022	7.5314	
1080	18.707	14.79	14.446	16.186	10.011	7.5387	
1081	18.7	14.779	14.434	16.179	10.01	7.5348	
1082	18.693	14.768	14.421	16.172	10.007	7.5257	
1083	18.685	14.758	14.408	16.18	9.9947	7.5117	
1084	18.678	14.747	14.395	16.172	9.995	7.5129	
1085	18.671	14.736	14.383	16.166	9.9914	7.5014	
1086	18.664	14.725	14.37	16.171	9.9923	7.5038	
1087	18.657	14.714	14.357	16.156	9.9873	7.4945	
1088	18.65	14.704	14.344	16.166	9.9817	7.4997	
1089	18.643	14.693	14.332	16.159	9.9779	7.4821	
1090	18.636	14.682	14.319	16.158	9.9803	7.4881	
1091	18.629	14.672	14.307	16.153	9.9785	7.4853	
1092	18.622	14.661	14.294	16.144	9.9565	7.4715	
1093	18.615	14.651	14.282	16.148	9.9506	7.4729	
1094	18.608	14.64	14.269	16.141	9.9601	7.4722	
1095	18.602	14.629	14.257	16.15	9.9318	7.4483	
1096	18.595	14.619	14.244	16.144	9.9407	7.4519	
1097	18.588	14.608	14.232	16.13	9.9283	7.4383	
1098	18.581	14.598	14.219	16.124	9.9234	7.4168	
1099	18.574	14.587	14.207	16.123	9.9232	7.4195	
1100	18.567	14.577	14.194	16.113	9.9178	7.4139	
1101	18.561	14.566	14.182	16.124	9.9056	7.3964	
1102	18.554	14.556	14.17	16.116	9.8945	7.3888	
1103	18.547	14.546	14.157	16.109	9.8791	7.3797	
1104	18.54	14.535	14.145	16.105	9.888	7.3786	
1105	18.534	14.525	14.133	16.097	9.8862	7.3711	
1106	18.527	14.515	14.121	16.101	9.8753	7.3644	
1107	18.52	14.504	14.108	16.09	9.8672	7.3615	
1108	18.513	14.494	14.096	16.098	9.873	7.3533	
1109	18.507	14.484	14.084	16.089	9.8628	7.35	
1110	18.5	14.474	14.072	16.087	9.8562	7.3493	
1111	18.494	14.463	14.06	16.086	9.8575	7.3426	
1112	18.487	14.453	14.048	16.085	9.8439	7.3361	
1113	18.48	14.443	14.036	16.085	9.8491	7.3346	
1114	18.474	14.433	14.024	16.08	9.8466	7.3305	
1115	18.467	14.423	14.011	16.077	9.8484	7.3291	
1116	18.461	14.413	13.999	16.078	9.8409	7.3321	
1117	18.454	14.402	13.987	16.079	9.8416	7.3209	
1118	18.448	14.392	13.976	16.072	9.8334	7.3214	
1119	18.441	14.382	13.964	16.06	9.8347	7.3015	
1120	18.435	14.372	13.952	16.068	9.8313	7.2924	
1121	18.428	14.362	13.94	16.067	9.8176	7.2878	
1122	18.422	14.352	13.928	16.06	9.8063	7.2978	
1123	18.415	14.342	13.916	16.048	9.8069	7.2903	
1124	18.409	14.332	13.904	16.063	9.8076	7.2673	
1125	18.402	14.322	13.892	16.054	9.7979	7.2623	
1126	18.396	14.312	13.881	16.058	9.8085	7.2676	
1127	18.39	14.303	13.869	16.033	9.7894	7.2435	
1128	18.383	14.293	13.857	16.033	9.7801	7.246	
1129	18.377	14.283	13.845	16.039	9.78	7.2589	
1130	18.371	14.273	13.834	16.029	9.784	7.2303	
1131	18.364	14.263	13.822	16.028	9.7661	7.2327	
1132	18.358	14.253	13.81	16.029	9.7641	7.2224	
1133	18.352	14.244	13.799	16.022	9.7746	7.22	
1134	18.346	14.234	13.787	16.013	9.7404	7.2208	
1135	18.339	14.224	13.775	16.016	9.7516	7.1929	
1136	18.333	14.214	13.764	16.019	9.733	7.2045	
1137	18.327	14.205	13.752	16.012	9.7186	7.2018	
1138	18.321	14.195	13.741	16.011	9.7314	7.1817	
1139	18.314	14.185	13.729	16.007	9.7294	7.188	
1140	18.308	14.176	13.718	16	9.711	7.1734	
1141	18.302	14.166	13.706	16.013	9.7229	7.1701	
1142	18.296	14.157	13.695	16.009	9.7157	7.1425	
1143	18.29	14.147	13.683	15.991	9.7047	7.1754	
1144	18.284	14.138	13.672	15.991	9.6948	7.1627	
1145	18.278	14.128	13.66	15.994	9.7082	7.1617	
1146	18.272	14.118	13.649	15.991	9.6734	7.1488	
1147	18.265	14.109	13.638	15.987	9.6773	7.1375	
1148	18.259	14.099	13.626	15.993	9.6824	7.1398	
1149	18.253	14.09	13.615	15.982	9.6859	7.1336	
1150	18.247	14.081	13.604	15.971	9.6696	7.1285	
1151	18.241	14.071	13.592	15.973	9.6557	7.1144	
1152	18.235	14.062	13.581	15.974	9.6664	7.1066	
1153	18.229	14.052	13.57	15.967	9.6521	7.0941	
1154	18.223	14.043	13.559	15.961	9.6519	7.0958	
1155	18.217	14.034	13.547	15.966	9.6506	7.0979	
1156	18.211	14.024	13.536	15.955	9.6498	7.0837	
1157	18.206	14.015	13.525	15.955	9.6421	7.0727	
1158	18.2	14.006	13.514	15.956	9.6421	7.0731	
1159	18.194	13.996	13.503	15.96	9.6267	7.0708	
1160	18.188	13.987	13.492	15.957	9.628	7.0722	
1161	18.182	13.978	13.481	15.947	9.6061	7.0769	
1162	18.176	13.969	13.469	15.943	9.6372	7.0503	
1163	18.17	13.96	13.458	15.932	9.6109	7.0423	
1164	18.164	13.95	13.447	15.933	9.5892	7.0355	
1165	18.159	13.941	13.436	15.926	9.6021	7.0251	
1166	18.153	13.932	13.425	15.934	9.5923	7.0232	
1167	18.147	13.923	13.414	15.935	9.6092	7.0307	
1168	18.141	13.914	13.403	15.925	9.5875	7.0159	
1169	18.135	13.905	13.393	15.919	9.579	7.0094	
1170	18.13	13.896	13.382	15.923	9.5874	6.9969	
1171	18.124	13.887	13.371	15.918	9.5745	6.9927	
1172	18.118	13.877	13.36	15.915	9.5753	6.9904	
1173	18.113	13.868	13.349	15.913	9.572	6.9898	
1174	18.107	13.859	13.338	15.912	9.5717	6.9855	
1175	18.101	13.85	13.327	15.911	9.5671	6.9893	
1176	18.096	13.841	13.317	15.909	9.5553	6.9753	
1177	18.09	13.833	13.306	15.913	9.5548	6.9734	
1178	18.084	13.824	13.295	15.902	9.5491	6.9642	
1179	18.079	13.815	13.284	15.902	9.5544	6.9693	
1180	18.073	13.806	13.273	15.901	9.5467	6.9584	
1181	18.067	13.797	13.263	15.901	9.5467	6.9598	
1182	18.062	13.788	13.252	15.894	9.5385	6.9547	
1183	18.056	13.779	13.241	15.897	9.537	6.95	
1184	18.051	13.77	13.231	15.892	9.532	6.9421	
1185	18.045	13.762	13.22	15.883	9.531	6.946	
1186	18.04	13.753	13.209	15.885	9.5219	6.9289	
1187	18.034	13.744	13.199	15.884	9.5224	6.9354	
1188	18.028	13.735	13.188	15.877	9.523	6.9241	
1189	18.023	13.726	13.178	15.882	9.5084	6.9071	
1190	18.017	13.718	13.167	15.876	9.5137	6.9197	
1191	18.012	13.709	13.157	15.87	9.5099	6.9094	
1192	18.007	13.7	13.146	15.871	9.4961	6.8957	
1193	18.001	13.692	13.136	15.868	9.4961	6.8932	
1194	17.996	13.683	13.125	15.862	9.5027	6.9035	
1195	17.99	13.674	13.115	15.874	9.474	6.8908	
1196	17.985	13.666	13.104	15.86	9.4905	6.8699	
1197	17.979	13.657	13.094	15.862	9.4762	6.8911	
1198	17.974	13.648	13.083	15.852	9.4631	6.8864	
1199	17.969	13.64	13.073	15.851	9.477	6.8633	
1200	17.963	13.631	13.063	15.858	9.4625	6.8505	
1201	17.958	13.623	13.052	15.861	9.4796	6.8706	
1202	17.953	13.614	13.042	15.841	9.4636	6.8566	
1203	17.947	13.606	13.032	15.848	9.4582	6.8337	
1204	17.942	13.597	13.021	15.851	9.4464	6.8183	
1205	17.937	13.589	13.011	15.832	9.4472	6.8323	
1206	17.931	13.58	13.001	15.836	9.466	6.8321	
1207	17.926	13.572	12.991	15.846	9.4633	6.8204	
1208	17.921	13.563	12.98	15.832	9.4402	6.8124	
1209	17.916	13.555	12.97	15.836	9.4279	6.8174	
1210	17.91	13.547	12.96	15.829	9.4198	6.7981	
1211	17.905	13.538	12.95	15.824	9.4014	6.7811	
1212	17.9	13.53	12.94	15.822	9.4159	6.7865	
1213	17.895	13.521	12.93	15.831	9.4125	6.7945	
1214	17.889	13.513	12.919	15.818	9.422	6.771	
1215	17.884	13.505	12.909	15.827	9.4065	6.7776	
1216	17.879	13.496	12.899	15.816	9.3902	6.7962	
1217	17.874	13.488	12.889	15.82	9.3945	6.7799	
1218	17.869	13.48	12.879	15.792	9.3676	6.7812	
1219	17.864	13.472	12.869	15.814	9.3787	6.7488	
1220	17.859	13.463	12.859	15.812	9.3724	6.7566	
1221	17.853	13.455	12.849	15.792	9.3678	6.7577	
1222	17.848	13.447	12.839	15.806	9.4041	6.7482	
1223	17.843	13.439	12.829	15.808	9.3612	6.7497	
1224	17.838	13.43	12.819	15.802	9.3661	6.7322	
1225	17.833	13.422	12.809	15.793	9.3623	6.7376	
1226	17.828	13.414	12.799	15.803	9.3763	6.7294	
1227	17.823	13.406	12.789	15.81	9.3589	6.7325	
1228	17.818	13.398	12.779	15.774	9.3448	6.7237	
1229	17.813	13.39	12.769	15.767	9.3236	6.7278	
1230	17.808	13.382	12.76	15.774	9.3573	6.7086	
1231	17.803	13.374	12.75	15.796	9.3605	6.676	
1232	17.798	13.366	12.74	15.789	9.3331	6.7336	
1233	17.793	13.357	12.73	15.803	9.3612	6.6865	
1234	17.788	13.349	12.72	15.779	9.3636	6.7088	
1235	17.783	13.341	12.711	15.762	9.3504	6.6856	
1236	17.778	13.333	12.701	15.776	9.3508	6.7156	
1237	17.773	13.325	12.691	15.771	9.3581	6.6932	
1238	17.768	13.317	12.681	15.803	9.3178	6.7029	
1239	17.763	13.309	12.672	15.735	9.3726	6.7182	
1240	17.758	13.301	12.662	15.732	9.2717	6.6779	
1241	17.753	13.294	12.652	15.745	9.341	6.6356	
1242	17.749	13.286	12.643	15.735	9.3044	6.6996	
1243	17.744	13.278	12.633	15.764	9.3127	6.761	
1244	17.739	13.27	12.623	15.782	9.3076	6.6586	
1245	17.734	13.262	12.614	15.721	9.362	6.5928	
1246	17.729	13.254	12.604	15.748	9.298	6.6041	
1247	17.724	13.246	12.594	15.731	9.2333	6.6094	
1248	17.72	13.239	12.585	15.743	9.2731	6.5843	
1249	17.715	13.231	12.575	15.775	9.2931	6.6536	
1250	17.71	13.223	12.566	15.753	9.3398	6.5861	
1251	17.705	13.215	12.556	15.739	9.2561	6.6486	
1252	17.7	13.207	12.547	15.709	9.2021	6.5795	
1253	17.696	13.2	12.537	15.708	9.3079	6.5872	
1254	17.691	13.192	12.528	15.716	9.2289	6.5936	
1255	17.686	13.184	12.518	15.74	9.2415	6.623	
1256	17.681	13.176	12.509	15.719	9.2629	6.5966	
1257	17.677	13.169	12.499	15.717	9.2216	6.5567	
1258	17.672	13.161	12.49	15.725	9.2458	6.548	
1259	17.667	13.153	12.481	15.694	9.2312	6.5771	
1260	17.663	13.146	12.471	15.709	9.2387	6.553	
1261	17.658	13.138	12.462	15.706	9.2178	6.5473	
1262	17.653	13.13	12.452	15.689	9.2162	6.5425	
1263	17.649	13.123	12.443	15.706	9.2186	6.5313	
1264	17.644	13.115	12.434	15.682	9.2026	6.5444	
1265	17.639	13.108	12.424	15.708	9.2245	6.5324	
1266	17.635	13.1	12.415	15.696	9.2306	6.5176	
1267	17.63	13.092	12.406	15.709	9.2023	6.5414	
1268	17.625	13.085	12.397	15.714	9.2095	6.5453	
1269	17.621	13.077	12.387	15.701	9.2186	6.5538	
1270	17.616	13.07	12.378	15.696	9.198	6.5367	
1271	17.612	13.062	12.369	15.683	9.2039	6.5136	
1272	17.607	13.055	12.36	15.688	9.2189	6.5472	
1273	17.602	13.047	12.35	15.705	9.2243	6.5247	
1274	17.598	13.04	12.341	15.701	9.2005	6.5306	
1275	17.593	13.032	12.332	15.686	9.1823	6.4939	
1276	17.589	13.025	12.323	15.699	9.2087	6.5205	
1277	17.584	13.018	12.314	15.663	9.1993	6.5191	
1278	17.58	13.01	12.305	15.665	9.1892	6.5112	
1279	17.575	13.003	12.296	15.681	9.1589	6.4593	
1280	17.571	12.995	12.287	15.675	9.156	6.4798	
1281	17.566	12.988	12.277	15.682	9.1567	6.4748	
1282	17.562	12.981	12.268	15.676	9.169	6.4949	
1283	17.557	12.973	12.259	15.656	9.1537	6.4527	
1284	17.553	12.966	12.25	15.632	9.1916	6.4591	
1285	17.549	12.959	12.241	15.644	9.1608	6.4782	
1286	17.544	12.951	12.232	15.669	9.1557	6.4463	
1287	17.54	12.944	12.223	15.652	9.1412	6.4697	
1288	17.535	12.937	12.214	15.663	9.1606	6.4591	
1289	17.531	12.929	12.205	15.652	9.1422	6.4344	
1290	17.526	12.922	12.196	15.657	9.1551	6.4376	
1291	17.522	12.915	12.187	15.64	9.1345	6.4164	
1292	17.518	12.908	12.179	15.656	9.1345	6.4736	
1293	17.513	12.901	12.17	15.647	9.1239	6.4379	
1294	17.509	12.893	12.161	15.668	9.1578	6.4281	
1295	17.505	12.886	12.152	15.646	9.1369	6.3954	
1296	17.5	12.879	12.143	15.653	9.1292	6.3926	
1297	17.496	12.872	12.134	15.651	9.0942	6.4387	
1298	17.492	12.865	12.125	15.631	9.1357	6.4042	
1299	17.487	12.858	12.116	15.641	9.0837	6.373	
1300	17.483	12.85	12.108	15.624	9.1037	6.3995	
1301	17.479	12.843	12.099	15.641	9.126	6.3705	
1302	17.474	12.836	12.09	15.611	9.0799	6.4187	
1303	17.47	12.829	12.081	15.637	9.1245	6.3851	
1304	17.466	12.822	12.073	15.648	9.1135	6.3952	
1305	17.462	12.815	12.064	15.652	9.0861	6.3467	
1306	17.457	12.808	12.055	15.629	9.1235	6.3831	
1307	17.453	12.801	12.046	15.62	9.108	6.3954	
1308	17.449	12.794	12.038	15.613	9.0891	6.388	
1309	17.445	12.787	12.029	15.62	9.0991	6.3783	
1310	17.44	12.78	12.02	15.612	9.0767	6.3653	
1311	17.436	12.773	12.012	15.62	9.0461	6.3913	
1312	17.432	12.766	12.003	15.608	9.0606	6.3221	
1313	17.428	12.759	11.994	15.613	9.0866	6.3847	
1314	17.424	12.752	11.986	15.607	9.0596	6.3495	
1315	17.419	12.745	11.977	15.602	9.0327	6.3262	
1316	17.415	12.738	11.969	15.629	8.9941	6.3194	
1317	17.411	12.731	11.96	15.605	9.0557	6.3822	
1318	17.407	12.724	11.951	15.589	9.0545	6.3601	
1319	17.403	12.717	11.943	15.631	9.0479	6.354	
1320	17.399	12.71	11.934	15.574	9.0367	6.3584	
1321	17.395	12.704	11.926	15.612	9.0226	6.3347	
1322	17.391	12.697	11.917	15.601	8.9983	6.2378	
1323	17.386	12.69	11.909	15.554	9.0135	6.278	
1324	17.382	12.683	11.9	15.608	9.0519	6.2872	
1325	17.378	12.676	11.892	15.621	8.9865	6.3038	
1326	17.374	12.669	11.883	15.629	8.988	6.2721	
1327	17.37	12.663	11.875	15.6	9.0561	6.2622	
1328	17.366	12.656	11.866	15.561	8.9618	6.3632	
1329	17.362	12.649	11.858	15.563	8.9748	6.2771	
1330	17.358	12.642	11.85	15.621	9.0407	6.2531	
1331	17.354	12.636	11.841	15.566	9.0607	6.3246	
1332	17.35	12.629	11.833	15.561	8.9719	6.418	
1333	17.346	12.622	11.824	15.578	9.0236	6.2824	
1334	17.342	12.615	11.816	15.6	8.9906	6.2743	
1335	17.338	12.609	11.808	15.55	9.0051	6.153	
1336	17.334	12.602	11.799	15.537	9.0374	6.3185	
1337	17.33	12.595	11.791	15.618	8.9803	6.1591	
1338	17.326	12.589	11.783	15.535	9.048	6.2468	
1339	17.322	12.582	11.774	15.561	9.032	6.2708	
1340	17.318	12.575	11.766	15.593	9.0077	6.1586	
1341	17.314	12.569	11.758	15.666	8.8259	6.2786	
1342	17.31	12.562	11.75	15.575	8.9248	6.4947	
1343	17.306	12.556	11.741	15.64	9.0003	6.4568	
1344	17.302	12.549	11.733	15.52	9.0383	6.2736	
1345	17.298	12.542	11.725	15.567	9.1261	6.2256	
1346	17.294	12.536	11.717	15.405	8.8527	6.0078	
1347	17.29	12.529	11.709	15.559	9.1196	5.8337	
1348	17.287	12.523	11.7	15.504	9.1334	6.1728	
1349	17.283	12.516	11.692	15.419	9.278	6.2167	
1350	17.279	12.51	11.684	15.265	9.0644	6.2217	
1351	17.275	12.503	11.676	15.503	8.9301	5.9253	
1352	17.271	12.497	11.668	15.455	8.8241	6.3825	
1353	17.267	12.49	11.66	15.547	8.3823	6.2501	
1354	17.263	12.484	11.652	15.469	9.3073	6.3855	
1355	17.26	12.477	11.643	15.712	8.773	5.6078	
1356	17.256	12.471	11.635	15.648	9.1567	6.0752	
1357	17.252	12.464	11.627	15.444	9.0441	6.2724	
1358	17.248	12.458	11.619	16.248	9.371	6.3795	
1359	17.244	12.451	11.611	16.262	8.6908	6.918	
1426	17.006	12.044	11.098	15.655	9.2987	6.337	
1427	17.003	12.039	11.091	15.544	8.6458	6.0444	
1428	16.999	12.033	11.084	15.394	8.841	5.6434	
1429	16.996	12.027	11.076	15.638	8.6618	5.8162	
1430	16.993	12.022	11.069	15.645	8.8034	5.8313	
1431	16.989	12.016	11.062	15.324	8.9254	6.1083	
1432	16.986	12.01	11.055	15.558	8.5618	5.8907	
1433	16.983	12.004	11.047	15.35	8.5981	5.8503	
1434	16.979	11.999	11.04	15.504	8.9164	6.1849	
1435	16.976	11.993	11.033	15.523	8.856	5.7635	
1436	16.973	11.987	11.026	15.531	8.646	5.9371	
1437	16.97	11.982	11.019	15.437	8.9074	5.8618	
1438	16.966	11.976	11.011	15.329	8.6594	5.9473	
1439	16.963	11.971	11.004	15.448	8.7878	5.9026	
1440	16.96	11.965	10.997	15.332	8.7869	5.8234	
1441	16.957	11.959	10.99	15.418	8.6815	6.0523	
1442	16.953	11.954	10.983	15.471	8.6178	5.804	
1443	16.95	11.948	10.976	15.352	8.745	5.9607	
1444	16.947	11.943	10.969	15.461	8.7728	5.754	
1445	16.944	11.937	10.962	15.33	8.7337	5.8418	
1446	16.941	11.931	10.954	15.463	8.6349	5.8148	
1447	16.937	11.926	10.947	15.435	8.7027	5.7187	
1448	16.934	11.92	10.94	15.418	8.6759	5.8657	
1449	16.931	11.915	10.933	15.369	8.7286	5.8616	
1450	16.928	11.909	10.926	15.389	8.7223	5.7667	
1451	16.925	11.904	10.919	15.439	8.6835	5.8613	
1452	16.922	11.898	10.912	15.461	8.7416	5.9121	
1453	16.918	11.893	10.905	15.432	8.7434	5.9344	
1454	16.915	11.887	10.898	15.347	8.6775	5.7013	
1455	16.912	11.882	10.891	15.416	8.7501	5.778	
1456	16.909	11.876	10.884	15.442	8.7139	5.8162	
1457	16.906	11.871	10.877	15.384	8.5911	5.8161	
1458	16.903	11.865	10.87	15.382	8.7003	5.8269	
1459	16.899	11.86	10.863	15.364	8.5653	5.7475	
1460	16.896	11.855	10.856	15.406	8.6329	5.8577	
1461	16.893	11.849	10.849	15.425	8.6263	5.8131	
1462	16.89	11.844	10.842	15.392	8.6402	5.8205	
1463	16.887	11.838	10.835	15.378	8.6426	5.7707	
1464	16.884	11.833	10.829	15.356	8.6674	5.7556	
1465	16.881	11.828	10.822	15.367	8.7009	5.7782	
1466	16.878	11.822	10.815	15.362	8.5979	5.8152	
1467	16.875	11.817	10.808	15.382	8.6242	5.8072	
1468	16.872	11.811	10.801	15.351	8.6378	5.7845	
1469	16.869	11.806	10.794	15.375	8.6157	5.7777	
1470	16.866	11.801	10.787	15.368	8.6027	5.7829	
1471	16.862	11.795	10.78	15.371	8.6274	5.7814	
1472	16.859	11.79	10.774	15.372	8.6286	5.7604	
1473	16.856	11.785	10.767	15.361	8.64	5.7729	
1474	16.853	11.779	10.76	15.364	8.6233	5.7729	
1475	16.85	11.774	10.753	15.367	8.6216	5.7631	
1476	16.847	11.769	10.746	15.361	8.6167	5.7547	
1477	16.844	11.763	10.74	15.367	8.6407	5.7684	
1478	16.841	11.758	10.733	15.372	8.6251	5.7501	
1479	16.838	11.753	10.726	15.364	8.6199	5.7574	
1480	16.835	11.748	10.719	15.365	8.6238	5.7479	
1481	16.832	11.742	10.713	15.366	8.6113	5.7261	
1482	16.829	11.737	10.706	15.361	8.6283	5.7517	
1483	16.826	11.732	10.699	15.362	8.62	5.7472	
1484	16.823	11.727	10.692	15.378	8.6195	5.7384	
1485	16.82	11.721	10.686	15.355	8.6304	5.737	
1486	16.817	11.716	10.679	15.356	8.5946	5.6973	
1487	16.814	11.711	10.672	15.348	8.6228	5.7008	
1488	16.811	11.706	10.666	15.36	8.6145	5.7232	
1489	16.808	11.701	10.659	15.361	8.6151	5.7038	
1490	16.805	11.695	10.652	15.362	8.5895	5.747	
1491	16.803	11.69	10.646	15.345	8.6053	5.698	
1492	16.8	11.685	10.639	15.351	8.5961	5.7165	
1493	16.797	11.68	10.632	15.341	8.5614	5.7088	
1494	16.794	11.675	10.626	15.341	8.5719	5.697	
1495	16.791	11.67	10.619	15.332	8.5697	5.6877	
1496	16.788	11.665	10.612	15.36	8.6007	5.7053	
1497	16.785	11.659	10.606	15.331	8.5842	5.694	
1498	16.782	11.654	10.599	15.364	8.5808	5.6957	
1499	16.779	11.649	10.593	15.346	8.5729	5.7135	
1500	16.776	11.644	10.586	15.338	8.5688	5.6944	
1501	16.773	11.639	10.579	15.324	8.5615	5.6481	
1502	16.771	11.634	10.573	15.341	8.5663	5.6767	
1503	16.768	11.629	10.566	15.337	8.5858	5.6658	
1504	16.765	11.624	10.56	15.331	8.5525	5.6375	
1505	16.762	11.619	10.553	15.336	8.5556	5.6753	
1506	16.759	11.614	10.547	15.327	8.5511	5.6423	
1507	16.756	11.609	10.54	15.311	8.5398	5.6658	
1508	16.753	11.604	10.534	15.308	8.5416	5.6703	
1509	16.751	11.599	10.527	15.345	8.5427	5.6533	
1510	16.748	11.594	10.521	15.333	8.5601	5.6374	
1511	16.745	11.589	10.514	15.339	8.555	5.6471	
1512	16.742	11.583	10.508	15.33	8.5822	5.6517	
1513	16.739	11.578	10.501	15.364	8.5032	5.6648	
1514	16.736	11.574	10.495	15.322	8.5396	5.6835	
1515	16.734	11.569	10.488	15.295	8.5603	5.6483	
1516	16.731	11.564	10.482	15.318	8.5056	5.6522	
1517	16.728	11.559	10.476	15.315	8.5658	5.6102	
1518	16.725	11.554	10.469	15.295	8.5482	5.6359	
1519	16.722	11.549	10.463	15.297	8.5464	5.6432	
1520	16.72	11.544	10.456	15.291	8.534	5.6375	
1521	16.717	11.539	10.45	15.314	8.4871	5.5673	
1522	16.714	11.534	10.444	15.294	8.5187	5.5965	
1523	16.711	11.529	10.437	15.298	8.5355	5.6022	
1524	16.708	11.524	10.431	15.33	8.5488	5.6586	
1525	16.706	11.519	10.425	15.314	8.5414	5.6269	
1526	16.703	11.514	10.418	15.292	8.5151	5.6013	
1527	16.7	11.509	10.412	15.3	8.528	5.6024	
1528	16.697	11.504	10.405	15.288	8.5465	5.6141	
1529	16.695	11.5	10.399	15.293	8.4942	5.5902	
1530	16.692	11.495	10.393	15.303	8.5058	5.6026	
1531	16.689	11.49	10.387	15.28	8.4914	5.604	
1532	16.686	11.485	10.38	15.308	8.4916	5.603	
1533	16.684	11.48	10.374	15.284	8.4702	5.5967	
1534	16.681	11.475	10.368	15.305	8.4793	5.6376	
1535	16.678	11.471	10.361	15.298	8.4926	5.5712	
1536	16.676	11.466	10.355	15.276	8.4891	5.5791	
1537	16.673	11.461	10.349	15.283	8.4941	5.5846	
1538	16.67	11.456	10.343	15.277	8.5252	5.5789	
1539	16.668	11.451	10.336	15.294	8.4816	5.577	
1540	16.665	11.447	10.33	15.287	8.4628	5.578	
1541	16.662	11.442	10.324	15.275	8.4525	5.5494	
1542	16.66	11.437	10.318	15.281	8.4651	5.5754	
1543	16.657	11.432	10.312	15.279	8.4722	5.544	
1544	16.654	11.427	10.305	15.282	8.4897	5.5788	
1545	16.652	11.423	10.299	15.263	8.493	5.5536	
1546	16.649	11.418	10.293	15.278	8.4662	5.5539	
1547	16.646	11.413	10.287	15.274	8.4734	5.5453	
1548	16.644	11.408	10.281	15.277	8.4642	5.5399	
1549	16.641	11.404	10.274	15.277	8.4838	5.5347	
1550	16.638	11.399	10.268	15.282	8.4621	5.5433	
1551	16.636	11.394	10.262	15.26	8.4848	5.5405	
1552	16.633	11.39	10.256	15.272	8.4641	5.5476	
1553	16.63	11.385	10.25	15.253	8.4528	5.5522	
1554	16.628	11.38	10.244	15.262	8.4672	5.5335	
1555	16.625	11.376	10.238	15.281	8.442	5.52	
1556	16.623	11.371	10.232	15.259	8.4567	5.5561	
1557	16.62	11.366	10.226	15.253	8.4481	5.5181	
1558	16.617	11.362	10.219	15.256	8.4504	5.5207	
1559	16.615	11.357	10.213	15.276	8.4324	5.4932	
1560	16.612	11.352	10.207	15.271	8.4614	5.517	
1561	16.61	11.348	10.201	15.28	8.463	5.5073	
1562	16.607	11.343	10.195	15.286	8.4263	5.5184	
1563	16.604	11.338	10.189	15.246	8.4494	5.5213	
1564	16.602	11.334	10.183	15.253	8.4738	5.4959	
1565	16.599	11.329	10.177	15.26	8.475	5.4892	
1566	16.597	11.324	10.171	15.25	8.4211	5.471	
1567	16.594	11.32	10.165	15.272	8.4036	5.5013	
1568	16.592	11.315	10.159	15.254	8.4459	5.5132	
1569	16.589	11.311	10.153	15.273	8.4673	5.5183	
1570	16.586	11.306	10.147	15.258	8.4541	5.5109	
1571	16.584	11.302	10.141	15.251	8.43	5.5032	
1572	16.581	11.297	10.135	15.247	8.4216	5.516	
1573	16.579	11.292	10.129	15.253	8.4038	5.4898	
1574	16.576	11.288	10.123	15.271	8.4254	5.4739	
1575	16.574	11.283	10.117	15.231	8.4078	5.4942	
1576	16.571	11.279	10.111	15.249	8.3978	5.4296	
1577	16.569	11.274	10.105	15.217	8.3749	5.4756	
1578	16.566	11.27	10.1	15.237	8.4288	5.4607	
1579	16.564	11.265	10.094	15.228	8.4205	5.4795	
1580	16.561	11.261	10.088	15.239	8.3869	5.4487	
1581	16.559	11.256	10.082	15.234	8.4189	5.4105	
1582	16.556	11.252	10.076	15.257	8.4008	5.48	
1583	16.554	11.247	10.07	15.226	8.4345	5.4544	
1584	16.551	11.243	10.064	15.259	8.3606	5.4227	
1585	16.549	11.238	10.058	15.244	8.4289	5.4566	
1586	16.546	11.234	10.052	15.233	8.3734	5.502	
1587	16.544	11.229	10.047	15.238	8.4237	5.4611	
1588	16.541	11.225	10.041	15.245	8.3774	5.3926	
1589	16.539	11.22	10.035	15.215	8.3875	5.4566	
1590	16.536	11.216	10.029	15.228	8.3519	5.4219	
1591	16.534	11.212	10.023	15.219	8.3652	5.442	
1592	16.532	11.207	10.017	15.22	8.4063	5.4059	
1593	16.529	11.203	10.012	15.242	8.3902	5.4055	
1594	16.527	11.198	10.006	15.227	8.3533	5.4718	
1595	16.524	11.194	10	15.251	8.3693	5.388	
1596	16.522	11.19	9.9942	15.218	8.396	5.4089	
1597	16.519	11.185	9.9884	15.224	8.3787	5.4234	
1598	16.517	11.181	9.9826	15.233	8.3674	5.3693	
1599	16.515	11.176	9.9769	15.229	8.3583	5.4027	
1600	16.512	11.172	9.9711	15.215	8.372	5.3582	
1601	16.51	11.168	9.9654	15.245	8.3609	5.4297	
1602	16.507	11.163	9.9596	15.238	8.3485	5.3855	
1603	16.505	11.159	9.9539	15.243	8.3307	5.3756	
1604	16.503	11.155	9.9482	15.231	8.3665	5.3766	
1605	16.5	11.15	9.9424	15.219	8.355	5.4195	
1606	16.498	11.146	9.9367	15.218	8.3515	5.381	
1607	16.495	11.142	9.931	15.236	8.3546	5.3807	
1608	16.493	11.137	9.9253	15.198	8.3743	5.3834	
1609	16.491	11.133	9.9196	15.209	8.3542	5.3865	
1610	16.488	11.129	9.9139	15.217	8.3669	5.3679	
1611	16.486	11.124	9.9083	15.223	8.3448	5.3933	
1612	16.484	11.12	9.9026	15.243	8.3307	5.3638	
1613	16.481	11.116	9.8969	15.178	8.3644	5.3728	
1614	16.479	11.111	9.8913	15.202	8.361	5.4227	
1615	16.476	11.107	9.8856	15.227	8.3397	5.3958	
1616	16.474	11.103	9.88	15.22	8.3127	5.3666	
1617	16.472	11.099	9.8744	15.246	8.3553	5.3936	
1618	16.469	11.094	9.8687	15.226	8.3236	5.3726	
1619	16.467	11.09	9.8631	15.199	8.3466	5.3731	
1620	16.465	11.086	9.8575	15.181	8.3603	5.3781	
1621	16.462	11.082	9.8519	15.208	8.3253	5.3494	
1622	16.46	11.077	9.8463	15.178	8.3112	5.3902	
1623	16.458	11.073	9.8407	15.171	8.3181	5.3343	
1624	16.456	11.069	9.8351	15.213	8.3478	5.3601	
1625	16.453	11.065	9.8296	15.221	8.3268	5.3138	
1626	16.451	11.061	9.824	15.189	8.3195	5.3457	
1627	16.449	11.056	9.8184	15.194	8.2845	5.3273	
1628	16.446	11.052	9.8129	15.187	8.3499	5.3401	
1629	16.444	11.048	9.8073	15.19	8.342	5.3735	
1630	16.442	11.044	9.8018	15.179	8.3391	5.3371	
1631	16.439	11.04	9.7963	15.173	8.3154	5.3855	
1632	16.437	11.035	9.7907	15.186	8.35	5.3166	
1633	16.435	11.031	9.7852	15.203	8.3497	5.3381	
1634	16.433	11.027	9.7797	15.171	8.297	5.3258	
1635	16.43	11.023	9.7742	15.194	8.3312	5.3287	
1636	16.428	11.019	9.7687	15.188	8.3212	5.3036	
1637	16.426	11.015	9.7632	15.199	8.3059	5.3668	
1638	16.424	11.01	9.7577	15.222	8.2801	5.3259	
1639	16.421	11.006	9.7522	15.182	8.3194	5.2974	
1640	16.419	11.002	9.7468	15.173	8.2818	5.3281	
1641	16.417	10.998	9.7413	15.175	8.354	5.2891	
1642	16.415	10.994	9.7358	15.205	8.2703	5.335	
1643	16.412	10.99	9.7304	15.19	8.3112	5.2849	
1644	16.41	10.986	9.7249	15.187	8.2906	5.3078	
1645	16.408	10.982	9.7195	15.188	8.2927	5.329	
1646	16.406	10.978	9.7141	15.208	8.31	5.2496	
1647	16.403	10.974	9.7087	15.15	8.3281	5.3322	
1648	16.401	10.969	9.7032	15.196	8.214	5.2562	
1649	16.399	10.965	9.6978	15.203	8.3041	5.32	
1650	16.397	10.961	9.6924	15.183	8.3097	5.3172	
1651	16.394	10.957	9.687	15.183	8.2823	5.2789	
1652	16.392	10.953	9.6816	15.167	8.2903	5.2806	
1653	16.39	10.949	9.6763	15.222	8.273	5.3132	
1654	16.388	10.945	9.6709	15.187	8.2721	5.3	
1655	16.386	10.941	9.6655	15.181	8.3124	5.2674	
1656	16.384	10.937	9.6602	15.178	8.2858	5.2886	
1657	16.381	10.933	9.6548	15.182	8.2736	5.2715	
1658	16.379	10.929	9.6495	15.168	8.2909	5.2684	
1659	16.377	10.925	9.6441	15.198	8.2389	5.2994	
1660	16.375	10.921	9.6388	15.134	8.2013	5.3163	
1661	16.373	10.917	9.6334	15.18	8.22	5.277	
1662	16.37	10.913	9.6281	15.141	8.2754	5.2561	
1663	16.368	10.909	9.6228	15.16	8.3068	5.3083	
1664	16.366	10.905	9.6175	15.139	8.2076	5.1903	
1665	16.364	10.901	9.6122	15.134	8.2768	5.2901	
1666	16.362	10.897	9.6069	15.203	8.2376	5.2267	
1667	16.36	10.893	9.6016	15.116	8.178	5.2636	
1668	16.358	10.889	9.5963	15.094	8.2587	5.2816	
1669	16.355	10.885	9.5911	15.177	8.2221	5.1642	
1670	16.353	10.881	9.5858	15.177	8.3188	5.28	
1671	16.351	10.877	9.5805	15.144	8.2985	5.1962	
1672	16.349	10.873	9.5753	15.205	8.2434	5.1552	
1673	16.347	10.869	9.57	15.194	8.2671	5.2595	
1674	16.345	10.866	9.5648	15.196	8.273	5.2443	
1675	16.343	10.862	9.5595	15.123	8.1082	5.2754	
1676	16.34	10.858	9.5543	15.177	8.2951	5.2414	
1677	16.338	10.854	9.5491	15.141	8.2686	5.3115	
1678	16.336	10.85	9.5439	15.131	8.1656	5.2901	
1679	16.334	10.846	9.5387	15.153	8.2106	5.2576	
1680	16.332	10.842	9.5335	15.136	8.2649	5.3272	
1681	16.33	10.838	9.5283	15.15	8.3289	5.2473	
1682	16.328	10.834	9.5231	15.105	8.2398	5.2015	
1683	16.326	10.831	9.5179	15.132	8.2922	5.1972	
1684	16.324	10.827	9.5127	15.112	8.2552	5.3479	
1685	16.322	10.823	9.5075	15.14	8.0623	5.0309	
1686	16.32	10.819	9.5024	15.254	8.287	5.2897	
1687	16.317	10.815	9.4972	15.066	8.3556	5.4453	
1688	16.315	10.811	9.492	15.075	8.27	5.2045	
1689	16.313	10.807	9.4869	15.151	8.2085	5.0922	
1690	16.311	10.804	9.4818	15.044	8.425	5.2279	
1691	16.309	10.8	9.4766	15.226	8.1621	5.1941	
1692	16.307	10.796	9.4715	15.228	8.4692	5.2754	
1693	16.305	10.792	9.4664	14.99	8.3545	5.5722	
1694	16.303	10.788	9.4613	14.9	8.082	5.2263	
1695	16.301	10.784	9.4561	15.192	8.4939	5.4261	
1696	16.299	10.781	9.451	15.082	8.2301	5.4347	
1697	16.297	10.777	9.4459	15.142	8.3357	5.437	
1698	16.295	10.773	9.4409	14.719	8.2576	4.9981	
1699	16.293	10.769	9.4358	14.916	8.6842	5.3629	
1700	16.291	10.765	9.4307	14.932	8.1696	5.1826	
