	65	70	75	65	70	75	
300	55.058	58.701	62.148	37.511	37.209	37.514	
301	55.122	58.649	61.827	37.295	36.907	37.453	
302	55.159	58.562	61.479	37.087	36.772	37.279	
303	55.172	58.446	61.112	37.019	36.553	37.024	
304	55.162	58.303	60.728	36.99	36.489	37.052	
305	55.13	58.135	60.33	36.884	36.423	36.867	
306	55.079	57.946	59.924	36.614	36.185	36.77	
307	55.009	57.738	59.511	36.511	36.277	36.641	
308	54.922	57.514	59.094	36.334	36.128	36.541	
309	54.82	57.275	58.675	36.365	35.959	36.377	
310	54.704	57.025	58.257	36.171	35.873	36.379	
311	54.574	56.764	57.839	36.159	35.715	36.319	
312	54.432	56.494	57.425	36.209	35.719	36.207	
313	54.281	56.218	57.016	35.89	35.526	36.139	
314	54.12	55.936	56.611	35.955	35.547	35.953	
315	53.95	55.65	56.212	35.892	35.364	35.909	
316	53.773	55.361	55.819	35.798	35.418	35.815	
317	53.59	55.07	55.433	35.661	35.298	35.754	
318	53.401	54.778	55.055	35.561	35.153	35.59	
319	53.207	54.486	54.684	35.518	35.053	35.611	
320	53.008	54.194	54.321	35.535	35.035	35.459	
321	52.807	53.903	53.965	35.427	34.977	35.375	
322	52.602	53.614	53.618	35.393	34.901	35.332	
323	52.395	53.327	53.279	35.355	34.78	35.278	
324	52.187	53.042	52.948	35.23	34.786	35.152	
325	51.977	52.76	52.624	35.241	34.578	35.091	
326	51.766	52.481	52.309	35.155	34.568	35.032	
327	51.554	52.206	52.001	35.062	34.546	34.927	
328	51.343	51.934	51.701	35.028	34.498	34.847	
329	51.132	51.666	51.408	34.999	34.432	34.774	
330	50.921	51.401	51.123	35.011	34.459	34.767	
331	50.71	51.141	50.845	34.888	34.365	34.712	
332	50.501	50.884	50.573	34.842	34.23	34.555	
333	50.293	50.632	50.309	34.885	34.182	34.577	
334	50.086	50.384	50.051	34.798	34.161	34.525	
335	49.88	50.14	49.799	34.731	34.097	34.447	
336	49.676	49.9	49.554	34.609	34.041	34.358	
337	49.474	49.664	49.314	34.687	34.006	34.353	
338	49.273	49.432	49.08	34.632	33.962	34.303	
339	49.075	49.204	48.852	34.529	33.832	34.23	
340	48.878	48.98	48.629	34.579	33.724	34.179	
341	48.683	48.76	48.412	34.486	33.766	34.165	
342	48.49	48.543	48.199	34.466	33.725	34.1	
343	48.3	48.331	47.991	34.549	33.733	34.023	
344	48.111	48.122	47.788	34.521	33.702	33.95	
345	47.925	47.917	47.589	34.424	33.661	33.933	
346	47.741	47.715	47.395	34.455	33.622	33.892	
347	47.559	47.517	47.205	34.458	33.593	33.865	
348	47.379	47.322	47.019	34.377	33.616	33.812	
349	47.202	47.131	46.837	34.389	33.625	33.81	
350	47.026	46.942	46.659	34.388	33.625	33.767	
351	46.852	46.757	46.484	34.35	33.524	33.743	
352	46.68	46.574	46.311	34.396	33.574	33.8	
353	46.51	46.394	46.142	34.351	33.52	33.614	
354	46.341	46.215	45.975	34.458	33.583	33.722	
355	46.172	46.038	45.81	34.599	33.444	33.575	
356	46.004	45.861	45.645	34.579	33.535	33.58	
357	45.835	45.685	45.481	34.514	33.694	33.653	
358	45.665	45.508	45.317	34.45	33.599	33.561	
359	45.495	45.33	45.151	34.557	33.626	33.604	
360	45.322	45.15	44.984	34.568	33.602	33.533	
361	45.148	44.968	44.815	34.519	33.534	33.614	
362	44.972	44.785	44.644	34.468	33.471	33.318	
363	44.795	44.599	44.471	34.502	33.373	33.27	
364	44.616	44.412	44.296	34.485	33.406	33.141	
365	44.436	44.224	44.12	34.48	33.239	33.257	
366	44.255	44.035	43.942	34.43	33.18	32.916	
367	44.074	43.844	43.763	34.217	33.026	32.627	
368	43.893	43.654	43.584	34.2	33.006	32.484	
369	43.711	43.463	43.404	34.034	32.568	32.257	
370	43.53	43.272	43.224	33.841	32.395	31.955	
371	43.35	43.082	43.046	33.737	32.227	31.762	
372	43.17	42.894	42.868	33.555	32.089	31.437	
373	42.992	42.707	42.692	33.39	31.779	31.262	
374	42.816	42.522	42.517	33.076	31.523	30.992	
375	42.641	42.338	42.344	32.972	31.289	30.557	
376	42.468	42.157	42.173	32.744	31.026	30.281	
377	42.297	41.977	42.005	32.512	30.758	29.935	
378	42.128	41.801	41.839	32.361	30.452	29.755	
379	41.962	41.627	41.676	32.152	30.302	29.525	
380	41.798	41.456	41.516	31.847	30.094	29.22	
381	41.636	41.287	41.358	31.78	29.805	28.874	
382	41.476	41.121	41.202	31.618	29.702	28.718	
383	41.318	40.957	41.048	31.407	29.37	28.494	
384	41.162	40.795	40.897	31.178	29.194	28.195	
385	41.008	40.636	40.749	31.074	29.021	28.069	
386	40.858	40.48	40.603	30.864	28.789	27.848	
387	40.709	40.326	40.46	30.652	28.633	27.637	
388	40.563	40.175	40.32	30.583	28.41	27.476	
389	40.418	40.026	40.181	30.461	28.307	27.256	
390	40.276	39.879	40.045	30.26	28.108	27.05	
391	40.137	39.736	39.912	30.191	27.915	26.895	
392	40	39.595	39.782	29.981	27.735	26.665	
393	39.865	39.457	39.654	29.878	27.587	26.582	
394	39.732	39.321	39.528	29.682	27.397	26.4	
395	39.602	39.186	39.403	29.63	27.355	26.298	
396	39.473	39.055	39.282	29.422	27.142	26.077	
397	39.347	38.926	39.163	29.335	27.036	25.925	
398	39.223	38.798	39.045	29.275	26.882	25.776	
399	39.1	38.673	38.929	29.093	26.69	25.637	
400	38.979	38.549	38.814	29.072	26.6	25.423	
401	38.86	38.427	38.702	28.922	26.451	25.337	
402	38.743	38.307	38.591	28.768	26.379	25.181	
403	38.627	38.188	38.48	28.682	26.196	25.041	
404	38.512	38.07	38.371	28.573	26.143	24.894	
405	38.398	37.954	38.264	28.511	25.929	24.83	
406	38.286	37.839	38.157	28.418	25.831	24.647	
407	38.175	37.725	38.052	28.306	25.691	24.585	
408	38.064	37.612	37.947	28.204	25.67	24.441	
409	37.955	37.5	37.843	28.091	25.533	24.21	
410	37.847	37.389	37.74	28.031	25.423	24.179	
411	37.74	37.278	37.638	27.868	25.362	24.088	
412	37.633	37.169	37.536	27.819	25.199	23.977	
413	37.528	37.06	37.435	27.751	25.068	23.815	
414	37.423	36.953	37.335	27.647	25.046	23.779	
415	37.319	36.846	37.235	27.567	24.906	23.666	
416	37.216	36.739	37.136	27.436	24.81	23.564	
417	37.113	36.634	37.038	27.395	24.667	23.442	
418	37.012	36.529	36.941	27.242	24.576	23.314	
419	36.911	36.425	36.843	27.24	24.539	23.278	
420	36.811	36.322	36.747	27.177	24.391	23.051	
421	36.712	36.22	36.651	26.993	24.277	23.05	
422	36.613	36.118	36.556	27.016	24.164	22.99	
423	36.515	36.016	36.461	26.934	24.088	22.879	
424	36.418	35.916	36.367	26.867	24.049	22.714	
425	36.322	35.816	36.274	26.755	23.89	22.644	
426	36.226	35.717	36.181	26.651	23.86	22.58	
427	36.131	35.619	36.089	26.553	23.755	22.538	
428	36.037	35.521	35.997	26.479	23.663	22.372	
429	35.943	35.423	35.905	26.519	23.569	22.282	
430	35.85	35.327	35.815	26.369	23.426	22.284	
431	35.758	35.231	35.725	26.264	23.503	22.162	
432	35.666	35.136	35.635	26.276	23.311	21.984	
433	35.575	35.041	35.546	26.141	23.339	21.941	
434	35.485	34.947	35.458	26.086	23.175	21.795	
435	35.395	34.854	35.369	26.006	23.033	21.804	
436	35.306	34.761	35.282	25.973	22.899	21.543	
437	35.218	34.669	35.195	25.893	22.922	21.617	
438	35.13	34.577	35.109	25.872	22.893	21.469	
439	35.043	34.486	35.023	25.71	22.818	21.435	
440	34.957	34.396	34.937	25.695	22.639	21.343	
441	34.871	34.306	34.852	25.63	22.648	21.261	
442	34.786	34.217	34.768	25.588	22.648	21.104	
443	34.701	34.128	34.684	25.507	22.442	21.184	
444	34.617	34.04	34.601	25.556	22.424	20.985	
445	34.534	33.953	34.518	25.392	22.277	20.91	
446	34.451	33.866	34.435	25.234	22.293	20.863	
447	34.369	33.78	34.353	25.292	22.112	20.749	
448	34.287	33.694	34.272	25.195	22.141	20.723	
449	34.206	33.608	34.191	25.183	22.026	20.627	
450	34.126	33.524	34.111	25.118	21.916	20.654	
451	34.046	33.44	34.03	25.118	21.857	20.554	
452	33.967	33.356	33.951	25.026	21.784	20.444	
453	33.888	33.273	33.872	24.922	21.755	20.443	
454	33.81	33.191	33.793	24.835	21.684	20.273	
455	33.733	33.109	33.715	24.769	21.671	20.279	
456	33.656	33.027	33.637	24.72	21.58	20.095	
457	33.579	32.946	33.56	24.709	21.546	20.092	
458	33.503	32.866	33.483	24.66	21.441	20.062	
459	33.428	32.786	33.407	24.663	21.481	19.975	
460	33.353	32.707	33.331	24.545	21.331	19.906	
461	33.279	32.628	33.255	24.62	21.233	19.818	
462	33.205	32.549	33.181	24.431	21.183	19.772	
463	33.132	32.471	33.106	24.46	21.21	19.722	
464	33.059	32.394	33.032	24.327	21.031	19.609	
465	32.987	32.317	32.958	24.36	21.017	19.608	
466	32.915	32.241	32.884	24.267	20.954	19.454	
467	32.844	32.165	32.812	24.206	20.854	19.484	
468	32.773	32.089	32.739	24.17	20.799	19.396	
469	32.703	32.014	32.667	24.092	20.77	19.34	
470	32.633	31.94	32.595	24.061	20.699	19.193	
471	32.564	31.866	32.524	24.012	20.652	19.217	
472	32.496	31.792	32.453	23.934	20.679	19.142	
473	32.427	31.719	32.382	23.947	20.517	19.035	
474	32.359	31.646	32.312	23.908	20.509	19.076	
475	32.292	31.574	32.242	23.846	20.472	18.955	
476	32.225	31.502	32.173	23.824	20.439	18.928	
477	32.159	31.431	32.104	23.74	20.279	18.806	
478	32.093	31.36	32.035	23.684	20.28	18.775	
479	32.027	31.289	31.967	23.667	20.197	18.72	
480	31.962	31.219	31.899	23.599	20.142	18.638	
481	31.898	31.149	31.832	23.572	20.093	18.615	
482	31.833	31.08	31.765	23.495	20.1	18.561	
483	31.77	31.011	31.698	23.543	20.037	18.524	
484	31.706	30.943	31.631	23.447	19.952	18.437	
485	31.643	30.875	31.565	23.405	19.904	18.479	
486	31.581	30.807	31.499	23.388	19.787	18.36	
487	31.519	30.74	31.434	23.308	19.783	18.254	
488	31.457	30.673	31.369	23.318	19.714	18.213	
489	31.396	30.606	31.304	23.228	19.691	18.178	
490	31.335	30.54	31.24	23.239	19.606	18.185	
491	31.275	30.474	31.175	23.162	19.598	18.078	
492	31.214	30.409	31.112	23.125	19.513	18.036	
493	31.155	30.344	31.048	23.098	19.505	17.975	
494	31.095	30.279	30.985	23.049	19.475	17.976	
495	31.037	30.215	30.922	23.039	19.452	17.877	
496	30.978	30.151	30.86	22.991	19.38	17.876	
497	30.92	30.087	30.797	22.952	19.303	17.874	
498	30.862	30.024	30.735	22.922	19.281	17.787	
499	30.805	29.961	30.674	22.888	19.204	17.73	
500	30.747	29.899	30.612	22.873	19.164	17.653	
501	30.691	29.837	30.551	22.799	19.155	17.607	
502	30.634	29.775	30.491	22.748	19.072	17.553	
503	30.578	29.713	30.43	22.745	19.08	17.515	
504	30.523	29.652	30.37	22.67	18.989	17.461	
505	30.467	29.591	30.31	22.66	18.966	17.426	
506	30.412	29.53	30.25	22.59	18.9	17.357	
507	30.358	29.47	30.191	22.573	18.858	17.36	
508	30.303	29.41	30.132	22.544	18.831	17.264	
509	30.249	29.351	30.073	22.54	18.784	17.234	
510	30.196	29.291	30.015	22.464	18.744	17.185	
511	30.142	29.232	29.956	22.441	18.672	17.172	
512	30.089	29.174	29.898	22.411	18.653	17.095	
513	30.037	29.115	29.841	22.38	18.604	17.039	
514	29.984	29.057	29.783	22.329	18.581	17.008	
515	29.932	28.999	29.726	22.323	18.521	16.956	
516	29.88	28.942	29.669	22.272	18.488	16.925	
517	29.829	28.884	29.612	22.233	18.453	16.889	
518	29.778	28.828	29.555	22.213	18.429	16.8	
519	29.727	28.771	29.499	22.156	18.383	16.8	
520	29.676	28.714	29.443	22.155	18.329	16.783	
521	29.626	28.658	29.387	22.107	18.281	16.705	
522	29.576	28.602	29.332	22.082	18.236	16.682	
523	29.526	28.547	29.276	22.044	18.197	16.633	
524	29.477	28.492	29.221	22.008	18.175	16.576	
525	29.427	28.436	29.166	21.973	18.11	16.541	
526	29.379	28.382	29.112	21.948	18.101	16.479	
527	29.33	28.327	29.057	21.919	18.041	16.467	
528	29.282	28.273	29.003	21.871	18.015	16.444	
529	29.233	28.219	28.949	21.848	17.935	16.346	
530	29.186	28.165	28.895	21.807	17.963	16.332	
531	29.138	28.111	28.842	21.787	17.894	16.282	
532	29.091	28.058	28.788	21.792	17.872	16.249	
533	29.044	28.005	28.735	21.715	17.836	16.21	
534	28.997	27.952	28.682	21.688	17.765	16.173	
535	28.95	27.9	28.63	21.675	17.736	16.118	
536	28.904	27.847	28.577	21.642	17.728	16.071	
537	28.858	27.795	28.525	21.635	17.67	16.051	
538	28.812	27.743	28.473	21.595	17.649	16.008	
539	28.766	27.692	28.421	21.569	17.626	15.99	
540	28.721	27.64	28.369	21.55	17.587	15.938	
541	28.676	27.589	28.318	21.51	17.537	15.923	
542	28.631	27.538	28.267	21.482	17.509	15.858	
543	28.587	27.488	28.216	21.476	17.461	15.814	
544	28.542	27.437	28.165	21.431	17.422	15.773	
545	28.498	27.387	28.114	21.41	17.437	15.761	
546	28.454	27.337	28.063	21.352	17.352	15.71	
547	28.41	27.287	28.013	21.367	17.317	15.707	
548	28.367	27.237	27.963	21.329	17.285	15.648	
549	28.324	27.188	27.913	21.326	17.238	15.622	
550	28.281	27.139	27.863	21.261	17.228	15.591	
551	28.238	27.09	27.814	21.239	17.193	15.54	
552	28.195	27.041	27.764	21.241	17.157	15.508	
553	28.153	26.992	27.715	21.207	17.129	15.477	
554	28.111	26.944	27.666	21.168	17.077	15.44	
555	28.069	26.896	27.617	21.16	17.056	15.395	
556	28.027	26.848	27.569	21.131	17.016	15.362	
557	27.985	26.8	27.52	21.103	16.947	15.317	
558	27.944	26.753	27.472	21.084	16.962	15.3	
559	27.903	26.705	27.424	21.046	16.928	15.278	
560	27.862	26.658	27.376	21.019	16.886	15.228	
561	27.821	26.611	27.328	21.007	16.84	15.186	
562	27.781	26.565	27.28	21	16.812	15.184	
563	27.74	26.518	27.233	20.961	16.801	15.133	
564	27.7	26.472	27.186	20.944	16.75	15.126	
565	27.66	26.425	27.139	20.9	16.721	15.064	
566	27.621	26.379	27.092	20.879	16.684	15.074	
567	27.581	26.334	27.045	20.845	16.66	15.01	
568	27.542	26.288	26.998	20.818	16.626	14.969	
569	27.503	26.243	26.952	20.805	16.591	14.939	
570	27.464	26.197	26.906	20.791	16.566	14.891	
571	27.425	26.152	26.86	20.756	16.54	14.877	
572	27.386	26.107	26.814	20.734	16.528	14.866	
573	27.348	26.063	26.768	20.719	16.489	14.815	
574	27.31	26.018	26.722	20.685	16.473	14.755	
575	27.272	25.974	26.677	20.662	16.434	14.74	
576	27.234	25.93	26.632	20.631	16.404	14.719	
577	27.196	25.886	26.587	20.644	16.385	14.694	
578	27.159	25.842	26.542	20.618	16.331	14.681	
579	27.121	25.798	26.497	20.576	16.316	14.62	
580	27.084	25.755	26.452	20.577	16.277	14.621	
581	27.047	25.711	26.408	20.535	16.251	14.584	
582	27.01	25.668	26.363	20.524	16.22	14.522	
583	26.974	25.625	26.319	20.504	16.18	14.507	
584	26.937	25.583	26.275	20.492	16.17	14.517	
585	26.901	25.54	26.231	20.442	16.155	14.449	
586	26.865	25.497	26.187	20.431	16.123	14.417	
587	26.829	25.455	26.144	20.436	16.098	14.362	
588	26.793	25.413	26.1	20.408	16.07	14.357	
589	26.757	25.371	26.057	20.364	16.041	14.332	
590	26.722	25.329	26.014	20.345	16.005	14.287	
591	26.686	25.288	25.971	20.333	15.99	14.25	
592	26.651	25.246	25.928	20.31	15.918	14.221	
593	26.616	25.205	25.885	20.296	15.969	14.198	
594	26.582	25.164	25.843	20.283	15.892	14.209	
595	26.547	25.123	25.8	20.24	15.88	14.155	
596	26.512	25.082	25.758	20.22	15.879	14.124	
597	26.478	25.041	25.716	20.21	15.839	14.089	
598	26.444	25	25.674	20.202	15.8	14.07	
599	26.41	24.96	25.632	20.184	15.748	14.033	
600	26.376	24.92	25.59	20.146	15.774	14.024	
601	26.342	24.88	25.549	20.111	15.734	13.982	
602	26.308	24.84	25.507	20.089	15.676	13.946	
603	26.275	24.8	25.466	20.073	15.681	13.918	
604	26.242	24.76	25.425	20.062	15.645	13.915	
605	26.209	24.721	25.384	20.041	15.608	13.859	
606	26.176	24.681	25.343	20.03	15.616	13.815	
607	26.143	24.642	25.302	19.998	15.592	13.779	
608	26.11	24.603	25.261	20.014	15.535	13.804	
609	26.077	24.564	25.221	19.982	15.547	13.748	
610	26.045	24.526	25.18	19.959	15.505	13.733	
611	26.013	24.487	25.14	19.939	15.468	13.708	
612	25.981	24.448	25.1	19.937	15.48	13.705	
613	25.949	24.41	25.06	19.905	15.44	13.625	
614	25.917	24.372	25.02	19.873	15.416	13.633	
615	25.885	24.334	24.98	19.872	15.373	13.599	
616	25.853	24.296	24.941	19.848	15.366	13.567	
617	25.822	24.258	24.901	19.833	15.339	13.548	
618	25.791	24.22	24.862	19.81	15.324	13.544	
619	25.759	24.183	24.823	19.793	15.289	13.484	
620	25.728	24.145	24.784	19.769	15.26	13.464	
621	25.697	24.108	24.745	19.744	15.245	13.463	
622	25.667	24.071	24.706	19.758	15.223	13.435	
623	25.636	24.034	24.667	19.727	15.19	13.375	
624	25.605	23.997	24.629	19.705	15.17	13.372	
625	25.575	23.961	24.59	19.678	15.168	13.392	
626	25.545	23.924	24.552	19.681	15.12	13.311	
627	25.515	23.887	24.513	19.667	15.098	13.304	
628	25.485	23.851	24.475	19.638	15.06	13.283	
629	25.455	23.815	24.437	19.635	15.075	13.294	
630	25.425	23.779	24.399	19.57	15.013	13.233	
631	25.395	23.743	24.362	19.565	15.066	13.236	
632	25.366	23.707	24.324	19.575	15.011	13.141	
633	25.336	23.671	24.286	19.564	14.965	13.12	
634	25.307	23.636	24.249	19.51	14.954	13.069	
635	25.278	23.6	24.212	19.493	14.942	13.106	
636	25.249	23.565	24.175	19.49	14.951	13.106	
637	25.22	23.53	24.138	19.498	14.872	13.056	
638	25.191	23.495	24.101	19.454	14.846	13.046	
639	25.163	23.46	24.064	19.459	14.818	13.027	
640	25.134	23.425	24.027	19.425	14.799	13.018	
641	25.106	23.39	23.99	19.452	14.778	12.939	
642	25.077	23.356	23.954	19.402	14.772	12.986	
643	25.049	23.321	23.917	19.387	14.721	12.945	
644	25.021	23.287	23.881	19.404	14.727	12.899	
645	24.993	23.253	23.845	19.385	14.71	12.869	
646	24.965	23.218	23.809	19.341	14.67	12.857	
647	24.937	23.184	23.773	19.34	14.697	12.832	
648	24.91	23.151	23.737	19.298	14.644	12.833	
649	24.882	23.117	23.701	19.29	14.633	12.793	
650	24.855	23.083	23.666	19.268	14.571	12.757	
651	24.828	23.05	23.63	19.249	14.593	12.771	
652	24.8	23.016	23.595	19.245	14.544	12.718	
653	24.773	22.983	23.56	19.224	14.556	12.69	
654	24.746	22.95	23.525	19.213	14.505	12.636	
655	24.72	22.916	23.489	19.188	14.528	12.643	
656	24.693	22.883	23.454	19.173	14.551	12.655	
657	24.666	22.851	23.42	19.182	14.495	12.58	
658	24.64	22.818	23.385	19.145	14.451	12.585	
659	24.613	22.785	23.35	19.135	14.393	12.576	
660	24.587	22.753	23.316	19.131	14.406	12.557	
661	24.561	22.72	23.281	19.149	14.366	12.521	
662	24.534	22.688	23.247	19.141	14.38	12.487	
663	24.508	22.656	23.212	19.085	14.354	12.478	
664	24.483	22.624	23.178	19.067	14.358	12.46	
665	24.457	22.592	23.144	19.05	14.329	12.422	
666	24.431	22.56	23.11	19.037	14.283	12.4	
667	24.405	22.528	23.077	19.049	14.264	12.403	
668	24.38	22.496	23.043	19.03	14.28	12.379	
669	24.355	22.465	23.009	19.015	14.24	12.357	
670	24.329	22.433	22.976	18.996	14.227	12.341	
671	24.304	22.402	22.942	18.983	14.189	12.272	
672	24.279	22.37	22.909	18.968	14.151	12.307	
673	24.254	22.339	22.876	18.924	14.153	12.286	
674	24.229	22.308	22.842	18.939	14.161	12.278	
675	24.204	22.277	22.809	18.916	14.153	12.296	
676	24.179	22.246	22.776	18.918	14.072	12.203	
677	24.155	22.216	22.743	18.905	14.111	12.199	
678	24.13	22.185	22.711	18.877	14.073	12.219	
679	24.106	22.154	22.678	18.874	14.028	12.143	
680	24.081	22.124	22.645	18.865	14.013	12.153	
681	24.057	22.094	22.613	18.846	13.999	12.088	
682	24.033	22.063	22.581	18.845	14.005	12.109	
683	24.009	22.033	22.548	18.808	13.954	12.072	
684	23.985	22.003	22.516	18.784	13.945	12.093	
685	23.961	21.973	22.484	18.793	13.961	12.052	
686	23.937	21.943	22.452	18.775	13.924	12.002	
687	23.914	21.913	22.42	18.777	13.89	11.991	
688	23.89	21.884	22.388	18.772	13.868	11.962	
689	23.866	21.854	22.356	18.761	13.903	11.957	
690	23.843	21.825	22.325	18.716	13.875	11.965	
691	23.82	21.795	22.293	18.724	13.843	11.91	
692	23.797	21.766	22.262	18.709	13.782	11.94	
693	23.773	21.737	22.23	18.696	13.781	11.891	
694	23.75	21.707	22.199	18.682	13.775	11.898	
695	23.727	21.678	22.168	18.653	13.738	11.859	
696	23.704	21.649	22.137	18.654	13.704	11.854	
697	23.682	21.621	22.106	18.647	13.742	11.818	
698	23.659	21.592	22.075	18.656	13.697	11.76	
699	23.636	21.563	22.044	18.615	13.678	11.745	
700	23.614	21.535	22.013	18.603	13.714	11.763	
701	23.591	21.506	21.982	18.616	13.601	11.754	
702	23.569	21.478	21.952	18.605	13.677	11.742	
703	23.546	21.449	21.921	18.55	13.664	11.695	
704	23.524	21.421	21.891	18.548	13.616	11.689	
705	23.502	21.393	21.861	18.593	13.586	11.663	
706	23.48	21.365	21.83	18.539	13.595	11.627	
707	23.458	21.337	21.8	18.519	13.587	11.625	
708	23.436	21.309	21.77	18.499	13.513	11.634	
709	23.414	21.281	21.74	18.52	13.555	11.58	
710	23.393	21.254	21.71	18.509	13.487	11.628	
711	23.371	21.226	21.68	18.491	13.491	11.511	
712	23.349	21.198	21.651	18.46	13.43	11.505	
713	23.328	21.171	21.621	18.443	13.501	11.532	
714	23.306	21.144	21.591	18.434	13.419	11.487	
715	23.285	21.116	21.562	18.397	13.433	11.469	
716	23.264	21.089	21.532	18.418	13.356	11.374	
717	23.243	21.062	21.503	18.408	13.398	11.468	
718	23.221	21.035	21.474	18.389	13.347	11.371	
719	23.2	21.008	21.445	18.416	13.365	11.461	
720	23.179	20.981	21.416	18.332	13.336	11.414	
721	23.159	20.954	21.386	18.377	13.311	11.389	
722	23.138	20.928	21.358	18.373	13.341	11.365	
723	23.117	20.901	21.329	18.316	13.339	11.362	
724	23.096	20.875	21.3	18.348	13.267	11.357	
725	23.076	20.848	21.271	18.293	13.366	11.278	
726	23.055	20.822	21.243	18.343	13.2	11.279	
727	23.035	20.795	21.214	18.3	13.25	11.255	
728	23.014	20.769	21.186	18.318	13.194	11.255	
729	22.994	20.743	21.157	18.272	13.178	11.254	
730	22.974	20.717	21.129	18.26	13.183	11.173	
731	22.954	20.691	21.101	18.22	13.167	11.208	
732	22.934	20.665	21.072	18.247	13.116	11.197	
733	22.914	20.639	21.044	18.236	13.152	11.165	
734	22.894	20.613	21.016	18.263	13.117	11.143	
735	22.874	20.588	20.988	18.212	13.131	11.119	
736	22.854	20.562	20.961	18.211	13.114	11.12	
737	22.834	20.537	20.933	18.221	13.084	11.153	
738	22.815	20.511	20.905	18.175	13.091	11.076	
739	22.795	20.486	20.877	18.168	13.067	11.094	
740	22.776	20.461	20.85	18.198	13.06	11.074	
741	22.756	20.435	20.822	18.146	13.012	11.072	
742	22.737	20.41	20.795	18.159	13.021	11.016	
743	22.717	20.385	20.768	18.16	13.027	10.987	
744	22.698	20.36	20.74	18.128	13	11.023	
745	22.679	20.335	20.713	18.098	13.023	11.013	
746	22.66	20.31	20.686	18.113	12.97	10.981	
747	22.641	20.285	20.659	18.112	13.001	10.944	
748	22.622	20.261	20.632	18.09	12.967	10.93	
749	22.603	20.236	20.605	18.087	12.928	10.902	
750	22.584	20.212	20.578	18.026	12.909	10.938	
751	22.565	20.187	20.552	18.064	12.892	10.873	
752	22.547	20.163	20.525	18.016	12.923	10.846	
753	22.528	20.138	20.498	18.042	12.881	10.845	
754	22.51	20.114	20.472	18.033	12.862	10.87	
755	22.491	20.09	20.445	17.998	12.896	10.794	
756	22.472	20.066	20.419	18.017	12.83	10.84	
757	22.454	20.042	20.392	18.016	12.778	10.837	
758	22.436	20.018	20.366	17.993	12.814	10.794	
759	22.418	19.994	20.34	17.991	12.817	10.766	
760	22.399	19.97	20.314	17.965	12.743	10.723	
761	22.381	19.946	20.288	17.94	12.757	10.727	
762	22.363	19.922	20.262	17.968	12.744	10.685	
763	22.345	19.899	20.236	17.942	12.757	10.67	
764	22.327	19.875	20.21	17.942	12.75	10.703	
765	22.309	19.852	20.184	17.928	12.723	10.649	
766	22.291	19.828	20.158	17.945	12.732	10.659	
767	22.274	19.805	20.133	17.932	12.689	10.658	
768	22.256	19.781	20.107	17.898	12.676	10.604	
769	22.238	19.758	20.082	17.901	12.684	10.63	
770	22.221	19.735	20.056	17.88	12.632	10.573	
771	22.203	19.712	20.031	17.839	12.621	10.567	
772	22.186	19.689	20.005	17.837	12.664	10.567	
773	22.168	19.666	19.98	17.851	12.613	10.567	
774	22.151	19.643	19.955	17.831	12.605	10.51	
775	22.134	19.62	19.93	17.81	12.584	10.517	
776	22.116	19.597	19.905	17.872	12.563	10.49	
777	22.099	19.575	19.88	17.813	12.541	10.499	
778	22.082	19.552	19.855	17.814	12.507	10.516	
779	22.065	19.529	19.83	17.771	12.515	10.473	
780	22.048	19.507	19.805	17.769	12.529	10.484	
781	22.031	19.484	19.78	17.816	12.552	10.405	
782	22.014	19.462	19.756	17.788	12.453	10.414	
783	21.997	19.439	19.731	17.766	12.44	10.413	
784	21.981	19.417	19.706	17.747	12.468	10.369	
785	21.964	19.395	19.682	17.727	12.424	10.347	
786	21.947	19.373	19.657	17.72	12.435	10.349	
787	21.931	19.351	19.633	17.725	12.412	10.345	
788	21.914	19.329	19.609	17.722	12.394	10.324	
789	21.897	19.307	19.585	17.703	12.376	10.317	
790	21.881	19.285	19.56	17.705	12.403	10.277	
791	21.865	19.263	19.536	17.675	12.368	10.278	
792	21.848	19.241	19.512	17.689	12.361	10.267	
793	21.832	19.219	19.488	17.679	12.381	10.266	
794	21.816	19.198	19.464	17.66	12.327	10.239	
795	21.8	19.176	19.44	17.659	12.309	10.224	
796	21.783	19.155	19.416	17.662	12.313	10.213	
797	21.767	19.133	19.393	17.654	12.325	10.176	
798	21.751	19.112	19.369	17.666	12.323	10.181	
799	21.735	19.09	19.345	17.647	12.261	10.206	
800	21.719	19.069	19.322	17.62	12.266	10.135	
801	21.704	19.048	19.298	17.605	12.279	10.152	
802	21.688	19.027	19.275	17.648	12.257	10.122	
803	21.672	19.005	19.251	17.585	12.228	10.092	
804	21.656	18.984	19.228	17.575	12.219	10.133	
805	21.641	18.963	19.205	17.566	12.198	10.093	
806	21.625	18.942	19.181	17.583	12.17	10.084	
807	21.609	18.921	19.158	17.566	12.126	10.115	
808	21.594	18.901	19.135	17.569	12.174	10.024	
809	21.578	18.88	19.112	17.516	12.099	10.047	
810	21.563	18.859	19.089	17.556	12.165	10.014	
811	21.548	18.838	19.066	17.537	12.131	9.9973	
812	21.532	18.818	19.043	17.532	12.176	10.005	
813	21.517	18.797	19.02	17.542	12.077	9.9926	
814	21.502	18.777	18.997	17.52	12.11	10.013	
815	21.487	18.756	18.975	17.499	12.091	9.9656	
816	21.472	18.736	18.952	17.51	12.082	9.9131	
817	21.457	18.715	18.929	17.487	12.062	9.9298	
818	21.442	18.695	18.907	17.492	12.059	9.9034	
819	21.427	18.675	18.884	17.483	12.042	9.9129	
820	21.412	18.655	18.862	17.46	12.018	9.8719	
821	21.397	18.634	18.839	17.453	12.005	9.8656	
822	21.382	18.614	18.817	17.45	12.012	9.8616	
823	21.367	18.594	18.795	17.451	12.006	9.8525	
824	21.352	18.574	18.773	17.443	12.007	9.8497	
825	21.338	18.555	18.75	17.437	11.988	9.8449	
826	21.323	18.535	18.728	17.433	11.98	9.8362	
827	21.309	18.515	18.706	17.43	11.974	9.8144	
828	21.294	18.495	18.684	17.419	11.964	9.8087	
829	21.28	18.475	18.662	17.407	11.95	9.7941	
830	21.265	18.456	18.64	17.407	11.946	9.8031	
831	21.251	18.436	18.618	17.4	11.919	9.7859	
832	21.236	18.417	18.597	17.384	11.91	9.7662	
833	21.222	18.397	18.575	17.379	11.905	9.7353	
834	21.208	18.378	18.553	17.367	11.897	9.7158	
835	21.193	18.358	18.531	17.36	11.889	9.7177	
836	21.179	18.339	18.51	17.358	11.888	9.6974	
837	21.165	18.32	18.488	17.35	11.861	9.7024	
838	21.151	18.3	18.467	17.356	11.846	9.6741	
839	21.137	18.281	18.445	17.339	11.835	9.6728	
840	21.123	18.262	18.424	17.323	11.851	9.6213	
841	21.109	18.243	18.403	17.338	11.799	9.6059	
842	21.095	18.224	18.381	17.35	11.812	9.6524	
843	21.081	18.205	18.36	17.333	11.79	9.6237	
844	21.067	18.186	18.339	17.328	11.8	9.6135	
845	21.054	18.167	18.318	17.337	11.83	9.5864	
846	21.04	18.148	18.297	17.25	11.762	9.5728	
847	21.026	18.129	18.276	17.316	11.671	9.6306	
848	21.012	18.111	18.255	17.299	11.801	9.6341	
849	20.999	18.092	18.234	17.296	11.713	9.5251	
850	20.985	18.073	18.213	17.278	11.74	9.5683	
851	20.972	18.055	18.192	17.254	11.712	9.5872	
852	20.958	18.036	18.171	17.249	11.723	9.4661	
853	20.945	18.018	18.15	17.279	11.658	9.4759	
854	20.931	17.999	18.13	17.228	11.704	9.4325	
855	20.918	17.981	18.109	17.23	11.626	9.478	
856	20.905	17.962	18.088	17.202	11.678	9.4881	
857	20.891	17.944	18.068	17.234	11.659	9.4508	
858	20.878	17.926	18.047	17.248	11.682	9.4151	
859	20.865	17.908	18.027	17.26	11.629	9.461	
860	20.852	17.889	18.006	17.206	11.667	9.4684	
861	20.839	17.871	17.986	17.177	11.615	9.3825	
862	20.826	17.853	17.966	17.215	11.595	9.3837	
863	20.813	17.835	17.945	17.205	11.644	9.3907	
864	20.8	17.817	17.925	17.208	11.589	9.387	
865	20.787	17.799	17.905	17.157	11.577	9.3165	
866	20.774	17.781	17.885	17.167	11.563	9.3468	
867	20.761	17.764	17.865	17.147	11.513	9.3459	
868	20.748	17.746	17.845	17.118	11.543	9.3501	
869	20.735	17.728	17.825	17.15	11.508	9.2901	
870	20.722	17.71	17.805	17.159	11.516	9.3057	
871	20.71	17.693	17.785	17.146	11.508	9.2767	
872	20.697	17.675	17.765	17.131	11.512	9.3136	
873	20.684	17.657	17.745	17.157	11.469	9.267	
874	20.672	17.64	17.726	17.129	11.488	9.2504	
875	20.659	17.622	17.706	17.111	11.474	9.2559	
876	20.646	17.605	17.686	17.115	11.465	9.2204	
877	20.634	17.588	17.667	17.112	11.46	9.2537	
878	20.621	17.57	17.647	17.083	11.444	9.2191	
879	20.609	17.553	17.628	17.079	11.432	9.1998	
880	20.597	17.536	17.608	17.071	11.421	9.1926	
881	20.584	17.518	17.589	17.069	11.417	9.1849	
882	20.572	17.501	17.569	17.067	11.412	9.1889	
883	20.56	17.484	17.55	17.063	11.408	9.1794	
884	20.547	17.467	17.531	17.061	11.404	9.1718	
885	20.535	17.45	17.511	17.061	11.396	9.1709	
886	20.523	17.433	17.492	17.056	11.388	9.1566	
887	20.511	17.416	17.473	17.046	11.371	9.1428	
888	20.499	17.399	17.454	17.044	11.364	9.1243	
889	20.487	17.382	17.435	17.031	11.351	9.1119	
890	20.475	17.365	17.416	17.018	11.337	9.0964	
891	20.463	17.348	17.397	17.012	11.328	9.0812	
892	20.451	17.332	17.378	17.01	11.316	9.0788	
893	20.439	17.315	17.359	17.003	11.31	9.0602	
894	20.427	17.298	17.34	16.991	11.308	9.0486	
895	20.415	17.282	17.321	16.999	11.303	9.0533	
896	20.403	17.265	17.302	16.989	11.29	9.0498	
897	20.392	17.249	17.283	16.989	11.285	9.0476	
898	20.38	17.232	17.265	16.987	11.282	9.0195	
899	20.368	17.216	17.246	16.979	11.268	9.0175	
900	20.356	17.199	17.227	16.966	11.258	8.9949	
901	20.345	17.183	17.209	16.947	11.247	8.9733	
902	20.333	17.166	17.19	16.948	11.229	8.9685	
903	20.322	17.15	17.172	16.945	11.226	8.9618	
904	20.31	17.134	17.153	16.94	11.217	8.9595	
905	20.298	17.118	17.135	16.932	11.215	8.9576	
906	20.287	17.101	17.117	16.934	11.21	8.9517	
907	20.276	17.085	17.098	16.929	11.206	8.9528	
908	20.264	17.069	17.08	16.931	11.194	8.9288	
909	20.253	17.053	17.062	16.916	11.183	8.9209	
910	20.241	17.037	17.044	16.902	11.167	8.91	
911	20.23	17.021	17.025	16.906	11.155	8.9055	
912	20.219	17.005	17.007	16.894	11.128	8.8691	
913	20.208	16.989	16.989	16.881	11.137	8.8493	
914	20.196	16.973	16.971	16.883	11.127	8.8511	
915	20.185	16.958	16.953	16.876	11.114	8.8449	
916	20.174	16.942	16.935	16.869	11.119	8.8435	
917	20.163	16.926	16.917	16.869	11.116	8.8377	
918	20.152	16.91	16.899	16.872	11.111	8.8326	
919	20.141	16.895	16.881	16.868	11.102	8.8198	
920	20.13	16.879	16.864	16.862	11.094	8.8106	
921	20.119	16.863	16.846	16.852	11.081	8.8013	
922	20.108	16.848	16.828	16.848	11.073	8.8045	
923	20.097	16.832	16.81	16.851	11.066	8.7956	
924	20.086	16.817	16.793	16.835	11.037	8.7695	
925	20.075	16.801	16.775	16.832	11.054	8.7564	
926	20.064	16.786	16.758	16.815	11.035	8.7417	
927	20.054	16.77	16.74	16.816	11.041	8.7315	
928	20.043	16.755	16.723	16.814	11.034	8.7362	
929	20.032	16.74	16.705	16.797	10.994	8.7477	
930	20.021	16.725	16.688	16.793	10.972	8.7269	
931	20.011	16.709	16.67	16.805	11.016	8.7154	
932	20	16.694	16.653	16.812	10.951	8.6826	
933	19.989	16.679	16.636	16.782	11.008	8.6791	
934	19.979	16.664	16.618	16.775	10.976	8.695	
935	19.968	16.649	16.601	16.773	10.978	8.6554	
936	19.958	16.634	16.584	16.753	10.941	8.6501	
937	19.947	16.619	16.567	16.753	10.935	8.6851	
938	19.937	16.604	16.55	16.783	10.944	8.6069	
939	19.926	16.589	16.533	16.761	10.933	8.6336	
940	19.916	16.574	16.516	16.766	10.894	8.6504	
941	19.906	16.559	16.499	16.76	10.92	8.6114	
942	19.895	16.544	16.482	16.739	10.886	8.5574	
943	19.885	16.529	16.465	16.715	10.91	8.5951	
944	19.875	16.515	16.448	16.717	10.929	8.5787	
945	19.864	16.5	16.431	16.744	10.893	8.5827	
946	19.854	16.485	16.414	16.743	10.888	8.5713	
947	19.844	16.47	16.397	16.722	10.888	8.5569	
948	19.834	16.456	16.38	16.718	10.861	8.5456	
949	19.824	16.441	16.364	16.708	10.84	8.5238	
950	19.814	16.427	16.347	16.702	10.832	8.5213	
951	19.803	16.412	16.33	16.691	10.851	8.5259	
952	19.793	16.398	16.314	16.683	10.844	8.5209	
953	19.783	16.383	16.297	16.694	10.825	8.4986	
954	19.773	16.369	16.281	16.695	10.819	8.5124	
955	19.763	16.354	16.264	16.682	10.807	8.4784	
956	19.753	16.34	16.248	16.663	10.812	8.4848	
957	19.744	16.326	16.231	16.664	10.803	8.5324	
958	19.734	16.311	16.215	16.644	10.785	8.4534	
959	19.724	16.297	16.198	16.666	10.771	8.4791	
960	19.714	16.283	16.182	16.678	10.753	8.4078	
961	19.704	16.269	16.166	16.673	10.778	8.3952	
962	19.694	16.255	16.15	16.661	10.689	8.3687	
963	19.685	16.24	16.133	16.62	10.712	8.4149	
964	19.675	16.226	16.117	16.649	10.748	8.3485	
965	19.665	16.212	16.101	16.617	10.733	8.3817	
966	19.655	16.198	16.085	16.628	10.753	8.359	
967	19.646	16.184	16.069	16.623	10.733	8.3919	
968	19.636	16.17	16.053	16.627	10.745	8.3832	
969	19.627	16.156	16.037	16.611	10.709	8.3707	
970	19.617	16.142	16.021	16.625	10.692	8.3925	
971	19.607	16.129	16.005	16.613	10.68	8.3706	
972	19.598	16.115	15.989	16.61	10.702	8.3492	
973	19.588	16.101	15.973	16.61	10.685	8.3224	
974	19.579	16.087	15.957	16.594	10.661	8.3374	
975	19.57	16.073	15.941	16.588	10.668	8.2816	
976	19.56	16.06	15.925	16.58	10.653	8.2972	
977	19.551	16.046	15.91	16.575	10.641	8.2843	
978	19.541	16.032	15.894	16.572	10.632	8.2858	
979	19.532	16.019	15.878	16.57	10.638	8.2719	
980	19.523	16.005	15.862	16.575	10.628	8.2724	
981	19.513	15.992	15.847	16.572	10.626	8.2804	
982	19.504	15.978	15.831	16.566	10.621	8.2707	
983	19.495	15.965	15.816	16.562	10.623	8.2828	
984	19.486	15.951	15.8	16.548	10.613	8.2676	
985	19.477	15.938	15.785	16.546	10.617	8.2362	
986	19.467	15.924	15.769	16.573	10.595	8.2584	
987	19.458	15.911	15.754	16.537	10.591	8.2149	
988	19.449	15.898	15.738	16.532	10.56	8.1936	
989	19.44	15.884	15.723	16.524	10.566	8.1933	
990	19.431	15.871	15.708	16.52	10.547	8.1876	
991	19.422	15.858	15.692	16.519	10.55	8.1676	
992	19.413	15.845	15.677	16.52	10.545	8.1802	
993	19.404	15.831	15.662	16.509	10.544	8.1739	
994	19.395	15.818	15.647	16.517	10.548	8.1768	
995	19.386	15.805	15.631	16.503	10.54	8.1619	
996	19.377	15.792	15.616	16.496	10.533	8.1554	
997	19.368	15.779	15.601	16.504	10.529	8.1444	
998	19.359	15.766	15.586	16.493	10.516	8.1417	
999	19.351	15.753	15.571	16.483	10.502	8.1776	
1000	19.342	15.74	15.556	16.5	10.478	8.1157	
1001	19.333	15.727	15.541	16.464	10.53	8.0949	
1002	19.324	15.714	15.526	16.485	10.51	8.0982	
1003	19.315	15.701	15.511	16.476	10.477	8.0989	
1004	19.307	15.688	15.496	16.475	10.443	8.0759	
1005	19.298	15.676	15.481	16.439	10.542	8.1117	
1006	19.289	15.663	15.466	16.467	10.428	8.1096	
1007	19.281	15.65	15.452	16.465	10.492	8.0327	
1008	19.272	15.637	15.437	16.449	10.484	8.0563	
1009	19.263	15.625	15.422	16.429	10.432	8.0496	
1010	19.255	15.612	15.407	16.466	10.451	8.0414	
1011	19.246	15.599	15.393	16.433	10.444	8.0428	
1012	19.238	15.587	15.378	16.438	10.431	8.0143	
1013	19.229	15.574	15.363	16.434	10.414	8.0082	
1014	19.221	15.561	15.349	16.435	10.394	8.0042	
1015	19.212	15.549	15.334	16.437	10.4	7.9932	
1016	19.204	15.536	15.319	16.413	10.402	8.087	
1017	19.195	15.524	15.305	16.395	10.365	7.9546	
1018	19.187	15.511	15.29	16.391	10.366	7.9748	
1019	19.179	15.499	15.276	16.377	10.349	7.938	
1020	19.17	15.487	15.262	16.428	10.409	7.9076	
1021	19.162	15.474	15.247	16.344	10.406	7.9482	
1022	19.154	15.462	15.233	16.399	10.335	7.9468	
1023	19.145	15.449	15.218	16.418	10.322	7.9437	
1024	19.137	15.437	15.204	16.374	10.301	7.9785	
1025	19.129	15.425	15.19	16.416	10.31	7.9159	
1026	19.121	15.413	15.176	16.38	10.359	7.8728	
1027	19.112	15.4	15.161	16.414	10.241	7.8987	
1028	19.104	15.388	15.147	16.371	10.339	7.8451	
1029	19.096	15.376	15.133	16.355	10.283	7.8299	
1030	19.088	15.364	15.119	16.359	10.328	7.903	
1031	19.08	15.352	15.105	16.422	10.333	7.9249	
1032	19.072	15.34	15.091	16.316	10.327	7.8632	
1033	19.064	15.328	15.076	16.382	10.287	7.887	
1034	19.055	15.316	15.062	16.356	10.309	7.8533	
1035	19.047	15.304	15.048	16.379	10.251	7.9231	
1036	19.039	15.292	15.034	16.253	10.285	7.8388	
1037	19.031	15.28	15.02	16.397	10.175	7.8035	
1038	19.023	15.268	15.007	16.319	10.24	7.9786	
1039	19.016	15.256	14.993	16.361	10.29	7.9209	
1040	19.008	15.244	14.979	16.298	10.088	7.8087	
1041	19	15.232	14.965	16.335	10.216	7.8567	
1042	18.992	15.22	14.951	16.445	10.238	7.6434	
1043	18.984	15.209	14.937	16.412	10.176	7.6925	
1044	18.976	15.197	14.924	16.267	10.268	7.7417	
1045	18.968	15.185	14.91	16.308	10.204	7.7873	
1046	18.96	15.173	14.896	16.204	10.35	7.5825	
1047	18.953	15.162	14.882	16.266	10.039	7.7932	
1048	18.945	15.15	14.869	16.229	10.157	7.8069	
1049	18.937	15.138	14.855	16.299	10.171	7.7236	
1050	18.929	15.127	14.841	16.276	10.083	7.8107	
1051	18.922	15.115	14.828	16.278	10.17	7.7396	
1052	18.914	15.103	14.814	16.273	10.161	7.7044	
1053	18.906	15.092	14.801	16.277	10.167	7.7231	
1054	18.899	15.08	14.787	16.277	10.148	7.7089	
1055	18.891	15.069	14.774	16.277	10.167	7.6972	
1056	18.883	15.057	14.76	16.273	10.135	7.687	
1057	18.876	15.046	14.747	16.269	10.153	7.6997	
1058	18.868	15.035	14.734	16.262	10.142	7.6709	
1059	18.861	15.023	14.72	16.247	10.134	7.6933	
1060	18.853	15.012	14.707	16.254	10.134	7.6648	
1061	18.846	15	14.694	16.263	10.116	7.6747	
1062	18.838	14.989	14.68	16.239	10.115	7.6648	
1063	18.831	14.978	14.667	16.235	10.098	7.6667	
1064	18.823	14.967	14.654	16.233	10.093	7.6472	
1065	18.816	14.955	14.641	16.225	10.087	7.629	
1066	18.808	14.944	14.627	16.232	10.086	7.618	
1067	18.801	14.933	14.614	16.223	10.089	7.6219	
1068	18.794	14.922	14.601	16.218	10.078	7.6284	
1069	18.786	14.911	14.588	16.223	10.054	7.6005	
1070	18.779	14.899	14.575	16.22	10.079	7.5985	
1071	18.772	14.888	14.562	16.218	10.063	7.599	
1072	18.764	14.877	14.549	16.202	10.065	7.5925	
1073	18.757	14.866	14.536	16.215	10.029	7.5661	
1074	18.75	14.855	14.523	16.199	10.044	7.5808	
1075	18.742	14.844	14.51	16.193	10.033	7.5517	
1076	18.735	14.833	14.497	16.201	10.022	7.5548	
1077	18.728	14.822	14.484	16.189	10.024	7.5511	
1078	18.721	14.811	14.471	16.185	10.008	7.5417	
1079	18.714	14.8	14.458	16.186	10.022	7.5314	
1080	18.706	14.789	14.445	16.186	10.011	7.5387	
1081	18.699	14.779	14.432	16.179	10.01	7.5348	
1082	18.692	14.768	14.42	16.172	10.007	7.5257	
1083	18.685	14.757	14.407	16.18	9.9947	7.5117	
1084	18.678	14.746	14.394	16.172	9.995	7.5129	
1085	18.671	14.735	14.381	16.166	9.9914	7.5014	
1086	18.664	14.725	14.369	16.171	9.9923	7.5038	
1087	18.657	14.714	14.356	16.156	9.9873	7.4945	
1088	18.65	14.703	14.343	16.166	9.9817	7.4997	
1089	18.643	14.692	14.331	16.159	9.9779	7.4821	
1090	18.636	14.682	14.318	16.158	9.9803	7.4881	
1091	18.629	14.671	14.306	16.153	9.9785	7.4853	
1092	18.622	14.66	14.293	16.144	9.9565	7.4715	
1093	18.615	14.65	14.281	16.148	9.9506	7.4729	
1094	18.608	14.639	14.268	16.141	9.9601	7.4722	
1095	18.601	14.629	14.256	16.15	9.9318	7.4483	
1096	18.594	14.618	14.243	16.144	9.9407	7.4519	
1097	18.587	14.608	14.231	16.13	9.9283	7.4383	
1098	18.581	14.597	14.218	16.124	9.9234	7.4168	
1099	18.574	14.587	14.206	16.123	9.9232	7.4195	
1100	18.567	14.576	14.193	16.113	9.9178	7.4139	
1101	18.56	14.566	14.181	16.124	9.9056	7.3964	
1102	18.553	14.555	14.169	16.116	9.8945	7.3888	
1103	18.547	14.545	14.156	16.109	9.8791	7.3797	
1104	18.54	14.535	14.144	16.105	9.888	7.3786	
1105	18.533	14.524	14.132	16.097	9.8862	7.3711	
1106	18.527	14.514	14.12	16.101	9.8753	7.3644	
1107	18.52	14.504	14.107	16.09	9.8672	7.3615	
1108	18.513	14.493	14.095	16.098	9.873	7.3533	
1109	18.507	14.483	14.083	16.089	9.8628	7.35	
1110	18.5	14.473	14.071	16.087	9.8562	7.3493	
1111	18.493	14.463	14.059	16.086	9.8575	7.3426	
1112	18.487	14.452	14.047	16.085	9.8439	7.3361	
1113	18.48	14.442	14.035	16.085	9.8491	7.3346	
1114	18.473	14.432	14.023	16.08	9.8466	7.3305	
1115	18.467	14.422	14.011	16.077	9.8484	7.3291	
1116	18.46	14.412	13.999	16.078	9.8409	7.3321	
1117	18.454	14.402	13.987	16.079	9.8416	7.3209	
1118	18.447	14.392	13.975	16.072	9.8334	7.3214	
1119	18.441	14.382	13.963	16.06	9.8347	7.3015	
1120	18.434	14.372	13.951	16.068	9.8313	7.2924	
1121	18.428	14.362	13.939	16.067	9.8176	7.2878	
1122	18.421	14.352	13.927	16.06	9.8063	7.2978	
1123	18.415	14.342	13.915	16.048	9.8069	7.2903	
1124	18.409	14.332	13.903	16.063	9.8076	7.2673	
1125	18.402	14.322	13.891	16.054	9.7979	7.2623	
1126	18.396	14.312	13.88	16.058	9.8085	7.2676	
1127	18.389	14.302	13.868	16.033	9.7894	7.2435	
1128	18.383	14.292	13.856	16.033	9.7801	7.246	
1129	18.377	14.282	13.844	16.039	9.78	7.2589	
1130	18.37	14.273	13.833	16.029	9.784	7.2303	
1131	18.364	14.263	13.821	16.028	9.7661	7.2327	
1132	18.358	14.253	13.809	16.029	9.7641	7.2224	
1133	18.352	14.243	13.798	16.022	9.7746	7.22	
1134	18.345	14.233	13.786	16.013	9.7404	7.2208	
1135	18.339	14.224	13.774	16.016	9.7516	7.1929	
1136	18.333	14.214	13.763	16.019	9.733	7.2045	
1137	18.327	14.204	13.751	16.012	9.7186	7.2018	
1138	18.32	14.195	13.74	16.011	9.7314	7.1817	
1139	18.314	14.185	13.728	16.007	9.7294	7.188	
1140	18.308	14.175	13.717	16	9.711	7.1734	
1141	18.302	14.166	13.705	16.013	9.7229	7.1701	
1142	18.296	14.156	13.694	16.009	9.7157	7.1425	
1143	18.29	14.147	13.682	15.991	9.7047	7.1754	
1144	18.283	14.137	13.671	15.991	9.6948	7.1627	
1145	18.277	14.127	13.659	15.994	9.7082	7.1617	
1146	18.271	14.118	13.648	15.991	9.6734	7.1488	
1147	18.265	14.108	13.637	15.987	9.6773	7.1375	
1148	18.259	14.099	13.625	15.993	9.6824	7.1398	
1149	18.253	14.089	13.614	15.982	9.6859	7.1336	
1150	18.247	14.08	13.603	15.971	9.6696	7.1285	
1151	18.241	14.071	13.591	15.973	9.6557	7.1144	
1152	18.235	14.061	13.58	15.974	9.6664	7.1066	
1153	18.229	14.052	13.569	15.967	9.6521	7.0941	
1154	18.223	14.042	13.558	15.961	9.6519	7.0958	
1155	18.217	14.033	13.547	15.966	9.6506	7.0979	
1156	18.211	14.024	13.535	15.955	9.6498	7.0837	
1157	18.205	14.014	13.524	15.955	9.6421	7.0727	
1158	18.199	14.005	13.513	15.956	9.6421	7.0731	
1159	18.193	13.996	13.502	15.96	9.6267	7.0708	
1160	18.188	13.987	13.491	15.957	9.628	7.0722	
1161	18.182	13.977	13.48	15.947	9.6061	7.0769	
1162	18.176	13.968	13.469	15.943	9.6372	7.0503	
1163	18.17	13.959	13.458	15.932	9.6109	7.0423	
1164	18.164	13.95	13.447	15.933	9.5892	7.0355	
1165	18.158	13.941	13.436	15.926	9.6021	7.0251	
1166	18.153	13.932	13.425	15.934	9.5923	7.0232	
1167	18.147	13.922	13.414	15.935	9.6092	7.0307	
1168	18.141	13.913	13.403	15.925	9.5875	7.0159	
1169	18.135	13.904	13.392	15.919	9.579	7.0094	
1170	18.129	13.895	13.381	15.923	9.5874	6.9969	
1171	18.124	13.886	13.37	15.918	9.5745	6.9927	
1172	18.118	13.877	13.359	15.915	9.5753	6.9904	
1173	18.112	13.868	13.348	15.913	9.572	6.9898	
1174	18.107	13.859	13.337	15.912	9.5717	6.9855	
1175	18.101	13.85	13.327	15.911	9.5671	6.9893	
1176	18.095	13.841	13.316	15.909	9.5553	6.9753	
1177	18.09	13.832	13.305	15.913	9.5548	6.9734	
1178	18.084	13.823	13.294	15.902	9.5491	6.9642	
1179	18.078	13.814	13.283	15.902	9.5544	6.9693	
1180	18.073	13.805	13.273	15.901	9.5467	6.9584	
1181	18.067	13.796	13.262	15.901	9.5467	6.9598	
1182	18.062	13.788	13.251	15.894	9.5385	6.9547	
1183	18.056	13.779	13.241	15.897	9.537	6.95	
1184	18.05	13.77	13.23	15.892	9.532	6.9421	
1185	18.045	13.761	13.219	15.883	9.531	6.946	
1186	18.039	13.752	13.209	15.885	9.5219	6.9289	
1187	18.034	13.743	13.198	15.884	9.5224	6.9354	
1188	18.028	13.735	13.188	15.877	9.523	6.9241	
1189	18.023	13.726	13.177	15.882	9.5084	6.9071	
1190	18.017	13.717	13.167	15.876	9.5137	6.9197	
1191	18.012	13.709	13.156	15.87	9.5099	6.9094	
1192	18.006	13.7	13.145	15.871	9.4961	6.8957	
1193	18.001	13.691	13.135	15.868	9.4961	6.8932	
1194	17.995	13.682	13.125	15.862	9.5027	6.9035	
1195	17.99	13.674	13.114	15.874	9.474	6.8908	
1196	17.985	13.665	13.104	15.86	9.4905	6.8699	
1197	17.979	13.657	13.093	15.862	9.4762	6.8911	
1198	17.974	13.648	13.083	15.852	9.4631	6.8864	
1199	17.968	13.639	13.072	15.851	9.477	6.8633	
1200	17.963	13.631	13.062	15.858	9.4625	6.8505	
1201	17.958	13.622	13.052	15.861	9.4796	6.8706	
1202	17.952	13.614	13.041	15.841	9.4636	6.8566	
1203	17.947	13.605	13.031	15.848	9.4582	6.8337	
1204	17.942	13.597	13.021	15.851	9.4464	6.8183	
1205	17.936	13.588	13.01	15.832	9.4472	6.8323	
1206	17.931	13.58	13	15.836	9.466	6.8321	
1207	17.926	13.571	12.99	15.846	9.4633	6.8204	
1208	17.921	13.563	12.98	15.832	9.4402	6.8124	
1209	17.915	13.555	12.97	15.836	9.4279	6.8174	
1210	17.91	13.546	12.959	15.829	9.4198	6.7981	
1211	17.905	13.538	12.949	15.824	9.4014	6.7811	
1212	17.9	13.529	12.939	15.822	9.4159	6.7865	
1213	17.894	13.521	12.929	15.831	9.4125	6.7945	
1214	17.889	13.513	12.919	15.818	9.422	6.771	
1215	17.884	13.504	12.909	15.827	9.4065	6.7776	
1216	17.879	13.496	12.899	15.816	9.3902	6.7962	
1217	17.874	13.488	12.888	15.82	9.3945	6.7799	
1218	17.869	13.479	12.878	15.792	9.3676	6.7812	
1219	17.863	13.471	12.868	15.814	9.3787	6.7488	
1220	17.858	13.463	12.858	15.812	9.3724	6.7566	
1221	17.853	13.455	12.848	15.792	9.3678	6.7577	
1222	17.848	13.446	12.838	15.806	9.4041	6.7482	
1223	17.843	13.438	12.828	15.808	9.3612	6.7497	
1224	17.838	13.43	12.818	15.802	9.3661	6.7322	
1225	17.833	13.422	12.809	15.793	9.3623	6.7376	
1226	17.828	13.414	12.799	15.803	9.3763	6.7294	
1227	17.823	13.406	12.789	15.81	9.3589	6.7325	
1228	17.818	13.397	12.779	15.774	9.3448	6.7237	
1229	17.813	13.389	12.769	15.767	9.3236	6.7278	
1230	17.808	13.381	12.759	15.774	9.3573	6.7086	
1231	17.803	13.373	12.749	15.796	9.3605	6.676	
1232	17.798	13.365	12.739	15.789	9.3331	6.7336	
1233	17.793	13.357	12.73	15.803	9.3612	6.6865	
1234	17.788	13.349	12.72	15.779	9.3636	6.7088	
1235	17.783	13.341	12.71	15.762	9.3504	6.6856	
1236	17.778	13.333	12.7	15.776	9.3508	6.7156	
1237	17.773	13.325	12.69	15.771	9.3581	6.6932	
1238	17.768	13.317	12.681	15.803	9.3178	6.7029	
1239	17.763	13.309	12.671	15.735	9.3726	6.7182	
1240	17.758	13.301	12.661	15.732	9.2717	6.6779	
1241	17.753	13.293	12.652	15.745	9.341	6.6356	
1242	17.748	13.285	12.642	15.735	9.3044	6.6996	
1243	17.744	13.277	12.632	15.764	9.3127	6.761	
1244	17.739	13.27	12.623	15.782	9.3076	6.6586	
1245	17.734	13.262	12.613	15.721	9.362	6.5928	
1246	17.729	13.254	12.603	15.748	9.298	6.6041	
1247	17.724	13.246	12.594	15.731	9.2333	6.6094	
1248	17.719	13.238	12.584	15.743	9.2731	6.5843	
1249	17.715	13.23	12.575	15.775	9.2931	6.6536	
1250	17.71	13.223	12.565	15.753	9.3398	6.5861	
1251	17.705	13.215	12.556	15.739	9.2561	6.6486	
1252	17.7	13.207	12.546	15.709	9.2021	6.5795	
1253	17.695	13.199	12.537	15.708	9.3079	6.5872	
1254	17.691	13.191	12.527	15.716	9.2289	6.5936	
1255	17.686	13.184	12.518	15.74	9.2415	6.623	
1256	17.681	13.176	12.508	15.719	9.2629	6.5966	
1257	17.677	13.168	12.499	15.717	9.2216	6.5567	
1258	17.672	13.161	12.489	15.725	9.2458	6.548	
1259	17.667	13.153	12.48	15.694	9.2312	6.5771	
1260	17.662	13.145	12.471	15.709	9.2387	6.553	
1261	17.658	13.138	12.461	15.706	9.2178	6.5473	
1262	17.653	13.13	12.452	15.689	9.2162	6.5425	
1263	17.648	13.122	12.443	15.706	9.2186	6.5313	
1264	17.644	13.115	12.433	15.682	9.2026	6.5444	
1265	17.639	13.107	12.424	15.708	9.2245	6.5324	
1266	17.634	13.1	12.415	15.696	9.2306	6.5176	
1267	17.63	13.092	12.405	15.709	9.2023	6.5414	
1268	17.625	13.085	12.396	15.714	9.2095	6.5453	
1269	17.621	13.077	12.387	15.701	9.2186	6.5538	
1270	17.616	13.07	12.378	15.696	9.198	6.5367	
1271	17.611	13.062	12.368	15.683	9.2039	6.5136	
1272	17.607	13.055	12.359	15.688	9.2189	6.5472	
1273	17.602	13.047	12.35	15.705	9.2243	6.5247	
1274	17.598	13.04	12.341	15.701	9.2005	6.5306	
1275	17.593	13.032	12.332	15.686	9.1823	6.4939	
1276	17.589	13.025	12.322	15.699	9.2087	6.5205	
1277	17.584	13.017	12.313	15.663	9.1993	6.5191	
1278	17.58	13.01	12.304	15.665	9.1892	6.5112	
1279	17.575	13.002	12.295	15.681	9.1589	6.4593	
1280	17.571	12.995	12.286	15.675	9.156	6.4798	
1281	17.566	12.988	12.277	15.682	9.1567	6.4748	
1282	17.562	12.98	12.268	15.676	9.169	6.4949	
1283	17.557	12.973	12.259	15.656	9.1537	6.4527	
1284	17.553	12.966	12.25	15.632	9.1916	6.4591	
1285	17.548	12.958	12.241	15.644	9.1608	6.4782	
1286	17.544	12.951	12.232	15.669	9.1557	6.4463	
1287	17.54	12.944	12.223	15.652	9.1412	6.4697	
1288	17.535	12.936	12.214	15.663	9.1606	6.4591	
1289	17.531	12.929	12.205	15.652	9.1422	6.4344	
1290	17.526	12.922	12.196	15.657	9.1551	6.4376	
1291	17.522	12.915	12.187	15.64	9.1345	6.4164	
1292	17.518	12.907	12.178	15.656	9.1345	6.4736	
1293	17.513	12.9	12.169	15.647	9.1239	6.4379	
1294	17.509	12.893	12.16	15.668	9.1578	6.4281	
1295	17.504	12.886	12.151	15.646	9.1369	6.3954	
1296	17.5	12.879	12.143	15.653	9.1292	6.3926	
1297	17.496	12.872	12.134	15.651	9.0942	6.4387	
1298	17.491	12.864	12.125	15.631	9.1357	6.4042	
1299	17.487	12.857	12.116	15.641	9.0837	6.373	
1300	17.483	12.85	12.107	15.624	9.1037	6.3995	
1301	17.479	12.843	12.098	15.641	9.126	6.3705	
1302	17.474	12.836	12.09	15.611	9.0799	6.4187	
1303	17.47	12.829	12.081	15.637	9.1245	6.3851	
1304	17.466	12.822	12.072	15.648	9.1135	6.3952	
1305	17.461	12.815	12.063	15.652	9.0861	6.3467	
1306	17.457	12.808	12.055	15.629	9.1235	6.3831	
1307	17.453	12.801	12.046	15.62	9.108	6.3954	
1308	17.449	12.794	12.037	15.613	9.0891	6.388	
1309	17.445	12.787	12.029	15.62	9.0991	6.3783	
1310	17.44	12.78	12.02	15.612	9.0767	6.3653	
1311	17.436	12.773	12.011	15.62	9.0461	6.3913	
1312	17.432	12.766	12.003	15.608	9.0606	6.3221	
1313	17.428	12.759	11.994	15.613	9.0866	6.3847	
1314	17.424	12.752	11.985	15.607	9.0596	6.3495	
1315	17.419	12.745	11.977	15.602	9.0327	6.3262	
1316	17.415	12.738	11.968	15.629	8.9941	6.3194	
1317	17.411	12.731	11.96	15.605	9.0557	6.3822	
1318	17.407	12.724	11.951	15.589	9.0545	6.3601	
1319	17.403	12.717	11.942	15.631	9.0479	6.354	
1320	17.399	12.71	11.934	15.574	9.0367	6.3584	
1321	17.395	12.703	11.925	15.612	9.0226	6.3347	
1322	17.39	12.697	11.917	15.601	8.9983	6.2378	
1323	17.386	12.69	11.908	15.554	9.0135	6.278	
1324	17.382	12.683	11.9	15.608	9.0519	6.2872	
1325	17.378	12.676	11.891	15.621	8.9865	6.3038	
1326	17.374	12.669	11.883	15.629	8.988	6.2721	
1327	17.37	12.662	11.874	15.6	9.0561	6.2622	
1328	17.366	12.656	11.866	15.561	8.9618	6.3632	
1329	17.362	12.649	11.858	15.563	8.9748	6.2771	
1330	17.358	12.642	11.849	15.621	9.0407	6.2531	
1331	17.354	12.635	11.841	15.566	9.0607	6.3246	
1332	17.35	12.629	11.832	15.561	8.9719	6.418	
1333	17.346	12.622	11.824	15.578	9.0236	6.2824	
1334	17.342	12.615	11.816	15.6	8.9906	6.2743	
1335	17.338	12.608	11.807	15.55	9.0051	6.153	
1336	17.334	12.602	11.799	15.537	9.0374	6.3185	
1337	17.33	12.595	11.791	15.618	8.9803	6.1591	
1338	17.326	12.588	11.782	15.535	9.048	6.2468	
1339	17.322	12.582	11.774	15.561	9.032	6.2708	
1340	17.318	12.575	11.766	15.593	9.0077	6.1586	
1341	17.314	12.569	11.758	15.666	8.8259	6.2786	
1342	17.31	12.562	11.749	15.575	8.9248	6.4947	
1343	17.306	12.555	11.741	15.64	9.0003	6.4568	
1344	17.302	12.549	11.733	15.52	9.0383	6.2736	
1345	17.298	12.542	11.725	15.567	9.1261	6.2256	
1346	17.294	12.536	11.716	15.405	8.8527	6.0078	
1347	17.29	12.529	11.708	15.559	9.1196	5.8337	
1348	17.286	12.522	11.7	15.504	9.1334	6.1728	
1349	17.283	12.516	11.692	15.419	9.278	6.2167	
1350	17.279	12.509	11.684	15.265	9.0644	6.2217	
1351	17.275	12.503	11.676	15.503	8.9301	5.9253	
1352	17.271	12.496	11.667	15.455	8.8241	6.3825	
1353	17.267	12.49	11.659	15.547	8.3823	6.2501	
1354	17.263	12.483	11.651	15.469	9.3073	6.3855	
1355	17.26	12.477	11.643	15.712	8.773	5.6078	
1356	17.256	12.47	11.635	15.648	9.1567	6.0752	
1357	17.252	12.464	11.627	15.444	9.0441	6.2724	
1358	17.248	12.458	11.619	16.248	9.371	6.3795	
1359	17.244	12.451	11.611	16.262	8.6908	6.918	
1426	17.006	12.044	11.098	15.655	9.2987	6.337	
1427	17.002	12.038	11.091	15.544	8.6458	6.0444	
1428	16.999	12.033	11.083	15.394	8.841	5.6434	
1429	16.996	12.027	11.076	15.638	8.6618	5.8162	
1430	16.993	12.021	11.069	15.645	8.8034	5.8313	
1431	16.989	12.016	11.062	15.324	8.9254	6.1083	
1432	16.986	12.01	11.054	15.558	8.5618	5.8907	
1433	16.983	12.004	11.047	15.35	8.5981	5.8503	
1434	16.979	11.999	11.04	15.504	8.9164	6.1849	
1435	16.976	11.993	11.033	15.523	8.856	5.7635	
1436	16.973	11.987	11.026	15.531	8.646	5.9371	
1437	16.97	11.982	11.018	15.437	8.9074	5.8618	
1438	16.966	11.976	11.011	15.329	8.6594	5.9473	
1439	16.963	11.97	11.004	15.448	8.7878	5.9026	
1440	16.96	11.965	10.997	15.332	8.7869	5.8234	
1441	16.957	11.959	10.99	15.418	8.6815	6.0523	
1442	16.953	11.954	10.983	15.471	8.6178	5.804	
1443	16.95	11.948	10.975	15.352	8.745	5.9607	
1444	16.947	11.942	10.968	15.461	8.7728	5.754	
1445	16.944	11.937	10.961	15.33	8.7337	5.8418	
1446	16.941	11.931	10.954	15.463	8.6349	5.8148	
1447	16.937	11.926	10.947	15.435	8.7027	5.7187	
1448	16.934	11.92	10.94	15.418	8.6759	5.8657	
1449	16.931	11.915	10.933	15.369	8.7286	5.8616	
1450	16.928	11.909	10.926	15.389	8.7223	5.7667	
1451	16.925	11.904	10.919	15.439	8.6835	5.8613	
1452	16.921	11.898	10.912	15.461	8.7416	5.9121	
1453	16.918	11.893	10.905	15.432	8.7434	5.9344	
1454	16.915	11.887	10.898	15.347	8.6775	5.7013	
1455	16.912	11.882	10.891	15.416	8.7501	5.778	
1456	16.909	11.876	10.884	15.442	8.7139	5.8162	
1457	16.906	11.871	10.877	15.384	8.5911	5.8161	
1458	16.903	11.865	10.87	15.382	8.7003	5.8269	
1459	16.899	11.86	10.863	15.364	8.5653	5.7475	
1460	16.896	11.854	10.856	15.406	8.6329	5.8577	
1461	16.893	11.849	10.849	15.425	8.6263	5.8131	
1462	16.89	11.844	10.842	15.392	8.6402	5.8205	
1463	16.887	11.838	10.835	15.378	8.6426	5.7707	
1464	16.884	11.833	10.828	15.356	8.6674	5.7556	
1465	16.881	11.827	10.821	15.367	8.7009	5.7782	
1466	16.878	11.822	10.814	15.362	8.5979	5.8152	
1467	16.875	11.817	10.808	15.382	8.6242	5.8072	
1468	16.872	11.811	10.801	15.351	8.6378	5.7845	
1469	16.869	11.806	10.794	15.375	8.6157	5.7777	
1470	16.865	11.801	10.787	15.368	8.6027	5.7829	
1471	16.862	11.795	10.78	15.371	8.6274	5.7814	
1472	16.859	11.79	10.773	15.372	8.6286	5.7604	
1473	16.856	11.785	10.767	15.361	8.64	5.7729	
1474	16.853	11.779	10.76	15.364	8.6233	5.7729	
1475	16.85	11.774	10.753	15.367	8.6216	5.7631	
1476	16.847	11.769	10.746	15.361	8.6167	5.7547	
1477	16.844	11.763	10.739	15.367	8.6407	5.7684	
1478	16.841	11.758	10.733	15.372	8.6251	5.7501	
1479	16.838	11.753	10.726	15.364	8.6199	5.7574	
1480	16.835	11.748	10.719	15.365	8.6238	5.7479	
1481	16.832	11.742	10.712	15.366	8.6113	5.7261	
1482	16.829	11.737	10.706	15.361	8.6283	5.7517	
1483	16.826	11.732	10.699	15.362	8.62	5.7472	
1484	16.823	11.727	10.692	15.378	8.6195	5.7384	
1485	16.82	11.721	10.685	15.355	8.6304	5.737	
1486	16.817	11.716	10.679	15.356	8.5946	5.6973	
1487	16.814	11.711	10.672	15.348	8.6228	5.7008	
1488	16.811	11.706	10.665	15.36	8.6145	5.7232	
1489	16.808	11.701	10.659	15.361	8.6151	5.7038	
1490	16.805	11.695	10.652	15.362	8.5895	5.747	
1491	16.802	11.69	10.645	15.345	8.6053	5.698	
1492	16.8	11.685	10.639	15.351	8.5961	5.7165	
1493	16.797	11.68	10.632	15.341	8.5614	5.7088	
1494	16.794	11.675	10.625	15.341	8.5719	5.697	
1495	16.791	11.67	10.619	15.332	8.5697	5.6877	
1496	16.788	11.664	10.612	15.36	8.6007	5.7053	
1497	16.785	11.659	10.606	15.331	8.5842	5.694	
1498	16.782	11.654	10.599	15.364	8.5808	5.6957	
1499	16.779	11.649	10.592	15.346	8.5729	5.7135	
1500	16.776	11.644	10.586	15.338	8.5688	5.6944	
1501	16.773	11.639	10.579	15.324	8.5615	5.6481	
1502	16.771	11.634	10.573	15.341	8.5663	5.6767	
1503	16.768	11.629	10.566	15.337	8.5858	5.6658	
1504	16.765	11.624	10.56	15.331	8.5525	5.6375	
1505	16.762	11.619	10.553	15.336	8.5556	5.6753	
1506	16.759	11.614	10.547	15.327	8.5511	5.6423	
1507	16.756	11.609	10.54	15.311	8.5398	5.6658	
1508	16.753	11.603	10.534	15.308	8.5416	5.6703	
1509	16.75	11.598	10.527	15.345	8.5427	5.6533	
1510	16.748	11.593	10.521	15.333	8.5601	5.6374	
1511	16.745	11.588	10.514	15.339	8.555	5.6471	
1512	16.742	11.583	10.508	15.33	8.5822	5.6517	
1513	16.739	11.578	10.501	15.364	8.5032	5.6648	
1514	16.736	11.573	10.495	15.322	8.5396	5.6835	
1515	16.734	11.568	10.488	15.295	8.5603	5.6483	
1516	16.731	11.563	10.482	15.318	8.5056	5.6522	
1517	16.728	11.558	10.475	15.315	8.5658	5.6102	
1518	16.725	11.554	10.469	15.295	8.5482	5.6359	
1519	16.722	11.549	10.463	15.297	8.5464	5.6432	
1520	16.72	11.544	10.456	15.291	8.534	5.6375	
1521	16.717	11.539	10.45	15.314	8.4871	5.5673	
1522	16.714	11.534	10.443	15.294	8.5187	5.5965	
1523	16.711	11.529	10.437	15.298	8.5355	5.6022	
1524	16.708	11.524	10.431	15.33	8.5488	5.6586	
1525	16.706	11.519	10.424	15.314	8.5414	5.6269	
1526	16.703	11.514	10.418	15.292	8.5151	5.6013	
1527	16.7	11.509	10.412	15.3	8.528	5.6024	
1528	16.697	11.504	10.405	15.288	8.5465	5.6141	
1529	16.695	11.499	10.399	15.293	8.4942	5.5902	
1530	16.692	11.495	10.393	15.303	8.5058	5.6026	
1531	16.689	11.49	10.386	15.28	8.4914	5.604	
1532	16.686	11.485	10.38	15.308	8.4916	5.603	
1533	16.684	11.48	10.374	15.284	8.4702	5.5967	
1534	16.681	11.475	10.367	15.305	8.4793	5.6376	
1535	16.678	11.47	10.361	15.298	8.4926	5.5712	
1536	16.676	11.466	10.355	15.276	8.4891	5.5791	
1537	16.673	11.461	10.349	15.283	8.4941	5.5846	
1538	16.67	11.456	10.342	15.277	8.5252	5.5789	
1539	16.668	11.451	10.336	15.294	8.4816	5.577	
1540	16.665	11.446	10.33	15.287	8.4628	5.578	
1541	16.662	11.442	10.324	15.275	8.4525	5.5494	
1542	16.66	11.437	10.318	15.281	8.4651	5.5754	
1543	16.657	11.432	10.311	15.279	8.4722	5.544	
1544	16.654	11.427	10.305	15.282	8.4897	5.5788	
1545	16.651	11.423	10.299	15.263	8.493	5.5536	
1546	16.649	11.418	10.293	15.278	8.4662	5.5539	
1547	16.646	11.413	10.287	15.274	8.4734	5.5453	
1548	16.644	11.408	10.28	15.277	8.4642	5.5399	
1549	16.641	11.404	10.274	15.277	8.4838	5.5347	
1550	16.638	11.399	10.268	15.282	8.4621	5.5433	
1551	16.636	11.394	10.262	15.26	8.4848	5.5405	
1552	16.633	11.389	10.256	15.272	8.4641	5.5476	
1553	16.63	11.385	10.25	15.253	8.4528	5.5522	
1554	16.628	11.38	10.244	15.262	8.4672	5.5335	
1555	16.625	11.375	10.238	15.281	8.442	5.52	
1556	16.623	11.371	10.231	15.259	8.4567	5.5561	
1557	16.62	11.366	10.225	15.253	8.4481	5.5181	
1558	16.617	11.361	10.219	15.256	8.4504	5.5207	
1559	16.615	11.357	10.213	15.276	8.4324	5.4932	
1560	16.612	11.352	10.207	15.271	8.4614	5.517	
1561	16.61	11.347	10.201	15.28	8.463	5.5073	
1562	16.607	11.343	10.195	15.286	8.4263	5.5184	
1563	16.604	11.338	10.189	15.246	8.4494	5.5213	
1564	16.602	11.334	10.183	15.253	8.4738	5.4959	
1565	16.599	11.329	10.177	15.26	8.475	5.4892	
1566	16.597	11.324	10.171	15.25	8.4211	5.471	
1567	16.594	11.32	10.165	15.272	8.4036	5.5013	
1568	16.592	11.315	10.159	15.254	8.4459	5.5132	
1569	16.589	11.311	10.153	15.273	8.4673	5.5183	
1570	16.586	11.306	10.147	15.258	8.4541	5.5109	
1571	16.584	11.301	10.141	15.251	8.43	5.5032	
1572	16.581	11.297	10.135	15.247	8.4216	5.516	
1573	16.579	11.292	10.129	15.253	8.4038	5.4898	
1574	16.576	11.288	10.123	15.271	8.4254	5.4739	
1575	16.574	11.283	10.117	15.231	8.4078	5.4942	
1576	16.571	11.279	10.111	15.249	8.3978	5.4296	
1577	16.569	11.274	10.105	15.217	8.3749	5.4756	
1578	16.566	11.27	10.099	15.237	8.4288	5.4607	
1579	16.564	11.265	10.093	15.228	8.4205	5.4795	
1580	16.561	11.261	10.088	15.239	8.3869	5.4487	
1581	16.559	11.256	10.082	15.234	8.4189	5.4105	
1582	16.556	11.252	10.076	15.257	8.4008	5.48	
1583	16.554	11.247	10.07	15.226	8.4345	5.4544	
1584	16.551	11.243	10.064	15.259	8.3606	5.4227	
1585	16.549	11.238	10.058	15.244	8.4289	5.4566	
1586	16.546	11.234	10.052	15.233	8.3734	5.502	
1587	16.544	11.229	10.046	15.238	8.4237	5.4611	
1588	16.541	11.225	10.041	15.245	8.3774	5.3926	
1589	16.539	11.22	10.035	15.215	8.3875	5.4566	
1590	16.536	11.216	10.029	15.228	8.3519	5.4219	
1591	16.534	11.211	10.023	15.219	8.3652	5.442	
1592	16.532	11.207	10.017	15.22	8.4063	5.4059	
1593	16.529	11.203	10.011	15.242	8.3902	5.4055	
1594	16.527	11.198	10.006	15.227	8.3533	5.4718	
1595	16.524	11.194	9.9998	15.251	8.3693	5.388	
1596	16.522	11.189	9.994	15.218	8.396	5.4089	
1597	16.519	11.185	9.9882	15.224	8.3787	5.4234	
1598	16.517	11.181	9.9825	15.233	8.3674	5.3693	
1599	16.515	11.176	9.9767	15.229	8.3583	5.4027	
1600	16.512	11.172	9.9709	15.215	8.372	5.3582	
1601	16.51	11.168	9.9652	15.245	8.3609	5.4297	
1602	16.507	11.163	9.9595	15.238	8.3485	5.3855	
1603	16.505	11.159	9.9537	15.243	8.3307	5.3756	
1604	16.503	11.154	9.948	15.231	8.3665	5.3766	
1605	16.5	11.15	9.9423	15.219	8.355	5.4195	
1606	16.498	11.146	9.9366	15.218	8.3515	5.381	
1607	16.495	11.141	9.9309	15.236	8.3546	5.3807	
1608	16.493	11.137	9.9252	15.198	8.3743	5.3834	
1609	16.491	11.133	9.9195	15.209	8.3542	5.3865	
1610	16.488	11.128	9.9138	15.217	8.3669	5.3679	
1611	16.486	11.124	9.9081	15.223	8.3448	5.3933	
1612	16.483	11.12	9.9024	15.243	8.3307	5.3638	
1613	16.481	11.116	9.8968	15.178	8.3644	5.3728	
1614	16.479	11.111	9.8911	15.202	8.361	5.4227	
1615	16.476	11.107	9.8855	15.227	8.3397	5.3958	
1616	16.474	11.103	9.8798	15.22	8.3127	5.3666	
1617	16.472	11.099	9.8742	15.246	8.3553	5.3936	
1618	16.469	11.094	9.8686	15.226	8.3236	5.3726	
1619	16.467	11.09	9.863	15.199	8.3466	5.3731	
1620	16.465	11.086	9.8574	15.181	8.3603	5.3781	
1621	16.462	11.082	9.8518	15.208	8.3253	5.3494	
1622	16.46	11.077	9.8462	15.178	8.3112	5.3902	
1623	16.458	11.073	9.8406	15.171	8.3181	5.3343	
1624	16.455	11.069	9.835	15.213	8.3478	5.3601	
1625	16.453	11.065	9.8294	15.221	8.3268	5.3138	
1626	16.451	11.06	9.8238	15.189	8.3195	5.3457	
1627	16.449	11.056	9.8183	15.194	8.2845	5.3273	
1628	16.446	11.052	9.8127	15.187	8.3499	5.3401	
1629	16.444	11.048	9.8072	15.19	8.342	5.3735	
1630	16.442	11.044	9.8016	15.179	8.3391	5.3371	
1631	16.439	11.039	9.7961	15.173	8.3154	5.3855	
1632	16.437	11.035	9.7906	15.186	8.35	5.3166	
1633	16.435	11.031	9.7851	15.203	8.3497	5.3381	
1634	16.433	11.027	9.7795	15.171	8.297	5.3258	
1635	16.43	11.023	9.774	15.194	8.3312	5.3287	
1636	16.428	11.019	9.7685	15.188	8.3212	5.3036	
1637	16.426	11.015	9.7631	15.199	8.3059	5.3668	
1638	16.424	11.01	9.7576	15.222	8.2801	5.3259	
1639	16.421	11.006	9.7521	15.182	8.3194	5.2974	
1640	16.419	11.002	9.7466	15.173	8.2818	5.3281	
1641	16.417	10.998	9.7412	15.175	8.354	5.2891	
1642	16.415	10.994	9.7357	15.205	8.2703	5.335	
1643	16.412	10.99	9.7303	15.19	8.3112	5.2849	
1644	16.41	10.986	9.7248	15.187	8.2906	5.3078	
1645	16.408	10.982	9.7194	15.188	8.2927	5.329	
1646	16.406	10.978	9.7139	15.208	8.31	5.2496	
1647	16.403	10.973	9.7085	15.15	8.3281	5.3322	
1648	16.401	10.969	9.7031	15.196	8.214	5.2562	
1649	16.399	10.965	9.6977	15.203	8.3041	5.32	
1650	16.397	10.961	9.6923	15.183	8.3097	5.3172	
1651	16.394	10.957	9.6869	15.183	8.2823	5.2789	
1652	16.392	10.953	9.6815	15.167	8.2903	5.2806	
1653	16.39	10.949	9.6761	15.222	8.273	5.3132	
1654	16.388	10.945	9.6708	15.187	8.2721	5.3	
1655	16.386	10.941	9.6654	15.181	8.3124	5.2674	
1656	16.383	10.937	9.66	15.178	8.2858	5.2886	
1657	16.381	10.933	9.6547	15.182	8.2736	5.2715	
1658	16.379	10.929	9.6493	15.168	8.2909	5.2684	
1659	16.377	10.925	9.644	15.198	8.2389	5.2994	
1660	16.375	10.921	9.6386	15.134	8.2013	5.3163	
1661	16.373	10.917	9.6333	15.18	8.22	5.277	
1662	16.37	10.913	9.628	15.141	8.2754	5.2561	
1663	16.368	10.909	9.6227	15.16	8.3068	5.3083	
1664	16.366	10.905	9.6174	15.139	8.2076	5.1903	
1665	16.364	10.901	9.6121	15.134	8.2768	5.2901	
1666	16.362	10.897	9.6068	15.203	8.2376	5.2267	
1667	16.36	10.893	9.6015	15.116	8.178	5.2636	
1668	16.358	10.889	9.5962	15.094	8.2587	5.2816	
1669	16.355	10.885	9.5909	15.177	8.2221	5.1642	
1670	16.353	10.881	9.5857	15.177	8.3188	5.28	
1671	16.351	10.877	9.5804	15.144	8.2985	5.1962	
1672	16.349	10.873	9.5751	15.205	8.2434	5.1552	
1673	16.347	10.869	9.5699	15.194	8.2671	5.2595	
1674	16.345	10.865	9.5646	15.196	8.273	5.2443	
1675	16.343	10.862	9.5594	15.123	8.1082	5.2754	
1676	16.34	10.858	9.5542	15.177	8.2951	5.2414	
1677	16.338	10.854	9.549	15.141	8.2686	5.3115	
1678	16.336	10.85	9.5437	15.131	8.1656	5.2901	
1679	16.334	10.846	9.5385	15.153	8.2106	5.2576	
1680	16.332	10.842	9.5333	15.136	8.2649	5.3272	
1681	16.33	10.838	9.5281	15.15	8.3289	5.2473	
1682	16.328	10.834	9.5229	15.105	8.2398	5.2015	
1683	16.326	10.83	9.5177	15.132	8.2922	5.1972	
1684	16.324	10.827	9.5126	15.112	8.2552	5.3479	
1685	16.322	10.823	9.5074	15.14	8.0623	5.0309	
1686	16.319	10.819	9.5022	15.254	8.287	5.2897	
1687	16.317	10.815	9.4971	15.066	8.3556	5.4453	
1688	16.315	10.811	9.4919	15.075	8.27	5.2045	
1689	16.313	10.807	9.4868	15.151	8.2085	5.0922	
1690	16.311	10.803	9.4816	15.044	8.425	5.2279	
1691	16.309	10.8	9.4765	15.226	8.1621	5.1941	
1692	16.307	10.796	9.4714	15.228	8.4692	5.2754	
1693	16.305	10.792	9.4662	14.99	8.3545	5.5722	
1694	16.303	10.788	9.4611	14.9	8.082	5.2263	
1695	16.301	10.784	9.456	15.192	8.4939	5.4261	
1696	16.299	10.781	9.4509	15.082	8.2301	5.4347	
1697	16.297	10.777	9.4458	15.142	8.3357	5.437	
1698	16.295	10.773	9.4407	14.719	8.2576	4.9981	
1699	16.293	10.769	9.4356	14.916	8.6842	5.3629	
1700	16.291	10.765	9.4306	14.932	8.1696	5.1826	
