	65	70	75	65	70	75	
300	42.479	43.659	44.89	37.511	37.209	37.514	
301	42.66	43.902	45.169	37.295	36.907	37.453	
302	42.852	44.155	45.458	37.087	36.772	37.279	
303	43.055	44.419	45.759	37.019	36.553	37.024	
304	43.267	44.694	46.071	36.99	36.489	37.052	
305	43.49	44.98	46.394	36.884	36.423	36.867	
306	43.721	45.276	46.73	36.614	36.185	36.77	
307	43.963	45.583	47.077	36.511	36.277	36.641	
308	44.213	45.901	47.437	36.334	36.128	36.541	
309	44.473	46.229	47.809	36.365	35.959	36.377	
310	44.741	46.568	48.194	36.171	35.873	36.379	
311	45.018	46.917	48.592	36.159	35.715	36.319	
312	45.304	47.277	49.003	36.209	35.719	36.207	
313	45.598	47.648	49.428	35.89	35.526	36.139	
314	45.9	48.029	49.867	35.955	35.547	35.953	
315	46.209	48.421	50.321	35.892	35.364	35.909	
316	46.527	48.824	50.788	35.798	35.418	35.815	
317	46.853	49.237	51.271	35.661	35.298	35.754	
318	47.185	49.661	51.768	35.561	35.153	35.59	
319	47.526	50.095	52.282	35.518	35.053	35.611	
320	47.873	50.54	52.81	35.535	35.035	35.459	
321	48.227	50.995	53.355	35.427	34.977	35.375	
322	48.588	51.46	53.916	35.393	34.901	35.332	
323	48.956	51.936	54.493	35.355	34.78	35.278	
324	49.33	52.422	55.086	35.23	34.786	35.152	
325	49.709	52.918	55.696	35.241	34.578	35.091	
326	50.095	53.423	56.323	35.155	34.568	35.032	
327	50.485	53.937	56.967	35.062	34.546	34.927	
328	50.881	54.461	57.627	35.028	34.498	34.847	
329	51.281	54.993	58.304	34.999	34.432	34.774	
330	51.685	55.533	58.997	35.011	34.459	34.767	
331	52.093	56.08	59.707	34.888	34.365	34.712	
332	52.504	56.635	60.432	34.842	34.23	34.555	
333	52.918	57.195	61.174	34.885	34.182	34.577	
334	53.333	57.762	61.93	34.798	34.161	34.525	
335	53.75	58.333	62.702	34.731	34.097	34.447	
336	54.168	58.908	63.487	34.609	34.041	34.358	
337	54.585	59.486	64.286	34.687	34.006	34.353	
338	55.002	60.065	65.097	34.632	33.962	34.303	
339	55.416	60.645	65.92	34.529	33.832	34.23	
340	55.828	61.224	66.753	34.579	33.724	34.179	
341	56.237	61.8	67.595	34.486	33.766	34.165	
342	56.641	62.373	68.444	34.466	33.725	34.1	
343	57.039	62.939	69.298	34.549	33.733	34.023	
344	57.431	63.498	70.155	34.521	33.702	33.95	
345	57.815	64.047	71.012	34.424	33.661	33.933	
346	58.189	64.583	71.866	34.455	33.622	33.892	
347	58.552	65.104	72.712	34.458	33.593	33.865	
348	58.903	65.608	73.546	34.377	33.616	33.812	
349	59.24	66.09	74.362	34.389	33.625	33.81	
350	59.562	66.547	75.152	34.388	33.625	33.767	
351	59.865	66.976	75.908	34.35	33.524	33.743	
352	60.149	67.373	76.619	34.396	33.574	33.8	
353	60.412	67.733	77.274	34.351	33.52	33.614	
354	60.652	68.054	77.857	34.458	33.583	33.722	
355	60.868	68.331	78.354	34.599	33.444	33.575	
356	61.059	68.561	78.745	34.579	33.535	33.58	
357	61.225	68.743	79.015	34.514	33.694	33.653	
358	61.366	68.876	79.146	34.45	33.599	33.561	
359	61.486	68.959	79.128	34.557	33.626	33.604	
360	61.588	68.996	78.955	34.568	33.602	33.533	
361	61.673	68.988	78.63	34.519	33.534	33.614	
362	61.747	68.941	78.164	34.468	33.471	33.318	
363	61.813	68.857	77.575	34.502	33.373	33.27	
364	61.874	68.742	76.885	34.485	33.406	33.141	
365	61.932	68.599	76.116	34.48	33.239	33.257	
366	61.988	68.431	75.292	34.43	33.18	32.916	
367	62.042	68.241	74.434	34.217	33.026	32.627	
368	62.094	68.032	73.559	34.2	33.006	32.484	
369	62.145	67.811	72.687	34.034	32.568	32.257	
370	62.193	67.578	71.829	33.841	32.395	31.955	
371	62.233	67.329	70.99	33.737	32.227	31.762	
372	62.263	67.066	70.173	33.555	32.089	31.437	
373	62.28	66.789	69.381	33.39	31.779	31.262	
374	62.282	66.499	68.617	33.076	31.523	30.992	
375	62.269	66.197	67.88	32.972	31.289	30.557	
376	62.239	65.883	67.17	32.744	31.026	30.281	
377	62.193	65.56	66.487	32.512	30.758	29.935	
378	62.13	65.228	65.831	32.361	30.452	29.755	
379	62.051	64.891	65.202	32.152	30.302	29.525	
380	61.956	64.547	64.594	31.847	30.094	29.22	
381	61.843	64.196	64.007	31.78	29.805	28.874	
382	61.716	63.84	63.44	31.618	29.702	28.718	
383	61.574	63.48	62.892	31.407	29.37	28.494	
384	61.419	63.119	62.361	31.178	29.194	28.195	
385	61.253	62.757	61.85	31.074	29.021	28.069	
386	61.075	62.395	61.357	30.864	28.789	27.848	
387	60.887	62.033	60.879	30.652	28.633	27.637	
388	60.689	61.672	60.415	30.583	28.41	27.476	
389	60.482	61.312	59.965	30.461	28.307	27.256	
390	60.268	60.954	59.529	30.26	28.108	27.05	
391	60.046	60.598	59.107	30.191	27.915	26.895	
392	59.817	60.245	58.696	29.981	27.735	26.665	
393	59.583	59.894	58.297	29.878	27.587	26.582	
394	59.343	59.546	57.908	29.682	27.397	26.4	
395	59.098	59.2	57.529	29.63	27.355	26.298	
396	58.848	58.858	57.159	29.422	27.142	26.077	
397	58.594	58.518	56.799	29.335	27.036	25.925	
398	58.337	58.181	56.447	29.275	26.882	25.776	
399	58.077	57.847	56.102	29.093	26.69	25.637	
400	57.814	57.516	55.765	29.072	26.6	25.423	
401	57.548	57.188	55.435	28.922	26.451	25.337	
402	57.281	56.863	55.112	28.768	26.379	25.181	
403	57.012	56.542	54.796	28.682	26.196	25.041	
404	56.742	56.224	54.485	28.573	26.143	24.894	
405	56.471	55.909	54.181	28.511	25.929	24.83	
406	56.199	55.597	53.882	28.418	25.831	24.647	
407	55.928	55.289	53.589	28.306	25.691	24.585	
408	55.656	54.984	53.301	28.204	25.67	24.441	
409	55.385	54.683	53.019	28.091	25.533	24.21	
410	55.114	54.385	52.742	28.031	25.423	24.179	
411	54.845	54.091	52.47	27.868	25.362	24.088	
412	54.576	53.801	52.202	27.819	25.199	23.977	
413	54.309	53.515	51.94	27.751	25.068	23.815	
414	54.043	53.232	51.682	27.647	25.046	23.779	
415	53.779	52.953	51.429	27.567	24.906	23.666	
416	53.517	52.678	51.18	27.436	24.81	23.564	
417	53.257	52.406	50.936	27.395	24.667	23.442	
418	52.998	52.139	50.697	27.242	24.576	23.314	
419	52.742	51.875	50.461	27.24	24.539	23.278	
420	52.488	51.614	50.229	27.177	24.391	23.051	
421	52.236	51.358	50.002	26.993	24.277	23.05	
422	51.986	51.104	49.778	27.016	24.164	22.99	
423	51.739	50.855	49.558	26.934	24.088	22.879	
424	51.494	50.609	49.342	26.867	24.049	22.714	
425	51.252	50.366	49.13	26.755	23.89	22.644	
426	51.012	50.127	48.921	26.651	23.86	22.58	
427	50.774	49.891	48.715	26.553	23.755	22.538	
428	50.539	49.659	48.513	26.479	23.663	22.372	
429	50.306	49.43	48.314	26.519	23.569	22.282	
430	50.076	49.204	48.118	26.369	23.426	22.284	
431	49.849	48.981	47.926	26.264	23.503	22.162	
432	49.624	48.761	47.736	26.276	23.311	21.984	
433	49.401	48.545	47.55	26.141	23.339	21.941	
434	49.181	48.331	47.366	26.086	23.175	21.795	
435	48.963	48.12	47.185	26.006	23.033	21.804	
436	48.748	47.912	47.007	25.973	22.899	21.543	
437	48.536	47.707	46.832	25.893	22.922	21.617	
438	48.325	47.505	46.659	25.872	22.893	21.469	
439	48.118	47.306	46.489	25.71	22.818	21.435	
440	47.912	47.109	46.321	25.695	22.639	21.343	
441	47.709	46.915	46.156	25.63	22.648	21.261	
442	47.508	46.724	45.993	25.588	22.648	21.104	
443	47.31	46.535	45.832	25.507	22.442	21.184	
444	47.114	46.348	45.674	25.556	22.424	20.985	
445	46.92	46.164	45.518	25.392	22.277	20.91	
446	46.728	45.982	45.364	25.234	22.293	20.863	
447	46.539	45.803	45.212	25.292	22.112	20.749	
448	46.351	45.626	45.062	25.195	22.141	20.723	
449	46.166	45.452	44.914	25.183	22.026	20.627	
450	45.983	45.279	44.768	25.118	21.916	20.654	
451	45.803	45.109	44.624	25.118	21.857	20.554	
452	45.624	44.941	44.482	25.026	21.784	20.444	
453	45.447	44.775	44.342	24.922	21.755	20.443	
454	45.272	44.61	44.204	24.835	21.684	20.273	
455	45.1	44.448	44.067	24.769	21.671	20.279	
456	44.929	44.288	43.932	24.72	21.58	20.095	
457	44.76	44.13	43.799	24.709	21.546	20.092	
458	44.594	43.974	43.667	24.66	21.441	20.062	
459	44.429	43.82	43.537	24.663	21.481	19.975	
460	44.266	43.667	43.408	24.545	21.331	19.906	
461	44.104	43.516	43.281	24.62	21.233	19.818	
462	43.945	43.367	43.156	24.431	21.183	19.772	
463	43.787	43.22	43.032	24.46	21.21	19.722	
464	43.631	43.075	42.909	24.327	21.031	19.609	
465	43.477	42.931	42.788	24.36	21.017	19.608	
466	43.325	42.788	42.668	24.267	20.954	19.454	
467	43.174	42.648	42.549	24.206	20.854	19.484	
468	43.025	42.509	42.432	24.17	20.799	19.396	
469	42.877	42.371	42.316	24.092	20.77	19.34	
470	42.731	42.235	42.202	24.061	20.699	19.193	
471	42.587	42.101	42.088	24.012	20.652	19.217	
472	42.444	41.967	41.976	23.934	20.679	19.142	
473	42.303	41.836	41.865	23.947	20.517	19.035	
474	42.163	41.706	41.755	23.908	20.509	19.076	
475	42.025	41.577	41.647	23.846	20.472	18.955	
476	41.888	41.449	41.539	23.824	20.439	18.928	
477	41.753	41.323	41.432	23.74	20.279	18.806	
478	41.619	41.198	41.327	23.684	20.28	18.775	
479	41.486	41.074	41.223	23.667	20.197	18.72	
480	41.355	40.952	41.119	23.599	20.142	18.638	
481	41.226	40.831	41.017	23.572	20.093	18.615	
482	41.097	40.711	40.916	23.495	20.1	18.561	
483	40.97	40.592	40.815	23.543	20.037	18.524	
484	40.844	40.475	40.716	23.447	19.952	18.437	
485	40.719	40.359	40.617	23.405	19.904	18.479	
486	40.596	40.243	40.52	23.388	19.787	18.36	
487	40.474	40.129	40.423	23.308	19.783	18.254	
488	40.353	40.016	40.327	23.318	19.714	18.213	
489	40.234	39.904	40.233	23.228	19.691	18.178	
490	40.115	39.793	40.138	23.239	19.606	18.185	
491	39.998	39.684	40.045	23.162	19.598	18.078	
492	39.881	39.575	39.953	23.125	19.513	18.036	
493	39.766	39.467	39.861	23.098	19.505	17.975	
494	39.652	39.36	39.77	23.049	19.475	17.976	
495	39.54	39.254	39.681	23.039	19.452	17.877	
496	39.428	39.149	39.591	22.991	19.38	17.876	
497	39.317	39.046	39.503	22.952	19.303	17.874	
498	39.207	38.942	39.415	22.922	19.281	17.787	
499	39.099	38.84	39.328	22.888	19.204	17.73	
500	38.991	38.739	39.242	22.873	19.164	17.653	
501	38.884	38.639	39.156	22.799	19.155	17.607	
502	38.779	38.539	39.071	22.748	19.072	17.553	
503	38.674	38.441	38.987	22.745	19.08	17.515	
504	38.57	38.343	38.903	22.67	18.989	17.461	
505	38.468	38.246	38.82	22.66	18.966	17.426	
506	38.366	38.15	38.738	22.59	18.9	17.357	
507	38.265	38.055	38.656	22.573	18.858	17.36	
508	38.165	37.96	38.575	22.544	18.831	17.264	
509	38.066	37.866	38.495	22.54	18.784	17.234	
510	37.967	37.773	38.415	22.464	18.744	17.185	
511	37.87	37.681	38.336	22.441	18.672	17.172	
512	37.773	37.59	38.257	22.411	18.653	17.095	
513	37.678	37.499	38.179	22.38	18.604	17.039	
514	37.583	37.409	38.101	22.329	18.581	17.008	
515	37.489	37.319	38.024	22.323	18.521	16.956	
516	37.395	37.231	37.948	22.272	18.488	16.925	
517	37.303	37.143	37.872	22.233	18.453	16.889	
518	37.211	37.055	37.797	22.213	18.429	16.8	
519	37.12	36.969	37.722	22.156	18.383	16.8	
520	37.03	36.883	37.648	22.155	18.329	16.783	
521	36.941	36.797	37.574	22.107	18.281	16.705	
522	36.852	36.713	37.5	22.082	18.236	16.682	
523	36.764	36.629	37.428	22.044	18.197	16.633	
524	36.677	36.545	37.355	22.008	18.175	16.576	
525	36.59	36.462	37.283	21.973	18.11	16.541	
526	36.504	36.38	37.212	21.948	18.101	16.479	
527	36.419	36.298	37.141	21.919	18.041	16.467	
528	36.335	36.217	37.07	21.871	18.015	16.444	
529	36.251	36.137	37	21.848	17.935	16.346	
530	36.168	36.057	36.931	21.807	17.963	16.332	
531	36.086	35.978	36.862	21.787	17.894	16.282	
532	36.004	35.899	36.793	21.792	17.872	16.249	
533	35.923	35.82	36.724	21.715	17.836	16.21	
534	35.842	35.743	36.657	21.688	17.765	16.173	
535	35.762	35.666	36.589	21.675	17.736	16.118	
536	35.683	35.589	36.522	21.642	17.728	16.071	
537	35.604	35.513	36.455	21.635	17.67	16.051	
538	35.526	35.437	36.389	21.595	17.649	16.008	
539	35.448	35.362	36.323	21.569	17.626	15.99	
540	35.371	35.287	36.258	21.55	17.587	15.938	
541	35.295	35.213	36.192	21.51	17.537	15.923	
542	35.219	35.139	36.128	21.482	17.509	15.858	
543	35.144	35.066	36.063	21.476	17.461	15.814	
544	35.069	34.993	35.999	21.431	17.422	15.773	
545	34.995	34.921	35.935	21.41	17.437	15.761	
546	34.922	34.849	35.872	21.352	17.352	15.71	
547	34.849	34.778	35.809	21.367	17.317	15.707	
548	34.776	34.707	35.747	21.329	17.285	15.648	
549	34.704	34.637	35.684	21.326	17.238	15.622	
550	34.632	34.567	35.622	21.261	17.228	15.591	
551	34.561	34.497	35.561	21.239	17.193	15.54	
552	34.491	34.428	35.499	21.241	17.157	15.508	
553	34.421	34.359	35.438	21.207	17.129	15.477	
554	34.351	34.291	35.378	21.168	17.077	15.44	
555	34.282	34.223	35.317	21.16	17.056	15.395	
556	34.214	34.155	35.257	21.131	17.016	15.362	
557	34.146	34.088	35.198	21.103	16.947	15.317	
558	34.078	34.022	35.138	21.084	16.962	15.3	
559	34.011	33.955	35.079	21.046	16.928	15.278	
560	33.945	33.889	35.02	21.019	16.886	15.228	
561	33.878	33.824	34.962	21.007	16.84	15.186	
562	33.813	33.759	34.904	21	16.812	15.184	
563	33.747	33.694	34.846	20.961	16.801	15.133	
564	33.682	33.63	34.788	20.944	16.75	15.126	
565	33.618	33.565	34.731	20.9	16.721	15.064	
566	33.554	33.502	34.674	20.879	16.684	15.074	
567	33.49	33.438	34.617	20.845	16.66	15.01	
568	33.427	33.376	34.561	20.818	16.626	14.969	
569	33.364	33.313	34.504	20.805	16.591	14.939	
570	33.302	33.251	34.448	20.791	16.566	14.891	
571	33.24	33.189	34.393	20.756	16.54	14.877	
572	33.178	33.127	34.337	20.734	16.528	14.866	
573	33.117	33.066	34.282	20.719	16.489	14.815	
574	33.056	33.005	34.227	20.685	16.473	14.755	
575	32.996	32.944	34.172	20.662	16.434	14.74	
576	32.936	32.884	34.118	20.631	16.404	14.719	
577	32.876	32.824	34.064	20.644	16.385	14.694	
578	32.817	32.765	34.01	20.618	16.331	14.681	
579	32.758	32.705	33.956	20.576	16.316	14.62	
580	32.7	32.646	33.903	20.577	16.277	14.621	
581	32.642	32.588	33.849	20.535	16.251	14.584	
582	32.584	32.529	33.796	20.524	16.22	14.522	
583	32.526	32.471	33.744	20.504	16.18	14.507	
584	32.469	32.413	33.691	20.492	16.17	14.517	
585	32.413	32.356	33.639	20.442	16.155	14.449	
586	32.356	32.299	33.587	20.431	16.123	14.417	
587	32.3	32.242	33.535	20.436	16.098	14.362	
588	32.244	32.185	33.483	20.408	16.07	14.357	
589	32.189	32.129	33.432	20.364	16.041	14.332	
590	32.134	32.073	33.381	20.345	16.005	14.287	
591	32.079	32.017	33.33	20.333	15.99	14.25	
592	32.025	31.961	33.279	20.31	15.918	14.221	
593	31.971	31.906	33.229	20.296	15.969	14.198	
594	31.917	31.851	33.178	20.283	15.892	14.209	
595	31.864	31.797	33.128	20.24	15.88	14.155	
596	31.81	31.742	33.078	20.22	15.879	14.124	
597	31.758	31.688	33.029	20.21	15.839	14.089	
598	31.705	31.634	32.979	20.202	15.8	14.07	
599	31.653	31.58	32.93	20.184	15.748	14.033	
600	31.601	31.527	32.881	20.146	15.774	14.024	
601	31.549	31.474	32.832	20.111	15.734	13.982	
602	31.498	31.421	32.783	20.089	15.676	13.946	
603	31.447	31.369	32.735	20.073	15.681	13.918	
604	31.396	31.316	32.686	20.062	15.645	13.915	
605	31.346	31.264	32.638	20.041	15.608	13.859	
606	31.296	31.212	32.59	20.03	15.616	13.815	
607	31.246	31.16	32.542	19.998	15.592	13.779	
608	31.196	31.109	32.495	20.014	15.535	13.804	
609	31.147	31.058	32.447	19.982	15.547	13.748	
610	31.098	31.007	32.4	19.959	15.505	13.733	
611	31.049	30.956	32.353	19.939	15.468	13.708	
612	31	30.906	32.306	19.937	15.48	13.705	
613	30.952	30.855	32.26	19.905	15.44	13.625	
614	30.904	30.805	32.213	19.873	15.416	13.633	
615	30.856	30.756	32.167	19.872	15.373	13.599	
616	30.809	30.706	32.121	19.848	15.366	13.567	
617	30.762	30.657	32.075	19.833	15.339	13.548	
618	30.715	30.607	32.029	19.81	15.324	13.544	
619	30.668	30.559	31.983	19.793	15.289	13.484	
620	30.621	30.51	31.938	19.769	15.26	13.464	
621	30.575	30.461	31.892	19.744	15.245	13.463	
622	30.529	30.413	31.847	19.758	15.223	13.435	
623	30.483	30.365	31.802	19.727	15.19	13.375	
624	30.438	30.317	31.757	19.705	15.17	13.372	
625	30.393	30.269	31.713	19.678	15.168	13.392	
626	30.348	30.222	31.668	19.681	15.12	13.311	
627	30.303	30.174	31.624	19.667	15.098	13.304	
628	30.258	30.127	31.579	19.638	15.06	13.283	
629	30.214	30.08	31.535	19.635	15.075	13.294	
630	30.17	30.034	31.492	19.57	15.013	13.233	
631	30.126	29.987	31.448	19.565	15.066	13.236	
632	30.082	29.941	31.404	19.575	15.011	13.141	
633	30.039	29.895	31.361	19.564	14.965	13.12	
634	29.996	29.849	31.317	19.51	14.954	13.069	
635	29.953	29.803	31.274	19.493	14.942	13.106	
636	29.91	29.758	31.231	19.49	14.951	13.106	
637	29.867	29.712	31.188	19.498	14.872	13.056	
638	29.825	29.667	31.146	19.454	14.846	13.046	
639	29.783	29.622	31.103	19.459	14.818	13.027	
640	29.741	29.577	31.061	19.425	14.799	13.018	
641	29.699	29.533	31.018	19.452	14.778	12.939	
642	29.657	29.488	30.976	19.402	14.772	12.986	
643	29.616	29.444	30.934	19.387	14.721	12.945	
644	29.575	29.4	30.892	19.404	14.727	12.899	
645	29.534	29.356	30.851	19.385	14.71	12.869	
646	29.493	29.312	30.809	19.341	14.67	12.857	
647	29.453	29.269	30.768	19.34	14.697	12.832	
648	29.412	29.225	30.726	19.298	14.644	12.833	
649	29.372	29.182	30.685	19.29	14.633	12.793	
650	29.332	29.139	30.644	19.268	14.571	12.757	
651	29.293	29.096	30.603	19.249	14.593	12.771	
652	29.253	29.053	30.562	19.245	14.544	12.718	
653	29.214	29.011	30.522	19.224	14.556	12.69	
654	29.174	28.968	30.481	19.213	14.505	12.636	
655	29.135	28.926	30.441	19.188	14.528	12.643	
656	29.096	28.884	30.401	19.173	14.551	12.655	
657	29.058	28.842	30.36	19.182	14.495	12.58	
658	29.019	28.8	30.32	19.145	14.451	12.585	
659	28.981	28.758	30.28	19.135	14.393	12.576	
660	28.943	28.717	30.241	19.131	14.406	12.557	
661	28.905	28.676	30.201	19.149	14.366	12.521	
662	28.867	28.635	30.162	19.141	14.38	12.487	
663	28.83	28.594	30.122	19.085	14.354	12.478	
664	28.792	28.553	30.083	19.067	14.358	12.46	
665	28.755	28.512	30.044	19.05	14.329	12.422	
666	28.718	28.471	30.005	19.037	14.283	12.4	
667	28.681	28.431	29.966	19.049	14.264	12.403	
668	28.644	28.391	29.927	19.03	14.28	12.379	
669	28.608	28.351	29.888	19.015	14.24	12.357	
670	28.571	28.311	29.85	18.996	14.227	12.341	
671	28.535	28.271	29.811	18.983	14.189	12.272	
672	28.499	28.231	29.773	18.968	14.151	12.307	
673	28.463	28.192	29.735	18.924	14.153	12.286	
674	28.427	28.152	29.696	18.939	14.161	12.278	
675	28.392	28.113	29.658	18.916	14.153	12.296	
676	28.356	28.074	29.621	18.918	14.072	12.203	
677	28.321	28.035	29.583	18.905	14.111	12.199	
678	28.286	27.996	29.545	18.877	14.073	12.219	
679	28.251	27.957	29.508	18.874	14.028	12.143	
680	28.216	27.919	29.47	18.865	14.013	12.153	
681	28.181	27.88	29.433	18.846	13.999	12.088	
682	28.147	27.842	29.396	18.845	14.005	12.109	
683	28.113	27.804	29.358	18.808	13.954	12.072	
684	28.078	27.766	29.321	18.784	13.945	12.093	
685	28.044	27.728	29.284	18.793	13.961	12.052	
686	28.01	27.69	29.248	18.775	13.924	12.002	
687	27.977	27.653	29.211	18.777	13.89	11.991	
688	27.943	27.615	29.174	18.772	13.868	11.962	
689	27.909	27.578	29.138	18.761	13.903	11.957	
690	27.876	27.541	29.102	18.716	13.875	11.965	
691	27.843	27.503	29.065	18.724	13.843	11.91	
692	27.81	27.466	29.029	18.709	13.782	11.94	
693	27.777	27.43	28.993	18.696	13.781	11.891	
694	27.744	27.393	28.957	18.682	13.775	11.898	
695	27.711	27.356	28.921	18.653	13.738	11.859	
696	27.679	27.32	28.885	18.654	13.704	11.854	
697	27.646	27.283	28.85	18.647	13.742	11.818	
698	27.614	27.247	28.814	18.656	13.697	11.76	
699	27.582	27.211	28.779	18.615	13.678	11.745	
700	27.55	27.175	28.743	18.603	13.714	11.763	
701	27.518	27.139	28.708	18.616	13.601	11.754	
702	27.487	27.103	28.673	18.605	13.677	11.742	
703	27.455	27.068	28.638	18.55	13.664	11.695	
704	27.424	27.032	28.603	18.548	13.616	11.689	
705	27.392	26.997	28.568	18.593	13.586	11.663	
706	27.361	26.961	28.533	18.539	13.595	11.627	
707	27.33	26.926	28.498	18.519	13.587	11.625	
708	27.299	26.891	28.463	18.499	13.513	11.634	
709	27.268	26.856	28.429	18.52	13.555	11.58	
710	27.238	26.821	28.395	18.509	13.487	11.628	
711	27.207	26.787	28.36	18.491	13.491	11.511	
712	27.177	26.752	28.326	18.46	13.43	11.505	
713	27.146	26.717	28.292	18.443	13.501	11.532	
714	27.116	26.683	28.258	18.434	13.419	11.487	
715	27.086	26.649	28.224	18.397	13.433	11.469	
716	27.056	26.615	28.19	18.418	13.356	11.374	
717	27.026	26.58	28.156	18.408	13.398	11.468	
718	26.997	26.546	28.122	18.389	13.347	11.371	
719	26.967	26.513	28.089	18.416	13.365	11.461	
720	26.937	26.479	28.055	18.332	13.336	11.414	
721	26.908	26.445	28.022	18.377	13.311	11.389	
722	26.879	26.412	27.988	18.373	13.341	11.365	
723	26.85	26.378	27.955	18.316	13.339	11.362	
724	26.821	26.345	27.922	18.348	13.267	11.357	
725	26.792	26.312	27.889	18.293	13.366	11.278	
726	26.763	26.279	27.856	18.343	13.2	11.279	
727	26.734	26.245	27.823	18.3	13.25	11.255	
728	26.706	26.213	27.79	18.318	13.194	11.255	
729	26.677	26.18	27.757	18.272	13.178	11.254	
730	26.649	26.147	27.724	18.26	13.183	11.173	
731	26.621	26.114	27.692	18.22	13.167	11.208	
732	26.593	26.082	27.659	18.247	13.116	11.197	
733	26.564	26.049	27.627	18.236	13.152	11.165	
734	26.537	26.017	27.595	18.263	13.117	11.143	
735	26.509	25.985	27.562	18.212	13.131	11.119	
736	26.481	25.953	27.53	18.211	13.114	11.12	
737	26.453	25.921	27.498	18.221	13.084	11.153	
738	26.426	25.889	27.466	18.175	13.091	11.076	
739	26.399	25.857	27.434	18.168	13.067	11.094	
740	26.371	25.825	27.402	18.198	13.06	11.074	
741	26.344	25.794	27.37	18.146	13.012	11.072	
742	26.317	25.762	27.339	18.159	13.021	11.016	
743	26.29	25.731	27.307	18.16	13.027	10.987	
744	26.263	25.699	27.275	18.128	13	11.023	
745	26.236	25.668	27.244	18.098	13.023	11.013	
746	26.21	25.637	27.213	18.113	12.97	10.981	
747	26.183	25.606	27.181	18.112	13.001	10.944	
748	26.157	25.575	27.15	18.09	12.967	10.93	
749	26.13	25.544	27.119	18.087	12.928	10.902	
750	26.104	25.513	27.088	18.026	12.909	10.938	
751	26.078	25.482	27.057	18.064	12.892	10.873	
752	26.052	25.452	27.026	18.016	12.923	10.846	
753	26.026	25.421	26.995	18.042	12.881	10.845	
754	26	25.391	26.964	18.033	12.862	10.87	
755	25.974	25.36	26.933	17.998	12.896	10.794	
756	25.948	25.33	26.903	18.017	12.83	10.84	
757	25.923	25.3	26.872	18.016	12.778	10.837	
758	25.897	25.27	26.842	17.993	12.814	10.794	
759	25.872	25.24	26.811	17.991	12.817	10.766	
760	25.846	25.21	26.781	17.965	12.743	10.723	
761	25.821	25.18	26.751	17.94	12.757	10.727	
762	25.796	25.15	26.72	17.968	12.744	10.685	
763	25.771	25.12	26.69	17.942	12.757	10.67	
764	25.746	25.091	26.66	17.942	12.75	10.703	
765	25.721	25.061	26.63	17.928	12.723	10.649	
766	25.696	25.032	26.6	17.945	12.732	10.659	
767	25.672	25.003	26.571	17.932	12.689	10.658	
768	25.647	24.973	26.541	17.898	12.676	10.604	
769	25.622	24.944	26.511	17.901	12.684	10.63	
770	25.598	24.915	26.481	17.88	12.632	10.573	
771	25.574	24.886	26.452	17.839	12.621	10.567	
772	25.549	24.857	26.422	17.837	12.664	10.567	
773	25.525	24.828	26.393	17.851	12.613	10.567	
774	25.501	24.8	26.364	17.831	12.605	10.51	
775	25.477	24.771	26.334	17.81	12.584	10.517	
776	25.453	24.742	26.305	17.872	12.563	10.49	
777	25.429	24.714	26.276	17.813	12.541	10.499	
778	25.405	24.685	26.247	17.814	12.507	10.516	
779	25.382	24.657	26.218	17.771	12.515	10.473	
780	25.358	24.629	26.189	17.769	12.529	10.484	
781	25.335	24.6	26.16	17.816	12.552	10.405	
782	25.311	24.572	26.131	17.788	12.453	10.414	
783	25.288	24.544	26.102	17.766	12.44	10.413	
784	25.265	24.516	26.074	17.747	12.468	10.369	
785	25.241	24.488	26.045	17.727	12.424	10.347	
786	25.218	24.461	26.017	17.72	12.435	10.349	
787	25.195	24.433	25.988	17.725	12.412	10.345	
788	25.172	24.405	25.96	17.722	12.394	10.324	
789	25.149	24.378	25.931	17.703	12.376	10.317	
790	25.127	24.35	25.903	17.705	12.403	10.277	
791	25.104	24.323	25.875	17.675	12.368	10.278	
792	25.081	24.295	25.847	17.689	12.361	10.267	
793	25.059	24.268	25.818	17.679	12.381	10.266	
794	25.036	24.241	25.79	17.66	12.327	10.239	
795	25.014	24.214	25.762	17.659	12.309	10.224	
796	24.991	24.187	25.735	17.662	12.313	10.213	
797	24.969	24.16	25.707	17.654	12.325	10.176	
798	24.947	24.133	25.679	17.666	12.323	10.181	
799	24.925	24.106	25.651	17.647	12.261	10.206	
800	24.903	24.079	25.623	17.62	12.266	10.135	
801	24.881	24.052	25.596	17.605	12.279	10.152	
802	24.859	24.026	25.568	17.648	12.257	10.122	
803	24.837	23.999	25.541	17.585	12.228	10.092	
804	24.815	23.972	25.513	17.575	12.219	10.133	
805	24.794	23.946	25.486	17.566	12.198	10.093	
806	24.772	23.92	25.459	17.583	12.17	10.084	
807	24.751	23.893	25.432	17.566	12.126	10.115	
808	24.729	23.867	25.404	17.569	12.174	10.024	
809	24.708	23.841	25.377	17.516	12.099	10.047	
810	24.687	23.815	25.35	17.556	12.165	10.014	
811	24.665	23.789	25.323	17.537	12.131	9.9973	
812	24.644	23.763	25.296	17.532	12.176	10.005	
813	24.623	23.737	25.269	17.542	12.077	9.9926	
814	24.602	23.711	25.243	17.52	12.11	10.013	
815	24.581	23.685	25.216	17.499	12.091	9.9656	
816	24.56	23.66	25.189	17.51	12.082	9.9131	
817	24.539	23.634	25.162	17.487	12.062	9.9298	
818	24.519	23.609	25.136	17.492	12.059	9.9034	
819	24.498	23.583	25.109	17.483	12.042	9.9129	
820	24.477	23.558	25.083	17.46	12.018	9.8719	
821	24.457	23.532	25.056	17.453	12.005	9.8656	
822	24.436	23.507	25.03	17.45	12.012	9.8616	
823	24.416	23.482	25.004	17.451	12.006	9.8525	
824	24.395	23.457	24.978	17.443	12.007	9.8497	
825	24.375	23.432	24.951	17.437	11.988	9.8449	
826	24.355	23.407	24.925	17.433	11.98	9.8362	
827	24.335	23.382	24.899	17.43	11.974	9.8144	
828	24.315	23.357	24.873	17.419	11.964	9.8087	
829	24.295	23.332	24.847	17.407	11.95	9.7941	
830	24.275	23.307	24.821	17.407	11.946	9.8031	
831	24.255	23.282	24.795	17.4	11.919	9.7859	
832	24.235	23.258	24.77	17.384	11.91	9.7662	
833	24.215	23.233	24.744	17.379	11.905	9.7353	
834	24.195	23.209	24.718	17.367	11.897	9.7158	
835	24.176	23.184	24.693	17.36	11.889	9.7177	
836	24.156	23.16	24.667	17.358	11.888	9.6974	
837	24.137	23.135	24.641	17.35	11.861	9.7024	
838	24.117	23.111	24.616	17.356	11.846	9.6741	
839	24.098	23.087	24.591	17.339	11.835	9.6728	
840	24.078	23.063	24.565	17.323	11.851	9.6213	
841	24.059	23.039	24.54	17.338	11.799	9.6059	
842	24.04	23.015	24.515	17.35	11.812	9.6524	
843	24.021	22.991	24.489	17.333	11.79	9.6237	
844	24.002	22.967	24.464	17.328	11.8	9.6135	
845	23.983	22.943	24.439	17.337	11.83	9.5864	
846	23.964	22.919	24.414	17.25	11.762	9.5728	
847	23.945	22.895	24.389	17.316	11.671	9.6306	
848	23.926	22.872	24.364	17.299	11.801	9.6341	
849	23.907	22.848	24.339	17.296	11.713	9.5251	
850	23.888	22.824	24.315	17.278	11.74	9.5683	
851	23.87	22.801	24.29	17.254	11.712	9.5872	
852	23.851	22.777	24.265	17.249	11.723	9.4661	
853	23.832	22.754	24.24	17.279	11.658	9.4759	
854	23.814	22.731	24.216	17.228	11.704	9.4325	
855	23.795	22.707	24.191	17.23	11.626	9.478	
856	23.777	22.684	24.167	17.202	11.678	9.4881	
857	23.759	22.661	24.142	17.234	11.659	9.4508	
858	23.74	22.638	24.118	17.248	11.682	9.4151	
859	23.722	22.615	24.093	17.26	11.629	9.461	
860	23.704	22.592	24.069	17.206	11.667	9.4684	
861	23.686	22.569	24.045	17.177	11.615	9.3825	
862	23.668	22.546	24.02	17.215	11.595	9.3837	
863	23.65	22.523	23.996	17.205	11.644	9.3907	
864	23.632	22.5	23.972	17.208	11.589	9.387	
865	23.614	22.478	23.948	17.157	11.577	9.3165	
866	23.596	22.455	23.924	17.167	11.563	9.3468	
867	23.578	22.432	23.9	17.147	11.513	9.3459	
868	23.56	22.41	23.876	17.118	11.543	9.3501	
869	23.543	22.387	23.852	17.15	11.508	9.2901	
870	23.525	22.365	23.828	17.159	11.516	9.3057	
871	23.508	22.343	23.805	17.146	11.508	9.2767	
872	23.49	22.32	23.781	17.131	11.512	9.3136	
873	23.473	22.298	23.757	17.157	11.469	9.267	
874	23.455	22.276	23.734	17.129	11.488	9.2504	
875	23.438	22.253	23.71	17.111	11.474	9.2559	
876	23.421	22.231	23.686	17.115	11.465	9.2204	
877	23.403	22.209	23.663	17.112	11.46	9.2537	
878	23.386	22.187	23.639	17.083	11.444	9.2191	
879	23.369	22.165	23.616	17.079	11.432	9.1998	
880	23.352	22.143	23.593	17.071	11.421	9.1926	
881	23.335	22.122	23.569	17.069	11.417	9.1849	
882	23.318	22.1	23.546	17.067	11.412	9.1889	
883	23.301	22.078	23.523	17.063	11.408	9.1794	
884	23.284	22.056	23.5	17.061	11.404	9.1718	
885	23.267	22.035	23.477	17.061	11.396	9.1709	
886	23.25	22.013	23.454	17.056	11.388	9.1566	
887	23.233	21.991	23.431	17.046	11.371	9.1428	
888	23.217	21.97	23.408	17.044	11.364	9.1243	
889	23.2	21.948	23.385	17.031	11.351	9.1119	
890	23.183	21.927	23.362	17.018	11.337	9.0964	
891	23.167	21.906	23.339	17.012	11.328	9.0812	
892	23.15	21.884	23.316	17.01	11.316	9.0788	
893	23.134	21.863	23.293	17.003	11.31	9.0602	
894	23.117	21.842	23.271	16.991	11.308	9.0486	
895	23.101	21.821	23.248	16.999	11.303	9.0533	
896	23.085	21.8	23.225	16.989	11.29	9.0498	
897	23.068	21.778	23.203	16.989	11.285	9.0476	
898	23.052	21.757	23.18	16.987	11.282	9.0195	
899	23.036	21.736	23.158	16.979	11.268	9.0175	
900	23.02	21.716	23.135	16.966	11.258	8.9949	
901	23.004	21.695	23.113	16.947	11.247	8.9733	
902	22.988	21.674	23.09	16.948	11.229	8.9685	
903	22.972	21.653	23.068	16.945	11.226	8.9618	
904	22.956	21.632	23.046	16.94	11.217	8.9595	
905	22.94	21.612	23.024	16.932	11.215	8.9576	
906	22.924	21.591	23.001	16.934	11.21	8.9517	
907	22.908	21.57	22.979	16.929	11.206	8.9528	
908	22.893	21.55	22.957	16.931	11.194	8.9288	
909	22.877	21.529	22.935	16.916	11.183	8.9209	
910	22.861	21.509	22.913	16.902	11.167	8.91	
911	22.846	21.489	22.891	16.906	11.155	8.9055	
912	22.83	21.468	22.869	16.894	11.128	8.8691	
913	22.814	21.448	22.847	16.881	11.137	8.8493	
914	22.799	21.428	22.826	16.883	11.127	8.8511	
915	22.783	21.407	22.804	16.876	11.114	8.8449	
916	22.768	21.387	22.782	16.869	11.119	8.8435	
917	22.753	21.367	22.76	16.869	11.116	8.8377	
918	22.737	21.347	22.739	16.872	11.111	8.8326	
919	22.722	21.327	22.717	16.868	11.102	8.8198	
920	22.707	21.307	22.695	16.862	11.094	8.8106	
921	22.692	21.287	22.674	16.852	11.081	8.8013	
922	22.677	21.267	22.652	16.848	11.073	8.8045	
923	22.661	21.247	22.631	16.851	11.066	8.7956	
924	22.646	21.228	22.609	16.835	11.037	8.7695	
925	22.631	21.208	22.588	16.832	11.054	8.7564	
926	22.616	21.188	22.567	16.815	11.035	8.7417	
927	22.601	21.168	22.545	16.816	11.041	8.7315	
928	22.587	21.149	22.524	16.814	11.034	8.7362	
929	22.572	21.129	22.503	16.797	10.994	8.7477	
930	22.557	21.11	22.482	16.793	10.972	8.7269	
931	22.542	21.09	22.461	16.805	11.016	8.7154	
932	22.527	21.071	22.439	16.812	10.951	8.6826	
933	22.513	21.051	22.418	16.782	11.008	8.6791	
934	22.498	21.032	22.397	16.775	10.976	8.695	
935	22.483	21.013	22.376	16.773	10.978	8.6554	
936	22.469	20.993	22.355	16.753	10.941	8.6501	
937	22.454	20.974	22.335	16.753	10.935	8.6851	
938	22.44	20.955	22.314	16.783	10.944	8.6069	
939	22.425	20.936	22.293	16.761	10.933	8.6336	
940	22.411	20.917	22.272	16.766	10.894	8.6504	
941	22.397	20.897	22.251	16.76	10.92	8.6114	
942	22.382	20.878	22.231	16.739	10.886	8.5574	
943	22.368	20.859	22.21	16.715	10.91	8.5951	
944	22.354	20.841	22.189	16.717	10.929	8.5787	
945	22.34	20.822	22.169	16.744	10.893	8.5827	
946	22.325	20.803	22.148	16.743	10.888	8.5713	
947	22.311	20.784	22.128	16.722	10.888	8.5569	
948	22.297	20.765	22.107	16.718	10.861	8.5456	
949	22.283	20.746	22.087	16.708	10.84	8.5238	
950	22.269	20.728	22.066	16.702	10.832	8.5213	
951	22.255	20.709	22.046	16.691	10.851	8.5259	
952	22.241	20.69	22.026	16.683	10.844	8.5209	
953	22.227	20.672	22.005	16.694	10.825	8.4986	
954	22.213	20.653	21.985	16.695	10.819	8.5124	
955	22.2	20.635	21.965	16.682	10.807	8.4784	
956	22.186	20.616	21.945	16.663	10.812	8.4848	
957	22.172	20.598	21.925	16.664	10.803	8.5324	
958	22.158	20.58	21.904	16.644	10.785	8.4534	
959	22.145	20.561	21.884	16.666	10.771	8.4791	
960	22.131	20.543	21.864	16.678	10.753	8.4078	
961	22.118	20.525	21.844	16.673	10.778	8.3952	
962	22.104	20.506	21.824	16.661	10.689	8.3687	
963	22.09	20.488	21.805	16.62	10.712	8.4149	
964	22.077	20.47	21.785	16.649	10.748	8.3485	
965	22.064	20.452	21.765	16.617	10.733	8.3817	
966	22.05	20.434	21.745	16.628	10.753	8.359	
967	22.037	20.416	21.725	16.623	10.733	8.3919	
968	22.023	20.398	21.706	16.627	10.745	8.3832	
969	22.01	20.38	21.686	16.611	10.709	8.3707	
970	21.997	20.362	21.666	16.625	10.692	8.3925	
971	21.984	20.344	21.647	16.613	10.68	8.3706	
972	21.97	20.326	21.627	16.61	10.702	8.3492	
973	21.957	20.308	21.607	16.61	10.685	8.3224	
974	21.944	20.291	21.588	16.594	10.661	8.3374	
975	21.931	20.273	21.568	16.588	10.668	8.2816	
976	21.918	20.255	21.549	16.58	10.653	8.2972	
977	21.905	20.238	21.53	16.575	10.641	8.2843	
978	21.892	20.22	21.51	16.572	10.632	8.2858	
979	21.879	20.202	21.491	16.57	10.638	8.2719	
980	21.866	20.185	21.472	16.575	10.628	8.2724	
981	21.853	20.167	21.452	16.572	10.626	8.2804	
982	21.84	20.15	21.433	16.566	10.621	8.2707	
983	21.827	20.133	21.414	16.562	10.623	8.2828	
984	21.815	20.115	21.395	16.548	10.613	8.2676	
985	21.802	20.098	21.376	16.546	10.617	8.2362	
986	21.789	20.08	21.356	16.573	10.595	8.2584	
987	21.777	20.063	21.337	16.537	10.591	8.2149	
988	21.764	20.046	21.318	16.532	10.56	8.1936	
989	21.751	20.029	21.299	16.524	10.566	8.1933	
990	21.739	20.012	21.28	16.52	10.547	8.1876	
991	21.726	19.994	21.261	16.519	10.55	8.1676	
992	21.714	19.977	21.243	16.52	10.545	8.1802	
993	21.701	19.96	21.224	16.509	10.544	8.1739	
994	21.689	19.943	21.205	16.517	10.548	8.1768	
995	21.676	19.926	21.186	16.503	10.54	8.1619	
996	21.664	19.909	21.167	16.496	10.533	8.1554	
997	21.652	19.892	21.149	16.504	10.529	8.1444	
998	21.639	19.875	21.13	16.493	10.516	8.1417	
999	21.627	19.859	21.111	16.483	10.502	8.1776	
1000	21.615	19.842	21.093	16.5	10.478	8.1157	
1001	21.602	19.825	21.074	16.464	10.53	8.0949	
1002	21.59	19.808	21.055	16.485	10.51	8.0982	
1003	21.578	19.792	21.037	16.476	10.477	8.0989	
1004	21.566	19.775	21.018	16.475	10.443	8.0759	
1005	21.554	19.758	21	16.439	10.542	8.1117	
1006	21.542	19.742	20.982	16.467	10.428	8.1096	
1007	21.53	19.725	20.963	16.465	10.492	8.0327	
1008	21.518	19.708	20.945	16.449	10.484	8.0563	
1009	21.506	19.692	20.927	16.429	10.432	8.0496	
1010	21.494	19.675	20.908	16.466	10.451	8.0414	
1011	21.482	19.659	20.89	16.433	10.444	8.0428	
1012	21.47	19.643	20.872	16.438	10.431	8.0143	
1013	21.458	19.626	20.854	16.434	10.414	8.0082	
1014	21.446	19.61	20.835	16.435	10.394	8.0042	
1015	21.434	19.594	20.817	16.437	10.4	7.9932	
1016	21.423	19.577	20.799	16.413	10.402	8.087	
1017	21.411	19.561	20.781	16.395	10.365	7.9546	
1018	21.399	19.545	20.763	16.391	10.366	7.9748	
1019	21.388	19.529	20.745	16.377	10.349	7.938	
1020	21.376	19.513	20.727	16.428	10.409	7.9076	
1021	21.364	19.496	20.709	16.344	10.406	7.9482	
1022	21.353	19.48	20.691	16.399	10.335	7.9468	
1023	21.341	19.464	20.673	16.418	10.322	7.9437	
1024	21.33	19.448	20.655	16.374	10.301	7.9785	
1025	21.318	19.432	20.638	16.416	10.31	7.9159	
1026	21.307	19.416	20.62	16.38	10.359	7.8728	
1027	21.295	19.4	20.602	16.414	10.241	7.8987	
1028	21.284	19.385	20.584	16.371	10.339	7.8451	
1029	21.272	19.369	20.567	16.355	10.283	7.8299	
1030	21.261	19.353	20.549	16.359	10.328	7.903	
1031	21.25	19.337	20.531	16.422	10.333	7.9249	
1032	21.238	19.321	20.514	16.316	10.327	7.8632	
1033	21.227	19.306	20.496	16.382	10.287	7.887	
1034	21.216	19.29	20.479	16.356	10.309	7.8533	
1035	21.205	19.274	20.461	16.379	10.251	7.9231	
1036	21.194	19.259	20.444	16.253	10.285	7.8388	
1037	21.182	19.243	20.426	16.397	10.175	7.8035	
1038	21.171	19.227	20.409	16.319	10.24	7.9786	
1039	21.16	19.212	20.391	16.361	10.29	7.9209	
1040	21.149	19.196	20.374	16.298	10.088	7.8087	
1041	21.138	19.181	20.357	16.335	10.216	7.8567	
1042	21.127	19.165	20.339	16.445	10.238	7.6434	
1043	21.116	19.15	20.322	16.412	10.176	7.6925	
1044	21.105	19.135	20.305	16.267	10.268	7.7417	
1045	21.094	19.119	20.288	16.308	10.204	7.7873	
1046	21.083	19.104	20.27	16.204	10.35	7.5825	
1047	21.072	19.089	20.253	16.266	10.039	7.7932	
1048	21.062	19.073	20.236	16.229	10.157	7.8069	
1049	21.051	19.058	20.219	16.299	10.171	7.7236	
1050	21.04	19.043	20.202	16.276	10.083	7.8107	
1051	21.029	19.028	20.185	16.278	10.17	7.7396	
1052	21.018	19.013	20.168	16.273	10.161	7.7044	
1053	21.008	18.998	20.151	16.277	10.167	7.7231	
1054	20.997	18.983	20.134	16.277	10.148	7.7089	
1055	20.986	18.967	20.117	16.277	10.167	7.6972	
1056	20.976	18.952	20.1	16.273	10.135	7.687	
1057	20.965	18.937	20.083	16.269	10.153	7.6997	
1058	20.954	18.922	20.066	16.262	10.142	7.6709	
1059	20.944	18.908	20.05	16.247	10.134	7.6933	
1060	20.933	18.893	20.033	16.254	10.134	7.6648	
1061	20.923	18.878	20.016	16.263	10.116	7.6747	
1062	20.912	18.863	19.999	16.239	10.115	7.6648	
1063	20.902	18.848	19.983	16.235	10.098	7.6667	
1064	20.892	18.833	19.966	16.233	10.093	7.6472	
1065	20.881	18.819	19.949	16.225	10.087	7.629	
1066	20.871	18.804	19.933	16.232	10.086	7.618	
1067	20.86	18.789	19.916	16.223	10.089	7.6219	
1068	20.85	18.774	19.9	16.218	10.078	7.6284	
1069	20.84	18.76	19.883	16.223	10.054	7.6005	
1070	20.829	18.745	19.867	16.22	10.079	7.5985	
1071	20.819	18.731	19.85	16.218	10.063	7.599	
1072	20.809	18.716	19.834	16.202	10.065	7.5925	
1073	20.799	18.701	19.817	16.215	10.029	7.5661	
1074	20.789	18.687	19.801	16.199	10.044	7.5808	
1075	20.778	18.672	19.785	16.193	10.033	7.5517	
1076	20.768	18.658	19.768	16.201	10.022	7.5548	
1077	20.758	18.644	19.752	16.189	10.024	7.5511	
1078	20.748	18.629	19.736	16.185	10.008	7.5417	
1079	20.738	18.615	19.719	16.186	10.022	7.5314	
1080	20.728	18.601	19.703	16.186	10.011	7.5387	
1081	20.718	18.586	19.687	16.179	10.01	7.5348	
1082	20.708	18.572	19.671	16.172	10.007	7.5257	
1083	20.698	18.558	19.655	16.18	9.9947	7.5117	
1084	20.688	18.543	19.639	16.172	9.995	7.5129	
1085	20.678	18.529	19.622	16.166	9.9914	7.5014	
1086	20.668	18.515	19.606	16.171	9.9923	7.5038	
1087	20.658	18.501	19.59	16.156	9.9873	7.4945	
1088	20.649	18.487	19.574	16.166	9.9817	7.4997	
1089	20.639	18.473	19.558	16.159	9.9779	7.4821	
1090	20.629	18.459	19.542	16.158	9.9803	7.4881	
1091	20.619	18.445	19.526	16.153	9.9785	7.4853	
1092	20.61	18.431	19.511	16.144	9.9565	7.4715	
1093	20.6	18.417	19.495	16.148	9.9506	7.4729	
1094	20.59	18.403	19.479	16.141	9.9601	7.4722	
1095	20.58	18.389	19.463	16.15	9.9318	7.4483	
1096	20.571	18.375	19.447	16.144	9.9407	7.4519	
1097	20.561	18.361	19.431	16.13	9.9283	7.4383	
1098	20.552	18.347	19.416	16.124	9.9234	7.4168	
1099	20.542	18.333	19.4	16.123	9.9232	7.4195	
1100	20.532	18.319	19.384	16.113	9.9178	7.4139	
1101	20.523	18.306	19.369	16.124	9.9056	7.3964	
1102	20.513	18.292	19.353	16.116	9.8945	7.3888	
1103	20.504	18.278	19.337	16.109	9.8791	7.3797	
1104	20.494	18.265	19.322	16.105	9.888	7.3786	
1105	20.485	18.251	19.306	16.097	9.8862	7.3711	
1106	20.475	18.237	19.291	16.101	9.8753	7.3644	
1107	20.466	18.224	19.275	16.09	9.8672	7.3615	
1108	20.457	18.21	19.259	16.098	9.873	7.3533	
1109	20.447	18.196	19.244	16.089	9.8628	7.35	
1110	20.438	18.183	19.229	16.087	9.8562	7.3493	
1111	20.429	18.169	19.213	16.086	9.8575	7.3426	
1112	20.419	18.156	19.198	16.085	9.8439	7.3361	
1113	20.41	18.142	19.182	16.085	9.8491	7.3346	
1114	20.401	18.129	19.167	16.08	9.8466	7.3305	
1115	20.392	18.116	19.152	16.077	9.8484	7.3291	
1116	20.382	18.102	19.136	16.078	9.8409	7.3321	
1117	20.373	18.089	19.121	16.079	9.8416	7.3209	
1118	20.364	18.075	19.106	16.072	9.8334	7.3214	
1119	20.355	18.062	19.091	16.06	9.8347	7.3015	
1120	20.346	18.049	19.075	16.068	9.8313	7.2924	
1121	20.337	18.036	19.06	16.067	9.8176	7.2878	
1122	20.328	18.022	19.045	16.06	9.8063	7.2978	
1123	20.319	18.009	19.03	16.048	9.8069	7.2903	
1124	20.31	17.996	19.015	16.063	9.8076	7.2673	
1125	20.301	17.983	19	16.054	9.7979	7.2623	
1126	20.292	17.97	18.985	16.058	9.8085	7.2676	
1127	20.283	17.956	18.97	16.033	9.7894	7.2435	
1128	20.274	17.943	18.955	16.033	9.7801	7.246	
1129	20.265	17.93	18.94	16.039	9.78	7.2589	
1130	20.256	17.917	18.925	16.029	9.784	7.2303	
1131	20.247	17.904	18.91	16.028	9.7661	7.2327	
1132	20.238	17.891	18.895	16.029	9.7641	7.2224	
1133	20.229	17.878	18.88	16.022	9.7746	7.22	
1134	20.22	17.865	18.865	16.013	9.7404	7.2208	
1135	20.212	17.852	18.85	16.016	9.7516	7.1929	
1136	20.203	17.839	18.836	16.019	9.733	7.2045	
1137	20.194	17.827	18.821	16.012	9.7186	7.2018	
1138	20.185	17.814	18.806	16.011	9.7314	7.1817	
1139	20.176	17.801	18.791	16.007	9.7294	7.188	
1140	20.168	17.788	18.777	16	9.711	7.1734	
1141	20.159	17.775	18.762	16.013	9.7229	7.1701	
1142	20.15	17.763	18.747	16.009	9.7157	7.1425	
1143	20.142	17.75	18.732	15.991	9.7047	7.1754	
1144	20.133	17.737	18.718	15.991	9.6948	7.1627	
1145	20.125	17.724	18.703	15.994	9.7082	7.1617	
1146	20.116	17.712	18.689	15.991	9.6734	7.1488	
1147	20.107	17.699	18.674	15.987	9.6773	7.1375	
1148	20.099	17.686	18.66	15.993	9.6824	7.1398	
1149	20.09	17.674	18.645	15.982	9.6859	7.1336	
1150	20.082	17.661	18.631	15.971	9.6696	7.1285	
1151	20.073	17.649	18.616	15.973	9.6557	7.1144	
1152	20.065	17.636	18.602	15.974	9.6664	7.1066	
1153	20.056	17.624	18.587	15.967	9.6521	7.0941	
1154	20.048	17.611	18.573	15.961	9.6519	7.0958	
1155	20.04	17.599	18.558	15.966	9.6506	7.0979	
1156	20.031	17.586	18.544	15.955	9.6498	7.0837	
1157	20.023	17.574	18.53	15.955	9.6421	7.0727	
1158	20.014	17.561	18.515	15.956	9.6421	7.0731	
1159	20.006	17.549	18.501	15.96	9.6267	7.0708	
1160	19.998	17.537	18.487	15.957	9.628	7.0722	
1161	19.989	17.524	18.473	15.947	9.6061	7.0769	
1162	19.981	17.512	18.458	15.943	9.6372	7.0503	
1163	19.973	17.5	18.444	15.932	9.6109	7.0423	
1164	19.965	17.487	18.43	15.933	9.5892	7.0355	
1165	19.956	17.475	18.416	15.926	9.6021	7.0251	
1166	19.948	17.463	18.402	15.934	9.5923	7.0232	
1167	19.94	17.451	18.388	15.935	9.6092	7.0307	
1168	19.932	17.439	18.373	15.925	9.5875	7.0159	
1169	19.924	17.426	18.359	15.919	9.579	7.0094	
1170	19.915	17.414	18.345	15.923	9.5874	6.9969	
1171	19.907	17.402	18.331	15.918	9.5745	6.9927	
1172	19.899	17.39	18.317	15.915	9.5753	6.9904	
1173	19.891	17.378	18.303	15.913	9.572	6.9898	
1174	19.883	17.366	18.289	15.912	9.5717	6.9855	
1175	19.875	17.354	18.275	15.911	9.5671	6.9893	
1176	19.867	17.342	18.262	15.909	9.5553	6.9753	
1177	19.859	17.33	18.248	15.913	9.5548	6.9734	
1178	19.851	17.318	18.234	15.902	9.5491	6.9642	
1179	19.843	17.306	18.22	15.902	9.5544	6.9693	
1180	19.835	17.294	18.206	15.901	9.5467	6.9584	
1181	19.827	17.282	18.192	15.901	9.5467	6.9598	
1182	19.819	17.27	18.178	15.894	9.5385	6.9547	
1183	19.811	17.258	18.165	15.897	9.537	6.95	
1184	19.803	17.247	18.151	15.892	9.532	6.9421	
1185	19.796	17.235	18.137	15.883	9.531	6.946	
1186	19.788	17.223	18.123	15.885	9.5219	6.9289	
1187	19.78	17.211	18.11	15.884	9.5224	6.9354	
1188	19.772	17.199	18.096	15.877	9.523	6.9241	
1189	19.764	17.188	18.082	15.882	9.5084	6.9071	
1190	19.757	17.176	18.069	15.876	9.5137	6.9197	
1191	19.749	17.164	18.055	15.87	9.5099	6.9094	
1192	19.741	17.153	18.042	15.871	9.4961	6.8957	
1193	19.733	17.141	18.028	15.868	9.4961	6.8932	
1194	19.726	17.129	18.015	15.862	9.5027	6.9035	
1195	19.718	17.118	18.001	15.874	9.474	6.8908	
1196	19.71	17.106	17.988	15.86	9.4905	6.8699	
1197	19.703	17.095	17.974	15.862	9.4762	6.8911	
1198	19.695	17.083	17.961	15.852	9.4631	6.8864	
1199	19.687	17.072	17.947	15.851	9.477	6.8633	
1200	19.68	17.06	17.934	15.858	9.4625	6.8505	
1201	19.672	17.048	17.92	15.861	9.4796	6.8706	
1202	19.664	17.037	17.907	15.841	9.4636	6.8566	
1203	19.657	17.026	17.894	15.848	9.4582	6.8337	
1204	19.649	17.014	17.88	15.851	9.4464	6.8183	
1205	19.642	17.003	17.867	15.832	9.4472	6.8323	
1206	19.634	16.991	17.854	15.836	9.466	6.8321	
1207	19.627	16.98	17.84	15.846	9.4633	6.8204	
1208	19.619	16.969	17.827	15.832	9.4402	6.8124	
1209	19.612	16.957	17.814	15.836	9.4279	6.8174	
1210	19.604	16.946	17.801	15.829	9.4198	6.7981	
1211	19.597	16.935	17.787	15.824	9.4014	6.7811	
1212	19.59	16.923	17.774	15.822	9.4159	6.7865	
1213	19.582	16.912	17.761	15.831	9.4125	6.7945	
1214	19.575	16.901	17.748	15.818	9.422	6.771	
1215	19.567	16.89	17.735	15.827	9.4065	6.7776	
1216	19.56	16.878	17.722	15.816	9.3902	6.7962	
1217	19.553	16.867	17.709	15.82	9.3945	6.7799	
1218	19.545	16.856	17.695	15.792	9.3676	6.7812	
1219	19.538	16.845	17.682	15.814	9.3787	6.7488	
1220	19.531	16.834	17.669	15.812	9.3724	6.7566	
1221	19.523	16.823	17.656	15.792	9.3678	6.7577	
1222	19.516	16.812	17.643	15.806	9.4041	6.7482	
1223	19.509	16.801	17.63	15.808	9.3612	6.7497	
1224	19.502	16.79	17.617	15.802	9.3661	6.7322	
1225	19.494	16.778	17.605	15.793	9.3623	6.7376	
1226	19.487	16.767	17.592	15.803	9.3763	6.7294	
1227	19.48	16.756	17.579	15.81	9.3589	6.7325	
1228	19.473	16.745	17.566	15.774	9.3448	6.7237	
1229	19.466	16.735	17.553	15.767	9.3236	6.7278	
1230	19.459	16.724	17.54	15.774	9.3573	6.7086	
1231	19.452	16.713	17.527	15.796	9.3605	6.676	
1232	19.444	16.702	17.515	15.789	9.3331	6.7336	
1233	19.437	16.691	17.502	15.803	9.3612	6.6865	
1234	19.43	16.68	17.489	15.779	9.3636	6.7088	
1235	19.423	16.669	17.476	15.762	9.3504	6.6856	
1236	19.416	16.658	17.464	15.776	9.3508	6.7156	
1237	19.409	16.648	17.451	15.771	9.3581	6.6932	
1238	19.402	16.637	17.438	15.803	9.3178	6.7029	
1239	19.395	16.626	17.425	15.735	9.3726	6.7182	
1240	19.388	16.615	17.413	15.732	9.2717	6.6779	
1241	19.381	16.605	17.4	15.745	9.341	6.6356	
1242	19.374	16.594	17.388	15.735	9.3044	6.6996	
1243	19.367	16.583	17.375	15.764	9.3127	6.761	
1244	19.36	16.572	17.362	15.782	9.3076	6.6586	
1245	19.353	16.562	17.35	15.721	9.362	6.5928	
1246	19.346	16.551	17.337	15.748	9.298	6.6041	
1247	19.34	16.541	17.325	15.731	9.2333	6.6094	
1248	19.333	16.53	17.312	15.743	9.2731	6.5843	
1249	19.326	16.519	17.3	15.775	9.2931	6.6536	
1250	19.319	16.509	17.287	15.753	9.3398	6.5861	
1251	19.312	16.498	17.275	15.739	9.2561	6.6486	
1252	19.305	16.488	17.262	15.709	9.2021	6.5795	
1253	19.299	16.477	17.25	15.708	9.3079	6.5872	
1254	19.292	16.467	17.238	15.716	9.2289	6.5936	
1255	19.285	16.456	17.225	15.74	9.2415	6.623	
1256	19.278	16.446	17.213	15.719	9.2629	6.5966	
1257	19.272	16.435	17.201	15.717	9.2216	6.5567	
1258	19.265	16.425	17.188	15.725	9.2458	6.548	
1259	19.258	16.414	17.176	15.694	9.2312	6.5771	
1260	19.251	16.404	17.164	15.709	9.2387	6.553	
1261	19.245	16.394	17.151	15.706	9.2178	6.5473	
1262	19.238	16.383	17.139	15.689	9.2162	6.5425	
1263	19.231	16.373	17.127	15.706	9.2186	6.5313	
1264	19.225	16.363	17.115	15.682	9.2026	6.5444	
1265	19.218	16.352	17.103	15.708	9.2245	6.5324	
1266	19.211	16.342	17.09	15.696	9.2306	6.5176	
1267	19.205	16.332	17.078	15.709	9.2023	6.5414	
1268	19.198	16.321	17.066	15.714	9.2095	6.5453	
1269	19.192	16.311	17.054	15.701	9.2186	6.5538	
1270	19.185	16.301	17.042	15.696	9.198	6.5367	
1271	19.179	16.291	17.03	15.683	9.2039	6.5136	
1272	19.172	16.281	17.018	15.688	9.2189	6.5472	
1273	19.166	16.27	17.006	15.705	9.2243	6.5247	
1274	19.159	16.26	16.994	15.701	9.2005	6.5306	
1275	19.152	16.25	16.982	15.686	9.1823	6.4939	
1276	19.146	16.24	16.97	15.699	9.2087	6.5205	
1277	19.14	16.23	16.958	15.663	9.1993	6.5191	
1278	19.133	16.22	16.946	15.665	9.1892	6.5112	
1279	19.127	16.21	16.934	15.681	9.1589	6.4593	
1280	19.12	16.2	16.922	15.675	9.156	6.4798	
1281	19.114	16.19	16.91	15.682	9.1567	6.4748	
1282	19.107	16.18	16.898	15.676	9.169	6.4949	
1283	19.101	16.17	16.886	15.656	9.1537	6.4527	
1284	19.095	16.16	16.874	15.632	9.1916	6.4591	
1285	19.088	16.15	16.862	15.644	9.1608	6.4782	
1286	19.082	16.14	16.85	15.669	9.1557	6.4463	
1287	19.076	16.13	16.839	15.652	9.1412	6.4697	
1288	19.069	16.12	16.827	15.663	9.1606	6.4591	
1289	19.063	16.11	16.815	15.652	9.1422	6.4344	
1290	19.057	16.1	16.803	15.657	9.1551	6.4376	
1291	19.05	16.09	16.791	15.64	9.1345	6.4164	
1292	19.044	16.08	16.78	15.656	9.1345	6.4736	
1293	19.038	16.07	16.768	15.647	9.1239	6.4379	
1294	19.032	16.06	16.756	15.668	9.1578	6.4281	
1295	19.025	16.051	16.745	15.646	9.1369	6.3954	
1296	19.019	16.041	16.733	15.653	9.1292	6.3926	
1297	19.013	16.031	16.721	15.651	9.0942	6.4387	
1298	19.007	16.021	16.71	15.631	9.1357	6.4042	
1299	19.001	16.012	16.698	15.641	9.0837	6.373	
1300	18.994	16.002	16.686	15.624	9.1037	6.3995	
1301	18.988	15.992	16.675	15.641	9.126	6.3705	
1302	18.982	15.982	16.663	15.611	9.0799	6.4187	
1303	18.976	15.973	16.652	15.637	9.1245	6.3851	
1304	18.97	15.963	16.64	15.648	9.1135	6.3952	
1305	18.964	15.953	16.629	15.652	9.0861	6.3467	
1306	18.958	15.944	16.617	15.629	9.1235	6.3831	
1307	18.951	15.934	16.606	15.62	9.108	6.3954	
1308	18.945	15.924	16.594	15.613	9.0891	6.388	
1309	18.939	15.915	16.583	15.62	9.0991	6.3783	
1310	18.933	15.905	16.571	15.612	9.0767	6.3653	
1311	18.927	15.896	16.56	15.62	9.0461	6.3913	
1312	18.921	15.886	16.548	15.608	9.0606	6.3221	
1313	18.915	15.877	16.537	15.613	9.0866	6.3847	
1314	18.909	15.867	16.526	15.607	9.0596	6.3495	
1315	18.903	15.858	16.514	15.602	9.0327	6.3262	
1316	18.897	15.848	16.503	15.629	8.9941	6.3194	
1317	18.891	15.839	16.492	15.605	9.0557	6.3822	
1318	18.885	15.829	16.48	15.589	9.0545	6.3601	
1319	18.879	15.82	16.469	15.631	9.0479	6.354	
1320	18.873	15.81	16.458	15.574	9.0367	6.3584	
1321	18.867	15.801	16.446	15.612	9.0226	6.3347	
1322	18.862	15.792	16.435	15.601	8.9983	6.2378	
1323	18.856	15.782	16.424	15.554	9.0135	6.278	
1324	18.85	15.773	16.413	15.608	9.0519	6.2872	
1325	18.844	15.763	16.401	15.621	8.9865	6.3038	
1326	18.838	15.754	16.39	15.629	8.988	6.2721	
1327	18.832	15.745	16.379	15.6	9.0561	6.2622	
1328	18.826	15.735	16.368	15.561	8.9618	6.3632	
1329	18.821	15.726	16.357	15.563	8.9748	6.2771	
1330	18.815	15.717	16.346	15.621	9.0407	6.2531	
1331	18.809	15.708	16.335	15.566	9.0607	6.3246	
1332	18.803	15.698	16.323	15.561	8.9719	6.418	
1333	18.797	15.689	16.312	15.578	9.0236	6.2824	
1334	18.792	15.68	16.301	15.6	8.9906	6.2743	
1335	18.786	15.671	16.29	15.55	9.0051	6.153	
1336	18.78	15.661	16.279	15.537	9.0374	6.3185	
1337	18.774	15.652	16.268	15.618	8.9803	6.1591	
1338	18.769	15.643	16.257	15.535	9.048	6.2468	
1339	18.763	15.634	16.246	15.561	9.032	6.2708	
1340	18.757	15.625	16.235	15.593	9.0077	6.1586	
1341	18.752	15.616	16.224	15.666	8.8259	6.2786	
1342	18.746	15.607	16.213	15.575	8.9248	6.4947	
1343	18.74	15.598	16.202	15.64	9.0003	6.4568	
1344	18.735	15.588	16.191	15.52	9.0383	6.2736	
1345	18.729	15.579	16.181	15.567	9.1261	6.2256	
1346	18.723	15.57	16.17	15.405	8.8527	6.0078	
1347	18.718	15.561	16.159	15.559	9.1196	5.8337	
1348	18.712	15.552	16.148	15.504	9.1334	6.1728	
1349	18.706	15.543	16.137	15.419	9.278	6.2167	
1350	18.701	15.534	16.126	15.265	9.0644	6.2217	
1351	18.695	15.525	16.115	15.503	8.9301	5.9253	
1352	18.69	15.516	16.105	15.455	8.8241	6.3825	
1353	18.684	15.507	16.094	15.547	8.3823	6.2501	
1354	18.679	15.498	16.083	15.469	9.3073	6.3855	
1355	18.673	15.49	16.072	15.712	8.773	5.6078	
1356	18.668	15.481	16.062	15.648	9.1567	6.0752	
1357	18.662	15.472	16.051	15.444	9.0441	6.2724	
1358	18.657	15.463	16.04	16.248	9.371	6.3795	
1359	18.651	15.454	16.029	16.262	8.6908	6.918	
1426	18.306	14.89	15.344	15.655	9.2987	6.337	
1427	18.301	14.882	15.335	15.544	8.6458	6.0444	
1428	18.296	14.874	15.325	15.394	8.841	5.6434	
1429	18.292	14.866	15.315	15.638	8.6618	5.8162	
1430	18.287	14.858	15.305	15.645	8.8034	5.8313	
1431	18.282	14.85	15.296	15.324	8.9254	6.1083	
1432	18.277	14.842	15.286	15.558	8.5618	5.8907	
1433	18.273	14.834	15.276	15.35	8.5981	5.8503	
1434	18.268	14.826	15.267	15.504	8.9164	6.1849	
1435	18.263	14.819	15.257	15.523	8.856	5.7635	
1436	18.258	14.811	15.247	15.531	8.646	5.9371	
1437	18.254	14.803	15.238	15.437	8.9074	5.8618	
1438	18.249	14.795	15.228	15.329	8.6594	5.9473	
1439	18.244	14.787	15.218	15.448	8.7878	5.9026	
1440	18.239	14.779	15.209	15.332	8.7869	5.8234	
1441	18.235	14.771	15.199	15.418	8.6815	6.0523	
1442	18.23	14.764	15.189	15.471	8.6178	5.804	
1443	18.225	14.756	15.18	15.352	8.745	5.9607	
1444	18.221	14.748	15.17	15.461	8.7728	5.754	
1445	18.216	14.74	15.161	15.33	8.7337	5.8418	
1446	18.211	14.732	15.151	15.463	8.6349	5.8148	
1447	18.207	14.725	15.142	15.435	8.7027	5.7187	
1448	18.202	14.717	15.132	15.418	8.6759	5.8657	
1449	18.197	14.709	15.123	15.369	8.7286	5.8616	
1450	18.193	14.701	15.113	15.389	8.7223	5.7667	
1451	18.188	14.694	15.104	15.439	8.6835	5.8613	
1452	18.184	14.686	15.094	15.461	8.7416	5.9121	
1453	18.179	14.678	15.085	15.432	8.7434	5.9344	
1454	18.174	14.671	15.075	15.347	8.6775	5.7013	
1455	18.17	14.663	15.066	15.416	8.7501	5.778	
1456	18.165	14.655	15.057	15.442	8.7139	5.8162	
1457	18.161	14.648	15.047	15.384	8.5911	5.8161	
1458	18.156	14.64	15.038	15.382	8.7003	5.8269	
1459	18.151	14.632	15.028	15.364	8.5653	5.7475	
1460	18.147	14.625	15.019	15.406	8.6329	5.8577	
1461	18.142	14.617	15.01	15.425	8.6263	5.8131	
1462	18.138	14.61	15	15.392	8.6402	5.8205	
1463	18.133	14.602	14.991	15.378	8.6426	5.7707	
1464	18.129	14.595	14.982	15.356	8.6674	5.7556	
1465	18.124	14.587	14.972	15.367	8.7009	5.7782	
1466	18.12	14.579	14.963	15.362	8.5979	5.8152	
1467	18.115	14.572	14.954	15.382	8.6242	5.8072	
1468	18.111	14.564	14.945	15.351	8.6378	5.7845	
1469	18.107	14.557	14.935	15.375	8.6157	5.7777	
1470	18.102	14.549	14.926	15.368	8.6027	5.7829	
1471	18.098	14.542	14.917	15.371	8.6274	5.7814	
1472	18.093	14.534	14.908	15.372	8.6286	5.7604	
1473	18.089	14.527	14.898	15.361	8.64	5.7729	
1474	18.084	14.519	14.889	15.364	8.6233	5.7729	
1475	18.08	14.512	14.88	15.367	8.6216	5.7631	
1476	18.075	14.505	14.871	15.361	8.6167	5.7547	
1477	18.071	14.497	14.862	15.367	8.6407	5.7684	
1478	18.067	14.49	14.852	15.372	8.6251	5.7501	
1479	18.062	14.482	14.843	15.364	8.6199	5.7574	
1480	18.058	14.475	14.834	15.365	8.6238	5.7479	
1481	18.054	14.468	14.825	15.366	8.6113	5.7261	
1482	18.049	14.46	14.816	15.361	8.6283	5.7517	
1483	18.045	14.453	14.807	15.362	8.62	5.7472	
1484	18.04	14.446	14.798	15.378	8.6195	5.7384	
1485	18.036	14.438	14.789	15.355	8.6304	5.737	
1486	18.032	14.431	14.78	15.356	8.5946	5.6973	
1487	18.027	14.424	14.771	15.348	8.6228	5.7008	
1488	18.023	14.416	14.762	15.36	8.6145	5.7232	
1489	18.019	14.409	14.753	15.361	8.6151	5.7038	
1490	18.015	14.402	14.744	15.362	8.5895	5.747	
1491	18.01	14.394	14.735	15.345	8.6053	5.698	
1492	18.006	14.387	14.726	15.351	8.5961	5.7165	
1493	18.002	14.38	14.717	15.341	8.5614	5.7088	
1494	17.997	14.373	14.708	15.341	8.5719	5.697	
1495	17.993	14.365	14.699	15.332	8.5697	5.6877	
1496	17.989	14.358	14.69	15.36	8.6007	5.7053	
1497	17.985	14.351	14.681	15.331	8.5842	5.694	
1498	17.98	14.344	14.672	15.364	8.5808	5.6957	
1499	17.976	14.337	14.663	15.346	8.5729	5.7135	
1500	17.972	14.329	14.654	15.338	8.5688	5.6944	
1501	17.968	14.322	14.645	15.324	8.5615	5.6481	
1502	17.964	14.315	14.636	15.341	8.5663	5.6767	
1503	17.959	14.308	14.627	15.337	8.5858	5.6658	
1504	17.955	14.301	14.618	15.331	8.5525	5.6375	
1505	17.951	14.294	14.61	15.336	8.5556	5.6753	
1506	17.947	14.287	14.601	15.327	8.5511	5.6423	
1507	17.943	14.279	14.592	15.311	8.5398	5.6658	
1508	17.938	14.272	14.583	15.308	8.5416	5.6703	
1509	17.934	14.265	14.574	15.345	8.5427	5.6533	
1510	17.93	14.258	14.566	15.333	8.5601	5.6374	
1511	17.926	14.251	14.557	15.339	8.555	5.6471	
1512	17.922	14.244	14.548	15.33	8.5822	5.6517	
1513	17.918	14.237	14.539	15.364	8.5032	5.6648	
1514	17.914	14.23	14.53	15.322	8.5396	5.6835	
1515	17.909	14.223	14.522	15.295	8.5603	5.6483	
1516	17.905	14.216	14.513	15.318	8.5056	5.6522	
1517	17.901	14.209	14.504	15.315	8.5658	5.6102	
1518	17.897	14.202	14.496	15.295	8.5482	5.6359	
1519	17.893	14.195	14.487	15.297	8.5464	5.6432	
1520	17.889	14.188	14.478	15.291	8.534	5.6375	
1521	17.885	14.181	14.47	15.314	8.4871	5.5673	
1522	17.881	14.174	14.461	15.294	8.5187	5.5965	
1523	17.877	14.167	14.452	15.298	8.5355	5.6022	
1524	17.873	14.16	14.444	15.33	8.5488	5.6586	
1525	17.869	14.153	14.435	15.314	8.5414	5.6269	
1526	17.865	14.146	14.426	15.292	8.5151	5.6013	
1527	17.861	14.139	14.418	15.3	8.528	5.6024	
1528	17.857	14.132	14.409	15.288	8.5465	5.6141	
1529	17.853	14.126	14.4	15.293	8.4942	5.5902	
1530	17.849	14.119	14.392	15.303	8.5058	5.6026	
1531	17.845	14.112	14.383	15.28	8.4914	5.604	
1532	17.841	14.105	14.375	15.308	8.4916	5.603	
1533	17.837	14.098	14.366	15.284	8.4702	5.5967	
1534	17.833	14.091	14.358	15.305	8.4793	5.6376	
1535	17.829	14.084	14.349	15.298	8.4926	5.5712	
1536	17.825	14.078	14.341	15.276	8.4891	5.5791	
1537	17.821	14.071	14.332	15.283	8.4941	5.5846	
1538	17.817	14.064	14.324	15.277	8.5252	5.5789	
1539	17.813	14.057	14.315	15.294	8.4816	5.577	
1540	17.809	14.05	14.307	15.287	8.4628	5.578	
1541	17.805	14.044	14.298	15.275	8.4525	5.5494	
1542	17.801	14.037	14.29	15.281	8.4651	5.5754	
1543	17.797	14.03	14.281	15.279	8.4722	5.544	
1544	17.793	14.023	14.273	15.282	8.4897	5.5788	
1545	17.789	14.017	14.264	15.263	8.493	5.5536	
1546	17.786	14.01	14.256	15.278	8.4662	5.5539	
1547	17.782	14.003	14.248	15.274	8.4734	5.5453	
1548	17.778	13.997	14.239	15.277	8.4642	5.5399	
1549	17.774	13.99	14.231	15.277	8.4838	5.5347	
1550	17.77	13.983	14.222	15.282	8.4621	5.5433	
1551	17.766	13.976	14.214	15.26	8.4848	5.5405	
1552	17.762	13.97	14.206	15.272	8.4641	5.5476	
1553	17.758	13.963	14.197	15.253	8.4528	5.5522	
1554	17.755	13.957	14.189	15.262	8.4672	5.5335	
1555	17.751	13.95	14.181	15.281	8.442	5.52	
1556	17.747	13.943	14.172	15.259	8.4567	5.5561	
1557	17.743	13.937	14.164	15.253	8.4481	5.5181	
1558	17.739	13.93	14.156	15.256	8.4504	5.5207	
1559	17.735	13.923	14.148	15.276	8.4324	5.4932	
1560	17.732	13.917	14.139	15.271	8.4614	5.517	
1561	17.728	13.91	14.131	15.28	8.463	5.5073	
1562	17.724	13.904	14.123	15.286	8.4263	5.5184	
1563	17.72	13.897	14.115	15.246	8.4494	5.5213	
1564	17.717	13.891	14.106	15.253	8.4738	5.4959	
1565	17.713	13.884	14.098	15.26	8.475	5.4892	
1566	17.709	13.877	14.09	15.25	8.4211	5.471	
1567	17.705	13.871	14.082	15.272	8.4036	5.5013	
1568	17.701	13.864	14.073	15.254	8.4459	5.5132	
1569	17.698	13.858	14.065	15.273	8.4673	5.5183	
1570	17.694	13.851	14.057	15.258	8.4541	5.5109	
1571	17.69	13.845	14.049	15.251	8.43	5.5032	
1572	17.687	13.838	14.041	15.247	8.4216	5.516	
1573	17.683	13.832	14.033	15.253	8.4038	5.4898	
1574	17.679	13.825	14.025	15.271	8.4254	5.4739	
1575	17.675	13.819	14.016	15.231	8.4078	5.4942	
1576	17.672	13.813	14.008	15.249	8.3978	5.4296	
1577	17.668	13.806	14	15.217	8.3749	5.4756	
1578	17.664	13.8	13.992	15.237	8.4288	5.4607	
1579	17.661	13.793	13.984	15.228	8.4205	5.4795	
1580	17.657	13.787	13.976	15.239	8.3869	5.4487	
1581	17.653	13.78	13.968	15.234	8.4189	5.4105	
1582	17.65	13.774	13.96	15.257	8.4008	5.48	
1583	17.646	13.768	13.952	15.226	8.4345	5.4544	
1584	17.642	13.761	13.944	15.259	8.3606	5.4227	
1585	17.639	13.755	13.936	15.244	8.4289	5.4566	
1586	17.635	13.748	13.928	15.233	8.3734	5.502	
1587	17.631	13.742	13.92	15.238	8.4237	5.4611	
1588	17.628	13.736	13.912	15.245	8.3774	5.3926	
1589	17.624	13.729	13.904	15.215	8.3875	5.4566	
1590	17.621	13.723	13.896	15.228	8.3519	5.4219	
1591	17.617	13.717	13.888	15.219	8.3652	5.442	
1592	17.613	13.71	13.88	15.22	8.4063	5.4059	
1593	17.61	13.704	13.872	15.242	8.3902	5.4055	
1594	17.606	13.698	13.864	15.227	8.3533	5.4718	
1595	17.603	13.692	13.856	15.251	8.3693	5.388	
1596	17.599	13.685	13.848	15.218	8.396	5.4089	
1597	17.595	13.679	13.84	15.224	8.3787	5.4234	
1598	17.592	13.673	13.832	15.233	8.3674	5.3693	
1599	17.588	13.667	13.824	15.229	8.3583	5.4027	
1600	17.585	13.66	13.816	15.215	8.372	5.3582	
1601	17.581	13.654	13.809	15.245	8.3609	5.4297	
1602	17.578	13.648	13.801	15.238	8.3485	5.3855	
1603	17.574	13.642	13.793	15.243	8.3307	5.3756	
1604	17.571	13.635	13.785	15.231	8.3665	5.3766	
1605	17.567	13.629	13.777	15.219	8.355	5.4195	
1606	17.564	13.623	13.769	15.218	8.3515	5.381	
1607	17.56	13.617	13.761	15.236	8.3546	5.3807	
1608	17.557	13.611	13.754	15.198	8.3743	5.3834	
1609	17.553	13.605	13.746	15.209	8.3542	5.3865	
1610	17.55	13.598	13.738	15.217	8.3669	5.3679	
1611	17.546	13.592	13.73	15.223	8.3448	5.3933	
1612	17.543	13.586	13.722	15.243	8.3307	5.3638	
1613	17.539	13.58	13.715	15.178	8.3644	5.3728	
1614	17.536	13.574	13.707	15.202	8.361	5.4227	
1615	17.532	13.568	13.699	15.227	8.3397	5.3958	
1616	17.529	13.562	13.691	15.22	8.3127	5.3666	
1617	17.525	13.556	13.684	15.246	8.3553	5.3936	
1618	17.522	13.549	13.676	15.226	8.3236	5.3726	
1619	17.518	13.543	13.668	15.199	8.3466	5.3731	
1620	17.515	13.537	13.661	15.181	8.3603	5.3781	
1621	17.512	13.531	13.653	15.208	8.3253	5.3494	
1622	17.508	13.525	13.645	15.178	8.3112	5.3902	
1623	17.505	13.519	13.638	15.171	8.3181	5.3343	
1624	17.501	13.513	13.63	15.213	8.3478	5.3601	
1625	17.498	13.507	13.622	15.221	8.3268	5.3138	
1626	17.495	13.501	13.615	15.189	8.3195	5.3457	
1627	17.491	13.495	13.607	15.194	8.2845	5.3273	
1628	17.488	13.489	13.599	15.187	8.3499	5.3401	
1629	17.484	13.483	13.592	15.19	8.342	5.3735	
1630	17.481	13.477	13.584	15.179	8.3391	5.3371	
1631	17.478	13.471	13.576	15.173	8.3154	5.3855	
1632	17.474	13.465	13.569	15.186	8.35	5.3166	
1633	17.471	13.459	13.561	15.203	8.3497	5.3381	
1634	17.467	13.453	13.554	15.171	8.297	5.3258	
1635	17.464	13.447	13.546	15.194	8.3312	5.3287	
1636	17.461	13.441	13.539	15.188	8.3212	5.3036	
1637	17.457	13.435	13.531	15.199	8.3059	5.3668	
1638	17.454	13.429	13.523	15.222	8.2801	5.3259	
1639	17.451	13.423	13.516	15.182	8.3194	5.2974	
1640	17.448	13.418	13.508	15.173	8.2818	5.3281	
1641	17.444	13.412	13.501	15.175	8.354	5.2891	
1642	17.441	13.406	13.493	15.205	8.2703	5.335	
1643	17.438	13.4	13.486	15.19	8.3112	5.2849	
1644	17.434	13.394	13.478	15.187	8.2906	5.3078	
1645	17.431	13.388	13.471	15.188	8.2927	5.329	
1646	17.428	13.382	13.463	15.208	8.31	5.2496	
1647	17.424	13.376	13.456	15.15	8.3281	5.3322	
1648	17.421	13.37	13.449	15.196	8.214	5.2562	
1649	17.418	13.365	13.441	15.203	8.3041	5.32	
1650	17.415	13.359	13.434	15.183	8.3097	5.3172	
1651	17.411	13.353	13.426	15.183	8.2823	5.2789	
1652	17.408	13.347	13.419	15.167	8.2903	5.2806	
1653	17.405	13.341	13.411	15.222	8.273	5.3132	
1654	17.402	13.336	13.404	15.187	8.2721	5.3	
1655	17.398	13.33	13.397	15.181	8.3124	5.2674	
1656	17.395	13.324	13.389	15.178	8.2858	5.2886	
1657	17.392	13.318	13.382	15.182	8.2736	5.2715	
1658	17.389	13.312	13.374	15.168	8.2909	5.2684	
1659	17.385	13.307	13.367	15.198	8.2389	5.2994	
1660	17.382	13.301	13.36	15.134	8.2013	5.3163	
1661	17.379	13.295	13.352	15.18	8.22	5.277	
1662	17.376	13.289	13.345	15.141	8.2754	5.2561	
1663	17.373	13.284	13.338	15.16	8.3068	5.3083	
1664	17.369	13.278	13.33	15.139	8.2076	5.1903	
1665	17.366	13.272	13.323	15.134	8.2768	5.2901	
1666	17.363	13.267	13.316	15.203	8.2376	5.2267	
1667	17.36	13.261	13.308	15.116	8.178	5.2636	
1668	17.357	13.255	13.301	15.094	8.2587	5.2816	
1669	17.353	13.249	13.294	15.177	8.2221	5.1642	
1670	17.35	13.244	13.287	15.177	8.3188	5.28	
1671	17.347	13.238	13.279	15.144	8.2985	5.1962	
1672	17.344	13.232	13.272	15.205	8.2434	5.1552	
1673	17.341	13.227	13.265	15.194	8.2671	5.2595	
1674	17.338	13.221	13.258	15.196	8.273	5.2443	
1675	17.335	13.215	13.25	15.123	8.1082	5.2754	
1676	17.331	13.21	13.243	15.177	8.2951	5.2414	
1677	17.328	13.204	13.236	15.141	8.2686	5.3115	
1678	17.325	13.199	13.229	15.131	8.1656	5.2901	
1679	17.322	13.193	13.222	15.153	8.2106	5.2576	
1680	17.319	13.187	13.214	15.136	8.2649	5.3272	
1681	17.316	13.182	13.207	15.15	8.3289	5.2473	
1682	17.313	13.176	13.2	15.105	8.2398	5.2015	
1683	17.31	13.171	13.193	15.132	8.2922	5.1972	
1684	17.307	13.165	13.186	15.112	8.2552	5.3479	
1685	17.303	13.159	13.179	15.14	8.0623	5.0309	
1686	17.3	13.154	13.171	15.254	8.287	5.2897	
1687	17.297	13.148	13.164	15.066	8.3556	5.4453	
1688	17.294	13.143	13.157	15.075	8.27	5.2045	
1689	17.291	13.137	13.15	15.151	8.2085	5.0922	
1690	17.288	13.132	13.143	15.044	8.425	5.2279	
1691	17.285	13.126	13.136	15.226	8.1621	5.1941	
1692	17.282	13.121	13.129	15.228	8.4692	5.2754	
1693	17.279	13.115	13.122	14.99	8.3545	5.5722	
1694	17.276	13.11	13.115	14.9	8.082	5.2263	
1695	17.273	13.104	13.108	15.192	8.4939	5.4261	
1696	17.27	13.099	13.1	15.082	8.2301	5.4347	
1697	17.267	13.093	13.093	15.142	8.3357	5.437	
1698	17.264	13.088	13.086	14.719	8.2576	4.9981	
1699	17.261	13.082	13.079	14.916	8.6842	5.3629	
1700	17.258	13.077	13.072	14.932	8.1696	5.1826	
