	65	70	75	65	70	75	
300	43.053	44.356	45.657	37.511	37.209	37.514	
301	43.25	44.62	45.963	37.295	36.907	37.453	
302	43.457	44.893	46.279	37.087	36.772	37.279	
303	43.674	45.178	46.607	37.019	36.553	37.024	
304	43.901	45.472	46.946	36.99	36.489	37.052	
305	44.136	45.778	47.297	36.884	36.423	36.867	
306	44.382	46.093	47.66	36.614	36.185	36.77	
307	44.636	46.42	48.036	36.511	36.277	36.641	
308	44.899	46.756	48.424	36.334	36.128	36.541	
309	45.171	47.104	48.826	36.365	35.959	36.377	
310	45.451	47.462	49.241	36.171	35.873	36.379	
311	45.739	47.83	49.669	36.159	35.715	36.319	
312	46.036	48.208	50.111	36.209	35.719	36.207	
313	46.34	48.598	50.567	35.89	35.526	36.139	
314	46.652	48.997	51.038	35.955	35.547	35.953	
315	46.972	49.407	51.523	35.892	35.364	35.909	
316	47.299	49.828	52.024	35.798	35.418	35.815	
317	47.633	50.259	52.539	35.661	35.298	35.754	
318	47.975	50.7	53.071	35.561	35.153	35.59	
319	48.323	51.151	53.618	35.518	35.053	35.611	
320	48.677	51.613	54.181	35.535	35.035	35.459	
321	49.038	52.084	54.761	35.427	34.977	35.375	
322	49.406	52.566	55.356	35.393	34.901	35.332	
323	49.779	53.057	55.969	35.355	34.78	35.278	
324	50.157	53.557	56.597	35.23	34.786	35.152	
325	50.541	54.066	57.243	35.241	34.578	35.091	
326	50.929	54.584	57.904	35.155	34.568	35.032	
327	51.322	55.11	58.582	35.062	34.546	34.927	
328	51.719	55.644	59.277	35.028	34.498	34.847	
329	52.119	56.185	59.987	34.999	34.432	34.774	
330	52.522	56.732	60.713	35.011	34.459	34.767	
331	52.928	57.286	61.454	34.888	34.365	34.712	
332	53.335	57.845	62.21	34.842	34.23	34.555	
333	53.744	58.408	62.979	34.885	34.182	34.577	
334	54.153	58.974	63.762	34.798	34.161	34.525	
335	54.563	59.543	64.558	34.731	34.097	34.447	
336	54.971	60.113	65.365	34.609	34.041	34.358	
337	55.377	60.684	66.183	34.687	34.006	34.353	
338	55.781	61.252	67.009	34.632	33.962	34.303	
339	56.181	61.818	67.843	34.529	33.832	34.23	
340	56.577	62.38	68.683	34.579	33.724	34.179	
341	56.968	62.935	69.526	34.486	33.766	34.165	
342	57.352	63.483	70.37	34.466	33.725	34.1	
343	57.728	64.02	71.213	34.549	33.733	34.023	
344	58.095	64.545	72.05	34.521	33.702	33.95	
345	58.452	65.055	72.878	34.424	33.661	33.933	
346	58.798	65.548	73.692	34.455	33.622	33.892	
347	59.131	66.021	74.486	34.458	33.593	33.865	
348	59.449	66.47	75.253	34.377	33.616	33.812	
349	59.751	66.893	75.985	34.389	33.625	33.81	
350	60.035	67.285	76.671	34.388	33.625	33.767	
351	60.3	67.644	77.301	34.35	33.524	33.743	
352	60.543	67.964	77.861	34.396	33.574	33.8	
353	60.762	68.243	78.336	34.351	33.52	33.614	
354	60.957	68.477	78.71	34.458	33.583	33.722	
355	61.126	68.663	78.968	34.599	33.444	33.575	
356	61.267	68.797	79.095	34.579	33.535	33.58	
357	61.382	68.879	79.082	34.514	33.694	33.653	
358	61.472	68.908	78.921	34.45	33.599	33.561	
359	61.538	68.886	78.616	34.557	33.626	33.604	
360	61.583	68.816	78.173	34.568	33.602	33.533	
361	61.613	68.702	77.605	34.519	33.534	33.614	
362	61.629	68.548	76.932	34.468	33.471	33.318	
363	61.638	68.362	76.174	34.502	33.373	33.27	
364	61.641	68.149	75.351	34.485	33.406	33.141	
365	61.643	67.913	74.486	34.48	33.239	33.257	
366	61.643	67.66	73.596	34.43	33.18	32.916	
367	61.642	67.392	72.698	34.217	33.026	32.627	
368	61.641	67.114	71.806	34.2	33.006	32.484	
369	61.642	66.831	70.933	34.034	32.568	32.257	
370	61.643	66.545	70.088	33.841	32.395	31.955	
371	61.638	66.252	69.272	33.737	32.227	31.762	
372	61.625	65.953	68.486	33.555	32.089	31.437	
373	61.603	65.647	67.731	33.39	31.779	31.262	
374	61.57	65.335	67.007	33.076	31.523	30.992	
375	61.524	65.016	66.312	32.972	31.289	30.557	
376	61.465	64.693	65.646	32.744	31.026	30.281	
377	61.393	64.363	65.007	32.512	30.758	29.935	
378	61.307	64.031	64.395	32.361	30.452	29.755	
379	61.208	63.696	63.809	32.152	30.302	29.525	
380	61.095	63.357	63.244	31.847	30.094	29.22	
381	60.969	63.014	62.698	31.78	29.805	28.874	
382	60.83	62.669	62.171	31.618	29.702	28.718	
383	60.679	62.322	61.662	31.407	29.37	28.494	
384	60.517	61.975	61.169	31.178	29.194	28.195	
385	60.345	61.628	60.694	31.074	29.021	28.069	
386	60.164	61.283	60.236	30.864	28.789	27.848	
387	59.975	60.938	59.791	30.652	28.633	27.637	
388	59.777	60.595	59.36	30.583	28.41	27.476	
389	59.572	60.253	58.941	30.461	28.307	27.256	
390	59.36	59.913	58.535	30.26	28.108	27.05	
391	59.143	59.577	58.141	30.191	27.915	26.895	
392	58.919	59.242	57.758	29.981	27.735	26.665	
393	58.691	58.91	57.384	29.878	27.587	26.582	
394	58.458	58.581	57.021	29.682	27.397	26.4	
395	58.221	58.254	56.666	29.63	27.355	26.298	
396	57.98	57.93	56.32	29.422	27.142	26.077	
397	57.736	57.609	55.982	29.335	27.036	25.925	
398	57.488	57.291	55.651	29.275	26.882	25.776	
399	57.238	56.975	55.328	29.093	26.69	25.637	
400	56.986	56.662	55.011	29.072	26.6	25.423	
401	56.732	56.352	54.701	28.922	26.451	25.337	
402	56.475	56.045	54.396	28.768	26.379	25.181	
403	56.218	55.741	54.098	28.682	26.196	25.041	
404	55.96	55.439	53.805	28.573	26.143	24.894	
405	55.701	55.141	53.517	28.511	25.929	24.83	
406	55.441	54.845	53.235	28.418	25.831	24.647	
407	55.182	54.553	52.958	28.306	25.691	24.585	
408	54.922	54.264	52.685	28.204	25.67	24.441	
409	54.663	53.978	52.418	28.091	25.533	24.21	
410	54.405	53.696	52.155	28.031	25.423	24.179	
411	54.148	53.416	51.897	27.868	25.362	24.088	
412	53.891	53.141	51.643	27.819	25.199	23.977	
413	53.636	52.868	51.393	27.751	25.068	23.815	
414	53.382	52.599	51.148	27.647	25.046	23.779	
415	53.13	52.334	50.908	27.567	24.906	23.666	
416	52.879	52.071	50.671	27.436	24.81	23.564	
417	52.63	51.813	50.438	27.395	24.667	23.442	
418	52.383	51.557	50.209	27.242	24.576	23.314	
419	52.138	51.305	49.984	27.24	24.539	23.278	
420	51.895	51.057	49.763	27.177	24.391	23.051	
421	51.654	50.812	49.546	26.993	24.277	23.05	
422	51.415	50.57	49.332	27.016	24.164	22.99	
423	51.178	50.331	49.122	26.934	24.088	22.879	
424	50.944	50.096	48.915	26.867	24.049	22.714	
425	50.712	49.864	48.711	26.755	23.89	22.644	
426	50.482	49.634	48.511	26.651	23.86	22.58	
427	50.254	49.409	48.314	26.553	23.755	22.538	
428	50.029	49.186	48.12	26.479	23.663	22.372	
429	49.805	48.966	47.929	26.519	23.569	22.282	
430	49.585	48.749	47.741	26.369	23.426	22.284	
431	49.366	48.535	47.556	26.264	23.503	22.162	
432	49.15	48.324	47.374	26.276	23.311	21.984	
433	48.936	48.116	47.194	26.141	23.339	21.941	
434	48.725	47.911	47.018	26.086	23.175	21.795	
435	48.516	47.708	46.843	26.006	23.033	21.804	
436	48.309	47.508	46.672	25.973	22.899	21.543	
437	48.104	47.311	46.503	25.893	22.922	21.617	
438	47.902	47.116	46.336	25.872	22.893	21.469	
439	47.702	46.924	46.172	25.71	22.818	21.435	
440	47.504	46.734	46.01	25.695	22.639	21.343	
441	47.308	46.547	45.85	25.63	22.648	21.261	
442	47.115	46.363	45.693	25.588	22.648	21.104	
443	46.923	46.18	45.537	25.507	22.442	21.184	
444	46.734	46	45.384	25.556	22.424	20.985	
445	46.547	45.822	45.233	25.392	22.277	20.91	
446	46.362	45.647	45.084	25.234	22.293	20.863	
447	46.179	45.473	44.937	25.292	22.112	20.749	
448	45.998	45.302	44.792	25.195	22.141	20.723	
449	45.82	45.133	44.648	25.183	22.026	20.627	
450	45.643	44.966	44.507	25.118	21.916	20.654	
451	45.468	44.801	44.367	25.118	21.857	20.554	
452	45.295	44.638	44.229	25.026	21.784	20.444	
453	45.124	44.477	44.093	24.922	21.755	20.443	
454	44.955	44.318	43.959	24.835	21.684	20.273	
455	44.788	44.161	43.826	24.769	21.671	20.279	
456	44.623	44.006	43.695	24.72	21.58	20.095	
457	44.459	43.853	43.565	24.709	21.546	20.092	
458	44.298	43.701	43.437	24.66	21.441	20.062	
459	44.138	43.551	43.31	24.663	21.481	19.975	
460	43.98	43.403	43.185	24.545	21.331	19.906	
461	43.823	43.256	43.061	24.62	21.233	19.818	
462	43.669	43.112	42.939	24.431	21.183	19.772	
463	43.516	42.968	42.818	24.46	21.21	19.722	
464	43.364	42.827	42.699	24.327	21.031	19.609	
465	43.215	42.687	42.581	24.36	21.017	19.608	
466	43.066	42.548	42.464	24.267	20.954	19.454	
467	42.92	42.411	42.348	24.206	20.854	19.484	
468	42.775	42.276	42.234	24.17	20.799	19.396	
469	42.632	42.142	42.121	24.092	20.77	19.34	
470	42.49	42.009	42.009	24.061	20.699	19.193	
471	42.349	41.878	41.898	24.012	20.652	19.217	
472	42.21	41.748	41.788	23.934	20.679	19.142	
473	42.073	41.62	41.68	23.947	20.517	19.035	
474	41.937	41.493	41.572	23.908	20.509	19.076	
475	41.802	41.367	41.466	23.846	20.472	18.955	
476	41.669	41.243	41.361	23.824	20.439	18.928	
477	41.537	41.119	41.257	23.74	20.279	18.806	
478	41.407	40.997	41.154	23.684	20.28	18.775	
479	41.277	40.877	41.051	23.667	20.197	18.72	
480	41.15	40.757	40.95	23.599	20.142	18.638	
481	41.023	40.639	40.85	23.572	20.093	18.615	
482	40.898	40.522	40.751	23.495	20.1	18.561	
483	40.774	40.406	40.652	23.543	20.037	18.524	
484	40.651	40.291	40.555	23.447	19.952	18.437	
485	40.529	40.177	40.459	23.405	19.904	18.479	
486	40.409	40.064	40.363	23.388	19.787	18.36	
487	40.289	39.952	40.268	23.308	19.783	18.254	
488	40.171	39.842	40.174	23.318	19.714	18.213	
489	40.054	39.732	40.081	23.228	19.691	18.178	
490	39.938	39.623	39.989	23.239	19.606	18.185	
491	39.824	39.516	39.897	23.162	19.598	18.078	
492	39.71	39.409	39.806	23.125	19.513	18.036	
493	39.598	39.304	39.717	23.098	19.505	17.975	
494	39.486	39.199	39.627	23.049	19.475	17.976	
495	39.376	39.095	39.539	23.039	19.452	17.877	
496	39.266	38.992	39.451	22.991	19.38	17.876	
497	39.158	38.89	39.364	22.952	19.303	17.874	
498	39.05	38.789	39.278	22.922	19.281	17.787	
499	38.944	38.689	39.193	22.888	19.204	17.73	
500	38.839	38.59	39.108	22.873	19.164	17.653	
501	38.734	38.491	39.023	22.799	19.155	17.607	
502	38.631	38.393	38.94	22.748	19.072	17.553	
503	38.528	38.297	38.857	22.745	19.08	17.515	
504	38.426	38.201	38.775	22.67	18.989	17.461	
505	38.326	38.105	38.693	22.66	18.966	17.426	
506	38.226	38.011	38.612	22.59	18.9	17.357	
507	38.127	37.917	38.532	22.573	18.858	17.36	
508	38.028	37.824	38.452	22.544	18.831	17.264	
509	37.931	37.732	38.373	22.54	18.784	17.234	
510	37.835	37.641	38.294	22.464	18.744	17.185	
511	37.739	37.55	38.216	22.441	18.672	17.172	
512	37.644	37.46	38.139	22.411	18.653	17.095	
513	37.55	37.371	38.062	22.38	18.604	17.039	
514	37.457	37.282	37.985	22.329	18.581	17.008	
515	37.365	37.194	37.909	22.323	18.521	16.956	
516	37.273	37.107	37.834	22.272	18.488	16.925	
517	37.182	37.02	37.759	22.233	18.453	16.889	
518	37.092	36.934	37.685	22.213	18.429	16.8	
519	37.003	36.849	37.611	22.156	18.383	16.8	
520	36.914	36.764	37.538	22.155	18.329	16.783	
521	36.826	36.68	37.465	22.107	18.281	16.705	
522	36.739	36.597	37.393	22.082	18.236	16.682	
523	36.653	36.514	37.321	22.044	18.197	16.633	
524	36.567	36.432	37.249	22.008	18.175	16.576	
525	36.482	36.35	37.178	21.973	18.11	16.541	
526	36.397	36.269	37.108	21.948	18.101	16.479	
527	36.313	36.189	37.038	21.919	18.041	16.467	
528	36.23	36.109	36.968	21.871	18.015	16.444	
529	36.148	36.029	36.899	21.848	17.935	16.346	
530	36.066	35.95	36.83	21.807	17.963	16.332	
531	35.985	35.872	36.762	21.787	17.894	16.282	
532	35.904	35.794	36.694	21.792	17.872	16.249	
533	35.824	35.717	36.626	21.715	17.836	16.21	
534	35.745	35.641	36.559	21.688	17.765	16.173	
535	35.666	35.564	36.493	21.675	17.736	16.118	
536	35.588	35.489	36.426	21.642	17.728	16.071	
537	35.51	35.414	36.36	21.635	17.67	16.051	
538	35.434	35.339	36.295	21.595	17.649	16.008	
539	35.357	35.265	36.23	21.569	17.626	15.99	
540	35.281	35.191	36.165	21.55	17.587	15.938	
541	35.206	35.118	36.1	21.51	17.537	15.923	
542	35.131	35.045	36.036	21.482	17.509	15.858	
543	35.057	34.973	35.973	21.476	17.461	15.814	
544	34.983	34.901	35.909	21.431	17.422	15.773	
545	34.91	34.829	35.846	21.41	17.437	15.761	
546	34.838	34.758	35.784	21.352	17.352	15.71	
547	34.766	34.688	35.721	21.367	17.317	15.707	
548	34.694	34.618	35.659	21.329	17.285	15.648	
549	34.623	34.548	35.598	21.326	17.238	15.622	
550	34.552	34.479	35.536	21.261	17.228	15.591	
551	34.482	34.41	35.475	21.239	17.193	15.54	
552	34.413	34.342	35.415	21.241	17.157	15.508	
553	34.344	34.274	35.354	21.207	17.129	15.477	
554	34.275	34.206	35.294	21.168	17.077	15.44	
555	34.207	34.139	35.235	21.16	17.056	15.395	
556	34.139	34.072	35.175	21.131	17.016	15.362	
557	34.072	34.006	35.116	21.103	16.947	15.317	
558	34.005	33.94	35.057	21.084	16.962	15.3	
559	33.939	33.874	34.999	21.046	16.928	15.278	
560	33.873	33.809	34.941	21.019	16.886	15.228	
561	33.807	33.744	34.883	21.007	16.84	15.186	
562	33.743	33.68	34.825	21	16.812	15.184	
563	33.678	33.616	34.768	20.961	16.801	15.133	
564	33.614	33.552	34.71	20.944	16.75	15.126	
565	33.55	33.489	34.654	20.9	16.721	15.064	
566	33.487	33.426	34.597	20.879	16.684	15.074	
567	33.424	33.363	34.541	20.845	16.66	15.01	
568	33.361	33.301	34.485	20.818	16.626	14.969	
569	33.299	33.239	34.429	20.805	16.591	14.939	
570	33.238	33.177	34.374	20.791	16.566	14.891	
571	33.176	33.116	34.318	20.756	16.54	14.877	
572	33.116	33.055	34.263	20.734	16.528	14.866	
573	33.055	32.994	34.209	20.719	16.489	14.815	
574	32.995	32.934	34.154	20.685	16.473	14.755	
575	32.935	32.874	34.1	20.662	16.434	14.74	
576	32.876	32.814	34.046	20.631	16.404	14.719	
577	32.817	32.755	33.992	20.644	16.385	14.694	
578	32.758	32.696	33.939	20.618	16.331	14.681	
579	32.7	32.637	33.886	20.576	16.316	14.62	
580	32.642	32.578	33.833	20.577	16.277	14.621	
581	32.584	32.52	33.78	20.535	16.251	14.584	
582	32.527	32.462	33.727	20.524	16.22	14.522	
583	32.47	32.405	33.675	20.504	16.18	14.507	
584	32.414	32.347	33.623	20.492	16.17	14.517	
585	32.358	32.29	33.571	20.442	16.155	14.449	
586	32.302	32.234	33.519	20.431	16.123	14.417	
587	32.246	32.177	33.468	20.436	16.098	14.362	
588	32.191	32.121	33.417	20.408	16.07	14.357	
589	32.136	32.065	33.366	20.364	16.041	14.332	
590	32.082	32.01	33.315	20.345	16.005	14.287	
591	32.027	31.954	33.264	20.333	15.99	14.25	
592	31.974	31.899	33.214	20.31	15.918	14.221	
593	31.92	31.845	33.164	20.296	15.969	14.198	
594	31.867	31.79	33.114	20.283	15.892	14.209	
595	31.814	31.736	33.064	20.24	15.88	14.155	
596	31.761	31.682	33.014	20.22	15.879	14.124	
597	31.709	31.628	32.965	20.21	15.839	14.089	
598	31.657	31.575	32.916	20.202	15.8	14.07	
599	31.605	31.522	32.867	20.184	15.748	14.033	
600	31.554	31.469	32.818	20.146	15.774	14.024	
601	31.502	31.416	32.77	20.111	15.734	13.982	
602	31.451	31.363	32.721	20.089	15.676	13.946	
603	31.401	31.311	32.673	20.073	15.681	13.918	
604	31.351	31.259	32.625	20.062	15.645	13.915	
605	31.3	31.207	32.577	20.041	15.608	13.859	
606	31.251	31.156	32.53	20.03	15.616	13.815	
607	31.201	31.105	32.482	19.998	15.592	13.779	
608	31.152	31.054	32.435	20.014	15.535	13.804	
609	31.103	31.003	32.388	19.982	15.547	13.748	
610	31.054	30.952	32.341	19.959	15.505	13.733	
611	31.006	30.902	32.294	19.939	15.468	13.708	
612	30.958	30.852	32.248	19.937	15.48	13.705	
613	30.91	30.802	32.201	19.905	15.44	13.625	
614	30.862	30.752	32.155	19.873	15.416	13.633	
615	30.815	30.703	32.109	19.872	15.373	13.599	
616	30.768	30.653	32.063	19.848	15.366	13.567	
617	30.721	30.604	32.017	19.833	15.339	13.548	
618	30.674	30.556	31.972	19.81	15.324	13.544	
619	30.628	30.507	31.927	19.793	15.289	13.484	
620	30.582	30.459	31.881	19.769	15.26	13.464	
621	30.536	30.41	31.836	19.744	15.245	13.463	
622	30.49	30.362	31.791	19.758	15.223	13.435	
623	30.445	30.315	31.747	19.727	15.19	13.375	
624	30.4	30.267	31.702	19.705	15.17	13.372	
625	30.355	30.22	31.658	19.678	15.168	13.392	
626	30.31	30.173	31.613	19.681	15.12	13.311	
627	30.266	30.126	31.569	19.667	15.098	13.304	
628	30.221	30.079	31.525	19.638	15.06	13.283	
629	30.177	30.032	31.482	19.635	15.075	13.294	
630	30.133	29.986	31.438	19.57	15.013	13.233	
631	30.09	29.94	31.395	19.565	15.066	13.236	
632	30.046	29.894	31.351	19.575	15.011	13.141	
633	30.003	29.848	31.308	19.564	14.965	13.12	
634	29.96	29.802	31.265	19.51	14.954	13.069	
635	29.918	29.757	31.222	19.493	14.942	13.106	
636	29.875	29.711	31.179	19.49	14.951	13.106	
637	29.833	29.666	31.137	19.498	14.872	13.056	
638	29.791	29.621	31.094	19.454	14.846	13.046	
639	29.749	29.577	31.052	19.459	14.818	13.027	
640	29.707	29.532	31.01	19.425	14.799	13.018	
641	29.666	29.488	30.968	19.452	14.778	12.939	
642	29.624	29.444	30.926	19.402	14.772	12.986	
643	29.583	29.4	30.884	19.387	14.721	12.945	
644	29.543	29.356	30.842	19.404	14.727	12.899	
645	29.502	29.312	30.801	19.385	14.71	12.869	
646	29.461	29.269	30.759	19.341	14.67	12.857	
647	29.421	29.225	30.718	19.34	14.697	12.832	
648	29.381	29.182	30.677	19.298	14.644	12.833	
649	29.341	29.139	30.636	19.29	14.633	12.793	
650	29.301	29.096	30.595	19.268	14.571	12.757	
651	29.262	29.054	30.555	19.249	14.593	12.771	
652	29.223	29.011	30.514	19.245	14.544	12.718	
653	29.183	28.969	30.474	19.224	14.556	12.69	
654	29.144	28.927	30.433	19.213	14.505	12.636	
655	29.106	28.885	30.393	19.188	14.528	12.643	
656	29.067	28.843	30.353	19.173	14.551	12.655	
657	29.029	28.801	30.313	19.182	14.495	12.58	
658	28.99	28.759	30.273	19.145	14.451	12.585	
659	28.952	28.718	30.234	19.135	14.393	12.576	
660	28.914	28.677	30.194	19.131	14.406	12.557	
661	28.877	28.636	30.155	19.149	14.366	12.521	
662	28.839	28.595	30.115	19.141	14.38	12.487	
663	28.802	28.554	30.076	19.085	14.354	12.478	
664	28.765	28.513	30.037	19.067	14.358	12.46	
665	28.728	28.473	29.998	19.05	14.329	12.422	
666	28.691	28.432	29.959	19.037	14.283	12.4	
667	28.654	28.392	29.92	19.049	14.264	12.403	
668	28.617	28.352	29.882	19.03	14.28	12.379	
669	28.581	28.312	29.843	19.015	14.24	12.357	
670	28.545	28.273	29.805	18.996	14.227	12.341	
671	28.509	28.233	29.767	18.983	14.189	12.272	
672	28.473	28.193	29.728	18.968	14.151	12.307	
673	28.437	28.154	29.69	18.924	14.153	12.286	
674	28.402	28.115	29.652	18.939	14.161	12.278	
675	28.366	28.076	29.615	18.916	14.153	12.296	
676	28.331	28.037	29.577	18.918	14.072	12.203	
677	28.296	27.998	29.539	18.905	14.111	12.199	
678	28.261	27.96	29.502	18.877	14.073	12.219	
679	28.226	27.921	29.464	18.874	14.028	12.143	
680	28.191	27.883	29.427	18.865	14.013	12.153	
681	28.157	27.844	29.39	18.846	13.999	12.088	
682	28.123	27.806	29.353	18.845	14.005	12.109	
683	28.088	27.768	29.316	18.808	13.954	12.072	
684	28.054	27.731	29.279	18.784	13.945	12.093	
685	28.02	27.693	29.242	18.793	13.961	12.052	
686	27.987	27.655	29.206	18.775	13.924	12.002	
687	27.953	27.618	29.169	18.777	13.89	11.991	
688	27.92	27.58	29.133	18.772	13.868	11.962	
689	27.886	27.543	29.096	18.761	13.903	11.957	
690	27.853	27.506	29.06	18.716	13.875	11.965	
691	27.82	27.469	29.024	18.724	13.843	11.91	
692	27.787	27.432	28.988	18.709	13.782	11.94	
693	27.754	27.396	28.952	18.696	13.781	11.891	
694	27.722	27.359	28.916	18.682	13.775	11.898	
695	27.689	27.323	28.881	18.653	13.738	11.859	
696	27.657	27.286	28.845	18.654	13.704	11.854	
697	27.625	27.25	28.809	18.647	13.742	11.818	
698	27.593	27.214	28.774	18.656	13.697	11.76	
699	27.561	27.178	28.739	18.615	13.678	11.745	
700	27.529	27.142	28.703	18.603	13.714	11.763	
701	27.497	27.106	28.668	18.616	13.601	11.754	
702	27.466	27.071	28.633	18.605	13.677	11.742	
703	27.434	27.035	28.598	18.55	13.664	11.695	
704	27.403	27	28.563	18.548	13.616	11.689	
705	27.372	26.965	28.529	18.593	13.586	11.663	
706	27.341	26.93	28.494	18.539	13.595	11.627	
707	27.31	26.895	28.459	18.519	13.587	11.625	
708	27.279	26.86	28.425	18.499	13.513	11.634	
709	27.248	26.825	28.391	18.52	13.555	11.58	
710	27.218	26.79	28.356	18.509	13.487	11.628	
711	27.187	26.755	28.322	18.491	13.491	11.511	
712	27.157	26.721	28.288	18.46	13.43	11.505	
713	27.127	26.687	28.254	18.443	13.501	11.532	
714	27.097	26.652	28.22	18.434	13.419	11.487	
715	27.067	26.618	28.186	18.397	13.433	11.469	
716	27.037	26.584	28.152	18.418	13.356	11.374	
717	27.007	26.55	28.119	18.408	13.398	11.468	
718	26.978	26.516	28.085	18.389	13.347	11.371	
719	26.948	26.483	28.052	18.416	13.365	11.461	
720	26.919	26.449	28.018	18.332	13.336	11.414	
721	26.889	26.415	27.985	18.377	13.311	11.389	
722	26.86	26.382	27.952	18.373	13.341	11.365	
723	26.831	26.349	27.919	18.316	13.339	11.362	
724	26.802	26.316	27.885	18.348	13.267	11.357	
725	26.774	26.282	27.852	18.293	13.366	11.278	
726	26.745	26.249	27.82	18.343	13.2	11.279	
727	26.716	26.217	27.787	18.3	13.25	11.255	
728	26.688	26.184	27.754	18.318	13.194	11.255	
729	26.659	26.151	27.721	18.272	13.178	11.254	
730	26.631	26.118	27.689	18.26	13.183	11.173	
731	26.603	26.086	27.656	18.22	13.167	11.208	
732	26.575	26.054	27.624	18.247	13.116	11.197	
733	26.547	26.021	27.592	18.236	13.152	11.165	
734	26.519	25.989	27.559	18.263	13.117	11.143	
735	26.492	25.957	27.527	18.212	13.131	11.119	
736	26.464	25.925	27.495	18.211	13.114	11.12	
737	26.437	25.893	27.463	18.221	13.084	11.153	
738	26.409	25.861	27.431	18.175	13.091	11.076	
739	26.382	25.83	27.399	18.168	13.067	11.094	
740	26.355	25.798	27.368	18.198	13.06	11.074	
741	26.328	25.766	27.336	18.146	13.012	11.072	
742	26.301	25.735	27.304	18.159	13.021	11.016	
743	26.274	25.704	27.273	18.16	13.027	10.987	
744	26.247	25.672	27.242	18.128	13	11.023	
745	26.22	25.641	27.21	18.098	13.023	11.013	
746	26.194	25.61	27.179	18.113	12.97	10.981	
747	26.167	25.579	27.148	18.112	13.001	10.944	
748	26.141	25.548	27.117	18.09	12.967	10.93	
749	26.115	25.518	27.085	18.087	12.928	10.902	
750	26.088	25.487	27.055	18.026	12.909	10.938	
751	26.062	25.456	27.024	18.064	12.892	10.873	
752	26.036	25.426	26.993	18.016	12.923	10.846	
753	26.01	25.395	26.962	18.042	12.881	10.845	
754	25.985	25.365	26.931	18.033	12.862	10.87	
755	25.959	25.335	26.901	17.998	12.896	10.794	
756	25.933	25.304	26.87	18.017	12.83	10.84	
757	25.908	25.274	26.84	18.016	12.778	10.837	
758	25.882	25.244	26.809	17.993	12.814	10.794	
759	25.857	25.215	26.779	17.991	12.817	10.766	
760	25.832	25.185	26.749	17.965	12.743	10.723	
761	25.806	25.155	26.719	17.94	12.757	10.727	
762	25.781	25.125	26.689	17.968	12.744	10.685	
763	25.756	25.096	26.659	17.942	12.757	10.67	
764	25.732	25.066	26.629	17.942	12.75	10.703	
765	25.707	25.037	26.599	17.928	12.723	10.649	
766	25.682	25.007	26.569	17.945	12.732	10.659	
767	25.657	24.978	26.539	17.932	12.689	10.658	
768	25.633	24.949	26.509	17.898	12.676	10.604	
769	25.608	24.92	26.48	17.901	12.684	10.63	
770	25.584	24.891	26.45	17.88	12.632	10.573	
771	25.56	24.862	26.421	17.839	12.621	10.567	
772	25.536	24.833	26.391	17.837	12.664	10.567	
773	25.511	24.805	26.362	17.851	12.613	10.567	
774	25.487	24.776	26.333	17.831	12.605	10.51	
775	25.463	24.747	26.304	17.81	12.584	10.517	
776	25.44	24.719	26.275	17.872	12.563	10.49	
777	25.416	24.69	26.246	17.813	12.541	10.499	
778	25.392	24.662	26.217	17.814	12.507	10.516	
779	25.369	24.634	26.188	17.771	12.515	10.473	
780	25.345	24.606	26.159	17.769	12.529	10.484	
781	25.322	24.577	26.13	17.816	12.552	10.405	
782	25.298	24.549	26.101	17.788	12.453	10.414	
783	25.275	24.521	26.073	17.766	12.44	10.413	
784	25.252	24.494	26.044	17.747	12.468	10.369	
785	25.229	24.466	26.015	17.727	12.424	10.347	
786	25.206	24.438	25.987	17.72	12.435	10.349	
787	25.183	24.41	25.959	17.725	12.412	10.345	
788	25.16	24.383	25.93	17.722	12.394	10.324	
789	25.137	24.355	25.902	17.703	12.376	10.317	
790	25.114	24.328	25.874	17.705	12.403	10.277	
791	25.092	24.3	25.846	17.675	12.368	10.278	
792	25.069	24.273	25.818	17.689	12.361	10.267	
793	25.046	24.246	25.79	17.679	12.381	10.266	
794	25.024	24.219	25.762	17.66	12.327	10.239	
795	25.002	24.192	25.734	17.659	12.309	10.224	
796	24.979	24.165	25.706	17.662	12.313	10.213	
797	24.957	24.138	25.678	17.654	12.325	10.176	
798	24.935	24.111	25.65	17.666	12.323	10.181	
799	24.913	24.084	25.623	17.647	12.261	10.206	
800	24.891	24.057	25.595	17.62	12.266	10.135	
801	24.869	24.031	25.568	17.605	12.279	10.152	
802	24.847	24.004	25.54	17.648	12.257	10.122	
803	24.826	23.978	25.513	17.585	12.228	10.092	
804	24.804	23.951	25.486	17.575	12.219	10.133	
805	24.782	23.925	25.458	17.566	12.198	10.093	
806	24.761	23.899	25.431	17.583	12.17	10.084	
807	24.739	23.873	25.404	17.566	12.126	10.115	
808	24.718	23.846	25.377	17.569	12.174	10.024	
809	24.697	23.82	25.35	17.516	12.099	10.047	
810	24.675	23.794	25.323	17.556	12.165	10.014	
811	24.654	23.768	25.296	17.537	12.131	9.9973	
812	24.633	23.742	25.269	17.532	12.176	10.005	
813	24.612	23.717	25.242	17.542	12.077	9.9926	
814	24.591	23.691	25.216	17.52	12.11	10.013	
815	24.57	23.665	25.189	17.499	12.091	9.9656	
816	24.549	23.64	25.162	17.51	12.082	9.9131	
817	24.528	23.614	25.136	17.487	12.062	9.9298	
818	24.508	23.589	25.109	17.492	12.059	9.9034	
819	24.487	23.563	25.083	17.483	12.042	9.9129	
820	24.467	23.538	25.056	17.46	12.018	9.8719	
821	24.446	23.513	25.03	17.453	12.005	9.8656	
822	24.426	23.487	25.004	17.45	12.012	9.8616	
823	24.405	23.462	24.978	17.451	12.006	9.8525	
824	24.385	23.437	24.951	17.443	12.007	9.8497	
825	24.365	23.412	24.925	17.437	11.988	9.8449	
826	24.345	23.387	24.899	17.433	11.98	9.8362	
827	24.324	23.362	24.873	17.43	11.974	9.8144	
828	24.304	23.337	24.847	17.419	11.964	9.8087	
829	24.284	23.313	24.821	17.407	11.95	9.7941	
830	24.264	23.288	24.796	17.407	11.946	9.8031	
831	24.245	23.263	24.77	17.4	11.919	9.7859	
832	24.225	23.239	24.744	17.384	11.91	9.7662	
833	24.205	23.214	24.718	17.379	11.905	9.7353	
834	24.185	23.19	24.693	17.367	11.897	9.7158	
835	24.166	23.165	24.667	17.36	11.889	9.7177	
836	24.146	23.141	24.642	17.358	11.888	9.6974	
837	24.127	23.117	24.616	17.35	11.861	9.7024	
838	24.107	23.092	24.591	17.356	11.846	9.6741	
839	24.088	23.068	24.566	17.339	11.835	9.6728	
840	24.069	23.044	24.54	17.323	11.851	9.6213	
841	24.05	23.02	24.515	17.338	11.799	9.6059	
842	24.03	22.996	24.49	17.35	11.812	9.6524	
843	24.011	22.972	24.465	17.333	11.79	9.6237	
844	23.992	22.948	24.44	17.328	11.8	9.6135	
845	23.973	22.925	24.415	17.337	11.83	9.5864	
846	23.954	22.901	24.39	17.25	11.762	9.5728	
847	23.935	22.877	24.365	17.316	11.671	9.6306	
848	23.917	22.854	24.34	17.299	11.801	9.6341	
849	23.898	22.83	24.315	17.296	11.713	9.5251	
850	23.879	22.807	24.29	17.278	11.74	9.5683	
851	23.86	22.783	24.266	17.254	11.712	9.5872	
852	23.842	22.76	24.241	17.249	11.723	9.4661	
853	23.823	22.736	24.216	17.279	11.658	9.4759	
854	23.805	22.713	24.192	17.228	11.704	9.4325	
855	23.786	22.69	24.167	17.23	11.626	9.478	
856	23.768	22.667	24.143	17.202	11.678	9.4881	
857	23.75	22.644	24.118	17.234	11.659	9.4508	
858	23.732	22.621	24.094	17.248	11.682	9.4151	
859	23.713	22.598	24.07	17.26	11.629	9.461	
860	23.695	22.575	24.045	17.206	11.667	9.4684	
861	23.677	22.552	24.021	17.177	11.615	9.3825	
862	23.659	22.529	23.997	17.215	11.595	9.3837	
863	23.641	22.506	23.973	17.205	11.644	9.3907	
864	23.623	22.483	23.949	17.208	11.589	9.387	
865	23.605	22.461	23.925	17.157	11.577	9.3165	
866	23.588	22.438	23.901	17.167	11.563	9.3468	
867	23.57	22.416	23.877	17.147	11.513	9.3459	
868	23.552	22.393	23.853	17.118	11.543	9.3501	
869	23.534	22.371	23.829	17.15	11.508	9.2901	
870	23.517	22.348	23.806	17.159	11.516	9.3057	
871	23.499	22.326	23.782	17.146	11.508	9.2767	
872	23.482	22.304	23.758	17.131	11.512	9.3136	
873	23.464	22.281	23.734	17.157	11.469	9.267	
874	23.447	22.259	23.711	17.129	11.488	9.2504	
875	23.43	22.237	23.687	17.111	11.474	9.2559	
876	23.412	22.215	23.664	17.115	11.465	9.2204	
877	23.395	22.193	23.64	17.112	11.46	9.2537	
878	23.378	22.171	23.617	17.083	11.444	9.2191	
879	23.361	22.149	23.594	17.079	11.432	9.1998	
880	23.344	22.127	23.57	17.071	11.421	9.1926	
881	23.327	22.105	23.547	17.069	11.417	9.1849	
882	23.31	22.084	23.524	17.067	11.412	9.1889	
883	23.293	22.062	23.501	17.063	11.408	9.1794	
884	23.276	22.04	23.478	17.061	11.404	9.1718	
885	23.259	22.019	23.455	17.061	11.396	9.1709	
886	23.242	21.997	23.432	17.056	11.388	9.1566	
887	23.226	21.976	23.409	17.046	11.371	9.1428	
888	23.209	21.954	23.386	17.044	11.364	9.1243	
889	23.192	21.933	23.363	17.031	11.351	9.1119	
890	23.176	21.911	23.34	17.018	11.337	9.0964	
891	23.159	21.89	23.317	17.012	11.328	9.0812	
892	23.143	21.869	23.295	17.01	11.316	9.0788	
893	23.126	21.848	23.272	17.003	11.31	9.0602	
894	23.11	21.826	23.249	16.991	11.308	9.0486	
895	23.094	21.805	23.227	16.999	11.303	9.0533	
896	23.077	21.784	23.204	16.989	11.29	9.0498	
897	23.061	21.763	23.181	16.989	11.285	9.0476	
898	23.045	21.742	23.159	16.987	11.282	9.0195	
899	23.029	21.721	23.137	16.979	11.268	9.0175	
900	23.013	21.701	23.114	16.966	11.258	8.9949	
901	22.997	21.68	23.092	16.947	11.247	8.9733	
902	22.981	21.659	23.07	16.948	11.229	8.9685	
903	22.965	21.638	23.047	16.945	11.226	8.9618	
904	22.949	21.618	23.025	16.94	11.217	8.9595	
905	22.933	21.597	23.003	16.932	11.215	8.9576	
906	22.917	21.576	22.981	16.934	11.21	8.9517	
907	22.901	21.556	22.959	16.929	11.206	8.9528	
908	22.886	21.535	22.937	16.931	11.194	8.9288	
909	22.87	21.515	22.915	16.916	11.183	8.9209	
910	22.854	21.494	22.893	16.902	11.167	8.91	
911	22.839	21.474	22.871	16.906	11.155	8.9055	
912	22.823	21.454	22.849	16.894	11.128	8.8691	
913	22.807	21.434	22.827	16.881	11.137	8.8493	
914	22.792	21.413	22.805	16.883	11.127	8.8511	
915	22.777	21.393	22.784	16.876	11.114	8.8449	
916	22.761	21.373	22.762	16.869	11.119	8.8435	
917	22.746	21.353	22.74	16.869	11.116	8.8377	
918	22.731	21.333	22.719	16.872	11.111	8.8326	
919	22.715	21.313	22.697	16.868	11.102	8.8198	
920	22.7	21.293	22.675	16.862	11.094	8.8106	
921	22.685	21.273	22.654	16.852	11.081	8.8013	
922	22.67	21.253	22.632	16.848	11.073	8.8045	
923	22.655	21.233	22.611	16.851	11.066	8.7956	
924	22.64	21.214	22.59	16.835	11.037	8.7695	
925	22.625	21.194	22.568	16.832	11.054	8.7564	
926	22.61	21.174	22.547	16.815	11.035	8.7417	
927	22.595	21.155	22.526	16.816	11.041	8.7315	
928	22.58	21.135	22.505	16.814	11.034	8.7362	
929	22.565	21.116	22.483	16.797	10.994	8.7477	
930	22.55	21.096	22.462	16.793	10.972	8.7269	
931	22.536	21.077	22.441	16.805	11.016	8.7154	
932	22.521	21.057	22.42	16.812	10.951	8.6826	
933	22.506	21.038	22.399	16.782	11.008	8.6791	
934	22.492	21.018	22.378	16.775	10.976	8.695	
935	22.477	20.999	22.357	16.773	10.978	8.6554	
936	22.463	20.98	22.336	16.753	10.941	8.6501	
937	22.448	20.961	22.315	16.753	10.935	8.6851	
938	22.434	20.942	22.295	16.783	10.944	8.6069	
939	22.419	20.922	22.274	16.761	10.933	8.6336	
940	22.405	20.903	22.253	16.766	10.894	8.6504	
941	22.391	20.884	22.232	16.76	10.92	8.6114	
942	22.376	20.865	22.212	16.739	10.886	8.5574	
943	22.362	20.846	22.191	16.715	10.91	8.5951	
944	22.348	20.827	22.171	16.717	10.929	8.5787	
945	22.334	20.809	22.15	16.744	10.893	8.5827	
946	22.319	20.79	22.13	16.743	10.888	8.5713	
947	22.305	20.771	22.109	16.722	10.888	8.5569	
948	22.291	20.752	22.089	16.718	10.861	8.5456	
949	22.277	20.734	22.068	16.708	10.84	8.5238	
950	22.263	20.715	22.048	16.702	10.832	8.5213	
951	22.249	20.696	22.028	16.691	10.851	8.5259	
952	22.235	20.678	22.007	16.683	10.844	8.5209	
953	22.222	20.659	21.987	16.694	10.825	8.4986	
954	22.208	20.641	21.967	16.695	10.819	8.5124	
955	22.194	20.622	21.947	16.682	10.807	8.4784	
956	22.18	20.604	21.927	16.663	10.812	8.4848	
957	22.166	20.585	21.907	16.664	10.803	8.5324	
958	22.153	20.567	21.886	16.644	10.785	8.4534	
959	22.139	20.549	21.866	16.666	10.771	8.4791	
960	22.125	20.53	21.846	16.678	10.753	8.4078	
961	22.112	20.512	21.827	16.673	10.778	8.3952	
962	22.098	20.494	21.807	16.661	10.689	8.3687	
963	22.085	20.476	21.787	16.62	10.712	8.4149	
964	22.071	20.458	21.767	16.649	10.748	8.3485	
965	22.058	20.44	21.747	16.617	10.733	8.3817	
966	22.045	20.422	21.727	16.628	10.753	8.359	
967	22.031	20.404	21.708	16.623	10.733	8.3919	
968	22.018	20.386	21.688	16.627	10.745	8.3832	
969	22.005	20.368	21.668	16.611	10.709	8.3707	
970	21.991	20.35	21.649	16.625	10.692	8.3925	
971	21.978	20.332	21.629	16.613	10.68	8.3706	
972	21.965	20.314	21.61	16.61	10.702	8.3492	
973	21.952	20.297	21.59	16.61	10.685	8.3224	
974	21.939	20.279	21.571	16.594	10.661	8.3374	
975	21.926	20.261	21.551	16.588	10.668	8.2816	
976	21.913	20.243	21.532	16.58	10.653	8.2972	
977	21.9	20.226	21.512	16.575	10.641	8.2843	
978	21.887	20.208	21.493	16.572	10.632	8.2858	
979	21.874	20.191	21.474	16.57	10.638	8.2719	
980	21.861	20.173	21.455	16.575	10.628	8.2724	
981	21.848	20.156	21.435	16.572	10.626	8.2804	
982	21.835	20.138	21.416	16.566	10.621	8.2707	
983	21.822	20.121	21.397	16.562	10.623	8.2828	
984	21.809	20.104	21.378	16.548	10.613	8.2676	
985	21.797	20.086	21.359	16.546	10.617	8.2362	
986	21.784	20.069	21.34	16.573	10.595	8.2584	
987	21.771	20.052	21.321	16.537	10.591	8.2149	
988	21.759	20.034	21.302	16.532	10.56	8.1936	
989	21.746	20.017	21.283	16.524	10.566	8.1933	
990	21.734	20	21.264	16.52	10.547	8.1876	
991	21.721	19.983	21.245	16.519	10.55	8.1676	
992	21.709	19.966	21.226	16.52	10.545	8.1802	
993	21.696	19.949	21.207	16.509	10.544	8.1739	
994	21.684	19.932	21.188	16.517	10.548	8.1768	
995	21.671	19.915	21.17	16.503	10.54	8.1619	
996	21.659	19.898	21.151	16.496	10.533	8.1554	
997	21.647	19.881	21.132	16.504	10.529	8.1444	
998	21.634	19.864	21.114	16.493	10.516	8.1417	
999	21.622	19.847	21.095	16.483	10.502	8.1776	
1000	21.61	19.831	21.076	16.5	10.478	8.1157	
1001	21.598	19.814	21.058	16.464	10.53	8.0949	
1002	21.585	19.797	21.039	16.485	10.51	8.0982	
1003	21.573	19.781	21.021	16.476	10.477	8.0989	
1004	21.561	19.764	21.002	16.475	10.443	8.0759	
1005	21.549	19.747	20.984	16.439	10.542	8.1117	
1006	21.537	19.731	20.966	16.467	10.428	8.1096	
1007	21.525	19.714	20.947	16.465	10.492	8.0327	
1008	21.513	19.698	20.929	16.449	10.484	8.0563	
1009	21.501	19.681	20.911	16.429	10.432	8.0496	
1010	21.489	19.665	20.892	16.466	10.451	8.0414	
1011	21.477	19.648	20.874	16.433	10.444	8.0428	
1012	21.465	19.632	20.856	16.438	10.431	8.0143	
1013	21.453	19.616	20.838	16.434	10.414	8.0082	
1014	21.442	19.599	20.82	16.435	10.394	8.0042	
1015	21.43	19.583	20.802	16.437	10.4	7.9932	
1016	21.418	19.567	20.784	16.413	10.402	8.087	
1017	21.406	19.551	20.766	16.395	10.365	7.9546	
1018	21.395	19.534	20.748	16.391	10.366	7.9748	
1019	21.383	19.518	20.73	16.377	10.349	7.938	
1020	21.371	19.502	20.712	16.428	10.409	7.9076	
1021	21.36	19.486	20.694	16.344	10.406	7.9482	
1022	21.348	19.47	20.676	16.399	10.335	7.9468	
1023	21.337	19.454	20.658	16.418	10.322	7.9437	
1024	21.325	19.438	20.64	16.374	10.301	7.9785	
1025	21.314	19.422	20.622	16.416	10.31	7.9159	
1026	21.302	19.406	20.605	16.38	10.359	7.8728	
1027	21.291	19.39	20.587	16.414	10.241	7.8987	
1028	21.279	19.374	20.569	16.371	10.339	7.8451	
1029	21.268	19.359	20.552	16.355	10.283	7.8299	
1030	21.257	19.343	20.534	16.359	10.328	7.903	
1031	21.245	19.327	20.516	16.422	10.333	7.9249	
1032	21.234	19.311	20.499	16.316	10.327	7.8632	
1033	21.223	19.296	20.481	16.382	10.287	7.887	
1034	21.212	19.28	20.464	16.356	10.309	7.8533	
1035	21.2	19.264	20.446	16.379	10.251	7.9231	
1036	21.189	19.249	20.429	16.253	10.285	7.8388	
1037	21.178	19.233	20.411	16.397	10.175	7.8035	
1038	21.167	19.218	20.394	16.319	10.24	7.9786	
1039	21.156	19.202	20.377	16.361	10.29	7.9209	
1040	21.145	19.187	20.359	16.298	10.088	7.8087	
1041	21.134	19.171	20.342	16.335	10.216	7.8567	
1042	21.123	19.156	20.325	16.445	10.238	7.6434	
1043	21.112	19.14	20.308	16.412	10.176	7.6925	
1044	21.101	19.125	20.29	16.267	10.268	7.7417	
1045	21.09	19.11	20.273	16.308	10.204	7.7873	
1046	21.079	19.094	20.256	16.204	10.35	7.5825	
1047	21.068	19.079	20.239	16.266	10.039	7.7932	
1048	21.057	19.064	20.222	16.229	10.157	7.8069	
1049	21.047	19.049	20.205	16.299	10.171	7.7236	
1050	21.036	19.033	20.188	16.276	10.083	7.8107	
1051	21.025	19.018	20.171	16.278	10.17	7.7396	
1052	21.014	19.003	20.154	16.273	10.161	7.7044	
1053	21.004	18.988	20.137	16.277	10.167	7.7231	
1054	20.993	18.973	20.12	16.277	10.148	7.7089	
1055	20.982	18.958	20.103	16.277	10.167	7.6972	
1056	20.972	18.943	20.086	16.273	10.135	7.687	
1057	20.961	18.928	20.069	16.269	10.153	7.6997	
1058	20.951	18.913	20.052	16.262	10.142	7.6709	
1059	20.94	18.898	20.036	16.247	10.134	7.6933	
1060	20.929	18.883	20.019	16.254	10.134	7.6648	
1061	20.919	18.868	20.002	16.263	10.116	7.6747	
1062	20.909	18.854	19.986	16.239	10.115	7.6648	
1063	20.898	18.839	19.969	16.235	10.098	7.6667	
1064	20.888	18.824	19.952	16.233	10.093	7.6472	
1065	20.877	18.809	19.936	16.225	10.087	7.629	
1066	20.867	18.795	19.919	16.232	10.086	7.618	
1067	20.857	18.78	19.903	16.223	10.089	7.6219	
1068	20.846	18.765	19.886	16.218	10.078	7.6284	
1069	20.836	18.751	19.869	16.223	10.054	7.6005	
1070	20.826	18.736	19.853	16.22	10.079	7.5985	
1071	20.815	18.722	19.837	16.218	10.063	7.599	
1072	20.805	18.707	19.82	16.202	10.065	7.5925	
1073	20.795	18.692	19.804	16.215	10.029	7.5661	
1074	20.785	18.678	19.787	16.199	10.044	7.5808	
1075	20.775	18.664	19.771	16.193	10.033	7.5517	
1076	20.765	18.649	19.755	16.201	10.022	7.5548	
1077	20.755	18.635	19.739	16.189	10.024	7.5511	
1078	20.744	18.62	19.722	16.185	10.008	7.5417	
1079	20.734	18.606	19.706	16.186	10.022	7.5314	
1080	20.724	18.592	19.69	16.186	10.011	7.5387	
1081	20.714	18.577	19.674	16.179	10.01	7.5348	
1082	20.704	18.563	19.658	16.172	10.007	7.5257	
1083	20.694	18.549	19.641	16.18	9.9947	7.5117	
1084	20.685	18.535	19.625	16.172	9.995	7.5129	
1085	20.675	18.521	19.609	16.166	9.9914	7.5014	
1086	20.665	18.506	19.593	16.171	9.9923	7.5038	
1087	20.655	18.492	19.577	16.156	9.9873	7.4945	
1088	20.645	18.478	19.561	16.166	9.9817	7.4997	
1089	20.635	18.464	19.545	16.159	9.9779	7.4821	
1090	20.626	18.45	19.529	16.158	9.9803	7.4881	
1091	20.616	18.436	19.513	16.153	9.9785	7.4853	
1092	20.606	18.422	19.498	16.144	9.9565	7.4715	
1093	20.596	18.408	19.482	16.148	9.9506	7.4729	
1094	20.587	18.394	19.466	16.141	9.9601	7.4722	
1095	20.577	18.38	19.45	16.15	9.9318	7.4483	
1096	20.567	18.366	19.434	16.144	9.9407	7.4519	
1097	20.558	18.352	19.419	16.13	9.9283	7.4383	
1098	20.548	18.339	19.403	16.124	9.9234	7.4168	
1099	20.539	18.325	19.387	16.123	9.9232	7.4195	
1100	20.529	18.311	19.372	16.113	9.9178	7.4139	
1101	20.519	18.297	19.356	16.124	9.9056	7.3964	
1102	20.51	18.284	19.34	16.116	9.8945	7.3888	
1103	20.5	18.27	19.325	16.109	9.8791	7.3797	
1104	20.491	18.256	19.309	16.105	9.888	7.3786	
1105	20.482	18.243	19.294	16.097	9.8862	7.3711	
1106	20.472	18.229	19.278	16.101	9.8753	7.3644	
1107	20.463	18.215	19.263	16.09	9.8672	7.3615	
1108	20.453	18.202	19.247	16.098	9.873	7.3533	
1109	20.444	18.188	19.232	16.089	9.8628	7.35	
1110	20.435	18.175	19.216	16.087	9.8562	7.3493	
1111	20.425	18.161	19.201	16.086	9.8575	7.3426	
1112	20.416	18.148	19.185	16.085	9.8439	7.3361	
1113	20.407	18.134	19.17	16.085	9.8491	7.3346	
1114	20.398	18.121	19.155	16.08	9.8466	7.3305	
1115	20.388	18.107	19.139	16.077	9.8484	7.3291	
1116	20.379	18.094	19.124	16.078	9.8409	7.3321	
1117	20.37	18.081	19.109	16.079	9.8416	7.3209	
1118	20.361	18.067	19.094	16.072	9.8334	7.3214	
1119	20.352	18.054	19.079	16.06	9.8347	7.3015	
1120	20.343	18.041	19.063	16.068	9.8313	7.2924	
1121	20.334	18.028	19.048	16.067	9.8176	7.2878	
1122	20.324	18.014	19.033	16.06	9.8063	7.2978	
1123	20.315	18.001	19.018	16.048	9.8069	7.2903	
1124	20.306	17.988	19.003	16.063	9.8076	7.2673	
1125	20.297	17.975	18.988	16.054	9.7979	7.2623	
1126	20.288	17.962	18.973	16.058	9.8085	7.2676	
1127	20.279	17.949	18.958	16.033	9.7894	7.2435	
1128	20.27	17.936	18.943	16.033	9.7801	7.246	
1129	20.262	17.923	18.928	16.039	9.78	7.2589	
1130	20.253	17.91	18.913	16.029	9.784	7.2303	
1131	20.244	17.897	18.898	16.028	9.7661	7.2327	
1132	20.235	17.884	18.883	16.029	9.7641	7.2224	
1133	20.226	17.871	18.868	16.022	9.7746	7.22	
1134	20.217	17.858	18.854	16.013	9.7404	7.2208	
1135	20.208	17.845	18.839	16.016	9.7516	7.1929	
1136	20.2	17.832	18.824	16.019	9.733	7.2045	
1137	20.191	17.819	18.809	16.012	9.7186	7.2018	
1138	20.182	17.806	18.794	16.011	9.7314	7.1817	
1139	20.173	17.793	18.78	16.007	9.7294	7.188	
1140	20.165	17.781	18.765	16	9.711	7.1734	
1141	20.156	17.768	18.75	16.013	9.7229	7.1701	
1142	20.147	17.755	18.736	16.009	9.7157	7.1425	
1143	20.139	17.742	18.721	15.991	9.7047	7.1754	
1144	20.13	17.73	18.706	15.991	9.6948	7.1627	
1145	20.122	17.717	18.692	15.994	9.7082	7.1617	
1146	20.113	17.704	18.677	15.991	9.6734	7.1488	
1147	20.104	17.692	18.663	15.987	9.6773	7.1375	
1148	20.096	17.679	18.648	15.993	9.6824	7.1398	
1149	20.087	17.666	18.634	15.982	9.6859	7.1336	
1150	20.079	17.654	18.619	15.971	9.6696	7.1285	
1151	20.07	17.641	18.605	15.973	9.6557	7.1144	
1152	20.062	17.629	18.59	15.974	9.6664	7.1066	
1153	20.054	17.616	18.576	15.967	9.6521	7.0941	
1154	20.045	17.604	18.562	15.961	9.6519	7.0958	
1155	20.037	17.591	18.547	15.966	9.6506	7.0979	
1156	20.028	17.579	18.533	15.955	9.6498	7.0837	
1157	20.02	17.567	18.519	15.955	9.6421	7.0727	
1158	20.012	17.554	18.504	15.956	9.6421	7.0731	
1159	20.003	17.542	18.49	15.96	9.6267	7.0708	
1160	19.995	17.529	18.476	15.957	9.628	7.0722	
1161	19.987	17.517	18.462	15.947	9.6061	7.0769	
1162	19.978	17.505	18.447	15.943	9.6372	7.0503	
1163	19.97	17.493	18.433	15.932	9.6109	7.0423	
1164	19.962	17.48	18.419	15.933	9.5892	7.0355	
1165	19.954	17.468	18.405	15.926	9.6021	7.0251	
1166	19.945	17.456	18.391	15.934	9.5923	7.0232	
1167	19.937	17.444	18.377	15.935	9.6092	7.0307	
1168	19.929	17.432	18.363	15.925	9.5875	7.0159	
1169	19.921	17.419	18.349	15.919	9.579	7.0094	
1170	19.913	17.407	18.335	15.923	9.5874	6.9969	
1171	19.905	17.395	18.321	15.918	9.5745	6.9927	
1172	19.897	17.383	18.307	15.915	9.5753	6.9904	
1173	19.889	17.371	18.293	15.913	9.572	6.9898	
1174	19.88	17.359	18.279	15.912	9.5717	6.9855	
1175	19.872	17.347	18.265	15.911	9.5671	6.9893	
1176	19.864	17.335	18.251	15.909	9.5553	6.9753	
1177	19.856	17.323	18.237	15.913	9.5548	6.9734	
1178	19.848	17.311	18.223	15.902	9.5491	6.9642	
1179	19.84	17.299	18.209	15.902	9.5544	6.9693	
1180	19.832	17.287	18.195	15.901	9.5467	6.9584	
1181	19.825	17.275	18.182	15.901	9.5467	6.9598	
1182	19.817	17.264	18.168	15.894	9.5385	6.9547	
1183	19.809	17.252	18.154	15.897	9.537	6.95	
1184	19.801	17.24	18.14	15.892	9.532	6.9421	
1185	19.793	17.228	18.127	15.883	9.531	6.946	
1186	19.785	17.216	18.113	15.885	9.5219	6.9289	
1187	19.777	17.205	18.099	15.884	9.5224	6.9354	
1188	19.77	17.193	18.086	15.877	9.523	6.9241	
1189	19.762	17.181	18.072	15.882	9.5084	6.9071	
1190	19.754	17.169	18.059	15.876	9.5137	6.9197	
1191	19.746	17.158	18.045	15.87	9.5099	6.9094	
1192	19.738	17.146	18.031	15.871	9.4961	6.8957	
1193	19.731	17.134	18.018	15.868	9.4961	6.8932	
1194	19.723	17.123	18.004	15.862	9.5027	6.9035	
1195	19.715	17.111	17.991	15.874	9.474	6.8908	
1196	19.708	17.1	17.977	15.86	9.4905	6.8699	
1197	19.7	17.088	17.964	15.862	9.4762	6.8911	
1198	19.692	17.077	17.95	15.852	9.4631	6.8864	
1199	19.685	17.065	17.937	15.851	9.477	6.8633	
1200	19.677	17.053	17.924	15.858	9.4625	6.8505	
1201	19.67	17.042	17.91	15.861	9.4796	6.8706	
1202	19.662	17.031	17.897	15.841	9.4636	6.8566	
1203	19.654	17.019	17.884	15.848	9.4582	6.8337	
1204	19.647	17.008	17.87	15.851	9.4464	6.8183	
1205	19.639	16.996	17.857	15.832	9.4472	6.8323	
1206	19.632	16.985	17.844	15.836	9.466	6.8321	
1207	19.624	16.974	17.83	15.846	9.4633	6.8204	
1208	19.617	16.962	17.817	15.832	9.4402	6.8124	
1209	19.609	16.951	17.804	15.836	9.4279	6.8174	
1210	19.602	16.94	17.791	15.829	9.4198	6.7981	
1211	19.595	16.928	17.778	15.824	9.4014	6.7811	
1212	19.587	16.917	17.764	15.822	9.4159	6.7865	
1213	19.58	16.906	17.751	15.831	9.4125	6.7945	
1214	19.572	16.895	17.738	15.818	9.422	6.771	
1215	19.565	16.883	17.725	15.827	9.4065	6.7776	
1216	19.558	16.872	17.712	15.816	9.3902	6.7962	
1217	19.55	16.861	17.699	15.82	9.3945	6.7799	
1218	19.543	16.85	17.686	15.792	9.3676	6.7812	
1219	19.536	16.839	17.673	15.814	9.3787	6.7488	
1220	19.528	16.828	17.66	15.812	9.3724	6.7566	
1221	19.521	16.817	17.647	15.792	9.3678	6.7577	
1222	19.514	16.805	17.634	15.806	9.4041	6.7482	
1223	19.507	16.794	17.621	15.808	9.3612	6.7497	
1224	19.499	16.783	17.608	15.802	9.3661	6.7322	
1225	19.492	16.772	17.595	15.793	9.3623	6.7376	
1226	19.485	16.761	17.582	15.803	9.3763	6.7294	
1227	19.478	16.75	17.569	15.81	9.3589	6.7325	
1228	19.471	16.739	17.556	15.774	9.3448	6.7237	
1229	19.464	16.728	17.544	15.767	9.3236	6.7278	
1230	19.456	16.718	17.531	15.774	9.3573	6.7086	
1231	19.449	16.707	17.518	15.796	9.3605	6.676	
1232	19.442	16.696	17.505	15.789	9.3331	6.7336	
1233	19.435	16.685	17.492	15.803	9.3612	6.6865	
1234	19.428	16.674	17.48	15.779	9.3636	6.7088	
1235	19.421	16.663	17.467	15.762	9.3504	6.6856	
1236	19.414	16.652	17.454	15.776	9.3508	6.7156	
1237	19.407	16.642	17.442	15.771	9.3581	6.6932	
1238	19.4	16.631	17.429	15.803	9.3178	6.7029	
1239	19.393	16.62	17.416	15.735	9.3726	6.7182	
1240	19.386	16.609	17.404	15.732	9.2717	6.6779	
1241	19.379	16.599	17.391	15.745	9.341	6.6356	
1242	19.372	16.588	17.378	15.735	9.3044	6.6996	
1243	19.365	16.577	17.366	15.764	9.3127	6.761	
1244	19.358	16.567	17.353	15.782	9.3076	6.6586	
1245	19.351	16.556	17.341	15.721	9.362	6.5928	
1246	19.344	16.545	17.328	15.748	9.298	6.6041	
1247	19.337	16.535	17.316	15.731	9.2333	6.6094	
1248	19.331	16.524	17.303	15.743	9.2731	6.5843	
1249	19.324	16.514	17.291	15.775	9.2931	6.6536	
1250	19.317	16.503	17.278	15.753	9.3398	6.5861	
1251	19.31	16.492	17.266	15.739	9.2561	6.6486	
1252	19.303	16.482	17.253	15.709	9.2021	6.5795	
1253	19.296	16.471	17.241	15.708	9.3079	6.5872	
1254	19.29	16.461	17.229	15.716	9.2289	6.5936	
1255	19.283	16.45	17.216	15.74	9.2415	6.623	
1256	19.276	16.44	17.204	15.719	9.2629	6.5966	
1257	19.269	16.43	17.192	15.717	9.2216	6.5567	
1258	19.263	16.419	17.179	15.725	9.2458	6.548	
1259	19.256	16.409	17.167	15.694	9.2312	6.5771	
1260	19.249	16.398	17.155	15.709	9.2387	6.553	
1261	19.243	16.388	17.143	15.706	9.2178	6.5473	
1262	19.236	16.378	17.13	15.689	9.2162	6.5425	
1263	19.229	16.367	17.118	15.706	9.2186	6.5313	
1264	19.223	16.357	17.106	15.682	9.2026	6.5444	
1265	19.216	16.347	17.094	15.708	9.2245	6.5324	
1266	19.209	16.336	17.082	15.696	9.2306	6.5176	
1267	19.203	16.326	17.069	15.709	9.2023	6.5414	
1268	19.196	16.316	17.057	15.714	9.2095	6.5453	
1269	19.19	16.306	17.045	15.701	9.2186	6.5538	
1270	19.183	16.295	17.033	15.696	9.198	6.5367	
1271	19.177	16.285	17.021	15.683	9.2039	6.5136	
1272	19.17	16.275	17.009	15.688	9.2189	6.5472	
1273	19.164	16.265	16.997	15.705	9.2243	6.5247	
1274	19.157	16.255	16.985	15.701	9.2005	6.5306	
1275	19.151	16.245	16.973	15.686	9.1823	6.4939	
1276	19.144	16.235	16.961	15.699	9.2087	6.5205	
1277	19.138	16.224	16.949	15.663	9.1993	6.5191	
1278	19.131	16.214	16.937	15.665	9.1892	6.5112	
1279	19.125	16.204	16.925	15.681	9.1589	6.4593	
1280	19.118	16.194	16.913	15.675	9.156	6.4798	
1281	19.112	16.184	16.901	15.682	9.1567	6.4748	
1282	19.105	16.174	16.889	15.676	9.169	6.4949	
1283	19.099	16.164	16.877	15.656	9.1537	6.4527	
1284	19.093	16.154	16.866	15.632	9.1916	6.4591	
1285	19.086	16.144	16.854	15.644	9.1608	6.4782	
1286	19.08	16.134	16.842	15.669	9.1557	6.4463	
1287	19.074	16.124	16.83	15.652	9.1412	6.4697	
1288	19.067	16.114	16.818	15.663	9.1606	6.4591	
1289	19.061	16.105	16.807	15.652	9.1422	6.4344	
1290	19.055	16.095	16.795	15.657	9.1551	6.4376	
1291	19.048	16.085	16.783	15.64	9.1345	6.4164	
1292	19.042	16.075	16.771	15.656	9.1345	6.4736	
1293	19.036	16.065	16.76	15.647	9.1239	6.4379	
1294	19.03	16.055	16.748	15.668	9.1578	6.4281	
1295	19.023	16.045	16.736	15.646	9.1369	6.3954	
1296	19.017	16.036	16.725	15.653	9.1292	6.3926	
1297	19.011	16.026	16.713	15.651	9.0942	6.4387	
1298	19.005	16.016	16.701	15.631	9.1357	6.4042	
1299	18.999	16.006	16.69	15.641	9.0837	6.373	
1300	18.992	15.997	16.678	15.624	9.1037	6.3995	
1301	18.986	15.987	16.667	15.641	9.126	6.3705	
1302	18.98	15.977	16.655	15.611	9.0799	6.4187	
1303	18.974	15.968	16.644	15.637	9.1245	6.3851	
1304	18.968	15.958	16.632	15.648	9.1135	6.3952	
1305	18.962	15.948	16.621	15.652	9.0861	6.3467	
1306	18.956	15.939	16.609	15.629	9.1235	6.3831	
1307	18.95	15.929	16.598	15.62	9.108	6.3954	
1308	18.944	15.919	16.586	15.613	9.0891	6.388	
1309	18.938	15.91	16.575	15.62	9.0991	6.3783	
1310	18.931	15.9	16.563	15.612	9.0767	6.3653	
1311	18.925	15.891	16.552	15.62	9.0461	6.3913	
1312	18.919	15.881	16.54	15.608	9.0606	6.3221	
1313	18.913	15.872	16.529	15.613	9.0866	6.3847	
1314	18.907	15.862	16.518	15.607	9.0596	6.3495	
1315	18.901	15.853	16.506	15.602	9.0327	6.3262	
1316	18.895	15.843	16.495	15.629	8.9941	6.3194	
1317	18.889	15.834	16.484	15.605	9.0557	6.3822	
1318	18.884	15.824	16.472	15.589	9.0545	6.3601	
1319	18.878	15.815	16.461	15.631	9.0479	6.354	
1320	18.872	15.805	16.45	15.574	9.0367	6.3584	
1321	18.866	15.796	16.439	15.612	9.0226	6.3347	
1322	18.86	15.787	16.427	15.601	8.9983	6.2378	
1323	18.854	15.777	16.416	15.554	9.0135	6.278	
1324	18.848	15.768	16.405	15.608	9.0519	6.2872	
1325	18.842	15.759	16.394	15.621	8.9865	6.3038	
1326	18.836	15.749	16.383	15.629	8.988	6.2721	
1327	18.831	15.74	16.371	15.6	9.0561	6.2622	
1328	18.825	15.731	16.36	15.561	8.9618	6.3632	
1329	18.819	15.721	16.349	15.563	8.9748	6.2771	
1330	18.813	15.712	16.338	15.621	9.0407	6.2531	
1331	18.807	15.703	16.327	15.566	9.0607	6.3246	
1332	18.801	15.694	16.316	15.561	8.9719	6.418	
1333	18.796	15.684	16.305	15.578	9.0236	6.2824	
1334	18.79	15.675	16.294	15.6	8.9906	6.2743	
1335	18.784	15.666	16.283	15.55	9.0051	6.153	
1336	18.778	15.657	16.272	15.537	9.0374	6.3185	
1337	18.773	15.648	16.261	15.618	8.9803	6.1591	
1338	18.767	15.638	16.25	15.535	9.048	6.2468	
1339	18.761	15.629	16.239	15.561	9.032	6.2708	
1340	18.756	15.62	16.228	15.593	9.0077	6.1586	
1341	18.75	15.611	16.217	15.666	8.8259	6.2786	
1342	18.744	15.602	16.206	15.575	8.9248	6.4947	
1343	18.739	15.593	16.195	15.64	9.0003	6.4568	
1344	18.733	15.584	16.184	15.52	9.0383	6.2736	
1345	18.727	15.575	16.173	15.567	9.1261	6.2256	
1346	18.722	15.566	16.162	15.405	8.8527	6.0078	
1347	18.716	15.557	16.151	15.559	9.1196	5.8337	
1348	18.71	15.548	16.141	15.504	9.1334	6.1728	
1349	18.705	15.539	16.13	15.419	9.278	6.2167	
1350	18.699	15.53	16.119	15.265	9.0644	6.2217	
1351	18.694	15.521	16.108	15.503	8.9301	5.9253	
1352	18.688	15.512	16.097	15.455	8.8241	6.3825	
1353	18.683	15.503	16.087	15.547	8.3823	6.2501	
1354	18.677	15.494	16.076	15.469	9.3073	6.3855	
1355	18.672	15.485	16.065	15.712	8.773	5.6078	
1356	18.666	15.476	16.054	15.648	9.1567	6.0752	
1357	18.661	15.467	16.044	15.444	9.0441	6.2724	
1358	18.655	15.458	16.033	16.248	9.371	6.3795	
1359	18.65	15.45	16.022	16.262	8.6908	6.918	
1426	18.305	14.886	15.338	15.655	9.2987	6.337	
1427	18.3	14.878	15.328	15.544	8.6458	6.0444	
1428	18.295	14.87	15.319	15.394	8.841	5.6434	
1429	18.29	14.862	15.309	15.638	8.6618	5.8162	
1430	18.286	14.854	15.299	15.645	8.8034	5.8313	
1431	18.281	14.846	15.289	15.324	8.9254	6.1083	
1432	18.276	14.838	15.28	15.558	8.5618	5.8907	
1433	18.271	14.831	15.27	15.35	8.5981	5.8503	
1434	18.266	14.823	15.26	15.504	8.9164	6.1849	
1435	18.262	14.815	15.251	15.523	8.856	5.7635	
1436	18.257	14.807	15.241	15.531	8.646	5.9371	
1437	18.252	14.799	15.231	15.437	8.9074	5.8618	
1438	18.248	14.791	15.222	15.329	8.6594	5.9473	
1439	18.243	14.783	15.212	15.448	8.7878	5.9026	
1440	18.238	14.775	15.203	15.332	8.7869	5.8234	
1441	18.233	14.768	15.193	15.418	8.6815	6.0523	
1442	18.229	14.76	15.183	15.471	8.6178	5.804	
1443	18.224	14.752	15.174	15.352	8.745	5.9607	
1444	18.219	14.744	15.164	15.461	8.7728	5.754	
1445	18.215	14.736	15.155	15.33	8.7337	5.8418	
1446	18.21	14.729	15.145	15.463	8.6349	5.8148	
1447	18.205	14.721	15.136	15.435	8.7027	5.7187	
1448	18.201	14.713	15.126	15.418	8.6759	5.8657	
1449	18.196	14.706	15.117	15.369	8.7286	5.8616	
1450	18.192	14.698	15.107	15.389	8.7223	5.7667	
1451	18.187	14.69	15.098	15.439	8.6835	5.8613	
1452	18.182	14.682	15.088	15.461	8.7416	5.9121	
1453	18.178	14.675	15.079	15.432	8.7434	5.9344	
1454	18.173	14.667	15.069	15.347	8.6775	5.7013	
1455	18.169	14.659	15.06	15.416	8.7501	5.778	
1456	18.164	14.652	15.051	15.442	8.7139	5.8162	
1457	18.159	14.644	15.041	15.384	8.5911	5.8161	
1458	18.155	14.636	15.032	15.382	8.7003	5.8269	
1459	18.15	14.629	15.022	15.364	8.5653	5.7475	
1460	18.146	14.621	15.013	15.406	8.6329	5.8577	
1461	18.141	14.614	15.004	15.425	8.6263	5.8131	
1462	18.137	14.606	14.994	15.392	8.6402	5.8205	
1463	18.132	14.599	14.985	15.378	8.6426	5.7707	
1464	18.128	14.591	14.976	15.356	8.6674	5.7556	
1465	18.123	14.583	14.967	15.367	8.7009	5.7782	
1466	18.119	14.576	14.957	15.362	8.5979	5.8152	
1467	18.114	14.568	14.948	15.382	8.6242	5.8072	
1468	18.11	14.561	14.939	15.351	8.6378	5.7845	
1469	18.105	14.553	14.929	15.375	8.6157	5.7777	
1470	18.101	14.546	14.92	15.368	8.6027	5.7829	
1471	18.096	14.538	14.911	15.371	8.6274	5.7814	
1472	18.092	14.531	14.902	15.372	8.6286	5.7604	
1473	18.088	14.523	14.893	15.361	8.64	5.7729	
1474	18.083	14.516	14.883	15.364	8.6233	5.7729	
1475	18.079	14.509	14.874	15.367	8.6216	5.7631	
1476	18.074	14.501	14.865	15.361	8.6167	5.7547	
1477	18.07	14.494	14.856	15.367	8.6407	5.7684	
1478	18.065	14.486	14.847	15.372	8.6251	5.7501	
1479	18.061	14.479	14.838	15.364	8.6199	5.7574	
1480	18.057	14.472	14.828	15.365	8.6238	5.7479	
1481	18.052	14.464	14.819	15.366	8.6113	5.7261	
1482	18.048	14.457	14.81	15.361	8.6283	5.7517	
1483	18.044	14.449	14.801	15.362	8.62	5.7472	
1484	18.039	14.442	14.792	15.378	8.6195	5.7384	
1485	18.035	14.435	14.783	15.355	8.6304	5.737	
1486	18.031	14.427	14.774	15.356	8.5946	5.6973	
1487	18.026	14.42	14.765	15.348	8.6228	5.7008	
1488	18.022	14.413	14.756	15.36	8.6145	5.7232	
1489	18.018	14.406	14.747	15.361	8.6151	5.7038	
1490	18.013	14.398	14.738	15.362	8.5895	5.747	
1491	18.009	14.391	14.729	15.345	8.6053	5.698	
1492	18.005	14.384	14.72	15.351	8.5961	5.7165	
1493	18.001	14.376	14.711	15.341	8.5614	5.7088	
1494	17.996	14.369	14.702	15.341	8.5719	5.697	
1495	17.992	14.362	14.693	15.332	8.5697	5.6877	
1496	17.988	14.355	14.684	15.36	8.6007	5.7053	
1497	17.984	14.348	14.675	15.331	8.5842	5.694	
1498	17.979	14.34	14.666	15.364	8.5808	5.6957	
1499	17.975	14.333	14.657	15.346	8.5729	5.7135	
1500	17.971	14.326	14.648	15.338	8.5688	5.6944	
1501	17.967	14.319	14.64	15.324	8.5615	5.6481	
1502	17.962	14.312	14.631	15.341	8.5663	5.6767	
1503	17.958	14.305	14.622	15.337	8.5858	5.6658	
1504	17.954	14.298	14.613	15.331	8.5525	5.6375	
1505	17.95	14.29	14.604	15.336	8.5556	5.6753	
1506	17.946	14.283	14.595	15.327	8.5511	5.6423	
1507	17.942	14.276	14.586	15.311	8.5398	5.6658	
1508	17.937	14.269	14.578	15.308	8.5416	5.6703	
1509	17.933	14.262	14.569	15.345	8.5427	5.6533	
1510	17.929	14.255	14.56	15.333	8.5601	5.6374	
1511	17.925	14.248	14.551	15.339	8.555	5.6471	
1512	17.921	14.241	14.543	15.33	8.5822	5.6517	
1513	17.917	14.234	14.534	15.364	8.5032	5.6648	
1514	17.913	14.227	14.525	15.322	8.5396	5.6835	
1515	17.908	14.22	14.516	15.295	8.5603	5.6483	
1516	17.904	14.213	14.508	15.318	8.5056	5.6522	
1517	17.9	14.206	14.499	15.315	8.5658	5.6102	
1518	17.896	14.199	14.49	15.295	8.5482	5.6359	
1519	17.892	14.192	14.482	15.297	8.5464	5.6432	
1520	17.888	14.185	14.473	15.291	8.534	5.6375	
1521	17.884	14.178	14.464	15.314	8.4871	5.5673	
1522	17.88	14.171	14.456	15.294	8.5187	5.5965	
1523	17.876	14.164	14.447	15.298	8.5355	5.6022	
1524	17.872	14.157	14.438	15.33	8.5488	5.6586	
1525	17.868	14.15	14.43	15.314	8.5414	5.6269	
1526	17.864	14.143	14.421	15.292	8.5151	5.6013	
1527	17.86	14.136	14.412	15.3	8.528	5.6024	
1528	17.856	14.129	14.404	15.288	8.5465	5.6141	
1529	17.852	14.122	14.395	15.293	8.4942	5.5902	
1530	17.848	14.116	14.387	15.303	8.5058	5.6026	
1531	17.844	14.109	14.378	15.28	8.4914	5.604	
1532	17.84	14.102	14.37	15.308	8.4916	5.603	
1533	17.836	14.095	14.361	15.284	8.4702	5.5967	
1534	17.832	14.088	14.352	15.305	8.4793	5.6376	
1535	17.828	14.081	14.344	15.298	8.4926	5.5712	
1536	17.824	14.075	14.335	15.276	8.4891	5.5791	
1537	17.82	14.068	14.327	15.283	8.4941	5.5846	
1538	17.816	14.061	14.318	15.277	8.5252	5.5789	
1539	17.812	14.054	14.31	15.294	8.4816	5.577	
1540	17.808	14.047	14.302	15.287	8.4628	5.578	
1541	17.804	14.041	14.293	15.275	8.4525	5.5494	
1542	17.8	14.034	14.285	15.281	8.4651	5.5754	
1543	17.796	14.027	14.276	15.279	8.4722	5.544	
1544	17.792	14.02	14.268	15.282	8.4897	5.5788	
1545	17.788	14.014	14.259	15.263	8.493	5.5536	
1546	17.785	14.007	14.251	15.278	8.4662	5.5539	
1547	17.781	14	14.243	15.274	8.4734	5.5453	
1548	17.777	13.994	14.234	15.277	8.4642	5.5399	
1549	17.773	13.987	14.226	15.277	8.4838	5.5347	
1550	17.769	13.98	14.217	15.282	8.4621	5.5433	
1551	17.765	13.973	14.209	15.26	8.4848	5.5405	
1552	17.761	13.967	14.201	15.272	8.4641	5.5476	
1553	17.757	13.96	14.192	15.253	8.4528	5.5522	
1554	17.754	13.954	14.184	15.262	8.4672	5.5335	
1555	17.75	13.947	14.176	15.281	8.442	5.52	
1556	17.746	13.94	14.167	15.259	8.4567	5.5561	
1557	17.742	13.934	14.159	15.253	8.4481	5.5181	
1558	17.738	13.927	14.151	15.256	8.4504	5.5207	
1559	17.735	13.92	14.143	15.276	8.4324	5.4932	
1560	17.731	13.914	14.134	15.271	8.4614	5.517	
1561	17.727	13.907	14.126	15.28	8.463	5.5073	
1562	17.723	13.901	14.118	15.286	8.4263	5.5184	
1563	17.719	13.894	14.11	15.246	8.4494	5.5213	
1564	17.716	13.888	14.101	15.253	8.4738	5.4959	
1565	17.712	13.881	14.093	15.26	8.475	5.4892	
1566	17.708	13.875	14.085	15.25	8.4211	5.471	
1567	17.704	13.868	14.077	15.272	8.4036	5.5013	
1568	17.701	13.861	14.069	15.254	8.4459	5.5132	
1569	17.697	13.855	14.06	15.273	8.4673	5.5183	
1570	17.693	13.848	14.052	15.258	8.4541	5.5109	
1571	17.689	13.842	14.044	15.251	8.43	5.5032	
1572	17.686	13.835	14.036	15.247	8.4216	5.516	
1573	17.682	13.829	14.028	15.253	8.4038	5.4898	
1574	17.678	13.823	14.02	15.271	8.4254	5.4739	
1575	17.675	13.816	14.012	15.231	8.4078	5.4942	
1576	17.671	13.81	14.003	15.249	8.3978	5.4296	
1577	17.667	13.803	13.995	15.217	8.3749	5.4756	
1578	17.663	13.797	13.987	15.237	8.4288	5.4607	
1579	17.66	13.79	13.979	15.228	8.4205	5.4795	
1580	17.656	13.784	13.971	15.239	8.3869	5.4487	
1581	17.652	13.778	13.963	15.234	8.4189	5.4105	
1582	17.649	13.771	13.955	15.257	8.4008	5.48	
1583	17.645	13.765	13.947	15.226	8.4345	5.4544	
1584	17.641	13.758	13.939	15.259	8.3606	5.4227	
1585	17.638	13.752	13.931	15.244	8.4289	5.4566	
1586	17.634	13.746	13.923	15.233	8.3734	5.502	
1587	17.631	13.739	13.915	15.238	8.4237	5.4611	
1588	17.627	13.733	13.907	15.245	8.3774	5.3926	
1589	17.623	13.727	13.899	15.215	8.3875	5.4566	
1590	17.62	13.72	13.891	15.228	8.3519	5.4219	
1591	17.616	13.714	13.883	15.219	8.3652	5.442	
1592	17.612	13.708	13.875	15.22	8.4063	5.4059	
1593	17.609	13.701	13.867	15.242	8.3902	5.4055	
1594	17.605	13.695	13.859	15.227	8.3533	5.4718	
1595	17.602	13.689	13.851	15.251	8.3693	5.388	
1596	17.598	13.683	13.843	15.218	8.396	5.4089	
1597	17.595	13.676	13.835	15.224	8.3787	5.4234	
1598	17.591	13.67	13.828	15.233	8.3674	5.3693	
1599	17.588	13.664	13.82	15.229	8.3583	5.4027	
1600	17.584	13.658	13.812	15.215	8.372	5.3582	
1601	17.58	13.651	13.804	15.245	8.3609	5.4297	
1602	17.577	13.645	13.796	15.238	8.3485	5.3855	
1603	17.573	13.639	13.788	15.243	8.3307	5.3756	
1604	17.57	13.633	13.78	15.231	8.3665	5.3766	
1605	17.566	13.627	13.773	15.219	8.355	5.4195	
1606	17.563	13.62	13.765	15.218	8.3515	5.381	
1607	17.559	13.614	13.757	15.236	8.3546	5.3807	
1608	17.556	13.608	13.749	15.198	8.3743	5.3834	
1609	17.552	13.602	13.741	15.209	8.3542	5.3865	
1610	17.549	13.596	13.734	15.217	8.3669	5.3679	
1611	17.545	13.59	13.726	15.223	8.3448	5.3933	
1612	17.542	13.583	13.718	15.243	8.3307	5.3638	
1613	17.538	13.577	13.71	15.178	8.3644	5.3728	
1614	17.535	13.571	13.702	15.202	8.361	5.4227	
1615	17.531	13.565	13.695	15.227	8.3397	5.3958	
1616	17.528	13.559	13.687	15.22	8.3127	5.3666	
1617	17.525	13.553	13.679	15.246	8.3553	5.3936	
1618	17.521	13.547	13.672	15.226	8.3236	5.3726	
1619	17.518	13.541	13.664	15.199	8.3466	5.3731	
1620	17.514	13.535	13.656	15.181	8.3603	5.3781	
1621	17.511	13.529	13.648	15.208	8.3253	5.3494	
1622	17.507	13.523	13.641	15.178	8.3112	5.3902	
1623	17.504	13.517	13.633	15.171	8.3181	5.3343	
1624	17.501	13.51	13.625	15.213	8.3478	5.3601	
1625	17.497	13.504	13.618	15.221	8.3268	5.3138	
1626	17.494	13.498	13.61	15.189	8.3195	5.3457	
1627	17.49	13.492	13.603	15.194	8.2845	5.3273	
1628	17.487	13.486	13.595	15.187	8.3499	5.3401	
1629	17.484	13.48	13.587	15.19	8.342	5.3735	
1630	17.48	13.474	13.58	15.179	8.3391	5.3371	
1631	17.477	13.468	13.572	15.173	8.3154	5.3855	
1632	17.473	13.462	13.565	15.186	8.35	5.3166	
1633	17.47	13.456	13.557	15.203	8.3497	5.3381	
1634	17.467	13.451	13.549	15.171	8.297	5.3258	
1635	17.463	13.445	13.542	15.194	8.3312	5.3287	
1636	17.46	13.439	13.534	15.188	8.3212	5.3036	
1637	17.457	13.433	13.527	15.199	8.3059	5.3668	
1638	17.453	13.427	13.519	15.222	8.2801	5.3259	
1639	17.45	13.421	13.512	15.182	8.3194	5.2974	
1640	17.447	13.415	13.504	15.173	8.2818	5.3281	
1641	17.443	13.409	13.497	15.175	8.354	5.2891	
1642	17.44	13.403	13.489	15.205	8.2703	5.335	
1643	17.437	13.397	13.482	15.19	8.3112	5.2849	
1644	17.434	13.391	13.474	15.187	8.2906	5.3078	
1645	17.43	13.386	13.467	15.188	8.2927	5.329	
1646	17.427	13.38	13.459	15.208	8.31	5.2496	
1647	17.424	13.374	13.452	15.15	8.3281	5.3322	
1648	17.42	13.368	13.444	15.196	8.214	5.2562	
1649	17.417	13.362	13.437	15.203	8.3041	5.32	
1650	17.414	13.356	13.429	15.183	8.3097	5.3172	
1651	17.411	13.351	13.422	15.183	8.2823	5.2789	
1652	17.407	13.345	13.415	15.167	8.2903	5.2806	
1653	17.404	13.339	13.407	15.222	8.273	5.3132	
1654	17.401	13.333	13.4	15.187	8.2721	5.3	
1655	17.398	13.327	13.392	15.181	8.3124	5.2674	
1656	17.394	13.322	13.385	15.178	8.2858	5.2886	
1657	17.391	13.316	13.378	15.182	8.2736	5.2715	
1658	17.388	13.31	13.37	15.168	8.2909	5.2684	
1659	17.385	13.304	13.363	15.198	8.2389	5.2994	
1660	17.381	13.298	13.356	15.134	8.2013	5.3163	
1661	17.378	13.293	13.348	15.18	8.22	5.277	
1662	17.375	13.287	13.341	15.141	8.2754	5.2561	
1663	17.372	13.281	13.334	15.16	8.3068	5.3083	
1664	17.369	13.276	13.326	15.139	8.2076	5.1903	
1665	17.365	13.27	13.319	15.134	8.2768	5.2901	
1666	17.362	13.264	13.312	15.203	8.2376	5.2267	
1667	17.359	13.258	13.304	15.116	8.178	5.2636	
1668	17.356	13.253	13.297	15.094	8.2587	5.2816	
1669	17.353	13.247	13.29	15.177	8.2221	5.1642	
1670	17.35	13.241	13.283	15.177	8.3188	5.28	
1671	17.346	13.236	13.275	15.144	8.2985	5.1962	
1672	17.343	13.23	13.268	15.205	8.2434	5.1552	
1673	17.34	13.224	13.261	15.194	8.2671	5.2595	
1674	17.337	13.219	13.254	15.196	8.273	5.2443	
1675	17.334	13.213	13.246	15.123	8.1082	5.2754	
1676	17.331	13.207	13.239	15.177	8.2951	5.2414	
1677	17.328	13.202	13.232	15.141	8.2686	5.3115	
1678	17.324	13.196	13.225	15.131	8.1656	5.2901	
1679	17.321	13.191	13.218	15.153	8.2106	5.2576	
1680	17.318	13.185	13.21	15.136	8.2649	5.3272	
1681	17.315	13.179	13.203	15.15	8.3289	5.2473	
1682	17.312	13.174	13.196	15.105	8.2398	5.2015	
1683	17.309	13.168	13.189	15.132	8.2922	5.1972	
1684	17.306	13.163	13.182	15.112	8.2552	5.3479	
1685	17.303	13.157	13.175	15.14	8.0623	5.0309	
1686	17.3	13.152	13.167	15.254	8.287	5.2897	
1687	17.297	13.146	13.16	15.066	8.3556	5.4453	
1688	17.294	13.14	13.153	15.075	8.27	5.2045	
1689	17.29	13.135	13.146	15.151	8.2085	5.0922	
1690	17.287	13.129	13.139	15.044	8.425	5.2279	
1691	17.284	13.124	13.132	15.226	8.1621	5.1941	
1692	17.281	13.118	13.125	15.228	8.4692	5.2754	
1693	17.278	13.113	13.118	14.99	8.3545	5.5722	
1694	17.275	13.107	13.111	14.9	8.082	5.2263	
1695	17.272	13.102	13.104	15.192	8.4939	5.4261	
1696	17.269	13.096	13.097	15.082	8.2301	5.4347	
1697	17.266	13.091	13.09	15.142	8.3357	5.437	
1698	17.263	13.085	13.082	14.719	8.2576	4.9981	
1699	17.26	13.08	13.075	14.916	8.6842	5.3629	
1700	17.257	13.074	13.068	14.932	8.1696	5.1826	
