	65	70	75	65	70	75	
300	44.74	46.888	49.289	37.511	37.209	37.514	
301	44.961	47.216	49.745	37.295	36.907	37.453	
302	45.188	47.55	50.21	37.087	36.772	37.279	
303	45.421	47.892	50.688	37.019	36.553	37.024	
304	45.659	48.24	51.177	36.99	36.489	37.052	
305	45.902	48.594	51.677	36.884	36.423	36.867	
306	46.15	48.954	52.188	36.614	36.185	36.77	
307	46.402	49.32	52.711	36.511	36.277	36.641	
308	46.658	49.691	53.244	36.334	36.128	36.541	
309	46.918	50.067	53.789	36.365	35.959	36.377	
310	47.181	50.448	54.344	36.171	35.873	36.379	
311	47.447	50.833	54.909	36.159	35.715	36.319	
312	47.716	51.221	55.483	36.209	35.719	36.207	
313	47.986	51.612	56.067	35.89	35.526	36.139	
314	48.258	52.006	56.659	35.955	35.547	35.953	
315	48.531	52.402	57.258	35.892	35.364	35.909	
316	48.806	52.799	57.864	35.798	35.418	35.815	
317	49.08	53.197	58.476	35.661	35.298	35.754	
318	49.355	53.595	59.091	35.561	35.153	35.59	
319	49.629	53.991	59.709	35.518	35.053	35.611	
320	49.902	54.386	60.328	35.535	35.035	35.459	
321	50.174	54.779	60.947	35.427	34.977	35.375	
322	50.443	55.168	61.563	35.393	34.901	35.332	
323	50.711	55.553	62.174	35.355	34.78	35.278	
324	50.975	55.932	62.777	35.23	34.786	35.152	
325	51.236	56.304	63.372	35.241	34.578	35.091	
326	51.493	56.669	63.954	35.155	34.568	35.032	
327	51.746	57.026	64.52	35.062	34.546	34.927	
328	51.993	57.373	65.069	35.028	34.498	34.847	
329	52.235	57.709	65.596	34.999	34.432	34.774	
330	52.471	58.033	66.099	35.011	34.459	34.767	
331	52.7	58.344	66.573	34.888	34.365	34.712	
332	52.922	58.64	67.017	34.842	34.23	34.555	
333	53.136	58.922	67.426	34.885	34.182	34.577	
334	53.342	59.187	67.798	34.798	34.161	34.525	
335	53.539	59.434	68.129	34.731	34.097	34.447	
336	53.727	59.664	68.417	34.609	34.041	34.358	
337	53.905	59.873	68.659	34.687	34.006	34.353	
338	54.072	60.063	68.854	34.632	33.962	34.303	
339	54.229	60.232	69	34.529	33.832	34.23	
340	54.375	60.379	69.096	34.579	33.724	34.179	
341	54.509	60.504	69.141	34.486	33.766	34.165	
342	54.631	60.607	69.136	34.466	33.725	34.1	
343	54.741	60.686	69.081	34.549	33.733	34.023	
344	54.839	60.742	68.977	34.521	33.702	33.95	
345	54.923	60.774	68.827	34.424	33.661	33.933	
346	54.994	60.783	68.631	34.455	33.622	33.892	
347	55.051	60.767	68.392	34.458	33.593	33.865	
348	55.094	60.727	68.113	34.377	33.616	33.812	
349	55.123	60.664	67.795	34.389	33.625	33.81	
350	55.137	60.576	67.44	34.388	33.625	33.767	
351	55.136	60.463	67.052	34.35	33.524	33.743	
352	55.119	60.326	66.631	34.396	33.574	33.8	
353	55.085	60.164	66.179	34.351	33.52	33.614	
354	55.036	59.978	65.699	34.458	33.583	33.722	
355	54.97	59.767	65.19	34.599	33.444	33.575	
356	54.887	59.531	64.656	34.579	33.535	33.58	
357	54.789	59.273	64.097	34.514	33.694	33.653	
358	54.676	58.994	63.518	34.45	33.599	33.561	
359	54.55	58.696	62.921	34.557	33.626	33.604	
360	54.415	58.384	62.311	34.568	33.602	33.533	
361	54.272	58.063	61.697	34.519	33.534	33.614	
362	54.126	57.737	61.083	34.468	33.471	33.318	
363	53.98	57.411	60.478	34.502	33.373	33.27	
364	53.837	57.091	59.889	34.485	33.406	33.141	
365	53.699	56.78	59.32	34.48	33.239	33.257	
366	53.567	56.48	58.776	34.43	33.18	32.916	
367	53.443	56.194	58.259	34.217	33.026	32.627	
368	53.326	55.922	57.77	34.2	33.006	32.484	
369	53.217	55.666	57.312	34.034	32.568	32.257	
370	53.117	55.425	56.884	33.841	32.395	31.955	
371	53.022	55.196	56.481	33.737	32.227	31.762	
372	52.929	54.976	56.101	33.555	32.089	31.437	
373	52.839	54.765	55.742	33.39	31.779	31.262	
374	52.75	54.559	55.4	33.076	31.523	30.992	
375	52.66	54.359	55.074	32.972	31.289	30.557	
376	52.569	54.162	54.761	32.744	31.026	30.281	
377	52.476	53.967	54.46	32.512	30.758	29.935	
378	52.38	53.776	54.17	32.361	30.452	29.755	
379	52.283	53.586	53.89	32.152	30.302	29.525	
380	52.182	53.397	53.618	31.847	30.094	29.22	
381	52.077	53.207	53.352	31.78	29.805	28.874	
382	51.969	53.018	53.092	31.618	29.702	28.718	
383	51.857	52.828	52.838	31.407	29.37	28.494	
384	51.742	52.639	52.59	31.178	29.194	28.195	
385	51.625	52.45	52.347	31.074	29.021	28.069	
386	51.504	52.262	52.109	30.864	28.789	27.848	
387	51.381	52.073	51.876	30.652	28.633	27.637	
388	51.255	51.885	51.646	30.583	28.41	27.476	
389	51.126	51.696	51.42	30.461	28.307	27.256	
390	50.995	51.508	51.198	30.26	28.108	27.05	
391	50.861	51.321	50.981	30.191	27.915	26.895	
392	50.725	51.134	50.766	29.981	27.735	26.665	
393	50.588	50.947	50.555	29.878	27.587	26.582	
394	50.448	50.76	50.346	29.682	27.397	26.4	
395	50.307	50.574	50.141	29.63	27.355	26.298	
396	50.163	50.388	49.938	29.422	27.142	26.077	
397	50.018	50.202	49.738	29.335	27.036	25.925	
398	49.872	50.017	49.541	29.275	26.882	25.776	
399	49.724	49.833	49.346	29.093	26.69	25.637	
400	49.575	49.649	49.153	29.072	26.6	25.423	
401	49.425	49.465	48.962	28.922	26.451	25.337	
402	49.274	49.283	48.774	28.768	26.379	25.181	
403	49.122	49.1	48.587	28.682	26.196	25.041	
404	48.969	48.919	48.403	28.573	26.143	24.894	
405	48.816	48.738	48.221	28.511	25.929	24.83	
406	48.662	48.559	48.04	28.418	25.831	24.647	
407	48.507	48.38	47.862	28.306	25.691	24.585	
408	48.353	48.202	47.686	28.204	25.67	24.441	
409	48.198	48.025	47.511	28.091	25.533	24.21	
410	48.043	47.849	47.339	28.031	25.423	24.179	
411	47.889	47.674	47.168	27.868	25.362	24.088	
412	47.734	47.501	47	27.819	25.199	23.977	
413	47.58	47.329	46.833	27.751	25.068	23.815	
414	47.426	47.158	46.668	27.647	25.046	23.779	
415	47.272	46.988	46.506	27.567	24.906	23.666	
416	47.119	46.82	46.345	27.436	24.81	23.564	
417	46.966	46.653	46.186	27.395	24.667	23.442	
418	46.814	46.487	46.028	27.242	24.576	23.314	
419	46.663	46.323	45.873	27.24	24.539	23.278	
420	46.512	46.16	45.719	27.177	24.391	23.051	
421	46.362	45.998	45.567	26.993	24.277	23.05	
422	46.212	45.838	45.417	27.016	24.164	22.99	
423	46.064	45.679	45.268	26.934	24.088	22.879	
424	45.916	45.522	45.122	26.867	24.049	22.714	
425	45.769	45.366	44.977	26.755	23.89	22.644	
426	45.623	45.212	44.833	26.651	23.86	22.58	
427	45.477	45.059	44.691	26.553	23.755	22.538	
428	45.333	44.907	44.551	26.479	23.663	22.372	
429	45.189	44.756	44.412	26.519	23.569	22.282	
430	45.047	44.608	44.275	26.369	23.426	22.284	
431	44.905	44.46	44.139	26.264	23.503	22.162	
432	44.764	44.314	44.005	26.276	23.311	21.984	
433	44.625	44.169	43.872	26.141	23.339	21.941	
434	44.486	44.025	43.741	26.086	23.175	21.795	
435	44.348	43.883	43.611	26.006	23.033	21.804	
436	44.211	43.742	43.482	25.973	22.899	21.543	
437	44.075	43.602	43.355	25.893	22.922	21.617	
438	43.94	43.464	43.229	25.872	22.893	21.469	
439	43.807	43.327	43.105	25.71	22.818	21.435	
440	43.674	43.191	42.981	25.695	22.639	21.343	
441	43.542	43.056	42.859	25.63	22.648	21.261	
442	43.411	42.923	42.739	25.588	22.648	21.104	
443	43.281	42.79	42.619	25.507	22.442	21.184	
444	43.152	42.659	42.501	25.556	22.424	20.985	
445	43.024	42.529	42.384	25.392	22.277	20.91	
446	42.897	42.401	42.267	25.234	22.293	20.863	
447	42.771	42.273	42.153	25.292	22.112	20.749	
448	42.645	42.147	42.039	25.195	22.141	20.723	
449	42.521	42.022	41.926	25.183	22.026	20.627	
450	42.398	41.897	41.815	25.118	21.916	20.654	
451	42.276	41.774	41.704	25.118	21.857	20.554	
452	42.155	41.652	41.594	25.026	21.784	20.444	
453	42.034	41.532	41.486	24.922	21.755	20.443	
454	41.915	41.412	41.378	24.835	21.684	20.273	
455	41.797	41.293	41.272	24.769	21.671	20.279	
456	41.679	41.175	41.166	24.72	21.58	20.095	
457	41.563	41.059	41.062	24.709	21.546	20.092	
458	41.447	40.943	40.958	24.66	21.441	20.062	
459	41.332	40.828	40.856	24.663	21.481	19.975	
460	41.218	40.714	40.754	24.545	21.331	19.906	
461	41.105	40.601	40.653	24.62	21.233	19.818	
462	40.993	40.49	40.553	24.431	21.183	19.772	
463	40.882	40.379	40.454	24.46	21.21	19.722	
464	40.772	40.269	40.355	24.327	21.031	19.609	
465	40.662	40.16	40.258	24.36	21.017	19.608	
466	40.554	40.052	40.161	24.267	20.954	19.454	
467	40.446	39.945	40.065	24.206	20.854	19.484	
468	40.339	39.838	39.97	24.17	20.799	19.396	
469	40.233	39.733	39.876	24.092	20.77	19.34	
470	40.128	39.628	39.782	24.061	20.699	19.193	
471	40.024	39.524	39.69	24.012	20.652	19.217	
472	39.92	39.421	39.598	23.934	20.679	19.142	
473	39.817	39.319	39.506	23.947	20.517	19.035	
474	39.716	39.218	39.416	23.908	20.509	19.076	
475	39.614	39.117	39.326	23.846	20.472	18.955	
476	39.514	39.018	39.237	23.824	20.439	18.928	
477	39.414	38.919	39.148	23.74	20.279	18.806	
478	39.316	38.821	39.06	23.684	20.28	18.775	
479	39.217	38.723	38.973	23.667	20.197	18.72	
480	39.12	38.626	38.887	23.599	20.142	18.638	
481	39.024	38.531	38.801	23.572	20.093	18.615	
482	38.928	38.435	38.716	23.495	20.1	18.561	
483	38.833	38.341	38.631	23.543	20.037	18.524	
484	38.738	38.247	38.547	23.447	19.952	18.437	
485	38.645	38.154	38.464	23.405	19.904	18.479	
486	38.552	38.062	38.381	23.388	19.787	18.36	
487	38.459	37.97	38.299	23.308	19.783	18.254	
488	38.368	37.879	38.218	23.318	19.714	18.213	
489	38.277	37.789	38.137	23.228	19.691	18.178	
490	38.187	37.699	38.056	23.239	19.606	18.185	
491	38.097	37.61	37.976	23.162	19.598	18.078	
492	38.008	37.522	37.897	23.125	19.513	18.036	
493	37.92	37.434	37.818	23.098	19.505	17.975	
494	37.832	37.347	37.74	23.049	19.475	17.976	
495	37.745	37.26	37.662	23.039	19.452	17.877	
496	37.659	37.174	37.585	22.991	19.38	17.876	
497	37.574	37.089	37.508	22.952	19.303	17.874	
498	37.488	37.004	37.432	22.922	19.281	17.787	
499	37.404	36.92	37.356	22.888	19.204	17.73	
500	37.32	36.836	37.281	22.873	19.164	17.653	
501	37.237	36.753	37.206	22.799	19.155	17.607	
502	37.154	36.671	37.132	22.748	19.072	17.553	
503	37.072	36.589	37.058	22.745	19.08	17.515	
504	36.991	36.508	36.985	22.67	18.989	17.461	
505	36.91	36.427	36.912	22.66	18.966	17.426	
506	36.829	36.347	36.839	22.59	18.9	17.357	
507	36.75	36.267	36.767	22.573	18.858	17.36	
508	36.67	36.188	36.696	22.544	18.831	17.264	
509	36.592	36.109	36.625	22.54	18.784	17.234	
510	36.514	36.031	36.554	22.464	18.744	17.185	
511	36.436	35.953	36.484	22.441	18.672	17.172	
512	36.359	35.876	36.414	22.411	18.653	17.095	
513	36.282	35.799	36.344	22.38	18.604	17.039	
514	36.206	35.723	36.275	22.329	18.581	17.008	
515	36.131	35.647	36.206	22.323	18.521	16.956	
516	36.056	35.572	36.138	22.272	18.488	16.925	
517	35.981	35.497	36.07	22.233	18.453	16.889	
518	35.907	35.423	36.003	22.213	18.429	16.8	
519	35.834	35.349	35.935	22.156	18.383	16.8	
520	35.761	35.275	35.869	22.155	18.329	16.783	
521	35.688	35.202	35.802	22.107	18.281	16.705	
522	35.616	35.13	35.736	22.082	18.236	16.682	
523	35.544	35.057	35.67	22.044	18.197	16.633	
524	35.473	34.986	35.605	22.008	18.175	16.576	
525	35.403	34.914	35.54	21.973	18.11	16.541	
526	35.332	34.843	35.475	21.948	18.101	16.479	
527	35.263	34.773	35.411	21.919	18.041	16.467	
528	35.193	34.703	35.347	21.871	18.015	16.444	
529	35.124	34.633	35.283	21.848	17.935	16.346	
530	35.056	34.564	35.22	21.807	17.963	16.332	
531	34.988	34.495	35.157	21.787	17.894	16.282	
532	34.92	34.426	35.094	21.792	17.872	16.249	
533	34.853	34.358	35.031	21.715	17.836	16.21	
534	34.786	34.291	34.969	21.688	17.765	16.173	
535	34.72	34.223	34.907	21.675	17.736	16.118	
536	34.654	34.156	34.846	21.642	17.728	16.071	
537	34.589	34.09	34.785	21.635	17.67	16.051	
538	34.523	34.023	34.724	21.595	17.649	16.008	
539	34.459	33.957	34.663	21.569	17.626	15.99	
540	34.394	33.892	34.603	21.55	17.587	15.938	
541	34.33	33.827	34.543	21.51	17.537	15.923	
542	34.267	33.762	34.483	21.482	17.509	15.858	
543	34.204	33.697	34.424	21.476	17.461	15.814	
544	34.141	33.633	34.364	21.431	17.422	15.773	
545	34.078	33.569	34.306	21.41	17.437	15.761	
546	34.016	33.506	34.247	21.352	17.352	15.71	
547	33.955	33.443	34.189	21.367	17.317	15.707	
548	33.893	33.38	34.13	21.329	17.285	15.648	
549	33.832	33.317	34.073	21.326	17.238	15.622	
550	33.772	33.255	34.015	21.261	17.228	15.591	
551	33.711	33.193	33.958	21.239	17.193	15.54	
552	33.651	33.132	33.901	21.241	17.157	15.508	
553	33.592	33.07	33.844	21.207	17.129	15.477	
554	33.533	33.01	33.787	21.168	17.077	15.44	
555	33.474	32.949	33.731	21.16	17.056	15.395	
556	33.415	32.889	33.675	21.131	17.016	15.362	
557	33.357	32.829	33.619	21.103	16.947	15.317	
558	33.299	32.769	33.563	21.084	16.962	15.3	
559	33.242	32.709	33.508	21.046	16.928	15.278	
560	33.184	32.65	33.453	21.019	16.886	15.228	
561	33.127	32.591	33.398	21.007	16.84	15.186	
562	33.071	32.533	33.343	21	16.812	15.184	
563	33.014	32.475	33.289	20.961	16.801	15.133	
564	32.959	32.417	33.235	20.944	16.75	15.126	
565	32.903	32.359	33.181	20.9	16.721	15.064	
566	32.847	32.301	33.127	20.879	16.684	15.074	
567	32.792	32.244	33.074	20.845	16.66	15.01	
568	32.738	32.187	33.02	20.818	16.626	14.969	
569	32.683	32.131	32.967	20.805	16.591	14.939	
570	32.629	32.074	32.914	20.791	16.566	14.891	
571	32.575	32.018	32.862	20.756	16.54	14.877	
572	32.522	31.962	32.809	20.734	16.528	14.866	
573	32.468	31.907	32.757	20.719	16.489	14.815	
574	32.415	31.851	32.705	20.685	16.473	14.755	
575	32.363	31.796	32.653	20.662	16.434	14.74	
576	32.31	31.741	32.602	20.631	16.404	14.719	
577	32.258	31.687	32.55	20.644	16.385	14.694	
578	32.206	31.633	32.499	20.618	16.331	14.681	
579	32.154	31.578	32.448	20.576	16.316	14.62	
580	32.103	31.525	32.397	20.577	16.277	14.621	
581	32.052	31.471	32.347	20.535	16.251	14.584	
582	32.001	31.418	32.296	20.524	16.22	14.522	
583	31.951	31.364	32.246	20.504	16.18	14.507	
584	31.9	31.312	32.196	20.492	16.17	14.517	
585	31.85	31.259	32.146	20.442	16.155	14.449	
586	31.801	31.206	32.096	20.431	16.123	14.417	
587	31.751	31.154	32.047	20.436	16.098	14.362	
588	31.702	31.102	31.998	20.408	16.07	14.357	
589	31.653	31.05	31.949	20.364	16.041	14.332	
590	31.604	30.999	31.9	20.345	16.005	14.287	
591	31.555	30.948	31.851	20.333	15.99	14.25	
592	31.507	30.897	31.802	20.31	15.918	14.221	
593	31.459	30.846	31.754	20.296	15.969	14.198	
594	31.411	30.795	31.706	20.283	15.892	14.209	
595	31.364	30.745	31.658	20.24	15.88	14.155	
596	31.316	30.694	31.61	20.22	15.879	14.124	
597	31.269	30.644	31.562	20.21	15.839	14.089	
598	31.222	30.594	31.515	20.202	15.8	14.07	
599	31.176	30.545	31.467	20.184	15.748	14.033	
600	31.129	30.495	31.42	20.146	15.774	14.024	
601	31.083	30.446	31.373	20.111	15.734	13.982	
602	31.037	30.397	31.326	20.089	15.676	13.946	
603	30.992	30.348	31.28	20.073	15.681	13.918	
604	30.946	30.3	31.233	20.062	15.645	13.915	
605	30.901	30.251	31.187	20.041	15.608	13.859	
606	30.856	30.203	31.141	20.03	15.616	13.815	
607	30.811	30.155	31.094	19.998	15.592	13.779	
608	30.766	30.107	31.049	20.014	15.535	13.804	
609	30.722	30.06	31.003	19.982	15.547	13.748	
610	30.678	30.012	30.957	19.959	15.505	13.733	
611	30.634	29.965	30.912	19.939	15.468	13.708	
612	30.59	29.918	30.867	19.937	15.48	13.705	
613	30.546	29.871	30.822	19.905	15.44	13.625	
614	30.503	29.824	30.777	19.873	15.416	13.633	
615	30.46	29.778	30.732	19.872	15.373	13.599	
616	30.417	29.732	30.687	19.848	15.366	13.567	
617	30.374	29.685	30.643	19.833	15.339	13.548	
618	30.331	29.64	30.598	19.81	15.324	13.544	
619	30.289	29.594	30.554	19.793	15.289	13.484	
620	30.247	29.548	30.51	19.769	15.26	13.464	
621	30.205	29.503	30.466	19.744	15.245	13.463	
622	30.163	29.457	30.422	19.758	15.223	13.435	
623	30.121	29.412	30.379	19.727	15.19	13.375	
624	30.08	29.368	30.335	19.705	15.17	13.372	
625	30.039	29.323	30.292	19.678	15.168	13.392	
626	29.998	29.278	30.249	19.681	15.12	13.311	
627	29.957	29.234	30.206	19.667	15.098	13.304	
628	29.916	29.19	30.163	19.638	15.06	13.283	
629	29.876	29.145	30.12	19.635	15.075	13.294	
630	29.835	29.102	30.077	19.57	15.013	13.233	
631	29.795	29.058	30.035	19.565	15.066	13.236	
632	29.755	29.014	29.992	19.575	15.011	13.141	
633	29.715	28.971	29.95	19.564	14.965	13.12	
634	29.676	28.928	29.908	19.51	14.954	13.069	
635	29.636	28.885	29.866	19.493	14.942	13.106	
636	29.597	28.842	29.824	19.49	14.951	13.106	
637	29.558	28.799	29.783	19.498	14.872	13.056	
638	29.519	28.756	29.741	19.454	14.846	13.046	
639	29.48	28.714	29.7	19.459	14.818	13.027	
640	29.442	28.671	29.658	19.425	14.799	13.018	
641	29.403	28.629	29.617	19.452	14.778	12.939	
642	29.365	28.587	29.576	19.402	14.772	12.986	
643	29.327	28.545	29.535	19.387	14.721	12.945	
644	29.289	28.504	29.494	19.404	14.727	12.899	
645	29.251	28.462	29.453	19.385	14.71	12.869	
646	29.214	28.421	29.413	19.341	14.67	12.857	
647	29.176	28.379	29.372	19.34	14.697	12.832	
648	29.139	28.338	29.332	19.298	14.644	12.833	
649	29.102	28.297	29.292	19.29	14.633	12.793	
650	29.065	28.257	29.252	19.268	14.571	12.757	
651	29.028	28.216	29.212	19.249	14.593	12.771	
652	28.992	28.175	29.172	19.245	14.544	12.718	
653	28.955	28.135	29.132	19.224	14.556	12.69	
654	28.919	28.095	29.093	19.213	14.505	12.636	
655	28.883	28.055	29.053	19.188	14.528	12.643	
656	28.847	28.015	29.014	19.173	14.551	12.655	
657	28.811	27.975	28.975	19.182	14.495	12.58	
658	28.775	27.935	28.935	19.145	14.451	12.585	
659	28.739	27.895	28.896	19.135	14.393	12.576	
660	28.704	27.856	28.858	19.131	14.406	12.557	
661	28.669	27.817	28.819	19.149	14.366	12.521	
662	28.634	27.778	28.78	19.141	14.38	12.487	
663	28.599	27.739	28.741	19.085	14.354	12.478	
664	28.564	27.7	28.703	19.067	14.358	12.46	
665	28.529	27.661	28.665	19.05	14.329	12.422	
666	28.494	27.622	28.626	19.037	14.283	12.4	
667	28.46	27.584	28.588	19.049	14.264	12.403	
668	28.426	27.545	28.55	19.03	14.28	12.379	
669	28.392	27.507	28.512	19.015	14.24	12.357	
670	28.358	27.469	28.475	18.996	14.227	12.341	
671	28.324	27.431	28.437	18.983	14.189	12.272	
672	28.29	27.393	28.399	18.968	14.151	12.307	
673	28.256	27.355	28.362	18.924	14.153	12.286	
674	28.223	27.318	28.324	18.939	14.161	12.278	
675	28.19	27.28	28.287	18.916	14.153	12.296	
676	28.156	27.243	28.25	18.918	14.072	12.203	
677	28.123	27.206	28.213	18.905	14.111	12.199	
678	28.09	27.169	28.176	18.877	14.073	12.219	
679	28.058	27.132	28.139	18.874	14.028	12.143	
680	28.025	27.095	28.102	18.865	14.013	12.153	
681	27.992	27.058	28.066	18.846	13.999	12.088	
682	27.96	27.021	28.029	18.845	14.005	12.109	
683	27.928	26.985	27.993	18.808	13.954	12.072	
684	27.896	26.948	27.956	18.784	13.945	12.093	
685	27.863	26.912	27.92	18.793	13.961	12.052	
686	27.832	26.876	27.884	18.775	13.924	12.002	
687	27.8	26.84	27.848	18.777	13.89	11.991	
688	27.768	26.804	27.812	18.772	13.868	11.962	
689	27.737	26.768	27.776	18.761	13.903	11.957	
690	27.705	26.732	27.74	18.716	13.875	11.965	
691	27.674	26.697	27.705	18.724	13.843	11.91	
692	27.643	26.661	27.669	18.709	13.782	11.94	
693	27.612	26.626	27.634	18.696	13.781	11.891	
694	27.581	26.591	27.598	18.682	13.775	11.898	
695	27.55	26.556	27.563	18.653	13.738	11.859	
696	27.519	26.521	27.528	18.654	13.704	11.854	
697	27.489	26.486	27.493	18.647	13.742	11.818	
698	27.458	26.451	27.458	18.656	13.697	11.76	
699	27.428	26.416	27.423	18.615	13.678	11.745	
700	27.397	26.382	27.388	18.603	13.714	11.763	
701	27.367	26.347	27.354	18.616	13.601	11.754	
702	27.337	26.313	27.319	18.605	13.677	11.742	
703	27.307	26.278	27.284	18.55	13.664	11.695	
704	27.278	26.244	27.25	18.548	13.616	11.689	
705	27.248	26.21	27.216	18.593	13.586	11.663	
706	27.218	26.176	27.181	18.539	13.595	11.627	
707	27.189	26.142	27.147	18.519	13.587	11.625	
708	27.16	26.109	27.113	18.499	13.513	11.634	
709	27.13	26.075	27.079	18.52	13.555	11.58	
710	27.101	26.041	27.045	18.509	13.487	11.628	
711	27.072	26.008	27.012	18.491	13.491	11.511	
712	27.043	25.975	26.978	18.46	13.43	11.505	
713	27.014	25.941	26.944	18.443	13.501	11.532	
714	26.986	25.908	26.911	18.434	13.419	11.487	
715	26.957	25.875	26.877	18.397	13.433	11.469	
716	26.929	25.842	26.844	18.418	13.356	11.374	
717	26.9	25.809	26.811	18.408	13.398	11.468	
718	26.872	25.777	26.777	18.389	13.347	11.371	
719	26.844	25.744	26.744	18.416	13.365	11.461	
720	26.816	25.712	26.711	18.332	13.336	11.414	
721	26.788	25.679	26.678	18.377	13.311	11.389	
722	26.76	25.647	26.645	18.373	13.341	11.365	
723	26.732	25.614	26.613	18.316	13.339	11.362	
724	26.705	25.582	26.58	18.348	13.267	11.357	
725	26.677	25.55	26.547	18.293	13.366	11.278	
726	26.649	25.518	26.515	18.343	13.2	11.279	
727	26.622	25.486	26.482	18.3	13.25	11.255	
728	26.595	25.455	26.45	18.318	13.194	11.255	
729	26.568	25.423	26.418	18.272	13.178	11.254	
730	26.541	25.391	26.386	18.26	13.183	11.173	
731	26.514	25.36	26.354	18.22	13.167	11.208	
732	26.487	25.328	26.321	18.247	13.116	11.197	
733	26.46	25.297	26.29	18.236	13.152	11.165	
734	26.433	25.266	26.258	18.263	13.117	11.143	
735	26.407	25.235	26.226	18.212	13.131	11.119	
736	26.38	25.204	26.194	18.211	13.114	11.12	
737	26.354	25.173	26.163	18.221	13.084	11.153	
738	26.327	25.142	26.131	18.175	13.091	11.076	
739	26.301	25.111	26.1	18.168	13.067	11.094	
740	26.275	25.08	26.068	18.198	13.06	11.074	
741	26.249	25.05	26.037	18.146	13.012	11.072	
742	26.223	25.019	26.006	18.159	13.021	11.016	
743	26.197	24.989	25.974	18.16	13.027	10.987	
744	26.171	24.959	25.943	18.128	13	11.023	
745	26.146	24.928	25.912	18.098	13.023	11.013	
746	26.12	24.898	25.881	18.113	12.97	10.981	
747	26.094	24.868	25.85	18.112	13.001	10.944	
748	26.069	24.838	25.82	18.09	12.967	10.93	
749	26.044	24.808	25.789	18.087	12.928	10.902	
750	26.018	24.778	25.758	18.026	12.909	10.938	
751	25.993	24.748	25.728	18.064	12.892	10.873	
752	25.968	24.719	25.697	18.016	12.923	10.846	
753	25.943	24.689	25.667	18.042	12.881	10.845	
754	25.918	24.66	25.637	18.033	12.862	10.87	
755	25.894	24.63	25.606	17.998	12.896	10.794	
756	25.869	24.601	25.576	18.017	12.83	10.84	
757	25.844	24.572	25.546	18.016	12.778	10.837	
758	25.82	24.543	25.516	17.993	12.814	10.794	
759	25.795	24.514	25.486	17.991	12.817	10.766	
760	25.771	24.485	25.456	17.965	12.743	10.723	
761	25.746	24.456	25.426	17.94	12.757	10.727	
762	25.722	24.427	25.397	17.968	12.744	10.685	
763	25.698	24.398	25.367	17.942	12.757	10.67	
764	25.674	24.369	25.337	17.942	12.75	10.703	
765	25.65	24.341	25.308	17.928	12.723	10.649	
766	25.626	24.312	25.278	17.945	12.732	10.659	
767	25.602	24.284	25.249	17.932	12.689	10.658	
768	25.578	24.255	25.22	17.898	12.676	10.604	
769	25.555	24.227	25.19	17.901	12.684	10.63	
770	25.531	24.199	25.161	17.88	12.632	10.573	
771	25.508	24.171	25.132	17.839	12.621	10.567	
772	25.484	24.143	25.103	17.837	12.664	10.567	
773	25.461	24.115	25.074	17.851	12.613	10.567	
774	25.438	24.087	25.045	17.831	12.605	10.51	
775	25.414	24.059	25.016	17.81	12.584	10.517	
776	25.391	24.031	24.987	17.872	12.563	10.49	
777	25.368	24.004	24.959	17.813	12.541	10.499	
778	25.345	23.976	24.93	17.814	12.507	10.516	
779	25.322	23.948	24.901	17.771	12.515	10.473	
780	25.299	23.921	24.873	17.769	12.529	10.484	
781	25.277	23.894	24.844	17.816	12.552	10.405	
782	25.254	23.866	24.816	17.788	12.453	10.414	
783	25.231	23.839	24.788	17.766	12.44	10.413	
784	25.209	23.812	24.759	17.747	12.468	10.369	
785	25.186	23.785	24.731	17.727	12.424	10.347	
786	25.164	23.758	24.703	17.72	12.435	10.349	
787	25.142	23.731	24.675	17.725	12.412	10.345	
788	25.12	23.704	24.647	17.722	12.394	10.324	
789	25.097	23.677	24.619	17.703	12.376	10.317	
790	25.075	23.65	24.591	17.705	12.403	10.277	
791	25.053	23.624	24.564	17.675	12.368	10.278	
792	25.031	23.597	24.536	17.689	12.361	10.267	
793	25.009	23.571	24.508	17.679	12.381	10.266	
794	24.988	23.544	24.481	17.66	12.327	10.239	
795	24.966	23.518	24.453	17.659	12.309	10.224	
796	24.944	23.491	24.425	17.662	12.313	10.213	
797	24.923	23.465	24.398	17.654	12.325	10.176	
798	24.901	23.439	24.371	17.666	12.323	10.181	
799	24.88	23.413	24.343	17.647	12.261	10.206	
800	24.858	23.387	24.316	17.62	12.266	10.135	
801	24.837	23.361	24.289	17.605	12.279	10.152	
802	24.816	23.335	24.262	17.648	12.257	10.122	
803	24.794	23.309	24.235	17.585	12.228	10.092	
804	24.773	23.283	24.208	17.575	12.219	10.133	
805	24.752	23.258	24.181	17.566	12.198	10.093	
806	24.731	23.232	24.154	17.583	12.17	10.084	
807	24.71	23.206	24.127	17.566	12.126	10.115	
808	24.689	23.181	24.101	17.569	12.174	10.024	
809	24.669	23.155	24.074	17.516	12.099	10.047	
810	24.648	23.13	24.047	17.556	12.165	10.014	
811	24.627	23.105	24.021	17.537	12.131	9.9973	
812	24.607	23.08	23.994	17.532	12.176	10.005	
813	24.586	23.054	23.968	17.542	12.077	9.9926	
814	24.566	23.029	23.941	17.52	12.11	10.013	
815	24.545	23.004	23.915	17.499	12.091	9.9656	
816	24.525	22.979	23.889	17.51	12.082	9.9131	
817	24.505	22.954	23.863	17.487	12.062	9.9298	
818	24.484	22.929	23.836	17.492	12.059	9.9034	
819	24.464	22.905	23.81	17.483	12.042	9.9129	
820	24.444	22.88	23.784	17.46	12.018	9.8719	
821	24.424	22.855	23.758	17.453	12.005	9.8656	
822	24.404	22.831	23.732	17.45	12.012	9.8616	
823	24.384	22.806	23.706	17.451	12.006	9.8525	
824	24.364	22.782	23.681	17.443	12.007	9.8497	
825	24.345	22.757	23.655	17.437	11.988	9.8449	
826	24.325	22.733	23.629	17.433	11.98	9.8362	
827	24.305	22.708	23.604	17.43	11.974	9.8144	
828	24.286	22.684	23.578	17.419	11.964	9.8087	
829	24.266	22.66	23.552	17.407	11.95	9.7941	
830	24.247	22.636	23.527	17.407	11.946	9.8031	
831	24.227	22.612	23.502	17.4	11.919	9.7859	
832	24.208	22.588	23.476	17.384	11.91	9.7662	
833	24.188	22.564	23.451	17.379	11.905	9.7353	
834	24.169	22.54	23.426	17.367	11.897	9.7158	
835	24.15	22.516	23.4	17.36	11.889	9.7177	
836	24.131	22.493	23.375	17.358	11.888	9.6974	
837	24.112	22.469	23.35	17.35	11.861	9.7024	
838	24.093	22.445	23.325	17.356	11.846	9.6741	
839	24.074	22.422	23.3	17.339	11.835	9.6728	
840	24.055	22.398	23.275	17.323	11.851	9.6213	
841	24.036	22.375	23.25	17.338	11.799	9.6059	
842	24.017	22.351	23.226	17.35	11.812	9.6524	
843	23.998	22.328	23.201	17.333	11.79	9.6237	
844	23.98	22.305	23.176	17.328	11.8	9.6135	
845	23.961	22.281	23.151	17.337	11.83	9.5864	
846	23.943	22.258	23.127	17.25	11.762	9.5728	
847	23.924	22.235	23.102	17.316	11.671	9.6306	
848	23.906	22.212	23.078	17.299	11.801	9.6341	
849	23.887	22.189	23.053	17.296	11.713	9.5251	
850	23.869	22.166	23.029	17.278	11.74	9.5683	
851	23.851	22.143	23.005	17.254	11.712	9.5872	
852	23.832	22.12	22.98	17.249	11.723	9.4661	
853	23.814	22.097	22.956	17.279	11.658	9.4759	
854	23.796	22.075	22.932	17.228	11.704	9.4325	
855	23.778	22.052	22.908	17.23	11.626	9.478	
856	23.76	22.029	22.884	17.202	11.678	9.4881	
857	23.742	22.007	22.86	17.234	11.659	9.4508	
858	23.724	21.984	22.836	17.248	11.682	9.4151	
859	23.706	21.962	22.812	17.26	11.629	9.461	
860	23.688	21.939	22.788	17.206	11.667	9.4684	
861	23.671	21.917	22.764	17.177	11.615	9.3825	
862	23.653	21.895	22.74	17.215	11.595	9.3837	
863	23.635	21.873	22.717	17.205	11.644	9.3907	
864	23.618	21.85	22.693	17.208	11.589	9.387	
865	23.6	21.828	22.669	17.157	11.577	9.3165	
866	23.583	21.806	22.646	17.167	11.563	9.3468	
867	23.565	21.784	22.622	17.147	11.513	9.3459	
868	23.548	21.762	22.599	17.118	11.543	9.3501	
869	23.53	21.74	22.575	17.15	11.508	9.2901	
870	23.513	21.718	22.552	17.159	11.516	9.3057	
871	23.496	21.697	22.529	17.146	11.508	9.2767	
872	23.479	21.675	22.505	17.131	11.512	9.3136	
873	23.462	21.653	22.482	17.157	11.469	9.267	
874	23.444	21.631	22.459	17.129	11.488	9.2504	
875	23.427	21.61	22.436	17.111	11.474	9.2559	
876	23.41	21.588	22.413	17.115	11.465	9.2204	
877	23.393	21.567	22.39	17.112	11.46	9.2537	
878	23.377	21.545	22.367	17.083	11.444	9.2191	
879	23.36	21.524	22.344	17.079	11.432	9.1998	
880	23.343	21.502	22.321	17.071	11.421	9.1926	
881	23.326	21.481	22.298	17.069	11.417	9.1849	
882	23.309	21.46	22.275	17.067	11.412	9.1889	
883	23.293	21.439	22.252	17.063	11.408	9.1794	
884	23.276	21.417	22.23	17.061	11.404	9.1718	
885	23.26	21.396	22.207	17.061	11.396	9.1709	
886	23.243	21.375	22.184	17.056	11.388	9.1566	
887	23.227	21.354	22.162	17.046	11.371	9.1428	
888	23.21	21.333	22.139	17.044	11.364	9.1243	
889	23.194	21.312	22.117	17.031	11.351	9.1119	
890	23.177	21.292	22.094	17.018	11.337	9.0964	
891	23.161	21.271	22.072	17.012	11.328	9.0812	
892	23.145	21.25	22.049	17.01	11.316	9.0788	
893	23.129	21.229	22.027	17.003	11.31	9.0602	
894	23.113	21.209	22.005	16.991	11.308	9.0486	
895	23.096	21.188	21.983	16.999	11.303	9.0533	
896	23.08	21.167	21.961	16.989	11.29	9.0498	
897	23.064	21.147	21.938	16.989	11.285	9.0476	
898	23.048	21.126	21.916	16.987	11.282	9.0195	
899	23.032	21.106	21.894	16.979	11.268	9.0175	
900	23.017	21.086	21.872	16.966	11.258	8.9949	
901	23.001	21.065	21.85	16.947	11.247	8.9733	
902	22.985	21.045	21.829	16.948	11.229	8.9685	
903	22.969	21.025	21.807	16.945	11.226	8.9618	
904	22.954	21.004	21.785	16.94	11.217	8.9595	
905	22.938	20.984	21.763	16.932	11.215	8.9576	
906	22.922	20.964	21.741	16.934	11.21	8.9517	
907	22.907	20.944	21.72	16.929	11.206	8.9528	
908	22.891	20.924	21.698	16.931	11.194	8.9288	
909	22.876	20.904	21.677	16.916	11.183	8.9209	
910	22.86	20.884	21.655	16.902	11.167	8.91	
911	22.845	20.864	21.634	16.906	11.155	8.9055	
912	22.829	20.844	21.612	16.894	11.128	8.8691	
913	22.814	20.825	21.591	16.881	11.137	8.8493	
914	22.799	20.805	21.569	16.883	11.127	8.8511	
915	22.784	20.785	21.548	16.876	11.114	8.8449	
916	22.769	20.766	21.527	16.869	11.119	8.8435	
917	22.753	20.746	21.505	16.869	11.116	8.8377	
918	22.738	20.726	21.484	16.872	11.111	8.8326	
919	22.723	20.707	21.463	16.868	11.102	8.8198	
920	22.708	20.687	21.442	16.862	11.094	8.8106	
921	22.693	20.668	21.421	16.852	11.081	8.8013	
922	22.678	20.649	21.4	16.848	11.073	8.8045	
923	22.663	20.629	21.379	16.851	11.066	8.7956	
924	22.649	20.61	21.358	16.835	11.037	8.7695	
925	22.634	20.591	21.337	16.832	11.054	8.7564	
926	22.619	20.571	21.316	16.815	11.035	8.7417	
927	22.604	20.552	21.295	16.816	11.041	8.7315	
928	22.589	20.533	21.275	16.814	11.034	8.7362	
929	22.575	20.514	21.254	16.797	10.994	8.7477	
930	22.56	20.495	21.233	16.793	10.972	8.7269	
931	22.546	20.476	21.212	16.805	11.016	8.7154	
932	22.531	20.457	21.192	16.812	10.951	8.6826	
933	22.517	20.438	21.171	16.782	11.008	8.6791	
934	22.502	20.419	21.151	16.775	10.976	8.695	
935	22.488	20.4	21.13	16.773	10.978	8.6554	
936	22.473	20.382	21.11	16.753	10.941	8.6501	
937	22.459	20.363	21.089	16.753	10.935	8.6851	
938	22.445	20.344	21.069	16.783	10.944	8.6069	
939	22.43	20.325	21.049	16.761	10.933	8.6336	
940	22.416	20.307	21.028	16.766	10.894	8.6504	
941	22.402	20.288	21.008	16.76	10.92	8.6114	
942	22.388	20.27	20.988	16.739	10.886	8.5574	
943	22.374	20.251	20.968	16.715	10.91	8.5951	
944	22.36	20.233	20.947	16.717	10.929	8.5787	
945	22.346	20.214	20.927	16.744	10.893	8.5827	
946	22.332	20.196	20.907	16.743	10.888	8.5713	
947	22.318	20.177	20.887	16.722	10.888	8.5569	
948	22.304	20.159	20.867	16.718	10.861	8.5456	
949	22.29	20.141	20.847	16.708	10.84	8.5238	
950	22.276	20.123	20.827	16.702	10.832	8.5213	
951	22.262	20.105	20.808	16.691	10.851	8.5259	
952	22.248	20.086	20.788	16.683	10.844	8.5209	
953	22.235	20.068	20.768	16.694	10.825	8.4986	
954	22.221	20.05	20.748	16.695	10.819	8.5124	
955	22.207	20.032	20.728	16.682	10.807	8.4784	
956	22.194	20.014	20.709	16.663	10.812	8.4848	
957	22.18	19.996	20.689	16.664	10.803	8.5324	
958	22.167	19.978	20.67	16.644	10.785	8.4534	
959	22.153	19.96	20.65	16.666	10.771	8.4791	
960	22.14	19.943	20.63	16.678	10.753	8.4078	
961	22.126	19.925	20.611	16.673	10.778	8.3952	
962	22.113	19.907	20.591	16.661	10.689	8.3687	
963	22.099	19.889	20.572	16.62	10.712	8.4149	
964	22.086	19.872	20.553	16.649	10.748	8.3485	
965	22.073	19.854	20.533	16.617	10.733	8.3817	
966	22.059	19.836	20.514	16.628	10.753	8.359	
967	22.046	19.819	20.495	16.623	10.733	8.3919	
968	22.033	19.801	20.475	16.627	10.745	8.3832	
969	22.02	19.784	20.456	16.611	10.709	8.3707	
970	22.007	19.766	20.437	16.625	10.692	8.3925	
971	21.994	19.749	20.418	16.613	10.68	8.3706	
972	21.98	19.732	20.399	16.61	10.702	8.3492	
973	21.967	19.714	20.38	16.61	10.685	8.3224	
974	21.954	19.697	20.361	16.594	10.661	8.3374	
975	21.941	19.68	20.342	16.588	10.668	8.2816	
976	21.928	19.662	20.323	16.58	10.653	8.2972	
977	21.916	19.645	20.304	16.575	10.641	8.2843	
978	21.903	19.628	20.285	16.572	10.632	8.2858	
979	21.89	19.611	20.266	16.57	10.638	8.2719	
980	21.877	19.594	20.248	16.575	10.628	8.2724	
981	21.864	19.577	20.229	16.572	10.626	8.2804	
982	21.852	19.56	20.21	16.566	10.621	8.2707	
983	21.839	19.543	20.191	16.562	10.623	8.2828	
984	21.826	19.526	20.173	16.548	10.613	8.2676	
985	21.814	19.509	20.154	16.546	10.617	8.2362	
986	21.801	19.492	20.135	16.573	10.595	8.2584	
987	21.788	19.475	20.117	16.537	10.591	8.2149	
988	21.776	19.458	20.098	16.532	10.56	8.1936	
989	21.763	19.442	20.08	16.524	10.566	8.1933	
990	21.751	19.425	20.061	16.52	10.547	8.1876	
991	21.738	19.408	20.043	16.519	10.55	8.1676	
992	21.726	19.392	20.025	16.52	10.545	8.1802	
993	21.714	19.375	20.006	16.509	10.544	8.1739	
994	21.701	19.358	19.988	16.517	10.548	8.1768	
995	21.689	19.342	19.97	16.503	10.54	8.1619	
996	21.677	19.325	19.951	16.496	10.533	8.1554	
997	21.664	19.309	19.933	16.504	10.529	8.1444	
998	21.652	19.292	19.915	16.493	10.516	8.1417	
999	21.64	19.276	19.897	16.483	10.502	8.1776	
1000	21.628	19.26	19.879	16.5	10.478	8.1157	
1001	21.616	19.243	19.861	16.464	10.53	8.0949	
1002	21.604	19.227	19.843	16.485	10.51	8.0982	
1003	21.592	19.211	19.825	16.476	10.477	8.0989	
1004	21.58	19.194	19.807	16.475	10.443	8.0759	
1005	21.568	19.178	19.789	16.439	10.542	8.1117	
1006	21.556	19.162	19.771	16.467	10.428	8.1096	
1007	21.544	19.146	19.753	16.465	10.492	8.0327	
1008	21.532	19.13	19.735	16.449	10.484	8.0563	
1009	21.52	19.114	19.717	16.429	10.432	8.0496	
1010	21.508	19.098	19.699	16.466	10.451	8.0414	
1011	21.496	19.082	19.682	16.433	10.444	8.0428	
1012	21.484	19.066	19.664	16.438	10.431	8.0143	
1013	21.473	19.05	19.646	16.434	10.414	8.0082	
1014	21.461	19.034	19.629	16.435	10.394	8.0042	
1015	21.449	19.018	19.611	16.437	10.4	7.9932	
1016	21.437	19.002	19.593	16.413	10.402	8.087	
1017	21.426	18.986	19.576	16.395	10.365	7.9546	
1018	21.414	18.97	19.558	16.391	10.366	7.9748	
1019	21.403	18.955	19.541	16.377	10.349	7.938	
1020	21.391	18.939	19.523	16.428	10.409	7.9076	
1021	21.38	18.923	19.506	16.344	10.406	7.9482	
1022	21.368	18.908	19.489	16.399	10.335	7.9468	
1023	21.357	18.892	19.471	16.418	10.322	7.9437	
1024	21.345	18.876	19.454	16.374	10.301	7.9785	
1025	21.334	18.861	19.437	16.416	10.31	7.9159	
1026	21.322	18.845	19.419	16.38	10.359	7.8728	
1027	21.311	18.83	19.402	16.414	10.241	7.8987	
1028	21.3	18.814	19.385	16.371	10.339	7.8451	
1029	21.288	18.799	19.368	16.355	10.283	7.8299	
1030	21.277	18.784	19.351	16.359	10.328	7.903	
1031	21.266	18.768	19.333	16.422	10.333	7.9249	
1032	21.255	18.753	19.316	16.316	10.327	7.8632	
1033	21.243	18.738	19.299	16.382	10.287	7.887	
1034	21.232	18.722	19.282	16.356	10.309	7.8533	
1035	21.221	18.707	19.265	16.379	10.251	7.9231	
1036	21.21	18.692	19.248	16.253	10.285	7.8388	
1037	21.199	18.677	19.231	16.397	10.175	7.8035	
1038	21.188	18.662	19.214	16.319	10.24	7.9786	
1039	21.177	18.646	19.198	16.361	10.29	7.9209	
1040	21.166	18.631	19.181	16.298	10.088	7.8087	
1041	21.155	18.616	19.164	16.335	10.216	7.8567	
1042	21.144	18.601	19.147	16.445	10.238	7.6434	
1043	21.133	18.586	19.13	16.412	10.176	7.6925	
1044	21.122	18.571	19.114	16.267	10.268	7.7417	
1045	21.111	18.556	19.097	16.308	10.204	7.7873	
1046	21.1	18.541	19.08	16.204	10.35	7.5825	
1047	21.089	18.527	19.064	16.266	10.039	7.7932	
1048	21.079	18.512	19.047	16.229	10.157	7.8069	
1049	21.068	18.497	19.03	16.299	10.171	7.7236	
1050	21.057	18.482	19.014	16.276	10.083	7.8107	
1051	21.046	18.467	18.997	16.278	10.17	7.7396	
1052	21.036	18.453	18.981	16.273	10.161	7.7044	
1053	21.025	18.438	18.964	16.277	10.167	7.7231	
1054	21.015	18.423	18.948	16.277	10.148	7.7089	
1055	21.004	18.409	18.932	16.277	10.167	7.6972	
1056	20.993	18.394	18.915	16.273	10.135	7.687	
1057	20.983	18.379	18.899	16.269	10.153	7.6997	
1058	20.972	18.365	18.883	16.262	10.142	7.6709	
1059	20.962	18.35	18.866	16.247	10.134	7.6933	
1060	20.951	18.336	18.85	16.254	10.134	7.6648	
1061	20.941	18.321	18.834	16.263	10.116	7.6747	
1062	20.93	18.307	18.818	16.239	10.115	7.6648	
1063	20.92	18.292	18.801	16.235	10.098	7.6667	
1064	20.91	18.278	18.785	16.233	10.093	7.6472	
1065	20.899	18.264	18.769	16.225	10.087	7.629	
1066	20.889	18.249	18.753	16.232	10.086	7.618	
1067	20.879	18.235	18.737	16.223	10.089	7.6219	
1068	20.868	18.221	18.721	16.218	10.078	7.6284	
1069	20.858	18.207	18.705	16.223	10.054	7.6005	
1070	20.848	18.192	18.689	16.22	10.079	7.5985	
1071	20.838	18.178	18.673	16.218	10.063	7.599	
1072	20.827	18.164	18.657	16.202	10.065	7.5925	
1073	20.817	18.15	18.641	16.215	10.029	7.5661	
1074	20.807	18.136	18.625	16.199	10.044	7.5808	
1075	20.797	18.122	18.61	16.193	10.033	7.5517	
1076	20.787	18.108	18.594	16.201	10.022	7.5548	
1077	20.777	18.094	18.578	16.189	10.024	7.5511	
1078	20.767	18.08	18.562	16.185	10.008	7.5417	
1079	20.757	18.066	18.547	16.186	10.022	7.5314	
1080	20.747	18.052	18.531	16.186	10.011	7.5387	
1081	20.737	18.038	18.515	16.179	10.01	7.5348	
1082	20.727	18.024	18.5	16.172	10.007	7.5257	
1083	20.717	18.01	18.484	16.18	9.9947	7.5117	
1084	20.707	17.996	18.468	16.172	9.995	7.5129	
1085	20.697	17.982	18.453	16.166	9.9914	7.5014	
1086	20.687	17.969	18.437	16.171	9.9923	7.5038	
1087	20.678	17.955	18.422	16.156	9.9873	7.4945	
1088	20.668	17.941	18.406	16.166	9.9817	7.4997	
1089	20.658	17.927	18.391	16.159	9.9779	7.4821	
1090	20.648	17.914	18.375	16.158	9.9803	7.4881	
1091	20.639	17.9	18.36	16.153	9.9785	7.4853	
1092	20.629	17.887	18.345	16.144	9.9565	7.4715	
1093	20.619	17.873	18.329	16.148	9.9506	7.4729	
1094	20.61	17.859	18.314	16.141	9.9601	7.4722	
1095	20.6	17.846	18.299	16.15	9.9318	7.4483	
1096	20.59	17.832	18.283	16.144	9.9407	7.4519	
1097	20.581	17.819	18.268	16.13	9.9283	7.4383	
1098	20.571	17.805	18.253	16.124	9.9234	7.4168	
1099	20.562	17.792	18.238	16.123	9.9232	7.4195	
1100	20.552	17.779	18.222	16.113	9.9178	7.4139	
1101	20.543	17.765	18.207	16.124	9.9056	7.3964	
1102	20.533	17.752	18.192	16.116	9.8945	7.3888	
1103	20.524	17.738	18.177	16.109	9.8791	7.3797	
1104	20.514	17.725	18.162	16.105	9.888	7.3786	
1105	20.505	17.712	18.147	16.097	9.8862	7.3711	
1106	20.495	17.699	18.132	16.101	9.8753	7.3644	
1107	20.486	17.685	18.117	16.09	9.8672	7.3615	
1108	20.477	17.672	18.102	16.098	9.873	7.3533	
1109	20.467	17.659	18.087	16.089	9.8628	7.35	
1110	20.458	17.646	18.072	16.087	9.8562	7.3493	
1111	20.449	17.633	18.057	16.086	9.8575	7.3426	
1112	20.439	17.62	18.042	16.085	9.8439	7.3361	
1113	20.43	17.607	18.028	16.085	9.8491	7.3346	
1114	20.421	17.593	18.013	16.08	9.8466	7.3305	
1115	20.412	17.58	17.998	16.077	9.8484	7.3291	
1116	20.403	17.567	17.983	16.078	9.8409	7.3321	
1117	20.393	17.554	17.968	16.079	9.8416	7.3209	
1118	20.384	17.541	17.954	16.072	9.8334	7.3214	
1119	20.375	17.529	17.939	16.06	9.8347	7.3015	
1120	20.366	17.516	17.924	16.068	9.8313	7.2924	
1121	20.357	17.503	17.91	16.067	9.8176	7.2878	
1122	20.348	17.49	17.895	16.06	9.8063	7.2978	
1123	20.339	17.477	17.881	16.048	9.8069	7.2903	
1124	20.33	17.464	17.866	16.063	9.8076	7.2673	
1125	20.321	17.451	17.851	16.054	9.7979	7.2623	
1126	20.312	17.439	17.837	16.058	9.8085	7.2676	
1127	20.303	17.426	17.822	16.033	9.7894	7.2435	
1128	20.294	17.413	17.808	16.033	9.7801	7.246	
1129	20.285	17.4	17.793	16.039	9.78	7.2589	
1130	20.276	17.388	17.779	16.029	9.784	7.2303	
1131	20.267	17.375	17.765	16.028	9.7661	7.2327	
1132	20.259	17.363	17.75	16.029	9.7641	7.2224	
1133	20.25	17.35	17.736	16.022	9.7746	7.22	
1134	20.241	17.337	17.722	16.013	9.7404	7.2208	
1135	20.232	17.325	17.707	16.016	9.7516	7.1929	
1136	20.223	17.312	17.693	16.019	9.733	7.2045	
1137	20.215	17.3	17.679	16.012	9.7186	7.2018	
1138	20.206	17.287	17.664	16.011	9.7314	7.1817	
1139	20.197	17.275	17.65	16.007	9.7294	7.188	
1140	20.189	17.262	17.636	16	9.711	7.1734	
1141	20.18	17.25	17.622	16.013	9.7229	7.1701	
1142	20.171	17.238	17.608	16.009	9.7157	7.1425	
1143	20.163	17.225	17.594	15.991	9.7047	7.1754	
1144	20.154	17.213	17.58	15.991	9.6948	7.1627	
1145	20.145	17.201	17.565	15.994	9.7082	7.1617	
1146	20.137	17.188	17.551	15.991	9.6734	7.1488	
1147	20.128	17.176	17.537	15.987	9.6773	7.1375	
1148	20.12	17.164	17.523	15.993	9.6824	7.1398	
1149	20.111	17.151	17.509	15.982	9.6859	7.1336	
1150	20.103	17.139	17.495	15.971	9.6696	7.1285	
1151	20.094	17.127	17.481	15.973	9.6557	7.1144	
1152	20.086	17.115	17.468	15.974	9.6664	7.1066	
1153	20.077	17.103	17.454	15.967	9.6521	7.0941	
1154	20.069	17.091	17.44	15.961	9.6519	7.0958	
1155	20.061	17.079	17.426	15.966	9.6506	7.0979	
1156	20.052	17.066	17.412	15.955	9.6498	7.0837	
1157	20.044	17.054	17.398	15.955	9.6421	7.0727	
1158	20.035	17.042	17.385	15.956	9.6421	7.0731	
1159	20.027	17.03	17.371	15.96	9.6267	7.0708	
1160	20.019	17.018	17.357	15.957	9.628	7.0722	
1161	20.011	17.006	17.343	15.947	9.6061	7.0769	
1162	20.002	16.994	17.33	15.943	9.6372	7.0503	
1163	19.994	16.983	17.316	15.932	9.6109	7.0423	
1164	19.986	16.971	17.302	15.933	9.5892	7.0355	
1165	19.978	16.959	17.289	15.926	9.6021	7.0251	
1166	19.969	16.947	17.275	15.934	9.5923	7.0232	
1167	19.961	16.935	17.261	15.935	9.6092	7.0307	
1168	19.953	16.923	17.248	15.925	9.5875	7.0159	
1169	19.945	16.911	17.234	15.919	9.579	7.0094	
1170	19.937	16.9	17.221	15.923	9.5874	6.9969	
1171	19.929	16.888	17.207	15.918	9.5745	6.9927	
1172	19.921	16.876	17.194	15.915	9.5753	6.9904	
1173	19.913	16.865	17.18	15.913	9.572	6.9898	
1174	19.905	16.853	17.167	15.912	9.5717	6.9855	
1175	19.896	16.841	17.154	15.911	9.5671	6.9893	
1176	19.888	16.83	17.14	15.909	9.5553	6.9753	
1177	19.88	16.818	17.127	15.913	9.5548	6.9734	
1178	19.872	16.806	17.113	15.902	9.5491	6.9642	
1179	19.864	16.795	17.1	15.902	9.5544	6.9693	
1180	19.857	16.783	17.087	15.901	9.5467	6.9584	
1181	19.849	16.772	17.074	15.901	9.5467	6.9598	
1182	19.841	16.76	17.06	15.894	9.5385	6.9547	
1183	19.833	16.749	17.047	15.897	9.537	6.95	
1184	19.825	16.737	17.034	15.892	9.532	6.9421	
1185	19.817	16.726	17.021	15.883	9.531	6.946	
1186	19.809	16.714	17.007	15.885	9.5219	6.9289	
1187	19.801	16.703	16.994	15.884	9.5224	6.9354	
1188	19.794	16.691	16.981	15.877	9.523	6.9241	
1189	19.786	16.68	16.968	15.882	9.5084	6.9071	
1190	19.778	16.669	16.955	15.876	9.5137	6.9197	
1191	19.77	16.657	16.942	15.87	9.5099	6.9094	
1192	19.762	16.646	16.929	15.871	9.4961	6.8957	
1193	19.755	16.635	16.916	15.868	9.4961	6.8932	
1194	19.747	16.623	16.903	15.862	9.5027	6.9035	
1195	19.739	16.612	16.89	15.874	9.474	6.8908	
1196	19.732	16.601	16.877	15.86	9.4905	6.8699	
1197	19.724	16.59	16.864	15.862	9.4762	6.8911	
1198	19.716	16.578	16.851	15.852	9.4631	6.8864	
1199	19.709	16.567	16.838	15.851	9.477	6.8633	
1200	19.701	16.556	16.825	15.858	9.4625	6.8505	
1201	19.694	16.545	16.812	15.861	9.4796	6.8706	
1202	19.686	16.534	16.799	15.841	9.4636	6.8566	
1203	19.678	16.523	16.787	15.848	9.4582	6.8337	
1204	19.671	16.512	16.774	15.851	9.4464	6.8183	
1205	19.663	16.501	16.761	15.832	9.4472	6.8323	
1206	19.656	16.49	16.748	15.836	9.466	6.8321	
1207	19.648	16.479	16.735	15.846	9.4633	6.8204	
1208	19.641	16.468	16.723	15.832	9.4402	6.8124	
1209	19.633	16.457	16.71	15.836	9.4279	6.8174	
1210	19.626	16.446	16.697	15.829	9.4198	6.7981	
1211	19.619	16.435	16.685	15.824	9.4014	6.7811	
1212	19.611	16.424	16.672	15.822	9.4159	6.7865	
1213	19.604	16.413	16.659	15.831	9.4125	6.7945	
1214	19.596	16.402	16.647	15.818	9.422	6.771	
1215	19.589	16.391	16.634	15.827	9.4065	6.7776	
1216	19.582	16.38	16.621	15.816	9.3902	6.7962	
1217	19.574	16.369	16.609	15.82	9.3945	6.7799	
1218	19.567	16.359	16.596	15.792	9.3676	6.7812	
1219	19.56	16.348	16.584	15.814	9.3787	6.7488	
1220	19.552	16.337	16.571	15.812	9.3724	6.7566	
1221	19.545	16.326	16.559	15.792	9.3678	6.7577	
1222	19.538	16.315	16.546	15.806	9.4041	6.7482	
1223	19.531	16.305	16.534	15.808	9.3612	6.7497	
1224	19.523	16.294	16.522	15.802	9.3661	6.7322	
1225	19.516	16.283	16.509	15.793	9.3623	6.7376	
1226	19.509	16.273	16.497	15.803	9.3763	6.7294	
1227	19.502	16.262	16.484	15.81	9.3589	6.7325	
1228	19.495	16.251	16.472	15.774	9.3448	6.7237	
1229	19.487	16.241	16.46	15.767	9.3236	6.7278	
1230	19.48	16.23	16.447	15.774	9.3573	6.7086	
1231	19.473	16.22	16.435	15.796	9.3605	6.676	
1232	19.466	16.209	16.423	15.789	9.3331	6.7336	
1233	19.459	16.199	16.411	15.803	9.3612	6.6865	
1234	19.452	16.188	16.398	15.779	9.3636	6.7088	
1235	19.445	16.178	16.386	15.762	9.3504	6.6856	
1236	19.438	16.167	16.374	15.776	9.3508	6.7156	
1237	19.431	16.157	16.362	15.771	9.3581	6.6932	
1238	19.424	16.146	16.35	15.803	9.3178	6.7029	
1239	19.417	16.136	16.337	15.735	9.3726	6.7182	
1240	19.41	16.125	16.325	15.732	9.2717	6.6779	
1241	19.403	16.115	16.313	15.745	9.341	6.6356	
1242	19.396	16.105	16.301	15.735	9.3044	6.6996	
1243	19.389	16.094	16.289	15.764	9.3127	6.761	
1244	19.382	16.084	16.277	15.782	9.3076	6.6586	
1245	19.375	16.074	16.265	15.721	9.362	6.5928	
1246	19.368	16.063	16.253	15.748	9.298	6.6041	
1247	19.361	16.053	16.241	15.731	9.2333	6.6094	
1248	19.354	16.043	16.229	15.743	9.2731	6.5843	
1249	19.348	16.032	16.217	15.775	9.2931	6.6536	
1250	19.341	16.022	16.205	15.753	9.3398	6.5861	
1251	19.334	16.012	16.193	15.739	9.2561	6.6486	
1252	19.327	16.002	16.181	15.709	9.2021	6.5795	
1253	19.32	15.992	16.169	15.708	9.3079	6.5872	
1254	19.313	15.981	16.158	15.716	9.2289	6.5936	
1255	19.307	15.971	16.146	15.74	9.2415	6.623	
1256	19.3	15.961	16.134	15.719	9.2629	6.5966	
1257	19.293	15.951	16.122	15.717	9.2216	6.5567	
1258	19.286	15.941	16.11	15.725	9.2458	6.548	
1259	19.28	15.931	16.098	15.694	9.2312	6.5771	
1260	19.273	15.921	16.087	15.709	9.2387	6.553	
1261	19.266	15.911	16.075	15.706	9.2178	6.5473	
1262	19.26	15.901	16.063	15.689	9.2162	6.5425	
1263	19.253	15.891	16.051	15.706	9.2186	6.5313	
1264	19.246	15.881	16.04	15.682	9.2026	6.5444	
1265	19.24	15.871	16.028	15.708	9.2245	6.5324	
1266	19.233	15.861	16.016	15.696	9.2306	6.5176	
1267	19.226	15.851	16.005	15.709	9.2023	6.5414	
1268	19.22	15.841	15.993	15.714	9.2095	6.5453	
1269	19.213	15.831	15.982	15.701	9.2186	6.5538	
1270	19.207	15.821	15.97	15.696	9.198	6.5367	
1271	19.2	15.811	15.958	15.683	9.2039	6.5136	
1272	19.194	15.801	15.947	15.688	9.2189	6.5472	
1273	19.187	15.791	15.935	15.705	9.2243	6.5247	
1274	19.181	15.782	15.924	15.701	9.2005	6.5306	
1275	19.174	15.772	15.912	15.686	9.1823	6.4939	
1276	19.168	15.762	15.901	15.699	9.2087	6.5205	
1277	19.161	15.752	15.889	15.663	9.1993	6.5191	
1278	19.155	15.742	15.878	15.665	9.1892	6.5112	
1279	19.148	15.733	15.866	15.681	9.1589	6.4593	
1280	19.142	15.723	15.855	15.675	9.156	6.4798	
1281	19.135	15.713	15.844	15.682	9.1567	6.4748	
1282	19.129	15.704	15.832	15.676	9.169	6.4949	
1283	19.123	15.694	15.821	15.656	9.1537	6.4527	
1284	19.116	15.684	15.809	15.632	9.1916	6.4591	
1285	19.11	15.675	15.798	15.644	9.1608	6.4782	
1286	19.103	15.665	15.787	15.669	9.1557	6.4463	
1287	19.097	15.655	15.776	15.652	9.1412	6.4697	
1288	19.091	15.646	15.764	15.663	9.1606	6.4591	
1289	19.084	15.636	15.753	15.652	9.1422	6.4344	
1290	19.078	15.627	15.742	15.657	9.1551	6.4376	
1291	19.072	15.617	15.73	15.64	9.1345	6.4164	
1292	19.066	15.607	15.719	15.656	9.1345	6.4736	
1293	19.059	15.598	15.708	15.647	9.1239	6.4379	
1294	19.053	15.588	15.697	15.668	9.1578	6.4281	
1295	19.047	15.579	15.686	15.646	9.1369	6.3954	
1296	19.041	15.569	15.675	15.653	9.1292	6.3926	
1297	19.034	15.56	15.663	15.651	9.0942	6.4387	
1298	19.028	15.551	15.652	15.631	9.1357	6.4042	
1299	19.022	15.541	15.641	15.641	9.0837	6.373	
1300	19.016	15.532	15.63	15.624	9.1037	6.3995	
1301	19.01	15.522	15.619	15.641	9.126	6.3705	
1302	19.003	15.513	15.608	15.611	9.0799	6.4187	
1303	18.997	15.504	15.597	15.637	9.1245	6.3851	
1304	18.991	15.494	15.586	15.648	9.1135	6.3952	
1305	18.985	15.485	15.575	15.652	9.0861	6.3467	
1306	18.979	15.476	15.564	15.629	9.1235	6.3831	
1307	18.973	15.466	15.553	15.62	9.108	6.3954	
1308	18.967	15.457	15.542	15.613	9.0891	6.388	
1309	18.961	15.448	15.531	15.62	9.0991	6.3783	
1310	18.955	15.438	15.52	15.612	9.0767	6.3653	
1311	18.949	15.429	15.509	15.62	9.0461	6.3913	
1312	18.943	15.42	15.498	15.608	9.0606	6.3221	
1313	18.937	15.411	15.487	15.613	9.0866	6.3847	
1314	18.931	15.402	15.476	15.607	9.0596	6.3495	
1315	18.925	15.392	15.466	15.602	9.0327	6.3262	
1316	18.919	15.383	15.455	15.629	8.9941	6.3194	
1317	18.913	15.374	15.444	15.605	9.0557	6.3822	
1318	18.907	15.365	15.433	15.589	9.0545	6.3601	
1319	18.901	15.356	15.422	15.631	9.0479	6.354	
1320	18.895	15.347	15.412	15.574	9.0367	6.3584	
1321	18.889	15.338	15.401	15.612	9.0226	6.3347	
1322	18.883	15.328	15.39	15.601	8.9983	6.2378	
1323	18.877	15.319	15.379	15.554	9.0135	6.278	
1324	18.871	15.31	15.369	15.608	9.0519	6.2872	
1325	18.865	15.301	15.358	15.621	8.9865	6.3038	
1326	18.859	15.292	15.347	15.629	8.988	6.2721	
1327	18.854	15.283	15.337	15.6	9.0561	6.2622	
1328	18.848	15.274	15.326	15.561	8.9618	6.3632	
1329	18.842	15.265	15.315	15.563	8.9748	6.2771	
1330	18.836	15.256	15.305	15.621	9.0407	6.2531	
1331	18.83	15.247	15.294	15.566	9.0607	6.3246	
1332	18.824	15.238	15.284	15.561	8.9719	6.418	
1333	18.819	15.23	15.273	15.578	9.0236	6.2824	
1334	18.813	15.221	15.262	15.6	8.9906	6.2743	
1335	18.807	15.212	15.252	15.55	9.0051	6.153	
1336	18.801	15.203	15.241	15.537	9.0374	6.3185	
1337	18.796	15.194	15.231	15.618	8.9803	6.1591	
1338	18.79	15.185	15.22	15.535	9.048	6.2468	
1339	18.784	15.176	15.21	15.561	9.032	6.2708	
1340	18.778	15.168	15.199	15.593	9.0077	6.1586	
1341	18.773	15.159	15.189	15.666	8.8259	6.2786	
1342	18.767	15.15	15.178	15.575	8.9248	6.4947	
1343	18.761	15.141	15.168	15.64	9.0003	6.4568	
1344	18.756	15.132	15.158	15.52	9.0383	6.2736	
1345	18.75	15.124	15.147	15.567	9.1261	6.2256	
1346	18.744	15.115	15.137	15.405	8.8527	6.0078	
1347	18.739	15.106	15.126	15.559	9.1196	5.8337	
1348	18.733	15.097	15.116	15.504	9.1334	6.1728	
1349	18.728	15.089	15.106	15.419	9.278	6.2167	
1350	18.722	15.08	15.095	15.265	9.0644	6.2217	
1351	18.716	15.071	15.085	15.503	8.9301	5.9253	
1352	18.711	15.063	15.075	15.455	8.8241	6.3825	
1353	18.705	15.054	15.065	15.547	8.3823	6.2501	
1354	18.7	15.045	15.054	15.469	9.3073	6.3855	
1355	18.694	15.037	15.044	15.712	8.773	5.6078	
1356	18.689	15.028	15.034	15.648	9.1567	6.0752	
1357	18.683	15.02	15.024	15.444	9.0441	6.2724	
1358	18.678	15.011	15.013	16.248	9.371	6.3795	
1359	18.672	15.003	15.003	16.262	8.6908	6.918	
1426	18.326	14.459	14.351	15.655	9.2987	6.337	
1427	18.321	14.451	14.342	15.544	8.6458	6.0444	
1428	18.317	14.443	14.333	15.394	8.841	5.6434	
1429	18.312	14.435	14.323	15.638	8.6618	5.8162	
1430	18.307	14.428	14.314	15.645	8.8034	5.8313	
1431	18.302	14.42	14.305	15.324	8.9254	6.1083	
1432	18.297	14.413	14.296	15.558	8.5618	5.8907	
1433	18.293	14.405	14.286	15.35	8.5981	5.8503	
1434	18.288	14.397	14.277	15.504	8.9164	6.1849	
1435	18.283	14.39	14.268	15.523	8.856	5.7635	
1436	18.278	14.382	14.259	15.531	8.646	5.9371	
1437	18.274	14.374	14.25	15.437	8.9074	5.8618	
1438	18.269	14.367	14.241	15.329	8.6594	5.9473	
1439	18.264	14.359	14.231	15.448	8.7878	5.9026	
1440	18.259	14.352	14.222	15.332	8.7869	5.8234	
1441	18.255	14.344	14.213	15.418	8.6815	6.0523	
1442	18.25	14.337	14.204	15.471	8.6178	5.804	
1443	18.245	14.329	14.195	15.352	8.745	5.9607	
1444	18.241	14.322	14.186	15.461	8.7728	5.754	
1445	18.236	14.314	14.177	15.33	8.7337	5.8418	
1446	18.231	14.307	14.168	15.463	8.6349	5.8148	
1447	18.227	14.299	14.159	15.435	8.7027	5.7187	
1448	18.222	14.292	14.15	15.418	8.6759	5.8657	
1449	18.217	14.284	14.141	15.369	8.7286	5.8616	
1450	18.213	14.277	14.132	15.389	8.7223	5.7667	
1451	18.208	14.27	14.123	15.439	8.6835	5.8613	
1452	18.203	14.262	14.114	15.461	8.7416	5.9121	
1453	18.199	14.255	14.105	15.432	8.7434	5.9344	
1454	18.194	14.247	14.096	15.347	8.6775	5.7013	
1455	18.19	14.24	14.087	15.416	8.7501	5.778	
1456	18.185	14.233	14.078	15.442	8.7139	5.8162	
1457	18.18	14.225	14.069	15.384	8.5911	5.8161	
1458	18.176	14.218	14.06	15.382	8.7003	5.8269	
1459	18.171	14.21	14.051	15.364	8.5653	5.7475	
1460	18.167	14.203	14.042	15.406	8.6329	5.8577	
1461	18.162	14.196	14.033	15.425	8.6263	5.8131	
1462	18.158	14.189	14.024	15.392	8.6402	5.8205	
1463	18.153	14.181	14.016	15.378	8.6426	5.7707	
1464	18.149	14.174	14.007	15.356	8.6674	5.7556	
1465	18.144	14.167	13.998	15.367	8.7009	5.7782	
1466	18.14	14.159	13.989	15.362	8.5979	5.8152	
1467	18.135	14.152	13.98	15.382	8.6242	5.8072	
1468	18.131	14.145	13.972	15.351	8.6378	5.7845	
1469	18.126	14.138	13.963	15.375	8.6157	5.7777	
1470	18.122	14.13	13.954	15.368	8.6027	5.7829	
1471	18.117	14.123	13.945	15.371	8.6274	5.7814	
1472	18.113	14.116	13.936	15.372	8.6286	5.7604	
1473	18.108	14.109	13.928	15.361	8.64	5.7729	
1474	18.104	14.102	13.919	15.364	8.6233	5.7729	
1475	18.099	14.095	13.91	15.367	8.6216	5.7631	
1476	18.095	14.087	13.902	15.361	8.6167	5.7547	
1477	18.091	14.08	13.893	15.367	8.6407	5.7684	
1478	18.086	14.073	13.884	15.372	8.6251	5.7501	
1479	18.082	14.066	13.876	15.364	8.6199	5.7574	
1480	18.077	14.059	13.867	15.365	8.6238	5.7479	
1481	18.073	14.052	13.858	15.366	8.6113	5.7261	
1482	18.069	14.045	13.85	15.361	8.6283	5.7517	
1483	18.064	14.038	13.841	15.362	8.62	5.7472	
1484	18.06	14.031	13.832	15.378	8.6195	5.7384	
1485	18.056	14.023	13.824	15.355	8.6304	5.737	
1486	18.051	14.016	13.815	15.356	8.5946	5.6973	
1487	18.047	14.009	13.807	15.348	8.6228	5.7008	
1488	18.043	14.002	13.798	15.36	8.6145	5.7232	
1489	18.038	13.995	13.789	15.361	8.6151	5.7038	
1490	18.034	13.988	13.781	15.362	8.5895	5.747	
1491	18.03	13.981	13.772	15.345	8.6053	5.698	
1492	18.025	13.974	13.764	15.351	8.5961	5.7165	
1493	18.021	13.967	13.755	15.341	8.5614	5.7088	
1494	18.017	13.96	13.747	15.341	8.5719	5.697	
1495	18.012	13.953	13.738	15.332	8.5697	5.6877	
1496	18.008	13.946	13.73	15.36	8.6007	5.7053	
1497	18.004	13.94	13.721	15.331	8.5842	5.694	
1498	18	13.933	13.713	15.364	8.5808	5.6957	
1499	17.995	13.926	13.704	15.346	8.5729	5.7135	
1500	17.991	13.919	13.696	15.338	8.5688	5.6944	
1501	17.987	13.912	13.688	15.324	8.5615	5.6481	
1502	17.983	13.905	13.679	15.341	8.5663	5.6767	
1503	17.979	13.898	13.671	15.337	8.5858	5.6658	
1504	17.974	13.891	13.662	15.331	8.5525	5.6375	
1505	17.97	13.884	13.654	15.336	8.5556	5.6753	
1506	17.966	13.878	13.646	15.327	8.5511	5.6423	
1507	17.962	13.871	13.637	15.311	8.5398	5.6658	
1508	17.958	13.864	13.629	15.308	8.5416	5.6703	
1509	17.953	13.857	13.621	15.345	8.5427	5.6533	
1510	17.949	13.85	13.612	15.333	8.5601	5.6374	
1511	17.945	13.843	13.604	15.339	8.555	5.6471	
1512	17.941	13.837	13.596	15.33	8.5822	5.6517	
1513	17.937	13.83	13.587	15.364	8.5032	5.6648	
1514	17.933	13.823	13.579	15.322	8.5396	5.6835	
1515	17.928	13.816	13.571	15.295	8.5603	5.6483	
1516	17.924	13.81	13.562	15.318	8.5056	5.6522	
1517	17.92	13.803	13.554	15.315	8.5658	5.6102	
1518	17.916	13.796	13.546	15.295	8.5482	5.6359	
1519	17.912	13.789	13.538	15.297	8.5464	5.6432	
1520	17.908	13.783	13.529	15.291	8.534	5.6375	
1521	17.904	13.776	13.521	15.314	8.4871	5.5673	
1522	17.9	13.769	13.513	15.294	8.5187	5.5965	
1523	17.896	13.763	13.505	15.298	8.5355	5.6022	
1524	17.892	13.756	13.497	15.33	8.5488	5.6586	
1525	17.888	13.749	13.488	15.314	8.5414	5.6269	
1526	17.884	13.743	13.48	15.292	8.5151	5.6013	
1527	17.88	13.736	13.472	15.3	8.528	5.6024	
1528	17.875	13.729	13.464	15.288	8.5465	5.6141	
1529	17.871	13.723	13.456	15.293	8.4942	5.5902	
1530	17.867	13.716	13.448	15.303	8.5058	5.6026	
1531	17.863	13.71	13.44	15.28	8.4914	5.604	
1532	17.859	13.703	13.432	15.308	8.4916	5.603	
1533	17.855	13.696	13.423	15.284	8.4702	5.5967	
1534	17.851	13.69	13.415	15.305	8.4793	5.6376	
1535	17.847	13.683	13.407	15.298	8.4926	5.5712	
1536	17.843	13.677	13.399	15.276	8.4891	5.5791	
1537	17.84	13.67	13.391	15.283	8.4941	5.5846	
1538	17.836	13.664	13.383	15.277	8.5252	5.5789	
1539	17.832	13.657	13.375	15.294	8.4816	5.577	
1540	17.828	13.651	13.367	15.287	8.4628	5.578	
1541	17.824	13.644	13.359	15.275	8.4525	5.5494	
1542	17.82	13.638	13.351	15.281	8.4651	5.5754	
1543	17.816	13.631	13.343	15.279	8.4722	5.544	
1544	17.812	13.625	13.335	15.282	8.4897	5.5788	
1545	17.808	13.618	13.327	15.263	8.493	5.5536	
1546	17.804	13.612	13.319	15.278	8.4662	5.5539	
1547	17.8	13.605	13.311	15.274	8.4734	5.5453	
1548	17.796	13.599	13.303	15.277	8.4642	5.5399	
1549	17.792	13.592	13.295	15.277	8.4838	5.5347	
1550	17.788	13.586	13.287	15.282	8.4621	5.5433	
1551	17.785	13.579	13.28	15.26	8.4848	5.5405	
1552	17.781	13.573	13.272	15.272	8.4641	5.5476	
1553	17.777	13.567	13.264	15.253	8.4528	5.5522	
1554	17.773	13.56	13.256	15.262	8.4672	5.5335	
1555	17.769	13.554	13.248	15.281	8.442	5.52	
1556	17.765	13.548	13.24	15.259	8.4567	5.5561	
1557	17.762	13.541	13.232	15.253	8.4481	5.5181	
1558	17.758	13.535	13.224	15.256	8.4504	5.5207	
1559	17.754	13.528	13.217	15.276	8.4324	5.4932	
1560	17.75	13.522	13.209	15.271	8.4614	5.517	
1561	17.746	13.516	13.201	15.28	8.463	5.5073	
1562	17.742	13.51	13.193	15.286	8.4263	5.5184	
1563	17.739	13.503	13.185	15.246	8.4494	5.5213	
1564	17.735	13.497	13.178	15.253	8.4738	5.4959	
1565	17.731	13.491	13.17	15.26	8.475	5.4892	
1566	17.727	13.484	13.162	15.25	8.4211	5.471	
1567	17.724	13.478	13.154	15.272	8.4036	5.5013	
1568	17.72	13.472	13.147	15.254	8.4459	5.5132	
1569	17.716	13.466	13.139	15.273	8.4673	5.5183	
1570	17.712	13.459	13.131	15.258	8.4541	5.5109	
1571	17.708	13.453	13.123	15.251	8.43	5.5032	
1572	17.705	13.447	13.116	15.247	8.4216	5.516	
1573	17.701	13.441	13.108	15.253	8.4038	5.4898	
1574	17.697	13.434	13.1	15.271	8.4254	5.4739	
1575	17.694	13.428	13.093	15.231	8.4078	5.4942	
1576	17.69	13.422	13.085	15.249	8.3978	5.4296	
1577	17.686	13.416	13.077	15.217	8.3749	5.4756	
1578	17.682	13.41	13.07	15.237	8.4288	5.4607	
1579	17.679	13.403	13.062	15.228	8.4205	5.4795	
1580	17.675	13.397	13.054	15.239	8.3869	5.4487	
1581	17.671	13.391	13.047	15.234	8.4189	5.4105	
1582	17.668	13.385	13.039	15.257	8.4008	5.48	
1583	17.664	13.379	13.032	15.226	8.4345	5.4544	
1584	17.66	13.373	13.024	15.259	8.3606	5.4227	
1585	17.657	13.367	13.016	15.244	8.4289	5.4566	
1586	17.653	13.361	13.009	15.233	8.3734	5.502	
1587	17.649	13.354	13.001	15.238	8.4237	5.4611	
1588	17.646	13.348	12.994	15.245	8.3774	5.3926	
1589	17.642	13.342	12.986	15.215	8.3875	5.4566	
1590	17.639	13.336	12.979	15.228	8.3519	5.4219	
1591	17.635	13.33	12.971	15.219	8.3652	5.442	
1592	17.631	13.324	12.963	15.22	8.4063	5.4059	
1593	17.628	13.318	12.956	15.242	8.3902	5.4055	
1594	17.624	13.312	12.948	15.227	8.3533	5.4718	
1595	17.621	13.306	12.941	15.251	8.3693	5.388	
1596	17.617	13.3	12.933	15.218	8.396	5.4089	
1597	17.613	13.294	12.926	15.224	8.3787	5.4234	
1598	17.61	13.288	12.919	15.233	8.3674	5.3693	
1599	17.606	13.282	12.911	15.229	8.3583	5.4027	
1600	17.603	13.276	12.904	15.215	8.372	5.3582	
1601	17.599	13.27	12.896	15.245	8.3609	5.4297	
1602	17.596	13.264	12.889	15.238	8.3485	5.3855	
1603	17.592	13.258	12.881	15.243	8.3307	5.3756	
1604	17.588	13.252	12.874	15.231	8.3665	5.3766	
1605	17.585	13.246	12.867	15.219	8.355	5.4195	
1606	17.581	13.24	12.859	15.218	8.3515	5.381	
1607	17.578	13.234	12.852	15.236	8.3546	5.3807	
1608	17.574	13.228	12.844	15.198	8.3743	5.3834	
1609	17.571	13.222	12.837	15.209	8.3542	5.3865	
1610	17.567	13.216	12.83	15.217	8.3669	5.3679	
1611	17.564	13.211	12.822	15.223	8.3448	5.3933	
1612	17.56	13.205	12.815	15.243	8.3307	5.3638	
1613	17.557	13.199	12.808	15.178	8.3644	5.3728	
1614	17.553	13.193	12.8	15.202	8.361	5.4227	
1615	17.55	13.187	12.793	15.227	8.3397	5.3958	
1616	17.546	13.181	12.786	15.22	8.3127	5.3666	
1617	17.543	13.175	12.778	15.246	8.3553	5.3936	
1618	17.539	13.169	12.771	15.226	8.3236	5.3726	
1619	17.536	13.164	12.764	15.199	8.3466	5.3731	
1620	17.533	13.158	12.757	15.181	8.3603	5.3781	
1621	17.529	13.152	12.749	15.208	8.3253	5.3494	
1622	17.526	13.146	12.742	15.178	8.3112	5.3902	
1623	17.522	13.14	12.735	15.171	8.3181	5.3343	
1624	17.519	13.135	12.728	15.213	8.3478	5.3601	
1625	17.515	13.129	12.72	15.221	8.3268	5.3138	
1626	17.512	13.123	12.713	15.189	8.3195	5.3457	
1627	17.509	13.117	12.706	15.194	8.2845	5.3273	
1628	17.505	13.111	12.699	15.187	8.3499	5.3401	
1629	17.502	13.106	12.692	15.19	8.342	5.3735	
1630	17.498	13.1	12.684	15.179	8.3391	5.3371	
1631	17.495	13.094	12.677	15.173	8.3154	5.3855	
1632	17.492	13.088	12.67	15.186	8.35	5.3166	
1633	17.488	13.083	12.663	15.203	8.3497	5.3381	
1634	17.485	13.077	12.656	15.171	8.297	5.3258	
1635	17.481	13.071	12.649	15.194	8.3312	5.3287	
1636	17.478	13.066	12.641	15.188	8.3212	5.3036	
1637	17.475	13.06	12.634	15.199	8.3059	5.3668	
1638	17.471	13.054	12.627	15.222	8.2801	5.3259	
1639	17.468	13.049	12.62	15.182	8.3194	5.2974	
1640	17.465	13.043	12.613	15.173	8.2818	5.3281	
1641	17.461	13.037	12.606	15.175	8.354	5.2891	
1642	17.458	13.032	12.599	15.205	8.2703	5.335	
1643	17.455	13.026	12.592	15.19	8.3112	5.2849	
1644	17.451	13.02	12.585	15.187	8.2906	5.3078	
1645	17.448	13.015	12.578	15.188	8.2927	5.329	
1646	17.445	13.009	12.571	15.208	8.31	5.2496	
1647	17.442	13.003	12.564	15.15	8.3281	5.3322	
1648	17.438	12.998	12.556	15.196	8.214	5.2562	
1649	17.435	12.992	12.549	15.203	8.3041	5.32	
1650	17.432	12.987	12.542	15.183	8.3097	5.3172	
1651	17.428	12.981	12.535	15.183	8.2823	5.2789	
1652	17.425	12.975	12.528	15.167	8.2903	5.2806	
1653	17.422	12.97	12.521	15.222	8.273	5.3132	
1654	17.419	12.964	12.514	15.187	8.2721	5.3	
1655	17.415	12.959	12.508	15.181	8.3124	5.2674	
1656	17.412	12.953	12.501	15.178	8.2858	5.2886	
1657	17.409	12.948	12.494	15.182	8.2736	5.2715	
1658	17.406	12.942	12.487	15.168	8.2909	5.2684	
1659	17.402	12.937	12.48	15.198	8.2389	5.2994	
1660	17.399	12.931	12.473	15.134	8.2013	5.3163	
1661	17.396	12.926	12.466	15.18	8.22	5.277	
1662	17.393	12.92	12.459	15.141	8.2754	5.2561	
1663	17.39	12.915	12.452	15.16	8.3068	5.3083	
1664	17.386	12.909	12.445	15.139	8.2076	5.1903	
1665	17.383	12.904	12.438	15.134	8.2768	5.2901	
1666	17.38	12.898	12.431	15.203	8.2376	5.2267	
1667	17.377	12.893	12.424	15.116	8.178	5.2636	
1668	17.374	12.887	12.418	15.094	8.2587	5.2816	
1669	17.37	12.882	12.411	15.177	8.2221	5.1642	
1670	17.367	12.876	12.404	15.177	8.3188	5.28	
1671	17.364	12.871	12.397	15.144	8.2985	5.1962	
1672	17.361	12.865	12.39	15.205	8.2434	5.1552	
1673	17.358	12.86	12.383	15.194	8.2671	5.2595	
1674	17.354	12.855	12.377	15.196	8.273	5.2443	
1675	17.351	12.849	12.37	15.123	8.1082	5.2754	
1676	17.348	12.844	12.363	15.177	8.2951	5.2414	
1677	17.345	12.838	12.356	15.141	8.2686	5.3115	
1678	17.342	12.833	12.349	15.131	8.1656	5.2901	
1679	17.339	12.828	12.343	15.153	8.2106	5.2576	
1680	17.336	12.822	12.336	15.136	8.2649	5.3272	
1681	17.333	12.817	12.329	15.15	8.3289	5.2473	
1682	17.329	12.812	12.322	15.105	8.2398	5.2015	
1683	17.326	12.806	12.316	15.132	8.2922	5.1972	
1684	17.323	12.801	12.309	15.112	8.2552	5.3479	
1685	17.32	12.796	12.302	15.14	8.0623	5.0309	
1686	17.317	12.79	12.295	15.254	8.287	5.2897	
1687	17.314	12.785	12.289	15.066	8.3556	5.4453	
1688	17.311	12.78	12.282	15.075	8.27	5.2045	
1689	17.308	12.774	12.275	15.151	8.2085	5.0922	
1690	17.305	12.769	12.269	15.044	8.425	5.2279	
1691	17.302	12.764	12.262	15.226	8.1621	5.1941	
1692	17.299	12.758	12.255	15.228	8.4692	5.2754	
1693	17.295	12.753	12.248	14.99	8.3545	5.5722	
1694	17.292	12.748	12.242	14.9	8.082	5.2263	
1695	17.289	12.743	12.235	15.192	8.4939	5.4261	
1696	17.286	12.737	12.229	15.082	8.2301	5.4347	
1697	17.283	12.732	12.222	15.142	8.3357	5.437	
1698	17.28	12.727	12.215	14.719	8.2576	4.9981	
1699	17.277	12.722	12.209	14.916	8.6842	5.3629	
1700	17.274	12.716	12.202	14.932	8.1696	5.1826	
