	65	70	75	65	70	75	
300	34.826	33.829	33.945	37.511	37.209	37.514	
301	34.762	33.824	34.021	37.295	36.907	37.453	
302	34.714	33.834	34.108	37.087	36.772	37.279	
303	34.678	33.857	34.204	37.019	36.553	37.024	
304	34.654	33.892	34.309	36.99	36.489	37.052	
305	34.642	33.939	34.422	36.884	36.423	36.867	
306	34.64	33.995	34.542	36.614	36.185	36.77	
307	34.649	34.062	34.668	36.511	36.277	36.641	
308	34.667	34.138	34.801	36.334	36.128	36.541	
309	34.694	34.222	34.939	36.365	35.959	36.377	
310	34.729	34.313	35.081	36.171	35.873	36.379	
311	34.772	34.412	35.228	36.159	35.715	36.319	
312	34.822	34.516	35.378	36.209	35.719	36.207	
313	34.878	34.627	35.531	35.89	35.526	36.139	
314	34.94	34.742	35.688	35.955	35.547	35.953	
315	35.009	34.863	35.847	35.892	35.364	35.909	
316	35.083	34.989	36.009	35.798	35.418	35.815	
317	35.162	35.118	36.173	35.661	35.298	35.754	
318	35.246	35.252	36.339	35.561	35.153	35.59	
319	35.334	35.389	36.507	35.518	35.053	35.611	
320	35.428	35.53	36.676	35.535	35.035	35.459	
321	35.525	35.674	36.847	35.427	34.977	35.375	
322	35.626	35.822	37.019	35.393	34.901	35.332	
323	35.731	35.972	37.193	35.355	34.78	35.278	
324	35.84	36.125	37.368	35.23	34.786	35.152	
325	35.953	36.281	37.545	35.241	34.578	35.091	
326	36.069	36.44	37.723	35.155	34.568	35.032	
327	36.189	36.601	37.902	35.062	34.546	34.927	
328	36.312	36.765	38.082	35.028	34.498	34.847	
329	36.438	36.932	38.264	34.999	34.432	34.774	
330	36.568	37.101	38.448	35.011	34.459	34.767	
331	36.701	37.272	38.633	34.888	34.365	34.712	
332	36.838	37.447	38.82	34.842	34.23	34.555	
333	36.977	37.624	39.008	34.885	34.182	34.577	
334	37.12	37.803	39.198	34.798	34.161	34.525	
335	37.267	37.985	39.39	34.731	34.097	34.447	
336	37.416	38.17	39.584	34.609	34.041	34.358	
337	37.569	38.358	39.78	34.687	34.006	34.353	
338	37.726	38.549	39.979	34.632	33.962	34.303	
339	37.886	38.742	40.18	34.529	33.832	34.23	
340	38.049	38.939	40.383	34.579	33.724	34.179	
341	38.216	39.138	40.588	34.486	33.766	34.165	
342	38.387	39.341	40.797	34.466	33.725	34.1	
343	38.561	39.547	41.008	34.549	33.733	34.023	
344	38.739	39.757	41.223	34.521	33.702	33.95	
345	38.92	39.97	41.44	34.424	33.661	33.933	
346	39.106	40.186	41.661	34.455	33.622	33.892	
347	39.295	40.406	41.885	34.458	33.593	33.865	
348	39.489	40.631	42.113	34.377	33.616	33.812	
349	39.687	40.859	42.345	34.389	33.625	33.81	
350	39.889	41.091	42.581	34.388	33.625	33.767	
351	40.096	41.328	42.822	34.35	33.524	33.743	
352	40.309	41.571	43.068	34.396	33.574	33.8	
353	40.527	41.819	43.319	34.351	33.52	33.614	
354	40.751	42.073	43.577	34.458	33.583	33.722	
355	40.982	42.334	43.842	34.599	33.444	33.575	
356	41.22	42.603	44.116	34.579	33.535	33.58	
357	41.467	42.881	44.399	34.514	33.694	33.653	
358	41.722	43.168	44.692	34.45	33.599	33.561	
359	41.986	43.466	44.999	34.557	33.626	33.604	
360	42.258	43.775	45.319	34.568	33.602	33.533	
361	42.539	44.096	45.654	34.519	33.534	33.614	
362	42.827	44.429	46.005	34.468	33.471	33.318	
363	43.123	44.774	46.374	34.502	33.373	33.27	
364	43.426	45.131	46.761	34.485	33.406	33.141	
365	43.735	45.501	47.166	34.48	33.239	33.257	
366	44.051	45.883	47.591	34.43	33.18	32.916	
367	44.372	46.279	48.037	34.217	33.026	32.627	
368	44.7	46.686	48.502	34.2	33.006	32.484	
369	45.033	47.107	48.987	34.034	32.568	32.257	
370	45.372	47.54	49.492	33.841	32.395	31.955	
371	45.717	47.984	50.014	33.737	32.227	31.762	
372	46.068	48.44	50.553	33.555	32.089	31.437	
373	46.426	48.907	51.109	33.39	31.779	31.262	
374	46.79	49.384	51.68	33.076	31.523	30.992	
375	47.16	49.872	52.266	32.972	31.289	30.557	
376	47.537	50.369	52.865	32.744	31.026	30.281	
377	47.919	50.876	53.477	32.512	30.758	29.935	
378	48.308	51.391	54.1	32.361	30.452	29.755	
379	48.7	51.912	54.732	32.152	30.302	29.525	
380	49.098	52.442	55.375	31.847	30.094	29.22	
381	49.503	52.981	56.028	31.78	29.805	28.874	
382	49.914	53.527	56.692	31.618	29.702	28.718	
383	50.33	54.082	57.365	31.407	29.37	28.494	
384	50.752	54.644	58.047	31.178	29.194	28.195	
385	51.177	55.211	58.735	31.074	29.021	28.069	
386	51.607	55.783	59.429	30.864	28.789	27.848	
387	52.041	56.362	60.131	30.652	28.633	27.637	
388	52.48	56.946	60.839	30.583	28.41	27.476	
389	52.923	57.537	61.555	30.461	28.307	27.256	
390	53.371	58.133	62.275	30.26	28.108	27.05	
391	53.82	58.731	62.999	30.191	27.915	26.895	
392	54.272	59.334	63.727	29.981	27.735	26.665	
393	54.728	59.941	64.46	29.878	27.587	26.582	
394	55.187	60.553	65.199	29.682	27.397	26.4	
395	55.649	61.17	65.941	29.63	27.355	26.298	
396	56.113	61.788	66.687	29.422	27.142	26.077	
397	56.578	62.41	67.436	29.335	27.036	25.925	
398	57.047	63.036	68.19	29.275	26.882	25.776	
399	57.518	63.666	68.949	29.093	26.69	25.637	
400	57.992	64.299	69.712	29.072	26.6	25.423	
401	58.465	64.934	70.477	28.922	26.451	25.337	
402	58.942	65.573	71.247	28.768	26.379	25.181	
403	59.42	66.215	72.021	28.682	26.196	25.041	
404	59.9	66.86	72.798	28.573	26.143	24.894	
405	60.381	67.506	73.578	28.511	25.929	24.83	
406	60.862	68.154	74.361	28.418	25.831	24.647	
407	61.344	68.804	75.147	28.306	25.691	24.585	
408	61.827	69.456	75.934	28.204	25.67	24.441	
409	62.309	70.107	76.722	28.091	25.533	24.21	
410	62.791	70.758	77.511	28.031	25.423	24.179	
411	63.271	71.409	78.299	27.868	25.362	24.088	
412	63.751	72.058	79.087	27.819	25.199	23.977	
413	64.227	72.704	79.871	27.751	25.068	23.815	
414	64.701	73.346	80.652	27.647	25.046	23.779	
415	65.172	73.983	81.428	27.567	24.906	23.666	
416	65.639	74.615	82.196	27.436	24.81	23.564	
417	66.101	75.238	82.954	27.395	24.667	23.442	
418	66.558	75.853	83.699	27.242	24.576	23.314	
419	67.009	76.457	84.425	27.24	24.539	23.278	
420	67.452	77.048	85.126	27.177	24.391	23.051	
421	67.887	77.623	85.789	26.993	24.277	23.05	
422	68.315	78.182	86.396	27.016	24.164	22.99	
423	68.732	78.72	86.916	26.934	24.088	22.879	
424	69.139	79.234	87.303	26.867	24.049	22.714	
425	69.535	79.721	87.499	26.755	23.89	22.644	
426	69.918	80.178	87.463	26.651	23.86	22.58	
427	70.288	80.598	87.211	26.553	23.755	22.538	
428	70.644	80.979	86.796	26.479	23.663	22.372	
429	70.985	81.315	86.277	26.519	23.569	22.282	
430	71.308	81.601	85.696	26.369	23.426	22.284	
431	71.616	81.833	85.077	26.264	23.503	22.162	
432	71.905	82.008	84.437	26.276	23.311	21.984	
433	72.174	82.121	83.785	26.141	23.339	21.941	
434	72.424	82.172	83.127	26.086	23.175	21.795	
435	72.653	82.161	82.467	26.006	23.033	21.804	
436	72.86	82.088	81.808	25.973	22.899	21.543	
437	73.045	81.958	81.152	25.893	22.922	21.617	
438	73.207	81.774	80.5	25.872	22.893	21.469	
439	73.345	81.541	79.854	25.71	22.818	21.435	
440	73.461	81.264	79.213	25.695	22.639	21.343	
441	73.552	80.949	78.58	25.63	22.648	21.261	
442	73.619	80.6	77.954	25.588	22.648	21.104	
443	73.662	80.224	77.335	25.507	22.442	21.184	
444	73.681	79.823	76.724	25.556	22.424	20.985	
445	73.677	79.403	76.121	25.392	22.277	20.91	
446	73.65	78.966	75.526	25.234	22.293	20.863	
447	73.599	78.516	74.941	25.292	22.112	20.749	
448	73.528	78.055	74.363	25.195	22.141	20.723	
449	73.434	77.586	73.794	25.183	22.026	20.627	
450	73.321	77.11	73.233	25.118	21.916	20.654	
451	73.188	76.63	72.681	25.118	21.857	20.554	
452	73.036	76.146	72.138	25.026	21.784	20.444	
453	72.867	75.66	71.603	24.922	21.755	20.443	
454	72.682	75.173	71.077	24.835	21.684	20.273	
455	72.48	74.686	70.56	24.769	21.671	20.279	
456	72.265	74.2	70.05	24.72	21.58	20.095	
457	72.036	73.715	69.549	24.709	21.546	20.092	
458	71.795	73.233	69.057	24.66	21.441	20.062	
459	71.542	72.752	68.572	24.663	21.481	19.975	
460	71.279	72.275	68.096	24.545	21.331	19.906	
461	71.006	71.801	67.627	24.62	21.233	19.818	
462	70.725	71.331	67.167	24.431	21.183	19.772	
463	70.436	70.865	66.714	24.46	21.21	19.722	
464	70.14	70.403	66.269	24.327	21.031	19.609	
465	69.837	69.945	65.832	24.36	21.017	19.608	
466	69.529	69.492	65.402	24.267	20.954	19.454	
467	69.216	69.043	64.979	24.206	20.854	19.484	
468	68.899	68.6	64.563	24.17	20.799	19.396	
469	68.578	68.161	64.155	24.092	20.77	19.34	
470	68.255	67.728	63.754	24.061	20.699	19.193	
471	67.928	67.299	63.359	24.012	20.652	19.217	
472	67.6	66.876	62.971	23.934	20.679	19.142	
473	67.27	66.457	62.59	23.947	20.517	19.035	
474	66.938	66.044	62.215	23.908	20.509	19.076	
475	66.606	65.636	61.847	23.846	20.472	18.955	
476	66.273	65.234	61.485	23.824	20.439	18.928	
477	65.94	64.836	61.129	23.74	20.279	18.806	
478	65.607	64.444	60.779	23.684	20.28	18.775	
479	65.274	64.056	60.435	23.667	20.197	18.72	
480	64.942	63.674	60.096	23.599	20.142	18.638	
481	64.611	63.297	59.764	23.572	20.093	18.615	
482	64.281	62.925	59.436	23.495	20.1	18.561	
483	63.952	62.558	59.115	23.543	20.037	18.524	
484	63.625	62.196	58.798	23.447	19.952	18.437	
485	63.299	61.839	58.487	23.405	19.904	18.479	
486	62.975	61.487	58.181	23.388	19.787	18.36	
487	62.653	61.14	57.88	23.308	19.783	18.254	
488	62.333	60.797	57.584	23.318	19.714	18.213	
489	62.015	60.459	57.293	23.228	19.691	18.178	
490	61.699	60.126	57.006	23.239	19.606	18.185	
491	61.385	59.797	56.724	23.162	19.598	18.078	
492	61.074	59.473	56.446	23.125	19.513	18.036	
493	60.766	59.153	56.173	23.098	19.505	17.975	
494	60.459	58.838	55.904	23.049	19.475	17.976	
495	60.156	58.527	55.64	23.039	19.452	17.877	
496	59.854	58.22	55.379	22.991	19.38	17.876	
497	59.556	57.918	55.123	22.952	19.303	17.874	
498	59.26	57.62	54.871	22.922	19.281	17.787	
499	58.967	57.326	54.622	22.888	19.204	17.73	
500	58.677	57.035	54.377	22.873	19.164	17.653	
501	58.389	56.749	54.137	22.799	19.155	17.607	
502	58.104	56.467	53.899	22.748	19.072	17.553	
503	57.822	56.189	53.665	22.745	19.08	17.515	
504	57.543	55.914	53.435	22.67	18.989	17.461	
505	57.266	55.643	53.208	22.66	18.966	17.426	
506	56.993	55.376	52.985	22.59	18.9	17.357	
507	56.722	55.112	52.765	22.573	18.858	17.36	
508	56.454	54.852	52.548	22.544	18.831	17.264	
509	56.188	54.595	52.334	22.54	18.784	17.234	
510	55.926	54.342	52.123	22.464	18.744	17.185	
511	55.666	54.092	51.915	22.441	18.672	17.172	
512	55.409	53.846	51.711	22.411	18.653	17.095	
513	55.154	53.602	51.509	22.38	18.604	17.039	
514	54.903	53.362	51.31	22.329	18.581	17.008	
515	54.654	53.125	51.113	22.323	18.521	16.956	
516	54.407	52.891	50.92	22.272	18.488	16.925	
517	54.164	52.661	50.729	22.233	18.453	16.889	
518	53.923	52.433	50.541	22.213	18.429	16.8	
519	53.684	52.208	50.355	22.156	18.383	16.8	
520	53.449	51.986	50.172	22.155	18.329	16.783	
521	53.215	51.767	49.991	22.107	18.281	16.705	
522	52.985	51.55	49.813	22.082	18.236	16.682	
523	52.756	51.337	49.637	22.044	18.197	16.633	
524	52.531	51.126	49.463	22.008	18.175	16.576	
525	52.308	50.918	49.292	21.973	18.11	16.541	
526	52.087	50.712	49.122	21.948	18.101	16.479	
527	51.869	50.509	48.955	21.919	18.041	16.467	
528	51.653	50.308	48.791	21.871	18.015	16.444	
529	51.439	50.11	48.628	21.848	17.935	16.346	
530	51.228	49.914	48.467	21.807	17.963	16.332	
531	51.019	49.721	48.308	21.787	17.894	16.282	
532	50.812	49.53	48.152	21.792	17.872	16.249	
533	50.608	49.341	47.997	21.715	17.836	16.21	
534	50.406	49.155	47.844	21.688	17.765	16.173	
535	50.206	48.97	47.693	21.675	17.736	16.118	
536	50.008	48.788	47.544	21.642	17.728	16.071	
537	49.812	48.608	47.396	21.635	17.67	16.051	
538	49.619	48.431	47.251	21.595	17.649	16.008	
539	49.428	48.255	47.107	21.569	17.626	15.99	
540	49.238	48.081	46.965	21.55	17.587	15.938	
541	49.051	47.91	46.824	21.51	17.537	15.923	
542	48.866	47.74	46.685	21.482	17.509	15.858	
543	48.682	47.572	46.548	21.476	17.461	15.814	
544	48.501	47.406	46.412	21.431	17.422	15.773	
545	48.322	47.243	46.278	21.41	17.437	15.761	
546	48.144	47.08	46.145	21.352	17.352	15.71	
547	47.969	46.92	46.014	21.367	17.317	15.707	
548	47.795	46.762	45.884	21.329	17.285	15.648	
549	47.623	46.605	45.756	21.326	17.238	15.622	
550	47.453	46.45	45.629	21.261	17.228	15.591	
551	47.285	46.296	45.504	21.239	17.193	15.54	
552	47.118	46.145	45.379	21.241	17.157	15.508	
553	46.954	45.995	45.257	21.207	17.129	15.477	
554	46.79	45.846	45.135	21.168	17.077	15.44	
555	46.629	45.7	45.015	21.16	17.056	15.395	
556	46.469	45.554	44.896	21.131	17.016	15.362	
557	46.311	45.411	44.778	21.103	16.947	15.317	
558	46.155	45.268	44.662	21.084	16.962	15.3	
559	46	45.128	44.546	21.046	16.928	15.278	
560	45.847	44.988	44.432	21.019	16.886	15.228	
561	45.695	44.851	44.319	21.007	16.84	15.186	
562	45.545	44.714	44.208	21	16.812	15.184	
563	45.396	44.579	44.097	20.961	16.801	15.133	
564	45.249	44.445	43.987	20.944	16.75	15.126	
565	45.104	44.313	43.879	20.9	16.721	15.064	
566	44.959	44.182	43.771	20.879	16.684	15.074	
567	44.817	44.052	43.665	20.845	16.66	15.01	
568	44.675	43.924	43.559	20.818	16.626	14.969	
569	44.535	43.797	43.455	20.805	16.591	14.939	
570	44.397	43.671	43.352	20.791	16.566	14.891	
571	44.26	43.546	43.249	20.756	16.54	14.877	
572	44.124	43.423	43.148	20.734	16.528	14.866	
573	43.989	43.301	43.047	20.719	16.489	14.815	
574	43.856	43.18	42.948	20.685	16.473	14.755	
575	43.724	43.06	42.849	20.662	16.434	14.74	
576	43.593	42.941	42.751	20.631	16.404	14.719	
577	43.464	42.823	42.654	20.644	16.385	14.694	
578	43.335	42.707	42.559	20.618	16.331	14.681	
579	43.208	42.591	42.463	20.576	16.316	14.62	
580	43.083	42.477	42.369	20.577	16.277	14.621	
581	42.958	42.363	42.276	20.535	16.251	14.584	
582	42.834	42.251	42.183	20.524	16.22	14.522	
583	42.712	42.14	42.091	20.504	16.18	14.507	
584	42.591	42.029	42	20.492	16.17	14.517	
585	42.471	41.92	41.91	20.442	16.155	14.449	
586	42.352	41.812	41.82	20.431	16.123	14.417	
587	42.234	41.704	41.731	20.436	16.098	14.362	
588	42.117	41.598	41.643	20.408	16.07	14.357	
589	42.001	41.492	41.556	20.364	16.041	14.332	
590	41.887	41.388	41.47	20.345	16.005	14.287	
591	41.773	41.284	41.384	20.333	15.99	14.25	
592	41.66	41.181	41.299	20.31	15.918	14.221	
593	41.549	41.079	41.214	20.296	15.969	14.198	
594	41.438	40.978	41.13	20.283	15.892	14.209	
595	41.328	40.878	41.047	20.24	15.88	14.155	
596	41.219	40.779	40.965	20.22	15.879	14.124	
597	41.112	40.68	40.883	20.21	15.839	14.089	
598	41.005	40.582	40.802	20.202	15.8	14.07	
599	40.899	40.485	40.721	20.184	15.748	14.033	
600	40.794	40.389	40.641	20.146	15.774	14.024	
601	40.69	40.294	40.562	20.111	15.734	13.982	
602	40.586	40.199	40.483	20.089	15.676	13.946	
603	40.484	40.106	40.405	20.073	15.681	13.918	
604	40.383	40.012	40.328	20.062	15.645	13.915	
605	40.282	39.92	40.251	20.041	15.608	13.859	
606	40.182	39.829	40.174	20.03	15.616	13.815	
607	40.083	39.738	40.098	19.998	15.592	13.779	
608	39.985	39.647	40.023	20.014	15.535	13.804	
609	39.888	39.558	39.948	19.982	15.547	13.748	
610	39.791	39.469	39.874	19.959	15.505	13.733	
611	39.696	39.381	39.801	19.939	15.468	13.708	
612	39.601	39.294	39.727	19.937	15.48	13.705	
613	39.507	39.207	39.655	19.905	15.44	13.625	
614	39.413	39.121	39.583	19.873	15.416	13.633	
615	39.321	39.036	39.511	19.872	15.373	13.599	
616	39.229	38.951	39.44	19.848	15.366	13.567	
617	39.138	38.867	39.369	19.833	15.339	13.548	
618	39.047	38.783	39.299	19.81	15.324	13.544	
619	38.957	38.7	39.23	19.793	15.289	13.484	
620	38.868	38.618	39.16	19.769	15.26	13.464	
621	38.78	38.536	39.092	19.744	15.245	13.463	
622	38.693	38.455	39.023	19.758	15.223	13.435	
623	38.606	38.374	38.955	19.727	15.19	13.375	
624	38.519	38.294	38.888	19.705	15.17	13.372	
625	38.434	38.215	38.821	19.678	15.168	13.392	
626	38.349	38.136	38.755	19.681	15.12	13.311	
627	38.264	38.058	38.688	19.667	15.098	13.304	
628	38.181	37.98	38.623	19.638	15.06	13.283	
629	38.098	37.903	38.557	19.635	15.075	13.294	
630	38.015	37.826	38.493	19.57	15.013	13.233	
631	37.934	37.75	38.428	19.565	15.066	13.236	
632	37.852	37.674	38.364	19.575	15.011	13.141	
633	37.772	37.599	38.3	19.564	14.965	13.12	
634	37.692	37.524	38.237	19.51	14.954	13.069	
635	37.613	37.45	38.174	19.493	14.942	13.106	
636	37.534	37.377	38.112	19.49	14.951	13.106	
637	37.456	37.303	38.05	19.498	14.872	13.056	
638	37.378	37.231	37.988	19.454	14.846	13.046	
639	37.301	37.159	37.926	19.459	14.818	13.027	
640	37.224	37.087	37.865	19.425	14.799	13.018	
641	37.148	37.016	37.805	19.452	14.778	12.939	
642	37.073	36.945	37.744	19.402	14.772	12.986	
643	36.998	36.874	37.684	19.387	14.721	12.945	
644	36.924	36.805	37.625	19.404	14.727	12.899	
645	36.85	36.735	37.566	19.385	14.71	12.869	
646	36.776	36.666	37.507	19.341	14.67	12.857	
647	36.704	36.598	37.448	19.34	14.697	12.832	
648	36.631	36.529	37.39	19.298	14.644	12.833	
649	36.559	36.462	37.332	19.29	14.633	12.793	
650	36.488	36.394	37.274	19.268	14.571	12.757	
651	36.417	36.327	37.217	19.249	14.593	12.771	
652	36.347	36.261	37.16	19.245	14.544	12.718	
653	36.277	36.195	37.103	19.224	14.556	12.69	
654	36.208	36.129	37.047	19.213	14.505	12.636	
655	36.139	36.064	36.991	19.188	14.528	12.643	
656	36.07	35.999	36.935	19.173	14.551	12.655	
657	36.002	35.934	36.879	19.182	14.495	12.58	
658	35.935	35.87	36.824	19.145	14.451	12.585	
659	35.867	35.807	36.769	19.135	14.393	12.576	
660	35.801	35.743	36.714	19.131	14.406	12.557	
661	35.735	35.68	36.66	19.149	14.366	12.521	
662	35.669	35.617	36.606	19.141	14.38	12.487	
663	35.603	35.555	36.552	19.085	14.354	12.478	
664	35.538	35.493	36.499	19.067	14.358	12.46	
665	35.474	35.432	36.445	19.05	14.329	12.422	
666	35.41	35.37	36.392	19.037	14.283	12.4	
667	35.346	35.309	36.34	19.049	14.264	12.403	
668	35.283	35.249	36.287	19.03	14.28	12.379	
669	35.22	35.189	36.235	19.015	14.24	12.357	
670	35.157	35.129	36.183	18.996	14.227	12.341	
671	35.095	35.069	36.131	18.983	14.189	12.272	
672	35.034	35.01	36.08	18.968	14.151	12.307	
673	34.972	34.951	36.029	18.924	14.153	12.286	
674	34.911	34.893	35.978	18.939	14.161	12.278	
675	34.851	34.834	35.927	18.916	14.153	12.296	
676	34.791	34.776	35.877	18.918	14.072	12.203	
677	34.731	34.719	35.826	18.905	14.111	12.199	
678	34.671	34.661	35.776	18.877	14.073	12.219	
679	34.612	34.604	35.727	18.874	14.028	12.143	
680	34.554	34.548	35.677	18.865	14.013	12.153	
681	34.495	34.491	35.628	18.846	13.999	12.088	
682	34.437	34.435	35.579	18.845	14.005	12.109	
683	34.379	34.379	35.53	18.808	13.954	12.072	
684	34.322	34.324	35.481	18.784	13.945	12.093	
685	34.265	34.269	35.433	18.793	13.961	12.052	
686	34.208	34.214	35.385	18.775	13.924	12.002	
687	34.152	34.159	35.337	18.777	13.89	11.991	
688	34.096	34.104	35.289	18.772	13.868	11.962	
689	34.04	34.05	35.241	18.761	13.903	11.957	
690	33.985	33.996	35.194	18.716	13.875	11.965	
691	33.93	33.943	35.147	18.724	13.843	11.91	
692	33.875	33.89	35.1	18.709	13.782	11.94	
693	33.821	33.836	35.053	18.696	13.781	11.891	
694	33.767	33.784	35.007	18.682	13.775	11.898	
695	33.713	33.731	34.96	18.653	13.738	11.859	
696	33.66	33.679	34.914	18.654	13.704	11.854	
697	33.607	33.627	34.868	18.647	13.742	11.818	
698	33.554	33.575	34.822	18.656	13.697	11.76	
699	33.501	33.524	34.777	18.615	13.678	11.745	
700	33.449	33.472	34.731	18.603	13.714	11.763	
701	33.397	33.421	34.686	18.616	13.601	11.754	
702	33.345	33.37	34.641	18.605	13.677	11.742	
703	33.294	33.32	34.596	18.55	13.664	11.695	
704	33.243	33.27	34.552	18.548	13.616	11.689	
705	33.192	33.219	34.507	18.593	13.586	11.663	
706	33.141	33.17	34.463	18.539	13.595	11.627	
707	33.091	33.12	34.419	18.519	13.587	11.625	
708	33.041	33.071	34.375	18.499	13.513	11.634	
709	32.991	33.021	34.331	18.52	13.555	11.58	
710	32.942	32.973	34.288	18.509	13.487	11.628	
711	32.893	32.924	34.244	18.491	13.491	11.511	
712	32.844	32.875	34.201	18.46	13.43	11.505	
713	32.795	32.827	34.158	18.443	13.501	11.532	
714	32.747	32.779	34.115	18.434	13.419	11.487	
715	32.699	32.731	34.072	18.397	13.433	11.469	
716	32.651	32.684	34.03	18.418	13.356	11.374	
717	32.603	32.636	33.987	18.408	13.398	11.468	
718	32.556	32.589	33.945	18.389	13.347	11.371	
719	32.509	32.542	33.903	18.416	13.365	11.461	
720	32.462	32.495	33.861	18.332	13.336	11.414	
721	32.415	32.449	33.819	18.377	13.311	11.389	
722	32.369	32.402	33.777	18.373	13.341	11.365	
723	32.322	32.356	33.736	18.316	13.339	11.362	
724	32.276	32.31	33.695	18.348	13.267	11.357	
725	32.231	32.264	33.653	18.293	13.366	11.278	
726	32.185	32.219	33.612	18.343	13.2	11.279	
727	32.14	32.173	33.572	18.3	13.25	11.255	
728	32.095	32.128	33.531	18.318	13.194	11.255	
729	32.05	32.083	33.49	18.272	13.178	11.254	
730	32.006	32.038	33.45	18.26	13.183	11.173	
731	31.961	31.994	33.41	18.22	13.167	11.208	
732	31.917	31.949	33.369	18.247	13.116	11.197	
733	31.873	31.905	33.329	18.236	13.152	11.165	
734	31.829	31.861	33.289	18.263	13.117	11.143	
735	31.786	31.817	33.25	18.212	13.131	11.119	
736	31.743	31.773	33.21	18.211	13.114	11.12	
737	31.7	31.73	33.171	18.221	13.084	11.153	
738	31.657	31.686	33.131	18.175	13.091	11.076	
739	31.614	31.643	33.092	18.168	13.067	11.094	
740	31.572	31.6	33.053	18.198	13.06	11.074	
741	31.53	31.557	33.014	18.146	13.012	11.072	
742	31.488	31.515	32.975	18.159	13.021	11.016	
743	31.446	31.472	32.937	18.16	13.027	10.987	
744	31.404	31.43	32.898	18.128	13	11.023	
745	31.363	31.388	32.86	18.098	13.023	11.013	
746	31.322	31.346	32.822	18.113	12.97	10.981	
747	31.28	31.304	32.783	18.112	13.001	10.944	
748	31.24	31.262	32.746	18.09	12.967	10.93	
749	31.199	31.221	32.708	18.087	12.928	10.902	
750	31.159	31.179	32.67	18.026	12.909	10.938	
751	31.118	31.138	32.632	18.064	12.892	10.873	
752	31.078	31.097	32.595	18.016	12.923	10.846	
753	31.038	31.056	32.557	18.042	12.881	10.845	
754	30.999	31.016	32.52	18.033	12.862	10.87	
755	30.959	30.975	32.483	17.998	12.896	10.794	
756	30.92	30.935	32.446	18.017	12.83	10.84	
757	30.881	30.894	32.409	18.016	12.778	10.837	
758	30.842	30.854	32.372	17.993	12.814	10.794	
759	30.803	30.814	32.335	17.991	12.817	10.766	
760	30.764	30.774	32.299	17.965	12.743	10.723	
761	30.726	30.735	32.262	17.94	12.757	10.727	
762	30.688	30.695	32.226	17.968	12.744	10.685	
763	30.649	30.656	32.19	17.942	12.757	10.67	
764	30.611	30.617	32.154	17.942	12.75	10.703	
765	30.574	30.578	32.118	17.928	12.723	10.649	
766	30.536	30.539	32.082	17.945	12.732	10.659	
767	30.499	30.5	32.046	17.932	12.689	10.658	
768	30.461	30.461	32.01	17.898	12.676	10.604	
769	30.424	30.423	31.975	17.901	12.684	10.63	
770	30.387	30.384	31.939	17.88	12.632	10.573	
771	30.351	30.346	31.904	17.839	12.621	10.567	
772	30.314	30.308	31.869	17.837	12.664	10.567	
773	30.278	30.27	31.833	17.851	12.613	10.567	
774	30.241	30.232	31.798	17.831	12.605	10.51	
775	30.205	30.195	31.763	17.81	12.584	10.517	
776	30.169	30.157	31.729	17.872	12.563	10.49	
777	30.133	30.12	31.694	17.813	12.541	10.499	
778	30.098	30.082	31.659	17.814	12.507	10.516	
779	30.062	30.045	31.625	17.771	12.515	10.473	
780	30.027	30.008	31.59	17.769	12.529	10.484	
781	29.992	29.971	31.556	17.816	12.552	10.405	
782	29.956	29.935	31.522	17.788	12.453	10.414	
783	29.922	29.898	31.488	17.766	12.44	10.413	
784	29.887	29.861	31.454	17.747	12.468	10.369	
785	29.852	29.825	31.42	17.727	12.424	10.347	
786	29.818	29.789	31.386	17.72	12.435	10.349	
787	29.783	29.753	31.352	17.725	12.412	10.345	
788	29.749	29.717	31.318	17.722	12.394	10.324	
789	29.715	29.681	31.285	17.703	12.376	10.317	
790	29.681	29.645	31.251	17.705	12.403	10.277	
791	29.647	29.609	31.218	17.675	12.368	10.278	
792	29.614	29.574	31.185	17.689	12.361	10.267	
793	29.58	29.538	31.152	17.679	12.381	10.266	
794	29.547	29.503	31.118	17.66	12.327	10.239	
795	29.514	29.468	31.085	17.659	12.309	10.224	
796	29.481	29.433	31.053	17.662	12.313	10.213	
797	29.448	29.398	31.02	17.654	12.325	10.176	
798	29.415	29.363	30.987	17.666	12.323	10.181	
799	29.382	29.328	30.954	17.647	12.261	10.206	
800	29.349	29.294	30.922	17.62	12.266	10.135	
801	29.317	29.259	30.889	17.605	12.279	10.152	
802	29.285	29.225	30.857	17.648	12.257	10.122	
803	29.253	29.19	30.825	17.585	12.228	10.092	
804	29.221	29.156	30.792	17.575	12.219	10.133	
805	29.189	29.122	30.76	17.566	12.198	10.093	
806	29.157	29.088	30.728	17.583	12.17	10.084	
807	29.125	29.054	30.696	17.566	12.126	10.115	
808	29.094	29.021	30.664	17.569	12.174	10.024	
809	29.062	28.987	30.633	17.516	12.099	10.047	
810	29.031	28.953	30.601	17.556	12.165	10.014	
811	29	28.92	30.569	17.537	12.131	9.9973	
812	28.969	28.887	30.538	17.532	12.176	10.005	
813	28.938	28.854	30.506	17.542	12.077	9.9926	
814	28.907	28.82	30.475	17.52	12.11	10.013	
815	28.876	28.787	30.444	17.499	12.091	9.9656	
816	28.846	28.755	30.412	17.51	12.082	9.9131	
817	28.815	28.722	30.381	17.487	12.062	9.9298	
818	28.785	28.689	30.35	17.492	12.059	9.9034	
819	28.755	28.656	30.319	17.483	12.042	9.9129	
820	28.725	28.624	30.288	17.46	12.018	9.8719	
821	28.695	28.592	30.258	17.453	12.005	9.8656	
822	28.665	28.559	30.227	17.45	12.012	9.8616	
823	28.635	28.527	30.196	17.451	12.006	9.8525	
824	28.605	28.495	30.166	17.443	12.007	9.8497	
825	28.576	28.463	30.135	17.437	11.988	9.8449	
826	28.546	28.431	30.105	17.433	11.98	9.8362	
827	28.517	28.399	30.074	17.43	11.974	9.8144	
828	28.488	28.368	30.044	17.419	11.964	9.8087	
829	28.459	28.336	30.014	17.407	11.95	9.7941	
830	28.43	28.304	29.984	17.407	11.946	9.8031	
831	28.401	28.273	29.954	17.4	11.919	9.7859	
832	28.372	28.242	29.924	17.384	11.91	9.7662	
833	28.344	28.21	29.894	17.379	11.905	9.7353	
834	28.315	28.179	29.864	17.367	11.897	9.7158	
835	28.287	28.148	29.834	17.36	11.889	9.7177	
836	28.258	28.117	29.804	17.358	11.888	9.6974	
837	28.23	28.086	29.775	17.35	11.861	9.7024	
838	28.202	28.055	29.745	17.356	11.846	9.6741	
839	28.174	28.025	29.716	17.339	11.835	9.6728	
840	28.146	27.994	29.686	17.323	11.851	9.6213	
841	28.118	27.964	29.657	17.338	11.799	9.6059	
842	28.09	27.933	29.628	17.35	11.812	9.6524	
843	28.063	27.903	29.598	17.333	11.79	9.6237	
844	28.035	27.873	29.569	17.328	11.8	9.6135	
845	28.008	27.842	29.54	17.337	11.83	9.5864	
846	27.98	27.812	29.511	17.25	11.762	9.5728	
847	27.953	27.782	29.482	17.316	11.671	9.6306	
848	27.926	27.752	29.453	17.299	11.801	9.6341	
849	27.899	27.723	29.425	17.296	11.713	9.5251	
850	27.872	27.693	29.396	17.278	11.74	9.5683	
851	27.845	27.663	29.367	17.254	11.712	9.5872	
852	27.818	27.634	29.339	17.249	11.723	9.4661	
853	27.792	27.604	29.31	17.279	11.658	9.4759	
854	27.765	27.575	29.282	17.228	11.704	9.4325	
855	27.738	27.545	29.253	17.23	11.626	9.478	
856	27.712	27.516	29.225	17.202	11.678	9.4881	
857	27.686	27.487	29.197	17.234	11.659	9.4508	
858	27.66	27.458	29.168	17.248	11.682	9.4151	
859	27.634	27.429	29.14	17.26	11.629	9.461	
860	27.607	27.4	29.112	17.206	11.667	9.4684	
861	27.582	27.371	29.084	17.177	11.615	9.3825	
862	27.556	27.342	29.056	17.215	11.595	9.3837	
863	27.53	27.314	29.028	17.205	11.644	9.3907	
864	27.504	27.285	29.001	17.208	11.589	9.387	
865	27.479	27.256	28.973	17.157	11.577	9.3165	
866	27.453	27.228	28.945	17.167	11.563	9.3468	
867	27.428	27.199	28.917	17.147	11.513	9.3459	
868	27.402	27.171	28.89	17.118	11.543	9.3501	
869	27.377	27.143	28.862	17.15	11.508	9.2901	
870	27.352	27.115	28.835	17.159	11.516	9.3057	
871	27.327	27.087	28.808	17.146	11.508	9.2767	
872	27.302	27.059	28.78	17.131	11.512	9.3136	
873	27.277	27.031	28.753	17.157	11.469	9.267	
874	27.252	27.003	28.726	17.129	11.488	9.2504	
875	27.228	26.975	28.699	17.111	11.474	9.2559	
876	27.203	26.947	28.672	17.115	11.465	9.2204	
877	27.178	26.92	28.644	17.112	11.46	9.2537	
878	27.154	26.892	28.617	17.083	11.444	9.2191	
879	27.129	26.865	28.591	17.079	11.432	9.1998	
880	27.105	26.837	28.564	17.071	11.421	9.1926	
881	27.081	26.81	28.537	17.069	11.417	9.1849	
882	27.057	26.783	28.51	17.067	11.412	9.1889	
883	27.033	26.756	28.483	17.063	11.408	9.1794	
884	27.009	26.728	28.457	17.061	11.404	9.1718	
885	26.985	26.701	28.43	17.061	11.396	9.1709	
886	26.961	26.674	28.404	17.056	11.388	9.1566	
887	26.937	26.647	28.377	17.046	11.371	9.1428	
888	26.913	26.621	28.351	17.044	11.364	9.1243	
889	26.89	26.594	28.325	17.031	11.351	9.1119	
890	26.866	26.567	28.298	17.018	11.337	9.0964	
891	26.843	26.54	28.272	17.012	11.328	9.0812	
892	26.819	26.514	28.246	17.01	11.316	9.0788	
893	26.796	26.487	28.22	17.003	11.31	9.0602	
894	26.773	26.461	28.194	16.991	11.308	9.0486	
895	26.75	26.435	28.168	16.999	11.303	9.0533	
896	26.727	26.408	28.142	16.989	11.29	9.0498	
897	26.704	26.382	28.116	16.989	11.285	9.0476	
898	26.681	26.356	28.09	16.987	11.282	9.0195	
899	26.658	26.33	28.064	16.979	11.268	9.0175	
900	26.635	26.304	28.038	16.966	11.258	8.9949	
901	26.612	26.278	28.013	16.947	11.247	8.9733	
902	26.59	26.252	27.987	16.948	11.229	8.9685	
903	26.567	26.226	27.961	16.945	11.226	8.9618	
904	26.545	26.2	27.936	16.94	11.217	8.9595	
905	26.522	26.174	27.91	16.932	11.215	8.9576	
906	26.5	26.149	27.885	16.934	11.21	8.9517	
907	26.478	26.123	27.86	16.929	11.206	8.9528	
908	26.455	26.098	27.834	16.931	11.194	8.9288	
909	26.433	26.072	27.809	16.916	11.183	8.9209	
910	26.411	26.047	27.784	16.902	11.167	8.91	
911	26.389	26.021	27.759	16.906	11.155	8.9055	
912	26.367	25.996	27.733	16.894	11.128	8.8691	
913	26.345	25.971	27.708	16.881	11.137	8.8493	
914	26.324	25.946	27.683	16.883	11.127	8.8511	
915	26.302	25.921	27.658	16.876	11.114	8.8449	
916	26.28	25.896	27.634	16.869	11.119	8.8435	
917	26.259	25.871	27.609	16.869	11.116	8.8377	
918	26.237	25.846	27.584	16.872	11.111	8.8326	
919	26.215	25.821	27.559	16.868	11.102	8.8198	
920	26.194	25.796	27.534	16.862	11.094	8.8106	
921	26.173	25.771	27.51	16.852	11.081	8.8013	
922	26.151	25.747	27.485	16.848	11.073	8.8045	
923	26.13	25.722	27.46	16.851	11.066	8.7956	
924	26.109	25.697	27.436	16.835	11.037	8.7695	
925	26.088	25.673	27.411	16.832	11.054	8.7564	
926	26.067	25.649	27.387	16.815	11.035	8.7417	
927	26.046	25.624	27.363	16.816	11.041	8.7315	
928	26.025	25.6	27.338	16.814	11.034	8.7362	
929	26.004	25.576	27.314	16.797	10.994	8.7477	
930	25.984	25.551	27.29	16.793	10.972	8.7269	
931	25.963	25.527	27.266	16.805	11.016	8.7154	
932	25.942	25.503	27.241	16.812	10.951	8.6826	
933	25.922	25.479	27.217	16.782	11.008	8.6791	
934	25.901	25.455	27.193	16.775	10.976	8.695	
935	25.881	25.431	27.169	16.773	10.978	8.6554	
936	25.86	25.407	27.145	16.753	10.941	8.6501	
937	25.84	25.384	27.121	16.753	10.935	8.6851	
938	25.82	25.36	27.097	16.783	10.944	8.6069	
939	25.799	25.336	27.074	16.761	10.933	8.6336	
940	25.779	25.312	27.05	16.766	10.894	8.6504	
941	25.759	25.289	27.026	16.76	10.92	8.6114	
942	25.739	25.265	27.002	16.739	10.886	8.5574	
943	25.719	25.242	26.979	16.715	10.91	8.5951	
944	25.699	25.218	26.955	16.717	10.929	8.5787	
945	25.679	25.195	26.932	16.744	10.893	8.5827	
946	25.66	25.172	26.908	16.743	10.888	8.5713	
947	25.64	25.148	26.885	16.722	10.888	8.5569	
948	25.62	25.125	26.861	16.718	10.861	8.5456	
949	25.601	25.102	26.838	16.708	10.84	8.5238	
950	25.581	25.079	26.815	16.702	10.832	8.5213	
951	25.561	25.056	26.791	16.691	10.851	8.5259	
952	25.542	25.033	26.768	16.683	10.844	8.5209	
953	25.523	25.01	26.745	16.694	10.825	8.4986	
954	25.503	24.987	26.722	16.695	10.819	8.5124	
955	25.484	24.964	26.699	16.682	10.807	8.4784	
956	25.465	24.941	26.676	16.663	10.812	8.4848	
957	25.446	24.919	26.653	16.664	10.803	8.5324	
958	25.426	24.896	26.63	16.644	10.785	8.4534	
959	25.407	24.873	26.607	16.666	10.771	8.4791	
960	25.388	24.851	26.584	16.678	10.753	8.4078	
961	25.369	24.828	26.561	16.673	10.778	8.3952	
962	25.35	24.806	26.538	16.661	10.689	8.3687	
963	25.332	24.783	26.515	16.62	10.712	8.4149	
964	25.313	24.761	26.493	16.649	10.748	8.3485	
965	25.294	24.739	26.47	16.617	10.733	8.3817	
966	25.275	24.716	26.447	16.628	10.753	8.359	
967	25.257	24.694	26.425	16.623	10.733	8.3919	
968	25.238	24.672	26.402	16.627	10.745	8.3832	
969	25.22	24.65	26.379	16.611	10.709	8.3707	
970	25.201	24.628	26.357	16.625	10.692	8.3925	
971	25.183	24.606	26.335	16.613	10.68	8.3706	
972	25.164	24.584	26.312	16.61	10.702	8.3492	
973	25.146	24.562	26.29	16.61	10.685	8.3224	
974	25.128	24.54	26.268	16.594	10.661	8.3374	
975	25.11	24.518	26.245	16.588	10.668	8.2816	
976	25.091	24.496	26.223	16.58	10.653	8.2972	
977	25.073	24.474	26.201	16.575	10.641	8.2843	
978	25.055	24.453	26.179	16.572	10.632	8.2858	
979	25.037	24.431	26.157	16.57	10.638	8.2719	
980	25.019	24.409	26.134	16.575	10.628	8.2724	
981	25.001	24.388	26.112	16.572	10.626	8.2804	
982	24.983	24.366	26.09	16.566	10.621	8.2707	
983	24.966	24.345	26.068	16.562	10.623	8.2828	
984	24.948	24.323	26.047	16.548	10.613	8.2676	
985	24.93	24.302	26.025	16.546	10.617	8.2362	
986	24.912	24.281	26.003	16.573	10.595	8.2584	
987	24.895	24.259	25.981	16.537	10.591	8.2149	
988	24.877	24.238	25.959	16.532	10.56	8.1936	
989	24.86	24.217	25.938	16.524	10.566	8.1933	
990	24.842	24.196	25.916	16.52	10.547	8.1876	
991	24.825	24.175	25.894	16.519	10.55	8.1676	
992	24.807	24.154	25.873	16.52	10.545	8.1802	
993	24.79	24.133	25.851	16.509	10.544	8.1739	
994	24.773	24.112	25.829	16.517	10.548	8.1768	
995	24.755	24.091	25.808	16.503	10.54	8.1619	
996	24.738	24.07	25.787	16.496	10.533	8.1554	
997	24.721	24.049	25.765	16.504	10.529	8.1444	
998	24.704	24.028	25.744	16.493	10.516	8.1417	
999	24.687	24.007	25.722	16.483	10.502	8.1776	
1000	24.67	23.987	25.701	16.5	10.478	8.1157	
1001	24.653	23.966	25.68	16.464	10.53	8.0949	
1002	24.636	23.945	25.659	16.485	10.51	8.0982	
1003	24.619	23.925	25.637	16.476	10.477	8.0989	
1004	24.602	23.904	25.616	16.475	10.443	8.0759	
1005	24.586	23.884	25.595	16.439	10.542	8.1117	
1006	24.569	23.863	25.574	16.467	10.428	8.1096	
1007	24.552	23.843	25.553	16.465	10.492	8.0327	
1008	24.535	23.823	25.532	16.449	10.484	8.0563	
1009	24.519	23.802	25.511	16.429	10.432	8.0496	
1010	24.502	23.782	25.49	16.466	10.451	8.0414	
1011	24.486	23.762	25.469	16.433	10.444	8.0428	
1012	24.469	23.742	25.448	16.438	10.431	8.0143	
1013	24.453	23.721	25.427	16.434	10.414	8.0082	
1014	24.436	23.701	25.407	16.435	10.394	8.0042	
1015	24.42	23.681	25.386	16.437	10.4	7.9932	
1016	24.404	23.661	25.365	16.413	10.402	8.087	
1017	24.388	23.641	25.344	16.395	10.365	7.9546	
1018	24.371	23.621	25.324	16.391	10.366	7.9748	
1019	24.355	23.601	25.303	16.377	10.349	7.938	
1020	24.339	23.582	25.283	16.428	10.409	7.9076	
1021	24.323	23.562	25.262	16.344	10.406	7.9482	
1022	24.307	23.542	25.241	16.399	10.335	7.9468	
1023	24.291	23.522	25.221	16.418	10.322	7.9437	
1024	24.275	23.503	25.201	16.374	10.301	7.9785	
1025	24.259	23.483	25.18	16.416	10.31	7.9159	
1026	24.243	23.463	25.16	16.38	10.359	7.8728	
1027	24.227	23.444	25.139	16.414	10.241	7.8987	
1028	24.212	23.424	25.119	16.371	10.339	7.8451	
1029	24.196	23.405	25.099	16.355	10.283	7.8299	
1030	24.18	23.385	25.079	16.359	10.328	7.903	
1031	24.164	23.366	25.058	16.422	10.333	7.9249	
1032	24.149	23.346	25.038	16.316	10.327	7.8632	
1033	24.133	23.327	25.018	16.382	10.287	7.887	
1034	24.118	23.308	24.998	16.356	10.309	7.8533	
1035	24.102	23.288	24.978	16.379	10.251	7.9231	
1036	24.087	23.269	24.958	16.253	10.285	7.8388	
1037	24.071	23.25	24.938	16.397	10.175	7.8035	
1038	24.056	23.231	24.918	16.319	10.24	7.9786	
1039	24.04	23.212	24.898	16.361	10.29	7.9209	
1040	24.025	23.193	24.878	16.298	10.088	7.8087	
1041	24.01	23.174	24.858	16.335	10.216	7.8567	
1042	23.995	23.155	24.838	16.445	10.238	7.6434	
1043	23.979	23.136	24.819	16.412	10.176	7.6925	
1044	23.964	23.117	24.799	16.267	10.268	7.7417	
1045	23.949	23.098	24.779	16.308	10.204	7.7873	
1046	23.934	23.079	24.759	16.204	10.35	7.5825	
1047	23.919	23.06	24.74	16.266	10.039	7.7932	
1048	23.904	23.041	24.72	16.229	10.157	7.8069	
1049	23.889	23.023	24.7	16.299	10.171	7.7236	
1050	23.874	23.004	24.681	16.276	10.083	7.8107	
1051	23.859	22.985	24.661	16.278	10.17	7.7396	
1052	23.844	22.967	24.642	16.273	10.161	7.7044	
1053	23.829	22.948	24.622	16.277	10.167	7.7231	
1054	23.815	22.93	24.603	16.277	10.148	7.7089	
1055	23.8	22.911	24.583	16.277	10.167	7.6972	
1056	23.785	22.893	24.564	16.273	10.135	7.687	
1057	23.771	22.874	24.545	16.269	10.153	7.6997	
1058	23.756	22.856	24.525	16.262	10.142	7.6709	
1059	23.741	22.837	24.506	16.247	10.134	7.6933	
1060	23.727	22.819	24.487	16.254	10.134	7.6648	
1061	23.712	22.801	24.468	16.263	10.116	7.6747	
1062	23.698	22.782	24.448	16.239	10.115	7.6648	
1063	23.683	22.764	24.429	16.235	10.098	7.6667	
1064	23.669	22.746	24.41	16.233	10.093	7.6472	
1065	23.655	22.728	24.391	16.225	10.087	7.629	
1066	23.64	22.71	24.372	16.232	10.086	7.618	
1067	23.626	22.692	24.353	16.223	10.089	7.6219	
1068	23.612	22.674	24.334	16.218	10.078	7.6284	
1069	23.597	22.656	24.315	16.223	10.054	7.6005	
1070	23.583	22.638	24.296	16.22	10.079	7.5985	
1071	23.569	22.62	24.277	16.218	10.063	7.599	
1072	23.555	22.602	24.258	16.202	10.065	7.5925	
1073	23.541	22.584	24.239	16.215	10.029	7.5661	
1074	23.527	22.566	24.22	16.199	10.044	7.5808	
1075	23.513	22.548	24.202	16.193	10.033	7.5517	
1076	23.499	22.53	24.183	16.201	10.022	7.5548	
1077	23.485	22.513	24.164	16.189	10.024	7.5511	
1078	23.471	22.495	24.145	16.185	10.008	7.5417	
1079	23.457	22.477	24.127	16.186	10.022	7.5314	
1080	23.443	22.46	24.108	16.186	10.011	7.5387	
1081	23.429	22.442	24.089	16.179	10.01	7.5348	
1082	23.415	22.424	24.071	16.172	10.007	7.5257	
1083	23.402	22.407	24.052	16.18	9.9947	7.5117	
1084	23.388	22.389	24.034	16.172	9.995	7.5129	
1085	23.374	22.372	24.015	16.166	9.9914	7.5014	
1086	23.361	22.355	23.997	16.171	9.9923	7.5038	
1087	23.347	22.337	23.978	16.156	9.9873	7.4945	
1088	23.333	22.32	23.96	16.166	9.9817	7.4997	
1089	23.32	22.302	23.941	16.159	9.9779	7.4821	
1090	23.306	22.285	23.923	16.158	9.9803	7.4881	
1091	23.293	22.268	23.905	16.153	9.9785	7.4853	
1092	23.279	22.251	23.886	16.144	9.9565	7.4715	
1093	23.266	22.233	23.868	16.148	9.9506	7.4729	
1094	23.252	22.216	23.85	16.141	9.9601	7.4722	
1095	23.239	22.199	23.832	16.15	9.9318	7.4483	
1096	23.226	22.182	23.813	16.144	9.9407	7.4519	
1097	23.212	22.165	23.795	16.13	9.9283	7.4383	
1098	23.199	22.148	23.777	16.124	9.9234	7.4168	
1099	23.186	22.131	23.759	16.123	9.9232	7.4195	
1100	23.173	22.114	23.741	16.113	9.9178	7.4139	
1101	23.16	22.097	23.723	16.124	9.9056	7.3964	
1102	23.146	22.08	23.705	16.116	9.8945	7.3888	
1103	23.133	22.063	23.687	16.109	9.8791	7.3797	
1104	23.12	22.046	23.669	16.105	9.888	7.3786	
1105	23.107	22.029	23.651	16.097	9.8862	7.3711	
1106	23.094	22.012	23.633	16.101	9.8753	7.3644	
1107	23.081	21.996	23.615	16.09	9.8672	7.3615	
1108	23.068	21.979	23.597	16.098	9.873	7.3533	
1109	23.055	21.962	23.579	16.089	9.8628	7.35	
1110	23.042	21.945	23.562	16.087	9.8562	7.3493	
1111	23.029	21.929	23.544	16.086	9.8575	7.3426	
1112	23.017	21.912	23.526	16.085	9.8439	7.3361	
1113	23.004	21.896	23.508	16.085	9.8491	7.3346	
1114	22.991	21.879	23.491	16.08	9.8466	7.3305	
1115	22.978	21.863	23.473	16.077	9.8484	7.3291	
1116	22.966	21.846	23.455	16.078	9.8409	7.3321	
1117	22.953	21.83	23.438	16.079	9.8416	7.3209	
1118	22.94	21.813	23.42	16.072	9.8334	7.3214	
1119	22.928	21.797	23.403	16.06	9.8347	7.3015	
1120	22.915	21.78	23.385	16.068	9.8313	7.2924	
1121	22.902	21.764	23.368	16.067	9.8176	7.2878	
1122	22.89	21.748	23.35	16.06	9.8063	7.2978	
1123	22.877	21.731	23.333	16.048	9.8069	7.2903	
1124	22.865	21.715	23.315	16.063	9.8076	7.2673	
1125	22.852	21.699	23.298	16.054	9.7979	7.2623	
1126	22.84	21.683	23.28	16.058	9.8085	7.2676	
1127	22.828	21.666	23.263	16.033	9.7894	7.2435	
1128	22.815	21.65	23.246	16.033	9.7801	7.246	
1129	22.803	21.634	23.229	16.039	9.78	7.2589	
1130	22.791	21.618	23.211	16.029	9.784	7.2303	
1131	22.778	21.602	23.194	16.028	9.7661	7.2327	
1132	22.766	21.586	23.177	16.029	9.7641	7.2224	
1133	22.754	21.57	23.16	16.022	9.7746	7.22	
1134	22.742	21.554	23.142	16.013	9.7404	7.2208	
1135	22.729	21.538	23.125	16.016	9.7516	7.1929	
1136	22.717	21.522	23.108	16.019	9.733	7.2045	
1137	22.705	21.506	23.091	16.012	9.7186	7.2018	
1138	22.693	21.49	23.074	16.011	9.7314	7.1817	
1139	22.681	21.475	23.057	16.007	9.7294	7.188	
1140	22.669	21.459	23.04	16	9.711	7.1734	
1141	22.657	21.443	23.023	16.013	9.7229	7.1701	
1142	22.645	21.427	23.006	16.009	9.7157	7.1425	
1143	22.633	21.412	22.989	15.991	9.7047	7.1754	
1144	22.621	21.396	22.972	15.991	9.6948	7.1627	
1145	22.609	21.38	22.955	15.994	9.7082	7.1617	
1146	22.597	21.365	22.938	15.991	9.6734	7.1488	
1147	22.585	21.349	22.922	15.987	9.6773	7.1375	
1148	22.574	21.333	22.905	15.993	9.6824	7.1398	
1149	22.562	21.318	22.888	15.982	9.6859	7.1336	
1150	22.55	21.302	22.871	15.971	9.6696	7.1285	
1151	22.538	21.287	22.854	15.973	9.6557	7.1144	
1152	22.527	21.271	22.838	15.974	9.6664	7.1066	
1153	22.515	21.256	22.821	15.967	9.6521	7.0941	
1154	22.503	21.241	22.804	15.961	9.6519	7.0958	
1155	22.492	21.225	22.788	15.966	9.6506	7.0979	
1156	22.48	21.21	22.771	15.955	9.6498	7.0837	
1157	22.468	21.194	22.755	15.955	9.6421	7.0727	
1158	22.457	21.179	22.738	15.956	9.6421	7.0731	
1159	22.445	21.164	22.721	15.96	9.6267	7.0708	
1160	22.434	21.149	22.705	15.957	9.628	7.0722	
1161	22.422	21.133	22.688	15.947	9.6061	7.0769	
1162	22.411	21.118	22.672	15.943	9.6372	7.0503	
1163	22.4	21.103	22.656	15.932	9.6109	7.0423	
1164	22.388	21.088	22.639	15.933	9.5892	7.0355	
1165	22.377	21.073	22.623	15.926	9.6021	7.0251	
1166	22.365	21.058	22.606	15.934	9.5923	7.0232	
1167	22.354	21.043	22.59	15.935	9.6092	7.0307	
1168	22.343	21.028	22.574	15.925	9.5875	7.0159	
1169	22.331	21.012	22.557	15.919	9.579	7.0094	
1170	22.32	20.997	22.541	15.923	9.5874	6.9969	
1171	22.309	20.983	22.525	15.918	9.5745	6.9927	
1172	22.298	20.968	22.509	15.915	9.5753	6.9904	
1173	22.287	20.953	22.492	15.913	9.572	6.9898	
1174	22.276	20.938	22.476	15.912	9.5717	6.9855	
1175	22.264	20.923	22.46	15.911	9.5671	6.9893	
1176	22.253	20.908	22.444	15.909	9.5553	6.9753	
1177	22.242	20.893	22.428	15.913	9.5548	6.9734	
1178	22.231	20.878	22.412	15.902	9.5491	6.9642	
1179	22.22	20.864	22.396	15.902	9.5544	6.9693	
1180	22.209	20.849	22.38	15.901	9.5467	6.9584	
1181	22.198	20.834	22.363	15.901	9.5467	6.9598	
1182	22.187	20.82	22.348	15.894	9.5385	6.9547	
1183	22.176	20.805	22.332	15.897	9.537	6.95	
1184	22.165	20.79	22.316	15.892	9.532	6.9421	
1185	22.154	20.776	22.3	15.883	9.531	6.946	
1186	22.144	20.761	22.284	15.885	9.5219	6.9289	
1187	22.133	20.746	22.268	15.884	9.5224	6.9354	
1188	22.122	20.732	22.252	15.877	9.523	6.9241	
1189	22.111	20.717	22.236	15.882	9.5084	6.9071	
1190	22.1	20.703	22.22	15.876	9.5137	6.9197	
1191	22.09	20.688	22.205	15.87	9.5099	6.9094	
1192	22.079	20.674	22.189	15.871	9.4961	6.8957	
1193	22.068	20.66	22.173	15.868	9.4961	6.8932	
1194	22.058	20.645	22.157	15.862	9.5027	6.9035	
1195	22.047	20.631	22.142	15.874	9.474	6.8908	
1196	22.036	20.616	22.126	15.86	9.4905	6.8699	
1197	22.026	20.602	22.11	15.862	9.4762	6.8911	
1198	22.015	20.588	22.095	15.852	9.4631	6.8864	
1199	22.004	20.574	22.079	15.851	9.477	6.8633	
1200	21.994	20.559	22.063	15.858	9.4625	6.8505	
1201	21.983	20.545	22.048	15.861	9.4796	6.8706	
1202	21.973	20.531	22.032	15.841	9.4636	6.8566	
1203	21.962	20.517	22.017	15.848	9.4582	6.8337	
1204	21.952	20.503	22.001	15.851	9.4464	6.8183	
1205	21.942	20.488	21.986	15.832	9.4472	6.8323	
1206	21.931	20.474	21.97	15.836	9.466	6.8321	
1207	21.921	20.46	21.955	15.846	9.4633	6.8204	
1208	21.91	20.446	21.939	15.832	9.4402	6.8124	
1209	21.9	20.432	21.924	15.836	9.4279	6.8174	
1210	21.89	20.418	21.909	15.829	9.4198	6.7981	
1211	21.879	20.404	21.893	15.824	9.4014	6.7811	
1212	21.869	20.39	21.878	15.822	9.4159	6.7865	
1213	21.859	20.376	21.863	15.831	9.4125	6.7945	
1214	21.849	20.362	21.847	15.818	9.422	6.771	
1215	21.838	20.348	21.832	15.827	9.4065	6.7776	
1216	21.828	20.334	21.817	15.816	9.3902	6.7962	
1217	21.818	20.321	21.801	15.82	9.3945	6.7799	
1218	21.808	20.307	21.786	15.792	9.3676	6.7812	
1219	21.798	20.293	21.771	15.814	9.3787	6.7488	
1220	21.788	20.279	21.756	15.812	9.3724	6.7566	
1221	21.778	20.265	21.741	15.792	9.3678	6.7577	
1222	21.768	20.252	21.726	15.806	9.4041	6.7482	
1223	21.758	20.238	21.711	15.808	9.3612	6.7497	
1224	21.748	20.224	21.695	15.802	9.3661	6.7322	
1225	21.738	20.211	21.68	15.793	9.3623	6.7376	
1226	21.728	20.197	21.665	15.803	9.3763	6.7294	
1227	21.718	20.183	21.65	15.81	9.3589	6.7325	
1228	21.708	20.17	21.635	15.774	9.3448	6.7237	
1229	21.698	20.156	21.62	15.767	9.3236	6.7278	
1230	21.688	20.143	21.605	15.774	9.3573	6.7086	
1231	21.678	20.129	21.59	15.796	9.3605	6.676	
1232	21.668	20.116	21.576	15.789	9.3331	6.7336	
1233	21.658	20.102	21.561	15.803	9.3612	6.6865	
1234	21.649	20.089	21.546	15.779	9.3636	6.7088	
1235	21.639	20.075	21.531	15.762	9.3504	6.6856	
1236	21.629	20.062	21.516	15.776	9.3508	6.7156	
1237	21.619	20.048	21.501	15.771	9.3581	6.6932	
1238	21.61	20.035	21.486	15.803	9.3178	6.7029	
1239	21.6	20.022	21.472	15.735	9.3726	6.7182	
1240	21.59	20.008	21.457	15.732	9.2717	6.6779	
1241	21.58	19.995	21.442	15.745	9.341	6.6356	
1242	21.571	19.982	21.427	15.735	9.3044	6.6996	
1243	21.561	19.968	21.413	15.764	9.3127	6.761	
1244	21.552	19.955	21.398	15.782	9.3076	6.6586	
1245	21.542	19.942	21.383	15.721	9.362	6.5928	
1246	21.532	19.929	21.369	15.748	9.298	6.6041	
1247	21.523	19.915	21.354	15.731	9.2333	6.6094	
1248	21.513	19.902	21.34	15.743	9.2731	6.5843	
1249	21.504	19.889	21.325	15.775	9.2931	6.6536	
1250	21.494	19.876	21.31	15.753	9.3398	6.5861	
1251	21.485	19.863	21.296	15.739	9.2561	6.6486	
1252	21.475	19.85	21.281	15.709	9.2021	6.5795	
1253	21.466	19.837	21.267	15.708	9.3079	6.5872	
1254	21.457	19.824	21.252	15.716	9.2289	6.5936	
1255	21.447	19.811	21.238	15.74	9.2415	6.623	
1256	21.438	19.798	21.223	15.719	9.2629	6.5966	
1257	21.428	19.785	21.209	15.717	9.2216	6.5567	
1258	21.419	19.772	21.195	15.725	9.2458	6.548	
1259	21.41	19.759	21.18	15.694	9.2312	6.5771	
1260	21.4	19.746	21.166	15.709	9.2387	6.553	
1261	21.391	19.733	21.152	15.706	9.2178	6.5473	
1262	21.382	19.72	21.137	15.689	9.2162	6.5425	
1263	21.373	19.707	21.123	15.706	9.2186	6.5313	
1264	21.363	19.694	21.109	15.682	9.2026	6.5444	
1265	21.354	19.681	21.094	15.708	9.2245	6.5324	
1266	21.345	19.669	21.08	15.696	9.2306	6.5176	
1267	21.336	19.656	21.066	15.709	9.2023	6.5414	
1268	21.327	19.643	21.052	15.714	9.2095	6.5453	
1269	21.318	19.63	21.038	15.701	9.2186	6.5538	
1270	21.309	19.618	21.023	15.696	9.198	6.5367	
1271	21.299	19.605	21.009	15.683	9.2039	6.5136	
1272	21.29	19.592	20.995	15.688	9.2189	6.5472	
1273	21.281	19.58	20.981	15.705	9.2243	6.5247	
1274	21.272	19.567	20.967	15.701	9.2005	6.5306	
1275	21.263	19.554	20.953	15.686	9.1823	6.4939	
1276	21.254	19.542	20.939	15.699	9.2087	6.5205	
1277	21.245	19.529	20.925	15.663	9.1993	6.5191	
1278	21.236	19.517	20.911	15.665	9.1892	6.5112	
1279	21.227	19.504	20.897	15.681	9.1589	6.4593	
1280	21.218	19.492	20.883	15.675	9.156	6.4798	
1281	21.209	19.479	20.869	15.682	9.1567	6.4748	
1282	21.201	19.467	20.855	15.676	9.169	6.4949	
1283	21.192	19.454	20.841	15.656	9.1537	6.4527	
1284	21.183	19.442	20.827	15.632	9.1916	6.4591	
1285	21.174	19.429	20.813	15.644	9.1608	6.4782	
1286	21.165	19.417	20.799	15.669	9.1557	6.4463	
1287	21.156	19.404	20.785	15.652	9.1412	6.4697	
1288	21.148	19.392	20.771	15.663	9.1606	6.4591	
1289	21.139	19.38	20.758	15.652	9.1422	6.4344	
1290	21.13	19.367	20.744	15.657	9.1551	6.4376	
1291	21.121	19.355	20.73	15.64	9.1345	6.4164	
1292	21.113	19.343	20.716	15.656	9.1345	6.4736	
1293	21.104	19.33	20.703	15.647	9.1239	6.4379	
1294	21.095	19.318	20.689	15.668	9.1578	6.4281	
1295	21.087	19.306	20.675	15.646	9.1369	6.3954	
1296	21.078	19.294	20.661	15.653	9.1292	6.3926	
1297	21.069	19.282	20.648	15.651	9.0942	6.4387	
1298	21.061	19.269	20.634	15.631	9.1357	6.4042	
1299	21.052	19.257	20.62	15.641	9.0837	6.373	
1300	21.043	19.245	20.607	15.624	9.1037	6.3995	
1301	21.035	19.233	20.593	15.641	9.126	6.3705	
1302	21.026	19.221	20.58	15.611	9.0799	6.4187	
1303	21.018	19.209	20.566	15.637	9.1245	6.3851	
1304	21.009	19.197	20.553	15.648	9.1135	6.3952	
1305	21.001	19.185	20.539	15.652	9.0861	6.3467	
1306	20.992	19.173	20.526	15.629	9.1235	6.3831	
1307	20.984	19.161	20.512	15.62	9.108	6.3954	
1308	20.975	19.149	20.499	15.613	9.0891	6.388	
1309	20.967	19.137	20.485	15.62	9.0991	6.3783	
1310	20.958	19.125	20.472	15.612	9.0767	6.3653	
1311	20.95	19.113	20.458	15.62	9.0461	6.3913	
1312	20.942	19.101	20.445	15.608	9.0606	6.3221	
1313	20.933	19.089	20.431	15.613	9.0866	6.3847	
1314	20.925	19.077	20.418	15.607	9.0596	6.3495	
1315	20.917	19.065	20.405	15.602	9.0327	6.3262	
1316	20.908	19.053	20.391	15.629	8.9941	6.3194	
1317	20.9	19.042	20.378	15.605	9.0557	6.3822	
1318	20.892	19.03	20.365	15.589	9.0545	6.3601	
1319	20.883	19.018	20.351	15.631	9.0479	6.354	
1320	20.875	19.006	20.338	15.574	9.0367	6.3584	
1321	20.867	18.994	20.325	15.612	9.0226	6.3347	
1322	20.859	18.983	20.312	15.601	8.9983	6.2378	
1323	20.851	18.971	20.298	15.554	9.0135	6.278	
1324	20.842	18.959	20.285	15.608	9.0519	6.2872	
1325	20.834	18.948	20.272	15.621	8.9865	6.3038	
1326	20.826	18.936	20.259	15.629	8.988	6.2721	
1327	20.818	18.924	20.246	15.6	9.0561	6.2622	
1328	20.81	18.913	20.233	15.561	8.9618	6.3632	
1329	20.802	18.901	20.22	15.563	8.9748	6.2771	
1330	20.794	18.889	20.206	15.621	9.0407	6.2531	
1331	20.785	18.878	20.193	15.566	9.0607	6.3246	
1332	20.777	18.866	20.18	15.561	8.9719	6.418	
1333	20.769	18.855	20.167	15.578	9.0236	6.2824	
1334	20.761	18.843	20.154	15.6	8.9906	6.2743	
1335	20.753	18.832	20.141	15.55	9.0051	6.153	
1336	20.745	18.82	20.128	15.537	9.0374	6.3185	
1337	20.737	18.809	20.115	15.618	8.9803	6.1591	
1338	20.729	18.797	20.102	15.535	9.048	6.2468	
1339	20.721	18.786	20.089	15.561	9.032	6.2708	
1340	20.713	18.774	20.076	15.593	9.0077	6.1586	
1341	20.705	18.763	20.063	15.666	8.8259	6.2786	
1342	20.698	18.752	20.051	15.575	8.9248	6.4947	
1343	20.69	18.74	20.038	15.64	9.0003	6.4568	
1344	20.682	18.729	20.025	15.52	9.0383	6.2736	
1345	20.674	18.718	20.012	15.567	9.1261	6.2256	
1346	20.666	18.706	19.999	15.405	8.8527	6.0078	
1347	20.658	18.695	19.986	15.559	9.1196	5.8337	
1348	20.65	18.684	19.973	15.504	9.1334	6.1728	
1349	20.643	18.672	19.961	15.419	9.278	6.2167	
1350	20.635	18.661	19.948	15.265	9.0644	6.2217	
1351	20.627	18.65	19.935	15.503	8.9301	5.9253	
1352	20.619	18.639	19.922	15.455	8.8241	6.3825	
1353	20.612	18.627	19.91	15.547	8.3823	6.2501	
1354	20.604	18.616	19.897	15.469	9.3073	6.3855	
1355	20.596	18.605	19.884	15.712	8.773	5.6078	
1356	20.588	18.594	19.872	15.648	9.1567	6.0752	
1357	20.581	18.583	19.859	15.444	9.0441	6.2724	
1358	20.573	18.572	19.846	16.248	9.371	6.3795	
1359	20.565	18.561	19.834	16.262	8.6908	6.918	
1426	20.083	17.852	19.023	15.655	9.2987	6.337	
1427	20.076	17.842	19.011	15.544	8.6458	6.0444	
1428	20.069	17.832	18.999	15.394	8.841	5.6434	
1429	20.063	17.822	18.988	15.638	8.6618	5.8162	
1430	20.056	17.812	18.976	15.645	8.8034	5.8313	
1431	20.049	17.802	18.965	15.324	8.9254	6.1083	
1432	20.043	17.792	18.953	15.558	8.5618	5.8907	
1433	20.036	17.782	18.942	15.35	8.5981	5.8503	
1434	20.029	17.772	18.93	15.504	8.9164	6.1849	
1435	20.023	17.762	18.919	15.523	8.856	5.7635	
1436	20.016	17.752	18.907	15.531	8.646	5.9371	
1437	20.009	17.742	18.896	15.437	8.9074	5.8618	
1438	20.003	17.732	18.884	15.329	8.6594	5.9473	
1439	19.996	17.722	18.873	15.448	8.7878	5.9026	
1440	19.989	17.712	18.861	15.332	8.7869	5.8234	
1441	19.983	17.702	18.85	15.418	8.6815	6.0523	
1442	19.976	17.693	18.839	15.471	8.6178	5.804	
1443	19.97	17.683	18.827	15.352	8.745	5.9607	
1444	19.963	17.673	18.816	15.461	8.7728	5.754	
1445	19.957	17.663	18.804	15.33	8.7337	5.8418	
1446	19.95	17.653	18.793	15.463	8.6349	5.8148	
1447	19.943	17.644	18.782	15.435	8.7027	5.7187	
1448	19.937	17.634	18.77	15.418	8.6759	5.8657	
1449	19.93	17.624	18.759	15.369	8.7286	5.8616	
1450	19.924	17.614	18.748	15.389	8.7223	5.7667	
1451	19.918	17.605	18.737	15.439	8.6835	5.8613	
1452	19.911	17.595	18.725	15.461	8.7416	5.9121	
1453	19.905	17.585	18.714	15.432	8.7434	5.9344	
1454	19.898	17.575	18.703	15.347	8.6775	5.7013	
1455	19.892	17.566	18.692	15.416	8.7501	5.778	
1456	19.885	17.556	18.68	15.442	8.7139	5.8162	
1457	19.879	17.546	18.669	15.384	8.5911	5.8161	
1458	19.872	17.537	18.658	15.382	8.7003	5.8269	
1459	19.866	17.527	18.647	15.364	8.5653	5.7475	
1460	19.86	17.518	18.636	15.406	8.6329	5.8577	
1461	19.853	17.508	18.625	15.425	8.6263	5.8131	
1462	19.847	17.498	18.613	15.392	8.6402	5.8205	
1463	19.841	17.489	18.602	15.378	8.6426	5.7707	
1464	19.834	17.479	18.591	15.356	8.6674	5.7556	
1465	19.828	17.47	18.58	15.367	8.7009	5.7782	
1466	19.822	17.46	18.569	15.362	8.5979	5.8152	
1467	19.815	17.451	18.558	15.382	8.6242	5.8072	
1468	19.809	17.441	18.547	15.351	8.6378	5.7845	
1469	19.803	17.432	18.536	15.375	8.6157	5.7777	
1470	19.797	17.422	18.525	15.368	8.6027	5.7829	
1471	19.79	17.413	18.514	15.371	8.6274	5.7814	
1472	19.784	17.403	18.503	15.372	8.6286	5.7604	
1473	19.778	17.394	18.492	15.361	8.64	5.7729	
1474	19.772	17.384	18.481	15.364	8.6233	5.7729	
1475	19.765	17.375	18.47	15.367	8.6216	5.7631	
1476	19.759	17.366	18.459	15.361	8.6167	5.7547	
1477	19.753	17.356	18.448	15.367	8.6407	5.7684	
1478	19.747	17.347	18.437	15.372	8.6251	5.7501	
1479	19.741	17.337	18.426	15.364	8.6199	5.7574	
1480	19.735	17.328	18.415	15.365	8.6238	5.7479	
1481	19.728	17.319	18.404	15.366	8.6113	5.7261	
1482	19.722	17.309	18.394	15.361	8.6283	5.7517	
1483	19.716	17.3	18.383	15.362	8.62	5.7472	
1484	19.71	17.291	18.372	15.378	8.6195	5.7384	
1485	19.704	17.281	18.361	15.355	8.6304	5.737	
1486	19.698	17.272	18.35	15.356	8.5946	5.6973	
1487	19.692	17.263	18.339	15.348	8.6228	5.7008	
1488	19.686	17.254	18.329	15.36	8.6145	5.7232	
1489	19.68	17.244	18.318	15.361	8.6151	5.7038	
1490	19.674	17.235	18.307	15.362	8.5895	5.747	
1491	19.667	17.226	18.296	15.345	8.6053	5.698	
1492	19.661	17.217	18.285	15.351	8.5961	5.7165	
1493	19.655	17.208	18.275	15.341	8.5614	5.7088	
1494	19.649	17.198	18.264	15.341	8.5719	5.697	
1495	19.643	17.189	18.253	15.332	8.5697	5.6877	
1496	19.637	17.18	18.243	15.36	8.6007	5.7053	
1497	19.631	17.171	18.232	15.331	8.5842	5.694	
1498	19.625	17.162	18.221	15.364	8.5808	5.6957	
1499	19.62	17.153	18.211	15.346	8.5729	5.7135	
1500	19.614	17.144	18.2	15.338	8.5688	5.6944	
1501	19.608	17.135	18.189	15.324	8.5615	5.6481	
1502	19.602	17.125	18.179	15.341	8.5663	5.6767	
1503	19.596	17.116	18.168	15.337	8.5858	5.6658	
1504	19.59	17.107	18.158	15.331	8.5525	5.6375	
1505	19.584	17.098	18.147	15.336	8.5556	5.6753	
1506	19.578	17.089	18.136	15.327	8.5511	5.6423	
1507	19.572	17.08	18.126	15.311	8.5398	5.6658	
1508	19.566	17.071	18.115	15.308	8.5416	5.6703	
1509	19.56	17.062	18.105	15.345	8.5427	5.6533	
1510	19.555	17.053	18.094	15.333	8.5601	5.6374	
1511	19.549	17.044	18.084	15.339	8.555	5.6471	
1512	19.543	17.035	18.073	15.33	8.5822	5.6517	
1513	19.537	17.026	18.063	15.364	8.5032	5.6648	
1514	19.531	17.017	18.052	15.322	8.5396	5.6835	
1515	19.526	17.009	18.042	15.295	8.5603	5.6483	
1516	19.52	17	18.031	15.318	8.5056	5.6522	
1517	19.514	16.991	18.021	15.315	8.5658	5.6102	
1518	19.508	16.982	18.01	15.295	8.5482	5.6359	
1519	19.502	16.973	18	15.297	8.5464	5.6432	
1520	19.497	16.964	17.99	15.291	8.534	5.6375	
1521	19.491	16.955	17.979	15.314	8.4871	5.5673	
1522	19.485	16.947	17.969	15.294	8.5187	5.5965	
1523	19.48	16.938	17.959	15.298	8.5355	5.6022	
1524	19.474	16.929	17.948	15.33	8.5488	5.6586	
1525	19.468	16.92	17.938	15.314	8.5414	5.6269	
1526	19.462	16.911	17.928	15.292	8.5151	5.6013	
1527	19.457	16.902	17.917	15.3	8.528	5.6024	
1528	19.451	16.894	17.907	15.288	8.5465	5.6141	
1529	19.445	16.885	17.897	15.293	8.4942	5.5902	
1530	19.44	16.876	17.886	15.303	8.5058	5.6026	
1531	19.434	16.867	17.876	15.28	8.4914	5.604	
1532	19.428	16.859	17.866	15.308	8.4916	5.603	
1533	19.423	16.85	17.856	15.284	8.4702	5.5967	
1534	19.417	16.841	17.845	15.305	8.4793	5.6376	
1535	19.412	16.833	17.835	15.298	8.4926	5.5712	
1536	19.406	16.824	17.825	15.276	8.4891	5.5791	
1537	19.401	16.815	17.815	15.283	8.4941	5.5846	
1538	19.395	16.807	17.804	15.277	8.5252	5.5789	
1539	19.389	16.798	17.794	15.294	8.4816	5.577	
1540	19.384	16.789	17.784	15.287	8.4628	5.578	
1541	19.378	16.781	17.774	15.275	8.4525	5.5494	
1542	19.373	16.772	17.764	15.281	8.4651	5.5754	
1543	19.367	16.764	17.754	15.279	8.4722	5.544	
1544	19.362	16.755	17.744	15.282	8.4897	5.5788	
1545	19.356	16.746	17.733	15.263	8.493	5.5536	
1546	19.351	16.738	17.723	15.278	8.4662	5.5539	
1547	19.345	16.729	17.713	15.274	8.4734	5.5453	
1548	19.34	16.721	17.703	15.277	8.4642	5.5399	
1549	19.334	16.712	17.693	15.277	8.4838	5.5347	
1550	19.329	16.704	17.683	15.282	8.4621	5.5433	
1551	19.323	16.695	17.673	15.26	8.4848	5.5405	
1552	19.318	16.687	17.663	15.272	8.4641	5.5476	
1553	19.312	16.678	17.653	15.253	8.4528	5.5522	
1554	19.307	16.67	17.643	15.262	8.4672	5.5335	
1555	19.302	16.661	17.633	15.281	8.442	5.52	
1556	19.296	16.653	17.623	15.259	8.4567	5.5561	
1557	19.291	16.645	17.613	15.253	8.4481	5.5181	
1558	19.285	16.636	17.603	15.256	8.4504	5.5207	
1559	19.28	16.628	17.593	15.276	8.4324	5.4932	
1560	19.275	16.619	17.583	15.271	8.4614	5.517	
1561	19.269	16.611	17.573	15.28	8.463	5.5073	
1562	19.264	16.603	17.563	15.286	8.4263	5.5184	
1563	19.259	16.594	17.553	15.246	8.4494	5.5213	
1564	19.253	16.586	17.544	15.253	8.4738	5.4959	
1565	19.248	16.577	17.534	15.26	8.475	5.4892	
1566	19.243	16.569	17.524	15.25	8.4211	5.471	
1567	19.237	16.561	17.514	15.272	8.4036	5.5013	
1568	19.232	16.552	17.504	15.254	8.4459	5.5132	
1569	19.227	16.544	17.494	15.273	8.4673	5.5183	
1570	19.221	16.536	17.484	15.258	8.4541	5.5109	
1571	19.216	16.528	17.475	15.251	8.43	5.5032	
1572	19.211	16.519	17.465	15.247	8.4216	5.516	
1573	19.205	16.511	17.455	15.253	8.4038	5.4898	
1574	19.2	16.503	17.445	15.271	8.4254	5.4739	
1575	19.195	16.495	17.435	15.231	8.4078	5.4942	
1576	19.19	16.486	17.426	15.249	8.3978	5.4296	
1577	19.185	16.478	17.416	15.217	8.3749	5.4756	
1578	19.179	16.47	17.406	15.237	8.4288	5.4607	
1579	19.174	16.462	17.397	15.228	8.4205	5.4795	
1580	19.169	16.454	17.387	15.239	8.3869	5.4487	
1581	19.164	16.445	17.377	15.234	8.4189	5.4105	
1582	19.159	16.437	17.367	15.257	8.4008	5.48	
1583	19.153	16.429	17.358	15.226	8.4345	5.4544	
1584	19.148	16.421	17.348	15.259	8.3606	5.4227	
1585	19.143	16.413	17.338	15.244	8.4289	5.4566	
1586	19.138	16.405	17.329	15.233	8.3734	5.502	
1587	19.133	16.396	17.319	15.238	8.4237	5.4611	
1588	19.128	16.388	17.309	15.245	8.3774	5.3926	
1589	19.122	16.38	17.3	15.215	8.3875	5.4566	
1590	19.117	16.372	17.29	15.228	8.3519	5.4219	
1591	19.112	16.364	17.281	15.219	8.3652	5.442	
1592	19.107	16.356	17.271	15.22	8.4063	5.4059	
1593	19.102	16.348	17.261	15.242	8.3902	5.4055	
1594	19.097	16.34	17.252	15.227	8.3533	5.4718	
1595	19.092	16.332	17.242	15.251	8.3693	5.388	
1596	19.087	16.324	17.233	15.218	8.396	5.4089	
1597	19.082	16.316	17.223	15.224	8.3787	5.4234	
1598	19.077	16.308	17.214	15.233	8.3674	5.3693	
1599	19.072	16.3	17.204	15.229	8.3583	5.4027	
1600	19.067	16.292	17.195	15.215	8.372	5.3582	
1601	19.062	16.284	17.185	15.245	8.3609	5.4297	
1602	19.057	16.276	17.176	15.238	8.3485	5.3855	
1603	19.052	16.268	17.166	15.243	8.3307	5.3756	
1604	19.047	16.26	17.157	15.231	8.3665	5.3766	
1605	19.042	16.252	17.147	15.219	8.355	5.4195	
1606	19.037	16.244	17.138	15.218	8.3515	5.381	
1607	19.032	16.236	17.128	15.236	8.3546	5.3807	
1608	19.027	16.228	17.119	15.198	8.3743	5.3834	
1609	19.022	16.221	17.11	15.209	8.3542	5.3865	
1610	19.017	16.213	17.1	15.217	8.3669	5.3679	
1611	19.012	16.205	17.091	15.223	8.3448	5.3933	
1612	19.007	16.197	17.081	15.243	8.3307	5.3638	
1613	19.002	16.189	17.072	15.178	8.3644	5.3728	
1614	18.997	16.181	17.063	15.202	8.361	5.4227	
1615	18.992	16.174	17.053	15.227	8.3397	5.3958	
1616	18.987	16.166	17.044	15.22	8.3127	5.3666	
1617	18.982	16.158	17.035	15.246	8.3553	5.3936	
1618	18.977	16.15	17.025	15.226	8.3236	5.3726	
1619	18.973	16.142	17.016	15.199	8.3466	5.3731	
1620	18.968	16.135	17.007	15.181	8.3603	5.3781	
1621	18.963	16.127	16.998	15.208	8.3253	5.3494	
1622	18.958	16.119	16.988	15.178	8.3112	5.3902	
1623	18.953	16.111	16.979	15.171	8.3181	5.3343	
1624	18.948	16.104	16.97	15.213	8.3478	5.3601	
1625	18.943	16.096	16.96	15.221	8.3268	5.3138	
1626	18.939	16.088	16.951	15.189	8.3195	5.3457	
1627	18.934	16.08	16.942	15.194	8.2845	5.3273	
1628	18.929	16.073	16.933	15.187	8.3499	5.3401	
1629	18.924	16.065	16.924	15.19	8.342	5.3735	
1630	18.919	16.057	16.914	15.179	8.3391	5.3371	
1631	18.915	16.05	16.905	15.173	8.3154	5.3855	
1632	18.91	16.042	16.896	15.186	8.35	5.3166	
1633	18.905	16.034	16.887	15.203	8.3497	5.3381	
1634	18.9	16.027	16.878	15.171	8.297	5.3258	
1635	18.895	16.019	16.869	15.194	8.3312	5.3287	
1636	18.891	16.011	16.859	15.188	8.3212	5.3036	
1637	18.886	16.004	16.85	15.199	8.3059	5.3668	
1638	18.881	15.996	16.841	15.222	8.2801	5.3259	
1639	18.877	15.989	16.832	15.182	8.3194	5.2974	
1640	18.872	15.981	16.823	15.173	8.2818	5.3281	
1641	18.867	15.973	16.814	15.175	8.354	5.2891	
1642	18.862	15.966	16.805	15.205	8.2703	5.335	
1643	18.858	15.958	16.796	15.19	8.3112	5.2849	
1644	18.853	15.951	16.787	15.187	8.2906	5.3078	
1645	18.848	15.943	16.778	15.188	8.2927	5.329	
1646	18.844	15.936	16.769	15.208	8.31	5.2496	
1647	18.839	15.928	16.76	15.15	8.3281	5.3322	
1648	18.834	15.921	16.751	15.196	8.214	5.2562	
1649	18.83	15.913	16.742	15.203	8.3041	5.32	
1650	18.825	15.906	16.733	15.183	8.3097	5.3172	
1651	18.82	15.898	16.724	15.183	8.2823	5.2789	
1652	18.816	15.891	16.715	15.167	8.2903	5.2806	
1653	18.811	15.883	16.706	15.222	8.273	5.3132	
1654	18.806	15.876	16.697	15.187	8.2721	5.3	
1655	18.802	15.868	16.688	15.181	8.3124	5.2674	
1656	18.797	15.861	16.679	15.178	8.2858	5.2886	
1657	18.793	15.854	16.67	15.182	8.2736	5.2715	
1658	18.788	15.846	16.661	15.168	8.2909	5.2684	
1659	18.784	15.839	16.652	15.198	8.2389	5.2994	
1660	18.779	15.831	16.643	15.134	8.2013	5.3163	
1661	18.774	15.824	16.634	15.18	8.22	5.277	
1662	18.77	15.817	16.625	15.141	8.2754	5.2561	
1663	18.765	15.809	16.616	15.16	8.3068	5.3083	
1664	18.761	15.802	16.608	15.139	8.2076	5.1903	
1665	18.756	15.794	16.599	15.134	8.2768	5.2901	
1666	18.752	15.787	16.59	15.203	8.2376	5.2267	
1667	18.747	15.78	16.581	15.116	8.178	5.2636	
1668	18.743	15.772	16.572	15.094	8.2587	5.2816	
1669	18.738	15.765	16.563	15.177	8.2221	5.1642	
1670	18.734	15.758	16.555	15.177	8.3188	5.28	
1671	18.729	15.751	16.546	15.144	8.2985	5.1962	
1672	18.725	15.743	16.537	15.205	8.2434	5.1552	
1673	18.72	15.736	16.528	15.194	8.2671	5.2595	
1674	18.716	15.729	16.519	15.196	8.273	5.2443	
1675	18.711	15.721	16.511	15.123	8.1082	5.2754	
1676	18.707	15.714	16.502	15.177	8.2951	5.2414	
1677	18.702	15.707	16.493	15.141	8.2686	5.3115	
1678	18.698	15.7	16.484	15.131	8.1656	5.2901	
1679	18.693	15.693	16.476	15.153	8.2106	5.2576	
1680	18.689	15.685	16.467	15.136	8.2649	5.3272	
1681	18.684	15.678	16.458	15.15	8.3289	5.2473	
1682	18.68	15.671	16.45	15.105	8.2398	5.2015	
1683	18.676	15.664	16.441	15.132	8.2922	5.1972	
1684	18.671	15.657	16.432	15.112	8.2552	5.3479	
1685	18.667	15.649	16.424	15.14	8.0623	5.0309	
1686	18.662	15.642	16.415	15.254	8.287	5.2897	
1687	18.658	15.635	16.406	15.066	8.3556	5.4453	
1688	18.654	15.628	16.398	15.075	8.27	5.2045	
1689	18.649	15.621	16.389	15.151	8.2085	5.0922	
1690	18.645	15.614	16.38	15.044	8.425	5.2279	
1691	18.641	15.607	16.372	15.226	8.1621	5.1941	
1692	18.636	15.599	16.363	15.228	8.4692	5.2754	
1693	18.632	15.592	16.355	14.99	8.3545	5.5722	
1694	18.628	15.585	16.346	14.9	8.082	5.2263	
1695	18.623	15.578	16.337	15.192	8.4939	5.4261	
1696	18.619	15.571	16.329	15.082	8.2301	5.4347	
1697	18.615	15.564	16.32	15.142	8.3357	5.437	
1698	18.61	15.557	16.312	14.719	8.2576	4.9981	
1699	18.606	15.55	16.303	14.916	8.6842	5.3629	
1700	18.602	15.543	16.295	14.932	8.1696	5.1826	
